1 0.6828125 0.2890625000000001 0.515625 0.2890625000000001 0.515625 0.5328125 0.6828125 0.5328125
1 0.5140625 0.3140625 0.3203125 0.3140625 0.32031250000000006 0.5359375 0.5140625 0.5359375
1 0.6234375 0.22812500000000008 0.4953125 0.22812500000000008 0.4953125 0.3625000000000001 0.6234375 0.3625000000000001
1 0.725 0.2406250000000001 0.6265625 0.2406250000000001 0.6265625 0.3906250000000001 0.725 0.3906250000000001
1 0.709375 0.09218750000000009 0.653125 0.09218750000000009 0.653125 0.1625000000000001 0.709375 0.1625000000000001
6 0.6953125 0.1625000000000001 0.5890625 0.1625000000000001 0.5890625 0.2875000000000001 0.6953125 0.2875000000000001
1 0.8421875 0.31718750000000007 0.6890625 0.31718750000000007 0.6890625 0.6500000000000001 0.8421875 0.6500000000000001
1 0.79375 0.18125000000000008 0.70625 0.18125000000000008 0.70625 0.3062500000000001 0.79375 0.3062500000000001
1 0.7921875 0.06562500000000009 0.740625 0.06562500000000009 0.740625 0.10312500000000009 0.7921875 0.10312500000000009
1 0.7625 0.08593750000000008 0.721875 0.08593750000000008 0.721875 0.13281250000000008 0.7625 0.13281250000000008
1 0.875 0.23593750000000008 0.7828125 0.23593750000000008 0.7828125 0.4343750000000002 0.875 0.4343750000000002
2 0.3453125 0.18281250000000004 0.303125 0.18281250000000004 0.303125 0.3 0.3453125 0.3
1 1 0.19375000000000014 0.94375 0.19375000000000014 0.94375 0.2734375000000001 1 0.2734375000000001
1 0.934375 0.08281250000000011 0.9 0.08281250000000011 0.9 0.12187500000000011 0.934375 0.12187500000000014