1 0.7421875 0.2453125000000001 0.6265625 0.2453125000000001 0.6265625 0.43437500000000007 0.7421875 0.4343750000000002
1 0.584375 0.2171875000000001 0.45625 0.2171875000000001 0.45625 0.4 0.584375 0.4
6 0.5125000000000001 0.4171875 0.2328125000000001 0.4171875 0.2328125000000001 1 0.5125000000000002 1
1 0.7125 0.09375000000000008 0.65625 0.09375000000000008 0.65625 0.16406250000000008 0.7125 0.16406250000000008
1 0.7828125 0.21250000000000008 0.7125 0.21250000000000008 0.7125 0.3203125000000001 0.7828125 0.3203125000000001
1 0.3609375 0.253125 0.17343750000000005 0.253125 0.17343750000000005 0.4875 0.3609375000000001 0.4875
1 0.8578125 0.29375000000000007 0.725 0.29375000000000007 0.725 0.55 0.8578125 0.5500000000000002
1 0.85 0.1390625000000001 0.7953125 0.1390625000000001 0.7953125 0.2171875000000001 0.85 0.2171875000000001
1 0.89375 0.2218750000000001 0.8171875 0.2218750000000001 0.8171875 0.36406250000000007 0.89375 0.36406250000000007
1 0.7625 0.08437500000000009 0.721875 0.08437500000000009 0.721875 0.13281250000000008 0.7625 0.13281250000000008
2 0.3453125 0.18593750000000003 0.30625 0.18593750000000003 0.30625 0.2546875 0.3453125 0.2546875
2 0.7296875 0.5468750000000001 0.6578125 0.546875 0.6578125000000001 0.9078125 0.7296875000000002 0.9078125
1 0.09218750000000009 0.5265625 6.448530801760282e-17 0.5265625 9.146580781131793e-17 0.9671875 0.09218750000000012 0.9671875
1 0.790625 0.10000000000000009 0.7515625 0.10000000000000009 0.7515625 0.15000000000000008 0.790625 0.15000000000000008
1 0.8984375 0.09687500000000011 0.85625 0.09687500000000011 0.85625 0.15781250000000008 0.8984375 0.15781250000000008
1 0.9375 0.1796875000000001 0.8578125 0.17968750000000008 0.8578125 0.2687500000000001 0.9375 0.2687500000000001
1 1 0.17656250000000012 0.9546875 0.17656250000000012 0.9546875 0.2765625000000001 1 0.2765625000000001