1 0.5859375 0.32500000000000007 0.3765625 0.32500000000000007 0.3765625 0.5875 0.5859375 0.5875
1 0.54375 0.14375000000000004 0.4578125 0.14375000000000004 0.4578125 0.24218750000000008 0.54375 0.24218750000000008
1 0.7125 0.09531250000000009 0.6546875 0.09531250000000009 0.6546875 0.16406250000000008 0.7125 0.16406250000000008
1 0.8484375 0.25468750000000007 0.73125 0.25468750000000007 0.73125 0.4468750000000002 0.8484375 0.4468750000000002
1 0.83125 0.1437500000000001 0.7640625 0.1437500000000001 0.7640625 0.24218750000000008 0.83125 0.24218750000000008
1 0.721875 0.16562500000000008 0.65625 0.16562500000000008 0.65625 0.25468750000000007 0.721875 0.25468750000000007
1 0.8984375 0.19531250000000008 0.8171875 0.19531250000000008 0.8171875 0.3359375000000001 0.8984375 0.3359375000000001
1 0.765625 0.08125000000000009 0.7234375 0.08125000000000009 0.7234375 0.1312500000000001 0.765625 0.1312500000000001
2 0.35 0.17187500000000006 0.3078125 0.17187500000000006 0.3078125 0.2953125 0.35 0.2953125
1 0.93125 0.909375 0.5546875000000002 0.909375 0.5546875000000002 1 0.93125 1
1 0.8703125 0.4359375000000001 0.68125 0.4359375 0.6812500000000001 0.8765625 0.8703125 0.8765625
1 0.9796875 0.18593750000000012 0.8890625 0.1859375000000001 0.8890625 0.27812500000000007 0.9796875 0.27812500000000007
1 0.8625 0.07500000000000011 0.8171875 0.07500000000000011 0.8171875 0.11250000000000009 0.8625 0.11250000000000009