1 0.8625 0.2812500000000001 0.759375 0.2812500000000001 0.759375 0.4468750000000002 0.8625 0.4468750000000002
1 0.7109375 0.3671875000000001 0.5515625 0.3671875000000001 0.5515625 0.621875 0.7109375 0.621875
1 0.5453125 0.13750000000000007 0.4359375 0.13750000000000004 0.4359375 0.2562500000000001 0.5453125 0.2562500000000001
4 0.9125 0.1875000000000001 0.8 0.18750000000000008 0.8 0.3312500000000001 0.9125 0.3312500000000001
1 0.7296875 0.0984375000000001 0.684375 0.0984375000000001 0.684375 0.15000000000000008 0.7296875 0.15000000000000008
1 0.646875 0.11093750000000009 0.5671875 0.11093750000000009 0.5671875 0.19687500000000008 0.646875 0.19687500000000008
1 0.778125 0.1359375000000001 0.7234375 0.1359375000000001 0.7234375 0.2062500000000001 0.778125 0.2062500000000001
1 0.9828125 0.17812500000000012 0.903125 0.1781250000000001 0.903125 0.2796875000000001 0.9828125 0.2796875000000001
1 0.771875 0.08437500000000009 0.7328125 0.08437500000000009 0.7328125 0.13281250000000008 0.771875 0.13281250000000008
1 0.8421875 0.1453125000000001 0.7796875 0.1453125000000001 0.7796875 0.23593750000000008 0.8421875 0.23593750000000008
1 0.8578125 0.10156250000000008 0.8171875 0.10156250000000008 0.8171875 0.1515625000000001 0.8578125 0.1515625000000001
1 0.821875 0.10156250000000008 0.78125 0.10156250000000008 0.78125 0.17187500000000008 0.821875 0.17187500000000008