1 0.4421875 0.29531250000000003 0.215625 0.2953125 0.21562500000000004 0.58125 0.4421875 0.58125
1 0.8578125 0.3062500000000001 0.7421875 0.3062500000000001 0.7421875 0.49218750000000017 0.8578125 0.49218750000000017
1 0.7437500000000001 0.4375000000000001 0.5796875 0.4375 0.5796875000000001 0.7718750000000001 0.7437500000000001 0.7718750000000002
1 0.5765625 0.21250000000000008 0.4484375 0.21250000000000008 0.4484375 0.4078125 0.5765625 0.4078125
1 0.7203125 0.2656250000000001 0.5796875 0.2656250000000001 0.5796875 0.4640625 0.7203125 0.4640625
4 0.8796875 0.20468750000000008 0.78125 0.20468750000000008 0.78125 0.3500000000000001 0.8796875 0.3500000000000001
6 0.9078125 0.09687500000000011 0.8609375 0.09687500000000011 0.8609375 0.1515625000000001 0.9078125 0.15156250000000013
1 0.8171875 0.2078125000000001 0.728125 0.2078125000000001 0.728125 0.3031250000000001 0.8171875 0.3031250000000001
1 0.6359375 0.2156250000000001 0.5578125 0.2156250000000001 0.5578125 0.3343750000000001 0.6359375 0.3343750000000001
0 0.7640625 0.12031250000000009 0.675 0.12031250000000009 0.675 0.2468750000000001 0.7640625 0.2468750000000001
1 0.54375 0.13593750000000004 0.434375 0.13593750000000004 0.434375 0.2500000000000001 0.54375 0.2500000000000001
1 0.696875 0.1546875000000001 0.6015625 0.1546875000000001 0.6015625 0.2562500000000001 0.696875 0.2562500000000001
1 0.721875 0.21250000000000008 0.640625 0.21250000000000008 0.640625 0.26250000000000007 0.721875 0.26250000000000007
1 0.834375 0.1390625000000001 0.7828125 0.1390625000000001 0.7828125 0.20468750000000008 0.834375 0.20468750000000008
1 0.8609375 0.11875000000000009 0.825 0.11875000000000009 0.825 0.1781250000000001 0.8609375 0.1781250000000001
1 0.6484375 0.10781250000000009 0.56875 0.10781250000000009 0.56875 0.19531250000000008 0.6484375 0.19531250000000008
1 0.7703125 0.08125000000000009 0.734375 0.08125000000000009 0.734375 0.1218750000000001 0.7703125 0.1218750000000001
1 0.725 0.09531250000000009 0.690625 0.09531250000000009 0.690625 0.1218750000000001 0.725 0.1218750000000001
1 0.99375 0.2000000000000001 0.903125 0.2000000000000001 0.903125 0.2812500000000001 0.99375 0.2812500000000001
1 0.7890625 0.13437500000000008 0.759375 0.13437500000000008 0.759375 0.2000000000000001 0.7890625 0.2000000000000001
1 0.78125 0.10312500000000009 0.7328125 0.10312500000000009 0.7328125 0.1359375000000001 0.78125 0.1359375000000001
1 0.81875 0.17968750000000008 0.7640625 0.17968750000000008 0.7640625 0.2250000000000001 0.81875 0.2250000000000001
2 0.471875 0.2078125000000001 0.440625 0.2078125000000001 0.440625 0.32500000000000007 0.471875 0.32500000000000007
1 0.9421875 0.0875000000000001 0.9015625 0.0875000000000001 0.9015625 0.13906250000000012 0.9421875 0.13906250000000014