1 0.6734375 0.2671875000000001 0.465625 0.2671875000000001 0.465625 0.5515625 0.6734375 0.5515625
1 0.828125 0.3687500000000001 0.6671875 0.3687500000000001 0.6671875 0.6453125000000001 0.828125 0.6453125000000002
1 0.4 0.23125000000000004 0.18437500000000004 0.23125 0.18437500000000004 0.4765625 0.4 0.4765625
1 0.55 0.2765625000000001 0.415625 0.2765625000000001 0.415625 0.4296875 0.55 0.4296875
1 0.4890625 0.15156250000000004 0.38125 0.15156250000000004 0.38125 0.2734375000000001 0.4890625 0.2734375000000001
1 0.75 0.2500000000000001 0.6515625 0.2500000000000001 0.6515625 0.4171875000000001 0.75 0.41718750000000016
6 0.8859375 0.2328125000000001 0.765625 0.2328125000000001 0.765625 0.4546875000000002 0.8859375 0.4546875000000002
6 0.8515625 0.0656250000000001 0.796875 0.06562500000000009 0.796875 0.11093750000000009 0.8515625 0.11093750000000009
1 0.7109375 0.09375000000000008 0.65625 0.09375000000000008 0.65625 0.1609375000000001 0.7109375 0.1609375000000001
1 0.846875 0.1765625000000001 0.759375 0.1765625000000001 0.759375 0.30937500000000007 0.846875 0.30937500000000007
1 0.71875 0.19531250000000008 0.5515625 0.19531250000000008 0.5515625 0.2828125000000001 0.71875 0.2828125000000001
1 0.553125 0.20468750000000008 0.4265625 0.20468750000000008 0.4265625 0.31718750000000007 0.553125 0.31718750000000007
1 0.765625 0.0828125000000001 0.721875 0.0828125000000001 0.721875 0.1312500000000001 0.765625 0.1312500000000001
1 0.640625 0.1281250000000001 0.56875 0.1281250000000001 0.56875 0.1984375000000001 0.640625 0.1984375000000001