6 0.675 0.2765625000000001 0.4890625 0.2765625000000001 0.4890625 0.571875 0.675 0.571875
1 0.5015625 0.2828125 0.278125 0.2828125 0.27812500000000007 0.5546875 0.5015625 0.5546875
1 0.8296875 0.3906250000000001 0.675 0.3906250000000001 0.675 0.6453125000000001 0.8296875 0.6453125000000002
1 0.6375 0.17343750000000008 0.546875 0.17343750000000008 0.546875 0.25468750000000007 0.6375 0.25468750000000007
1 0.75625 0.24375000000000008 0.65625 0.24375000000000008 0.65625 0.42656250000000007 0.75625 0.4265625000000002
1 0.88125 0.2812500000000001 0.775 0.2812500000000001 0.775 0.43750000000000017 0.88125 0.43750000000000017
1 0.8984375 0.23437500000000008 0.81875 0.23437500000000008 0.81875 0.3421875000000001 0.8984375 0.3421875000000001
1 0.6296875 0.22031250000000008 0.540625 0.22031250000000008 0.540625 0.3046875000000001 0.6296875 0.3046875000000001
1 0.8515625 0.1375000000000001 0.8109375 0.1375000000000001 0.8109375 0.19687500000000008 0.8515625 0.19687500000000008
1 0.7875 0.19531250000000008 0.709375 0.19531250000000008 0.709375 0.3187500000000001 0.7875 0.3187500000000001
1 0.815625 0.1625000000000001 0.75625 0.1625000000000001 0.75625 0.2687500000000001 0.815625 0.2687500000000001
1 0.5078125 0.21250000000000008 0.421875 0.21250000000000008 0.421875 0.3750000000000001 0.5078125 0.3750000000000001
2 0.8359375 0.34843750000000007 0.8078125 0.34843750000000007 0.8078125 0.5031250000000002 0.8359375 0.5031250000000002