1 0.8203125 0.1937500000000001 0.6703125 0.1937500000000001 0.6703125 0.3671875000000001 0.8203125 0.3671875000000001
1 0.7015625 0.1921875000000001 0.60625 0.1921875000000001 0.60625 0.3000000000000001 0.7015625 0.3000000000000001
1 0.490625 0.15468750000000003 0.378125 0.15468750000000003 0.378125 0.2734375000000001 0.490625 0.2734375000000001
1 0.828125 0.3671875000000001 0.665625 0.3671875000000001 0.665625 0.6484375000000001 0.828125 0.6484375000000002
1 0.9375 0.1953125000000001 0.8515625 0.19531250000000008 0.8515625 0.2906250000000001 0.9375 0.2906250000000001
1 0.6640625 0.14218750000000008 0.559375 0.14218750000000008 0.559375 0.26250000000000007 0.6640625 0.26250000000000007
1 0.934375 0.0796875000000001 0.8796875 0.0796875000000001 0.8796875 0.12031250000000011 0.934375 0.12031250000000013
1 0.875 0.10468750000000009 0.828125 0.10468750000000009 0.828125 0.1750000000000001 0.875 0.1750000000000001
1 0.7125 0.09531250000000009 0.65625 0.09531250000000009 0.65625 0.1625000000000001 0.7125 0.1625000000000001
1 0.765625 0.08437500000000009 0.725 0.08437500000000009 0.725 0.13281250000000008 0.765625 0.13281250000000008
2 0.346875 0.19218750000000004 0.303125 0.19218750000000004 0.303125 0.3 0.346875 0.3