1 0.4625 0.28593750000000007 0.2484375 0.2859375 0.24843750000000003 0.559375 0.4625 0.559375
1 0.8578125 0.3062500000000001 0.7421875 0.3062500000000001 0.7421875 0.48437500000000017 0.8578125 0.48437500000000017
1 0.575 0.2171875000000001 0.4453125 0.2171875000000001 0.4453125 0.4015625 0.575 0.4015625
1 0.703125 0.3921875000000001 0.5625 0.3921875000000001 0.5625 0.678125 0.703125 0.678125
1 0.73125 0.2484375000000001 0.59375 0.2484375000000001 0.59375 0.42656250000000007 0.73125 0.4265625000000002
1 0.8015625 0.12343750000000009 0.759375 0.12343750000000009 0.759375 0.18906250000000008 0.8015625 0.18906250000000008
1 0.8375 0.1546875000000001 0.7828125 0.1546875000000001 0.7828125 0.21250000000000008 0.8375 0.21250000000000008
4 0.8796875 0.21093750000000008 0.79375 0.21093750000000008 0.79375 0.3343750000000001 0.8796875 0.3343750000000001
1 0.54375 0.13750000000000004 0.434375 0.13750000000000004 0.434375 0.2531250000000001 0.54375 0.2531250000000001
1 0.8109375 0.2093750000000001 0.728125 0.2093750000000001 0.728125 0.3078125000000001 0.8109375 0.3078125000000001
0 0.7640625 0.11250000000000009 0.678125 0.11250000000000009 0.678125 0.24375000000000008 0.7640625 0.24375000000000008
1 0.634375 0.21250000000000008 0.5578125 0.21250000000000008 0.5578125 0.3343750000000001 0.634375 0.3343750000000001
1 0.6984375 0.1531250000000001 0.603125 0.1531250000000001 0.603125 0.2531250000000001 0.6984375 0.2531250000000001
1 0.7203125 0.21250000000000008 0.640625 0.21250000000000008 0.640625 0.26250000000000007 0.7203125 0.26250000000000007
1 0.646875 0.11093750000000009 0.5640625 0.11093750000000009 0.5640625 0.19531250000000008 0.646875 0.19531250000000008
1 0.8625 0.12343750000000009 0.821875 0.12343750000000009 0.821875 0.17968750000000008 0.8625 0.17968750000000008
1 0.9953125 0.1984375000000001 0.903125 0.1984375000000001 0.903125 0.28593750000000007 0.9953125 0.28593750000000007
1 0.771875 0.0828125000000001 0.7328125 0.0828125000000001 0.7328125 0.13437500000000008 0.771875 0.13437500000000008
1 0.809375 0.08906250000000009 0.7671875 0.08906250000000009 0.7671875 0.1453125000000001 0.809375 0.1453125000000001
1 0.7796875 0.06562500000000009 0.73125 0.06562500000000009 0.73125 0.10468750000000009 0.7796875 0.10468750000000009
1 0.85625 0.09375000000000011 0.821875 0.09375000000000011 0.821875 0.1375000000000001 0.85625 0.1375000000000001
1 0.7265625 0.09687500000000009 0.6875 0.09687500000000009 0.6875 0.12500000000000008 0.7265625 0.12500000000000008
1 0.9390625 0.0875000000000001 0.903125 0.0875000000000001 0.903125 0.1421875000000001 0.9390625 0.14218750000000013