1 0.678125 0.2609375000000001 0.4671875 0.2609375000000001 0.4671875 0.5515625 0.678125 0.5515625
1 0.8234375 0.3656250000000001 0.6671875 0.3656250000000001 0.6671875 0.6468750000000001 0.8234375 0.6468750000000002
1 0.4 0.22968750000000004 0.18281250000000004 0.2296875 0.18281250000000004 0.4765625 0.4 0.4765625
1 0.5796875 0.2562500000000001 0.4515625 0.2562500000000001 0.4515625 0.4078125 0.5796875 0.4078125
1 0.490625 0.15468750000000003 0.38125 0.15468750000000003 0.38125 0.2734375000000001 0.490625 0.2734375000000001
1 0.784375 0.19687500000000008 0.61875 0.19687500000000008 0.61875 0.3156250000000001 0.784375 0.3156250000000001
6 0.94375 0.18437500000000012 0.84375 0.1843750000000001 0.84375 0.3140625000000001 0.94375 0.3140625000000001
1 0.7484375 0.2500000000000001 0.64375 0.2500000000000001 0.64375 0.41875000000000007 0.7484375 0.4187500000000002
1 0.7109375 0.09531250000000009 0.6546875 0.09531250000000009 0.6546875 0.16406250000000008 0.7109375 0.16406250000000008
1 0.8421875 0.1546875000000001 0.796875 0.1546875000000001 0.796875 0.2250000000000001 0.8421875 0.2250000000000001
1 0.9265625 0.09843750000000011 0.8671875 0.09843750000000011 0.8671875 0.1406250000000001 0.9265625 0.14062500000000014
1 0.640625 0.1296875000000001 0.5671875 0.1296875000000001 0.5671875 0.2000000000000001 0.640625 0.2000000000000001
1 0.8359375 0.0750000000000001 0.803125 0.0750000000000001 0.803125 0.1062500000000001 0.8359375 0.1062500000000001
1 0.815625 0.15781250000000008 0.7453125 0.15781250000000008 0.7453125 0.25468750000000007 0.815625 0.25468750000000007
2 0.3375 0.18593750000000003 0.3046875 0.18593750000000003 0.3046875 0.240625 0.3375 0.240625
1 0.7640625 0.07968750000000009 0.71875 0.07968750000000009 0.71875 0.1359375000000001 0.7640625 0.1359375000000001
1 0.80625 0.06250000000000008 0.7625 0.06250000000000008 0.7625 0.10000000000000009 0.80625 0.10000000000000009