1 0.68125 0.29375000000000007 0.5140625 0.29375000000000007 0.5140625 0.53125 0.68125 0.53125
1 0.515625 0.31562500000000004 0.3234375 0.315625 0.32343750000000004 0.528125 0.515625 0.528125
1 0.6203125 0.23593750000000008 0.4890625 0.23593750000000008 0.4890625 0.3765625000000001 0.6203125 0.3765625000000001
1 0.725 0.2453125000000001 0.628125 0.2453125000000001 0.628125 0.3937500000000001 0.725 0.3937500000000001
6 0.6984375 0.1609375000000001 0.5921875 0.1609375000000001 0.5921875 0.2875000000000001 0.6984375 0.2875000000000001
1 0.7125 0.09375000000000008 0.6546875 0.09375000000000008 0.6546875 0.16562500000000008 0.7125 0.16562500000000008
1 0.790625 0.1828125000000001 0.709375 0.1828125000000001 0.709375 0.3109375000000001 0.790625 0.3109375000000001
1 0.8421875 0.3125000000000001 0.6890625 0.3125000000000001 0.6890625 0.6484375000000001 0.8421875 0.6484375000000002
1 0.9515625 0.1890625000000001 0.8375 0.18906250000000008 0.8375 0.2890625000000001 0.9515625 0.2890625000000001
1 0.765625 0.08437500000000009 0.721875 0.08437500000000009 0.721875 0.13437500000000008 0.765625 0.13437500000000008
1 0.875 0.2500000000000001 0.778125 0.2500000000000001 0.778125 0.45312500000000017 0.875 0.45312500000000017
2 0.3453125 0.18125000000000005 0.3046875 0.18125000000000005 0.3046875 0.296875 0.3453125 0.296875