1 0.8578125 0.2984375000000001 0.74375 0.2984375000000001 0.74375 0.48750000000000016 0.8578125 0.48750000000000016
1 0.7046875 0.3937500000000001 0.5609375 0.3937500000000001 0.5609375 0.6734375 0.7046875 0.6734375
1 0.5453125 0.13906250000000006 0.4375 0.13906250000000003 0.4375 0.25468750000000007 0.5453125 0.25468750000000007
1 0.646875 0.11250000000000009 0.56875 0.11250000000000009 0.56875 0.19687500000000008 0.646875 0.19687500000000008
1 0.8484375 0.0984375000000001 0.8046875 0.0984375000000001 0.8046875 0.15625000000000008 0.8484375 0.15625000000000008
4 0.8828125 0.19687500000000008 0.784375 0.19687500000000008 0.784375 0.34062500000000007 0.8828125 0.34062500000000007
1 0.7375 0.1359375000000001 0.6640625 0.1359375000000001 0.6640625 0.2375000000000001 0.7375 0.2375000000000001
1 0.734375 0.2531250000000001 0.590625 0.2531250000000001 0.590625 0.4453125000000001 0.734375 0.44531250000000017
1 0.715625 0.2062500000000001 0.6453125 0.2062500000000001 0.6453125 0.2671875000000001 0.715625 0.2671875000000001
1 0.771875 0.0828125000000001 0.734375 0.0828125000000001 0.734375 0.13437500000000008 0.771875 0.13437500000000008
1 0.7328125 0.0984375000000001 0.690625 0.0984375000000001 0.690625 0.1437500000000001 0.7328125 0.1437500000000001
1 0.8359375 0.17968750000000008 0.703125 0.17968750000000008 0.703125 0.29375000000000007 0.8359375 0.29375000000000007
1 0.7671875 0.14218750000000008 0.7328125 0.14218750000000008 0.7328125 0.19687500000000008 0.7671875 0.19687500000000008
1 1 0.2093750000000001 0.94375 0.2093750000000001 0.94375 0.27812500000000007 1 0.27812500000000007