1 0.659375 0.2656250000000001 0.546875 0.2656250000000001 0.546875 0.43125 0.659375 0.43125
1 0.8546875 0.27031250000000007 0.75625 0.27031250000000007 0.75625 0.42968750000000017 0.8546875 0.42968750000000017
1 0.4890625 0.15468750000000003 0.378125 0.15468750000000003 0.378125 0.2734375000000001 0.4890625 0.2734375000000001
1 0.8703125 0.0906250000000001 0.8140625 0.0906250000000001 0.8140625 0.1468750000000001 0.8703125 0.1468750000000001
1 0.7921875 0.1312500000000001 0.740625 0.1312500000000001 0.740625 0.1984375000000001 0.7921875 0.1984375000000001
1 0.7109375 0.09218750000000009 0.6546875 0.09218750000000009 0.6546875 0.1625000000000001 0.7109375 0.1625000000000001
1 0.9578125 0.1718750000000001 0.846875 0.17187500000000008 0.846875 0.2812500000000001 0.9578125 0.2812500000000001
1 0.765625 0.08125000000000009 0.7203125 0.08125000000000009 0.7203125 0.1312500000000001 0.765625 0.1312500000000001
2 0.346875 0.18750000000000006 0.3015625 0.18750000000000006 0.3015625 0.3 0.346875 0.3
2 0.5062500000000002 0.790625 0.38750000000000007 0.790625 0.38750000000000007 1 0.5062500000000002 1
1 1 0.5281250000000001 0.68125 0.528125 0.6812500000000001 1 1 1