1 0.7703125 0.0828125000000001 0.73125 0.0828125000000001 0.73125 0.1312500000000001 0.7703125 0.1312500000000001
1 0.728125 0.09375000000000008 0.696875 0.09375000000000008 0.696875 0.1468750000000001 0.728125 0.1468750000000001
3 0.7734375 0.1437500000000001 0.634375 0.1437500000000001 0.634375 0.4375000000000001 0.7734375 0.43750000000000017
1 0.83125 0.3421875000000001 0.69375 0.3421875000000001 0.69375 0.5671875000000001 0.83125 0.5671875000000002
1 0.8078125 0.1625000000000001 0.7734375 0.1625000000000001 0.7734375 0.2578125000000001 0.8078125 0.2578125000000001
1 0.8828125 0.24375000000000008 0.790625 0.24375000000000008 0.790625 0.4203125000000002 0.8828125 0.4203125000000002
1 0.796875 0.19531250000000008 0.7734375 0.19531250000000008 0.7734375 0.3265625000000001 0.796875 0.3265625000000001
1 0.54375 0.13593750000000004 0.4375 0.13593750000000004 0.4375 0.2531250000000001 0.54375 0.2531250000000001
1 0.840625 0.15000000000000008 0.790625 0.15000000000000008 0.790625 0.23593750000000008 0.840625 0.23593750000000008
1 0.8546875 0.11875000000000009 0.8125 0.11875000000000009 0.8125 0.2015625000000001 0.8546875 0.2015625000000001
1 0.7046875 0.10000000000000009 0.6390625 0.10000000000000009 0.6390625 0.17187500000000008 0.7046875 0.17187500000000008
1 0.8703125 0.12031250000000009 0.8453125 0.12031250000000009 0.8453125 0.17968750000000008 0.8703125 0.17968750000000008
1 0.853125 0.0968750000000001 0.809375 0.09687500000000009 0.809375 0.14062500000000008 0.853125 0.14062500000000008
1 0.6453125 0.2296875000000001 0.5390625 0.2296875000000001 0.5390625 0.3703125000000001 0.6453125 0.3703125000000001
1 0.875 0.0796875000000001 0.8265625 0.0796875000000001 0.8265625 0.11562500000000009 0.875 0.11562500000000009
1 1 0.19843750000000013 0.9671875 0.19843750000000013 0.9671875 0.2671875000000001 1 0.2671875000000001