1 0.7703125 0.0828125000000001 0.73125 0.0828125000000001 0.73125 0.1312500000000001 0.7703125 0.1312500000000001
1 0.728125 0.09375000000000008 0.696875 0.09375000000000008 0.696875 0.1468750000000001 0.728125 0.1468750000000001
3 0.7734375 0.1437500000000001 0.634375 0.1437500000000001 0.634375 0.4375000000000001 0.7734375 0.43750000000000017
1 0.83125 0.3421875000000001 0.69375 0.3421875000000001 0.69375 0.5671875000000001 0.83125 0.5671875000000002
1 0.8078125 0.1625000000000001 0.7734375 0.1625000000000001 0.7734375 0.2578125000000001 0.8078125 0.2578125000000001
1 0.8828125 0.24375000000000008 0.790625 0.24375000000000008 0.790625 0.4203125000000002 0.8828125 0.4203125000000002
1 0.796875 0.19531250000000008 0.7734375 0.19531250000000008 0.7734375 0.3265625000000001 0.796875 0.3265625000000001
1 0.54375 0.13593750000000004 0.4375 0.13593750000000004 0.4375 0.2531250000000001 0.54375 0.2531250000000001
1 0.840625 0.15000000000000008 0.790625 0.15000000000000008 0.790625 0.23593750000000008 0.840625 0.23593750000000008
1 0.8546875 0.11875000000000009 0.8125 0.11875000000000009 0.8125 0.2015625000000001 0.8546875 0.2015625000000001
1 0.7046875 0.10000000000000009 0.6390625 0.10000000000000009 0.6390625 0.17187500000000008 0.7046875 0.17187500000000008
1 0.875 0.11250000000000009 0.846875 0.11250000000000009 0.846875 0.1609375000000001 0.875 0.1609375000000001
1 0.890625 0.09687500000000011 0.85 0.09687500000000011 0.85 0.14062500000000008 0.890625 0.14062500000000008
1 0.6578125 0.20312500000000008 0.596875 0.20312500000000008 0.596875 0.3187500000000001 0.6578125 0.3187500000000001