1 0.34062500000000007 0.3171875 0.13281250000000006 0.3171875 0.13281250000000006 0.515625 0.34062500000000007 0.515625
1 0.784375 0.32500000000000007 0.6484375 0.32500000000000007 0.6484375 0.5781250000000001 0.784375 0.5781250000000002
1 0.81875 0.1515625000000001 0.7484375 0.1515625000000001 0.7484375 0.2609375000000001 0.81875 0.2609375000000001
1 0.4875 0.15000000000000005 0.375 0.15000000000000005 0.375 0.2812500000000001 0.4875 0.2812500000000001
1 0.7109375 0.09218750000000009 0.65625 0.09218750000000009 0.65625 0.16406250000000008 0.7109375 0.16406250000000008
1 0.8703125 0.2515625000000001 0.771875 0.2515625000000001 0.771875 0.4593750000000002 0.8703125 0.4593750000000002
6 0.68125 0.23593750000000008 0.4890625 0.23593750000000008 0.4890625 0.528125 0.68125 0.528125
1 0.93125 0.19375000000000012 0.85 0.1937500000000001 0.85 0.3140625000000001 0.93125 0.3140625000000001
1 0.8203125 0.0703125000000001 0.771875 0.07031250000000008 0.771875 0.1062500000000001 0.8203125 0.1062500000000001
1 0.5796875 0.22656250000000008 0.4328125 0.22656250000000008 0.4328125 0.43125 0.5796875 0.43125
1 0.7640625 0.08437500000000009 0.725 0.08437500000000009 0.725 0.13281250000000008 0.7640625 0.13281250000000008
2 0.3484375 0.19218750000000004 0.303125 0.19218750000000004 0.303125 0.3 0.3484375 0.3
2 0.86875 0.1296875000000001 0.8421875 0.1296875000000001 0.8421875 0.21250000000000008 0.86875 0.21250000000000008