1 0.778125 0.3375000000000001 0.65 0.3375000000000001 0.65 0.5765625000000001 0.778125 0.5765625000000002
6 0.6859375 0.2390625000000001 0.4859375 0.2390625000000001 0.4859375 0.528125 0.6859375 0.528125
1 0.34062500000000007 0.315625 0.13593750000000004 0.315625 0.13593750000000004 0.521875 0.34062500000000007 0.521875
1 0.896875 0.09687500000000011 0.859375 0.09687500000000011 0.859375 0.14062500000000008 0.896875 0.14062500000000008
1 0.765625 0.20468750000000008 0.6703125 0.20468750000000008 0.6703125 0.32500000000000007 0.765625 0.32500000000000007
1 0.7125 0.09375000000000008 0.65625 0.09375000000000008 0.65625 0.16406250000000008 0.7125 0.16406250000000008
1 0.8546875 0.0984375000000001 0.8078125 0.0984375000000001 0.8078125 0.1515625000000001 0.8546875 0.1515625000000001
1 0.5421875 0.24687500000000004 0.3609375 0.246875 0.3609375 0.4859375 0.5421875 0.4859375
1 0.7640625 0.0828125000000001 0.7203125 0.0828125000000001 0.7203125 0.13437500000000008 0.7640625 0.13437500000000008
1 0.8703125 0.2500000000000001 0.775 0.2500000000000001 0.775 0.4437500000000002 0.8703125 0.4437500000000002
1 0.903125 0.2093750000000001 0.8328125 0.2093750000000001 0.8328125 0.3390625000000001 0.903125 0.3390625000000001
1 0.41875 0.20468750000000005 0.290625 0.2046875 0.290625 0.38281250000000006 0.41875 0.3828125000000001
2 0.3375 0.18437500000000004 0.303125 0.18437500000000004 0.303125 0.2796875 0.3375 0.2796875
2 0.7546875 0.2750000000000001 0.7125 0.2750000000000001 0.7125 0.3390625000000001 0.7546875 0.3390625000000001
2 0.8765625 0.3515625000000001 0.8234375 0.3515625000000001 0.8234375 0.5953125000000001 0.8765625 0.5953125000000001
1 0.9609375 0.1796875000000001 0.88125 0.17968750000000008 0.88125 0.2812500000000001 0.9609375 0.2812500000000001
1 1 0.17968750000000014 0.9625 0.17968750000000014 0.9625 0.2640625000000001 1 0.2640625000000001