1 0.6609375 0.2750000000000001 0.440625 0.2750000000000001 0.440625 0.5796875 0.6609375 0.5796875
1 0.37500000000000006 0.24062500000000003 0.14375000000000004 0.240625 0.14375000000000004 0.50625 0.3750000000000001 0.50625
1 0.8265625 0.37187500000000007 0.665625 0.37187500000000007 0.665625 0.6421875000000001 0.8265625 0.6421875000000001
1 0.5453125 0.27812500000000007 0.403125 0.27812500000000007 0.403125 0.44375 0.5453125 0.44375
6 0.8828125 0.2375000000000001 0.7609375 0.2375000000000001 0.7609375 0.4625000000000002 0.8828125 0.4625000000000002
1 0.734375 0.26250000000000007 0.634375 0.26250000000000007 0.634375 0.4437500000000001 0.734375 0.4437500000000002
1 0.7046875 0.19531250000000006 0.54375 0.19531250000000006 0.54375 0.2906250000000001 0.7046875 0.2906250000000001
1 0.8703125 0.0718750000000001 0.8140625 0.07187500000000009 0.8140625 0.11093750000000009 0.8703125 0.11093750000000009
1 0.7125 0.09375000000000008 0.6578125 0.09375000000000008 0.6578125 0.16406250000000008 0.7125 0.16406250000000008
1 0.8484375 0.10781250000000009 0.809375 0.10781250000000009 0.809375 0.15781250000000008 0.8484375 0.15781250000000008
1 0.4890625 0.15312500000000004 0.3765625 0.15312500000000004 0.3765625 0.2640625000000001 0.4890625 0.2640625000000001
1 0.5328125 0.2140625000000001 0.3921875 0.2140625000000001 0.3921875 0.3453125000000001 0.5328125 0.3453125000000001
1 0.8578125 0.21093750000000008 0.771875 0.21093750000000008 0.771875 0.27812500000000007 0.8578125 0.27812500000000007
1 0.7671875 0.0828125000000001 0.7234375 0.0828125000000001 0.7234375 0.1312500000000001 0.7671875 0.1312500000000001
1 0.640625 0.12343750000000009 0.5671875 0.12343750000000009 0.5671875 0.19687500000000008 0.640625 0.19687500000000008
1 0.8390625 0.1828125000000001 0.771875 0.1828125000000001 0.771875 0.22031250000000008 0.8390625 0.22031250000000008