1 0.7703125 0.0828125000000001 0.7328125 0.0828125000000001 0.7328125 0.1375000000000001 0.7703125 0.1375000000000001
1 0.728125 0.09375000000000008 0.696875 0.09375000000000008 0.696875 0.1468750000000001 0.728125 0.1468750000000001
3 0.790625 0.1359375000000001 0.6609375 0.1359375000000001 0.6609375 0.3906250000000001 0.790625 0.3906250000000001
1 0.834375 0.3421875000000001 0.7015625 0.3421875000000001 0.7015625 0.5546875000000001 0.834375 0.5546875000000002
1 0.8640625 0.10312500000000009 0.83125 0.10312500000000009 0.83125 0.1546875000000001 0.8640625 0.1546875000000001
1 0.9046875 0.2000000000000001 0.809375 0.2000000000000001 0.809375 0.33281250000000007 0.9046875 0.33281250000000007
1 0.84375 0.1296875000000001 0.7859375 0.1296875000000001 0.7859375 0.21250000000000008 0.84375 0.21250000000000008
1 0.6671875 0.11562500000000009 0.5703125 0.11562500000000009 0.5703125 0.19531250000000008 0.6671875 0.19531250000000008
1 0.853125 0.0843750000000001 0.8109375 0.08437500000000009 0.8109375 0.1296875000000001 0.853125 0.1296875000000001
1 0.825 0.0718750000000001 0.784375 0.07187500000000009 0.784375 0.11562500000000009 0.825 0.11562500000000009
1 0.921875 0.08125000000000011 0.871875 0.08125000000000011 0.871875 0.12031250000000011 0.921875 0.12031250000000013
1 0.7046875 0.10000000000000009 0.65625 0.10000000000000009 0.65625 0.1703125000000001 0.7046875 0.1703125000000001