1 0.7703125 0.0828125000000001 0.7328125 0.0828125000000001 0.7328125 0.1375000000000001 0.7703125 0.1375000000000001
1 0.728125 0.09375000000000008 0.696875 0.09375000000000008 0.696875 0.1468750000000001 0.728125 0.1468750000000001
3 0.7828125 0.14062500000000008 0.646875 0.14062500000000008 0.646875 0.4171875000000001 0.7828125 0.41718750000000016
1 0.8328125 0.3468750000000001 0.6953125 0.3468750000000001 0.6953125 0.5718750000000001 0.8328125 0.5718750000000001
1 0.8609375 0.1140625000000001 0.8265625 0.1140625000000001 0.8265625 0.17343750000000008 0.8609375 0.17343750000000008
1 0.890625 0.21093750000000008 0.8046875 0.21093750000000008 0.8046875 0.35625000000000007 0.890625 0.35625000000000007
1 0.828125 0.1453125000000001 0.7796875 0.1453125000000001 0.7796875 0.2406250000000001 0.828125 0.2406250000000001
1 0.628125 0.11875000000000006 0.53125 0.11875000000000005 0.53125 0.20468750000000008 0.628125 0.20468750000000008
1 0.8625 0.0953125000000001 0.83125 0.0953125000000001 0.83125 0.13437500000000008 0.8625 0.13437500000000008
1 0.871875 0.07500000000000011 0.81875 0.07500000000000011 0.81875 0.1281250000000001 0.871875 0.1281250000000001
1 0.8203125 0.0734375000000001 0.78125 0.07343750000000009 0.78125 0.10468750000000009 0.8203125 0.10468750000000009
1 0.7046875 0.10000000000000009 0.65625 0.10000000000000009 0.65625 0.1703125000000001 0.7046875 0.1703125000000001