1 0.7703125 0.0828125000000001 0.7328125 0.0828125000000001 0.7328125 0.1375000000000001 0.7703125 0.1375000000000001
1 0.728125 0.09375000000000008 0.696875 0.09375000000000008 0.696875 0.1468750000000001 0.728125 0.1468750000000001
3 0.7765625 0.1468750000000001 0.6375 0.1468750000000001 0.6375 0.4328125000000001 0.7765625 0.43281250000000016
1 0.8328125 0.3421875000000001 0.6953125 0.3421875000000001 0.6953125 0.5671875000000001 0.8328125 0.5671875000000002
1 0.8234375 0.1468750000000001 0.775 0.1468750000000001 0.775 0.24218750000000008 0.8234375 0.24218750000000008
1 0.884375 0.2406250000000001 0.7953125 0.2406250000000001 0.7953125 0.4125000000000002 0.884375 0.4125000000000002
1 0.8 0.1937500000000001 0.771875 0.1937500000000001 0.771875 0.3265625000000001 0.8 0.3265625000000001
1 0.54375 0.13125000000000003 0.4375 0.13125000000000003 0.4375 0.2484375000000001 0.54375 0.2484375000000001
1 0.8578125 0.12500000000000008 0.815625 0.12500000000000008 0.815625 0.19531250000000008 0.8578125 0.19531250000000008
1 0.875 0.0953125000000001 0.8453125 0.0953125000000001 0.8453125 0.1546875000000001 0.875 0.1546875000000001
1 0.7046875 0.10000000000000009 0.6390625 0.10000000000000009 0.6390625 0.17187500000000008 0.7046875 0.17187500000000008
1 0.8921875 0.10000000000000009 0.8734375 0.10000000000000009 0.8734375 0.14062500000000008 0.8921875 0.14062500000000008
1 0.78125 0.0671875000000001 0.7328125 0.0671875000000001 0.7328125 0.0984375000000001 0.78125 0.0984375000000001
1 0.9359375 0.08437500000000012 0.9015625 0.08437500000000012 0.9015625 0.1250000000000001 0.9359375 0.12500000000000014