1 0.65625 0.2796875000000001 0.4390625 0.2796875000000001 0.4390625 0.5765625 0.65625 0.5765625
1 0.734375 0.2562500000000001 0.6375 0.2562500000000001 0.6375 0.4250000000000001 0.734375 0.42500000000000016
1 0.4015625 0.22968750000000004 0.18281250000000004 0.2296875 0.18281250000000004 0.475 0.4015625 0.475
1 0.8265625 0.3687500000000001 0.6671875 0.3687500000000001 0.6671875 0.6453125000000001 0.8265625 0.6453125000000002
1 0.553125 0.2750000000000001 0.409375 0.2750000000000001 0.409375 0.4421875 0.553125 0.4421875
6 0.884375 0.2375000000000001 0.7625 0.2375000000000001 0.7625 0.4578125000000002 0.884375 0.4578125000000002
1 0.5390625 0.2078125000000001 0.4046875 0.2078125000000001 0.4046875 0.3375000000000001 0.5390625 0.3375000000000001
1 0.7109375 0.09531250000000009 0.65625 0.09531250000000009 0.65625 0.16562500000000008 0.7109375 0.16562500000000008
1 0.4859375 0.15000000000000005 0.3765625 0.15000000000000005 0.3765625 0.2656250000000001 0.4859375 0.2656250000000001
1 0.7 0.2000000000000001 0.5390625 0.2000000000000001 0.5390625 0.2906250000000001 0.7 0.2906250000000001
1 0.6390625 0.12656250000000008 0.5703125 0.12656250000000008 0.5703125 0.19687500000000008 0.6390625 0.19687500000000008
1 0.8828125 0.09375000000000011 0.840625 0.09375000000000011 0.840625 0.1390625000000001 0.8828125 0.1390625000000001
1 0.859375 0.19531250000000008 0.76875 0.19531250000000008 0.76875 0.29375000000000007 0.859375 0.29375000000000007
1 0.7640625 0.0828125000000001 0.7234375 0.0828125000000001 0.7234375 0.1359375000000001 0.7640625 0.1359375000000001
1 0.8234375 0.17968750000000008 0.771875 0.17968750000000008 0.771875 0.2156250000000001 0.8234375 0.2156250000000001