1 0.4890625 0.15312500000000004 0.378125 0.15312500000000004 0.378125 0.2765625000000001 0.4890625 0.2765625000000001
1 0.875 0.2171875000000001 0.7671875 0.2171875000000001 0.7671875 0.3281250000000001 0.875 0.3281250000000001
1 0.2640625000000001 0.5140625 6.295449951866863e-17 0.5140625 8.725608443924891e-17 0.9109375 0.2640625000000001 0.9109375
1 0.6390625 0.12656250000000008 0.56875 0.12656250000000008 0.56875 0.1984375000000001 0.6390625 0.1984375000000001
1 0.709375 0.09375000000000008 0.6546875 0.09375000000000008 0.6546875 0.1625000000000001 0.709375 0.1625000000000001
1 0.8234375 0.4750000000000001 0.659375 0.475 0.659375 0.8203125 0.8234375 0.8203125
1 0.8828125 0.10468750000000009 0.840625 0.10468750000000009 0.840625 0.15625000000000008 0.8828125 0.15625000000000008
1 0.809375 0.08437500000000009 0.771875 0.08437500000000009 0.771875 0.12343750000000009 0.809375 0.12343750000000009
1 0.7640625 0.08750000000000009 0.7203125 0.08750000000000009 0.7203125 0.1359375000000001 0.7640625 0.1359375000000001
1 1 0.7437500000000001 0.809375 0.7437500000000001 0.809375 1 1 1
1 0.9203125 0.0953125000000001 0.8796875 0.0953125000000001 0.8796875 0.1343750000000001 0.9203125 0.13437500000000013