1 0.8578125 0.3062500000000001 0.74375 0.3062500000000001 0.74375 0.4890625000000002 0.8578125 0.4890625000000002
1 0.4609375 0.2828125 0.25 0.2828125 0.25000000000000006 0.559375 0.4609375 0.559375
1 0.575 0.2062500000000001 0.4484375 0.2062500000000001 0.4484375 0.3937500000000001 0.575 0.3937500000000001
1 0.7046875 0.3937500000000001 0.5625 0.3937500000000001 0.5625 0.678125 0.7046875 0.678125
1 0.7328125 0.2515625000000001 0.5921875 0.2515625000000001 0.5921875 0.44218750000000007 0.7328125 0.4421875000000002
1 0.6984375 0.1531250000000001 0.603125 0.1531250000000001 0.603125 0.2562500000000001 0.6984375 0.2562500000000001
1 0.54375 0.13437500000000005 0.434375 0.13437500000000005 0.434375 0.2531250000000001 0.54375 0.2531250000000001
4 0.8796875 0.2015625000000001 0.7890625 0.2015625000000001 0.7890625 0.34062500000000007 0.8796875 0.34062500000000007
1 0.8359375 0.1140625000000001 0.79375 0.1140625000000001 0.79375 0.1671875000000001 0.8359375 0.1671875000000001
0 0.76875 0.11250000000000009 0.6859375 0.11250000000000009 0.6859375 0.22656250000000008 0.76875 0.22656250000000008
1 0.7171875 0.2093750000000001 0.640625 0.2093750000000001 0.640625 0.2656250000000001 0.7171875 0.2656250000000001
1 0.80625 0.20312500000000008 0.7328125 0.20312500000000008 0.7328125 0.3046875000000001 0.80625 0.3046875000000001
1 0.6328125 0.2078125000000001 0.565625 0.2078125000000001 0.565625 0.3265625000000001 0.6328125 0.3265625000000001
1 0.646875 0.11093750000000009 0.5671875 0.11093750000000009 0.5671875 0.1906250000000001 0.646875 0.1906250000000001
1 0.7296875 0.09218750000000009 0.684375 0.09218750000000009 0.684375 0.14843750000000008 0.7296875 0.14843750000000008
1 0.7703125 0.08125000000000009 0.73125 0.08125000000000009 0.73125 0.11875000000000009 0.7703125 0.11875000000000009
1 0.9921875 0.1968750000000001 0.9015625 0.19687500000000008 0.9015625 0.2890625000000001 0.9921875 0.2890625000000001
1 0.8625 0.0828125000000001 0.809375 0.0828125000000001 0.809375 0.13437500000000008 0.8625 0.13437500000000008
1 0.896875 0.11093750000000009 0.8625 0.11093750000000009 0.8625 0.1625000000000001 0.896875 0.1625000000000001
1 0.9375 0.09687500000000011 0.8953125 0.09687500000000011 0.8953125 0.1406250000000001 0.9375 0.14062500000000014
1 0.7796875 0.09375000000000008 0.7625 0.09375000000000008 0.7625 0.14843750000000008 0.7796875 0.14843750000000008
1 0.9140625 0.08437500000000012 0.8640625 0.08437500000000012 0.8640625 0.11562500000000012 0.9140625 0.11562500000000013