1 0.675 0.3734375000000001 0.40625 0.3734375000000001 0.4062500000000001 0.7640625 0.6750000000000002 0.7640625
1 0.5625 0.22656250000000008 0.4203125 0.22656250000000008 0.4203125 0.434375 0.5625 0.434375
6 0.75 0.2328125000000001 0.60625 0.2328125000000001 0.60625 0.4562500000000001 0.75 0.45625000000000016
1 0.38750000000000007 0.27187500000000003 0.16250000000000003 0.271875 0.16250000000000003 0.4921875 0.38750000000000007 0.4921875
6 0.625 0.14218750000000008 0.521875 0.14218750000000005 0.521875 0.2750000000000001 0.625 0.2750000000000001
1 0.80625 0.18125000000000008 0.7234375 0.18125000000000008 0.7234375 0.3203125000000001 0.80625 0.3203125000000001
1 0.934375 0.2015625000000001 0.85 0.2015625000000001 0.85 0.3062500000000001 0.934375 0.3062500000000001
1 0.5421875 0.13750000000000004 0.4359375 0.13750000000000004 0.4359375 0.2531250000000001 0.5421875 0.2531250000000001
6 0.84375 0.13281250000000008 0.7875 0.13281250000000008 0.7875 0.21875000000000008 0.84375 0.21875000000000008
1 0.3343750000000001 0.4734375 0.018750000000000055 0.4734375 0.01875000000000008 0.84375 0.3343750000000001 0.84375
1 0.7375 0.0984375000000001 0.690625 0.0984375000000001 0.690625 0.15000000000000008 0.7375 0.15000000000000008
1 0.8859375 0.09218750000000012 0.84375 0.09218750000000012 0.84375 0.15000000000000008 0.8859375 0.15000000000000008
1 0.7140625 0.1828125000000001 0.6421875 0.1828125000000001 0.6421875 0.2468750000000001 0.7140625 0.2468750000000001
1 0.771875 0.08437500000000009 0.734375 0.08437500000000009 0.734375 0.13437500000000008 0.771875 0.13437500000000008
1 0.6421875 0.1140625000000001 0.575 0.1140625000000001 0.575 0.1828125000000001 0.6421875 0.1828125000000001
1 0.7812500000000002 0.825 0.45312500000000017 0.825 0.45312500000000017 1 0.7812500000000002 1