1 0.584375 0.32812500000000006 0.296875 0.328125 0.29687500000000006 0.721875 0.584375 0.721875
1 0.846875 0.5203125000000001 0.628125 0.5203125 0.628125 1 0.846875 1
1 0.3218750000000001 0.440625 0.014062500000000056 0.440625 0.014062500000000075 0.7671875 0.3218750000000001 0.7671875
1 0.709375 0.2750000000000001 0.5734375 0.2750000000000001 0.5734375 0.4640625 0.709375 0.4640625
6 0.846875 0.27812500000000007 0.684375 0.27812500000000007 0.684375 0.58125 0.846875 0.5812500000000002
1 0.928125 0.08437500000000012 0.8734375 0.08437500000000012 0.8734375 0.11718750000000011 0.928125 0.11718750000000014
1 0.6390625 0.12656250000000008 0.56875 0.12656250000000008 0.56875 0.1984375000000001 0.6390625 0.1984375000000001
1 0.875 0.2078125000000001 0.775 0.2078125000000001 0.775 0.36406250000000007 0.875 0.36406250000000007
1 0.6140625 0.2140625000000001 0.4515625 0.2140625000000001 0.4515625 0.3515625000000001 0.6140625 0.3515625000000001
1 0.7109375 0.09531250000000009 0.65625 0.09531250000000009 0.65625 0.1625000000000001 0.7109375 0.1625000000000001
1 0.796875 0.13437500000000008 0.75 0.13437500000000008 0.75 0.19531250000000008 0.796875 0.19531250000000008
1 0.7625 0.08437500000000009 0.7203125 0.08437500000000009 0.7203125 0.13437500000000008 0.7625 0.13437500000000008
1 0.484375 0.15468750000000003 0.3765625 0.15468750000000003 0.3765625 0.2609375000000001 0.484375 0.2609375000000001
1 0.478125 0.24062500000000003 0.321875 0.240625 0.321875 0.384375 0.478125 0.3843750000000001
2 0.384375 0.30937500000000007 0.34375 0.309375 0.34375000000000006 0.475 0.3843750000000001 0.475