1 0.7703125 0.0828125000000001 0.73125 0.0828125000000001 0.73125 0.1312500000000001 0.7703125 0.1312500000000001
1 0.728125 0.09375000000000008 0.696875 0.09375000000000008 0.696875 0.1468750000000001 0.728125 0.1468750000000001
3 0.7734375 0.1437500000000001 0.634375 0.1437500000000001 0.634375 0.4375000000000001 0.7734375 0.43750000000000017
1 0.83125 0.3421875000000001 0.69375 0.3421875000000001 0.69375 0.5671875000000001 0.83125 0.5671875000000002
1 0.8078125 0.1625000000000001 0.7734375 0.1625000000000001 0.7734375 0.2578125000000001 0.8078125 0.2578125000000001
1 0.8828125 0.24375000000000008 0.790625 0.24375000000000008 0.790625 0.4203125000000002 0.8828125 0.4203125000000002
1 0.796875 0.19531250000000008 0.7734375 0.19531250000000008 0.7734375 0.3265625000000001 0.796875 0.3265625000000001
1 0.54375 0.13593750000000004 0.4375 0.13593750000000004 0.4375 0.2531250000000001 0.54375 0.2531250000000001
1 0.840625 0.15000000000000008 0.790625 0.15000000000000008 0.790625 0.23593750000000008 0.840625 0.23593750000000008
1 0.8515625 0.1218750000000001 0.8078125 0.1218750000000001 0.8078125 0.2000000000000001 0.8515625 0.2000000000000001
1 0.515625 0.18125000000000005 0.3625 0.18125000000000005 0.3625 0.35468750000000004 0.515625 0.3546875000000001
1 0.865625 0.12656250000000008 0.846875 0.12656250000000008 0.846875 0.1843750000000001 0.865625 0.1843750000000001
1 0.7046875 0.10312500000000009 0.6390625 0.10312500000000009 0.6390625 0.1468750000000001 0.7046875 0.1468750000000001
1 0.5546875 0.3046875000000001 0.3890625 0.3046875000000001 0.38906250000000003 0.503125 0.5546875 0.503125
1 0.875 0.11718750000000008 0.8546875 0.11718750000000008 0.8546875 0.17343750000000008 0.875 0.17343750000000008
1 0.9015625 0.22656250000000008 0.85 0.22656250000000008 0.85 0.3437500000000001 0.9015625 0.3437500000000001
1 0.21875000000000006 0.3375 4.133182947122317e-17 0.3375 6.190206867565137e-17 0.6734375 0.21875000000000008 0.6734375
1 0.9578125 0.1828125000000001 0.85625 0.1828125000000001 0.85625 0.2718750000000001 0.9578125 0.2718750000000001
2 0.35625000000000007 0.3203125 0.2953125 0.3203125 0.29531250000000003 0.521875 0.35625000000000007 0.521875
1 1 0.2000000000000001 0.9578125 0.2000000000000001 0.9578125 0.2734375000000001 1 0.2734375000000001