1 0.675 0.2609375000000001 0.4671875 0.2609375000000001 0.4671875 0.5484375 0.675 0.5484375
1 0.809375 0.1937500000000001 0.653125 0.1937500000000001 0.653125 0.3187500000000001 0.809375 0.3187500000000001
1 0.828125 0.3656250000000001 0.6671875 0.3656250000000001 0.6671875 0.6468750000000001 0.828125 0.6468750000000002
1 0.58125 0.2562500000000001 0.4578125 0.2562500000000001 0.4578125 0.39531250000000007 0.58125 0.39531250000000007
1 0.4 0.22812500000000005 0.18281250000000004 0.228125 0.18281250000000004 0.4765625 0.4 0.4765625
1 0.4890625 0.15312500000000004 0.38125 0.15312500000000004 0.38125 0.2734375000000001 0.4890625 0.2734375000000001
1 0.75 0.2515625000000001 0.6578125 0.2515625000000001 0.6578125 0.4140625000000001 0.75 0.41406250000000017
1 0.709375 0.11875000000000009 0.625 0.11875000000000009 0.625 0.1828125000000001 0.709375 0.1828125000000001
1 0.84375 0.0718750000000001 0.7859375 0.07187500000000009 0.7859375 0.10937500000000008 0.84375 0.10937500000000008
1 0.84375 0.15625000000000008 0.796875 0.15625000000000008 0.796875 0.2328125000000001 0.84375 0.2328125000000001
1 0.7125 0.09375000000000008 0.659375 0.09375000000000008 0.659375 0.14218750000000008 0.7125 0.14218750000000008
1 0.765625 0.08125000000000009 0.725 0.08125000000000009 0.725 0.1312500000000001 0.765625 0.1312500000000001
6 0.98125 0.1718750000000001 0.88125 0.17187500000000008 0.88125 0.28593750000000007 0.98125 0.28593750000000007
2 0.34375 0.18593750000000003 0.3109375 0.18593750000000003 0.3109375 0.2390625 0.34375 0.2390625
1 0.8140625 0.1546875000000001 0.746875 0.1546875000000001 0.746875 0.24218750000000008 0.8140625 0.24218750000000008
1 0.9390625 0.0875000000000001 0.90625 0.0875000000000001 0.90625 0.12187500000000011 0.9390625 0.12187500000000014