1 0.628125 0.41875 0.3218750000000001 0.41875 0.3218750000000001 0.875 0.6281250000000002 0.875
1 0.5359375 0.24375000000000008 0.371875 0.24375000000000008 0.37187500000000007 0.465625 0.5359375 0.465625
6 0.7296875 0.2453125000000001 0.58125 0.2453125000000001 0.58125 0.4906250000000001 0.7296875 0.4906250000000002
1 0.35625000000000007 0.2921875 0.11250000000000004 0.2921875 0.11250000000000004 0.53125 0.35625000000000007 0.53125
6 0.6078125 0.14218750000000008 0.5015625 0.14218750000000005 0.5015625 0.2750000000000001 0.6078125 0.2750000000000001
1 0.7953125 0.1750000000000001 0.7203125 0.1750000000000001 0.7203125 0.34062500000000007 0.7953125 0.34062500000000007
1 0.93125 0.20312500000000008 0.8375 0.20312500000000008 0.8375 0.3078125000000001 0.93125 0.3078125000000001
1 0.5421875 0.13750000000000004 0.4359375 0.13750000000000004 0.4359375 0.2531250000000001 0.5421875 0.2531250000000001
6 0.8328125 0.1375000000000001 0.7765625 0.1375000000000001 0.7765625 0.2234375000000001 0.8328125 0.2234375000000001
1 0.2234375000000001 0.5625 6.888638245203862e-17 0.5625 9.519715352747004e-17 0.9921875 0.2234375000000001 0.9921875
1 0.728125 0.09687500000000009 0.6875 0.09687500000000009 0.6875 0.14843750000000008 0.728125 0.14843750000000008
1 0.890625 0.09687500000000011 0.8484375 0.09687500000000011 0.8484375 0.1546875000000001 0.890625 0.1546875000000001
1 0.709375 0.1828125000000001 0.6265625 0.1828125000000001 0.6265625 0.2687500000000001 0.709375 0.2687500000000001
1 0.771875 0.08437500000000009 0.734375 0.08437500000000009 0.734375 0.13437500000000008 0.771875 0.13437500000000008
1 0.6421875 0.1140625000000001 0.575 0.1140625000000001 0.575 0.1828125000000001 0.6421875 0.1828125000000001