1 0.6828125 0.25468750000000007 0.490625 0.25468750000000007 0.490625 0.521875 0.6828125 0.521875
1 0.8234375 0.3671875000000001 0.66875 0.3671875000000001 0.66875 0.6468750000000001 0.8234375 0.6468750000000002
1 0.7984375 0.2156250000000001 0.68125 0.2156250000000001 0.68125 0.3453125000000001 0.7984375 0.3453125000000001
1 0.4140625 0.22500000000000003 0.203125 0.225 0.20312500000000006 0.4625 0.4140625 0.4625
1 0.4890625 0.15468750000000003 0.38125 0.15468750000000003 0.38125 0.2734375000000001 0.4890625 0.2734375000000001
1 0.9609375 0.1828125000000001 0.8484375 0.1828125000000001 0.8484375 0.2890625000000001 0.9609375 0.2890625000000001
1 0.7109375 0.09218750000000009 0.653125 0.09218750000000009 0.653125 0.1625000000000001 0.7109375 0.1625000000000001
1 0.8703125 0.1281250000000001 0.828125 0.1281250000000001 0.828125 0.18750000000000008 0.8703125 0.18750000000000008
1 0.90625 0.08281250000000011 0.8515625 0.08281250000000011 0.8515625 0.11718750000000008 0.90625 0.11718750000000008
1 0.81875 0.14843750000000008 0.75 0.14843750000000008 0.75 0.2500000000000001 0.81875 0.2500000000000001
1 0.765625 0.07812500000000008 0.721875 0.07812500000000008 0.721875 0.1359375000000001 0.765625 0.1359375000000001
1 0.6453125 0.21875000000000008 0.5296875 0.21875000000000008 0.5296875 0.3437500000000001 0.6453125 0.3437500000000001
2 0.34375 0.18593750000000003 0.30625 0.18593750000000003 0.30625 0.2375 0.34375 0.2375