1 0.703125 0.2531250000000001 0.5609375 0.2531250000000001 0.5609375 0.4390625 0.703125 0.4390625
1 0.5984375 0.12812500000000007 0.5171875 0.12812500000000004 0.5171875 0.2218750000000001 0.5984375 0.2218750000000001
1 0.8375 0.0703125000000001 0.78125 0.07031250000000008 0.78125 0.10781250000000009 0.8375 0.10781250000000009
1 0.7125 0.09531250000000009 0.6546875 0.09531250000000009 0.6546875 0.16406250000000008 0.7125 0.16406250000000008
1 0.8625 0.2375000000000001 0.75625 0.2375000000000001 0.75625 0.3828125000000001 0.8625 0.3828125000000001
1 0.84375 0.1453125000000001 0.7796875 0.1453125000000001 0.7796875 0.2390625000000001 0.84375 0.2390625000000001
1 0.7609375 0.1437500000000001 0.7015625 0.1437500000000001 0.7015625 0.2156250000000001 0.7609375 0.2156250000000001
1 0.909375 0.1890625000000001 0.8265625 0.18906250000000008 0.8265625 0.32500000000000007 0.909375 0.32500000000000007
1 0.765625 0.08125000000000009 0.7234375 0.08125000000000009 0.7234375 0.1312500000000001 0.765625 0.1312500000000001
2 0.3453125 0.17500000000000004 0.3078125 0.17500000000000004 0.3078125 0.29375 0.3453125 0.29375
1 0.6359375 0.64375 0.3734375000000001 0.64375 0.3734375000000001 1 0.6359375000000002 1
1 0.8296875 0.37187500000000007 0.6625 0.37187500000000007 0.6625000000000001 0.7468750000000001 0.8296875 0.7468750000000002
1 0.9984375 0.7656250000000002 0.7984375000000001 0.7656250000000002 0.7984375000000001 1 0.9984375 1
1 1 0.18906250000000013 0.9078125 0.18906250000000013 0.9078125 0.2796875000000001 1 0.2796875000000001