1 0.6109375 0.30781250000000004 0.3484375 0.3078125 0.34843750000000007 0.66875 0.6109375 0.66875
1 0.8 0.4843750000000001 0.609375 0.484375 0.6093750000000001 0.9203125 0.8 0.9203125
1 0.3984375000000001 0.38906250000000003 0.14062500000000006 0.3890625 0.14062500000000006 0.6640625 0.3984375000000001 0.6640625
1 0.715625 0.2640625000000001 0.5953125 0.2640625000000001 0.5953125 0.453125 0.715625 0.453125
6 0.85625 0.2671875000000001 0.703125 0.2671875000000001 0.703125 0.5531250000000001 0.85625 0.5531250000000002
1 0.8234375 0.0734375000000001 0.76875 0.07343750000000009 0.76875 0.10468750000000009 0.8234375 0.10468750000000009
1 0.6390625 0.12656250000000008 0.56875 0.12656250000000008 0.56875 0.1984375000000001 0.6390625 0.1984375000000001
1 0.875 0.19687500000000008 0.775 0.19687500000000008 0.775 0.3546875000000001 0.875 0.3546875000000001
1 0.6359375 0.21093750000000008 0.4765625 0.21093750000000008 0.4765625 0.3421875000000001 0.6359375 0.3421875000000001
1 0.7109375 0.09531250000000009 0.65625 0.09531250000000009 0.65625 0.1625000000000001 0.7109375 0.1625000000000001
1 0.8046875 0.1281250000000001 0.7578125 0.1281250000000001 0.7578125 0.18906250000000008 0.8046875 0.18906250000000008
1 0.7625 0.08437500000000009 0.7203125 0.08437500000000009 0.7203125 0.13437500000000008 0.7625 0.13437500000000008
1 0.484375 0.15468750000000003 0.3765625 0.15468750000000003 0.3765625 0.2609375000000001 0.484375 0.2609375000000001
1 0.4890625 0.23593750000000005 0.3421875 0.2359375 0.34218750000000003 0.37968750000000007 0.4890625 0.37968750000000007
2 0.37968750000000007 0.27656250000000004 0.3390625 0.2765625 0.33906250000000004 0.4109375 0.37968750000000007 0.4109375