1 0.734375 0.25468750000000007 0.6046875 0.25468750000000007 0.6046875 0.4562500000000001 0.734375 0.45625000000000016
6 0.6171875000000001 0.3359375000000001 0.3890625 0.3359375000000001 0.38906250000000003 0.7515625 0.6171875000000002 0.7515625
1 0.859375 0.30937500000000007 0.7375 0.30937500000000007 0.7375 0.49218750000000017 0.859375 0.49218750000000017
1 0.49375 0.2453125000000001 0.378125 0.2453125000000001 0.37812500000000004 0.4453125 0.49375 0.4453125
1 0.7796875 0.2078125000000001 0.703125 0.2078125000000001 0.703125 0.3312500000000001 0.7796875 0.3312500000000001
1 0.89375 0.2375000000000001 0.8109375 0.2375000000000001 0.8109375 0.3515625000000001 0.89375 0.3515625000000001
1 0.6234375 0.2218750000000001 0.528125 0.2218750000000001 0.528125 0.3437500000000001 0.6234375 0.3437500000000001
1 0.8125 0.1687500000000001 0.7578125 0.1687500000000001 0.7578125 0.27031250000000007 0.8125 0.27031250000000007
1 0.0828125000000001 0.55625 6.812097820257152e-17 0.55625 9.25182386543352e-17 0.9546875 0.08281250000000011 0.9546875
2 0.8796875 0.5687500000000002 0.8015625 0.5687500000000002 0.8015625 0.8640625 0.8796875 0.8640625
1 0.834375 0.1515625000000001 0.7953125 0.1515625000000001 0.7953125 0.22812500000000008 0.834375 0.22812500000000008
1 0.5515625 0.20468750000000008 0.4421875 0.20468750000000008 0.4421875 0.3234375000000001 0.5515625 0.3234375000000001