1 0.6796875 0.2812500000000001 0.4890625 0.2812500000000001 0.4890625 0.5765625 0.6796875 0.5765625
1 0.8359375 0.3921875000000001 0.6828125 0.3921875000000001 0.6828125 0.6468750000000001 0.8359375 0.6468750000000002
1 0.5890625 0.2312500000000001 0.4171875 0.2312500000000001 0.4171875 0.45 0.5890625 0.45
1 0.821875 0.1593750000000001 0.7640625 0.1593750000000001 0.7640625 0.2640625000000001 0.821875 0.2640625000000001
1 0.6453125 0.1531250000000001 0.5890625 0.1531250000000001 0.5890625 0.24218750000000008 0.6453125 0.24218750000000008
1 0.8921875 0.07343750000000011 0.8296875 0.07343750000000011 0.8296875 0.11250000000000009 0.8921875 0.11250000000000009
1 0.790625 0.19531250000000008 0.7140625 0.19531250000000008 0.7140625 0.32500000000000007 0.790625 0.32500000000000007
1 0.7546875 0.23593750000000008 0.65625 0.23593750000000008 0.65625 0.4234375000000001 0.7546875 0.4234375000000002
1 0.9390625 0.2078125000000001 0.865625 0.2078125000000001 0.865625 0.3000000000000001 0.9390625 0.3000000000000001
2 0.8375 0.34843750000000007 0.80625 0.34843750000000007 0.80625 0.5093750000000001 0.8375 0.5093750000000001
1 0.4609375 0.15937500000000004 0.384375 0.15937500000000004 0.384375 0.2906250000000001 0.4609375 0.2906250000000001