6 0.8703125 0.6890625000000001 0.478125 0.6890625 0.4781250000000001 1 0.8703125 1
1 0.6671875 0.3359375000000001 0.4859375 0.3359375000000001 0.4859375 0.66875 0.6671875 0.66875
1 0.8015625 0.2796875000000001 0.665625 0.2796875000000001 0.665625 0.4640625000000001 0.8015625 0.46406250000000016
1 0.584375 0.29375000000000007 0.4296875 0.29375000000000007 0.4296875 0.4640625 0.584375 0.4640625
6 0.440625 0.20312500000000006 0.2734375 0.203125 0.27343750000000006 0.4125 0.440625 0.4125
6 0.7484375 0.2062500000000001 0.6375 0.2062500000000001 0.6375 0.35625000000000007 0.7484375 0.35625000000000007
1 0.84375 0.14062500000000008 0.78125 0.14062500000000008 0.78125 0.2296875000000001 0.84375 0.2296875000000001
1 0.64375 0.11250000000000009 0.56875 0.11250000000000009 0.56875 0.19531250000000008 0.64375 0.19531250000000008
1 0.7296875 0.0984375000000001 0.684375 0.0984375000000001 0.684375 0.15000000000000008 0.7296875 0.15000000000000008
1 0.771875 0.08437500000000009 0.734375 0.08437500000000009 0.734375 0.1359375000000001 0.771875 0.1359375000000001
1 0.54375 0.13437500000000005 0.4375 0.13437500000000005 0.4375 0.2406250000000001 0.54375 0.2406250000000001
1 0.9609375 0.1984375000000001 0.878125 0.1984375000000001 0.878125 0.27812500000000007 0.9609375 0.27812500000000007