1 0.85 0.3546875000000001 0.7109375 0.3546875000000001 0.7109375 0.5937500000000001 0.85 0.5937500000000002
1 0.6734375 0.16562500000000008 0.5609375 0.16562500000000008 0.5609375 0.2906250000000001 0.6734375 0.2906250000000001
1 0.909375 0.20468750000000008 0.8015625 0.20468750000000008 0.8015625 0.3546875000000001 0.909375 0.3546875000000001
1 0.7 0.25468750000000007 0.5671875 0.25468750000000007 0.5671875 0.4109375 0.7 0.4109375
1 0.771875 0.08593750000000008 0.73125 0.08593750000000008 0.73125 0.14062500000000008 0.771875 0.14062500000000008
1 0.625 0.3968750000000001 0.4421875 0.3968750000000001 0.4421875 0.6828125 0.625 0.6828125
1 0.825 0.11875000000000009 0.784375 0.11875000000000009 0.784375 0.1765625000000001 0.825 0.1765625000000001
1 0.934375 0.09218750000000012 0.890625 0.09218750000000012 0.890625 0.1437500000000001 0.934375 0.14375000000000013
1 0.70625 0.0984375000000001 0.640625 0.0984375000000001 0.640625 0.17187500000000008 0.70625 0.17187500000000008
1 0.728125 0.09687500000000009 0.7 0.09687500000000009 0.7 0.1453125000000001 0.728125 0.1453125000000001
1 1 0.6390625000000002 0.78125 0.6390625000000002 0.7812500000000001 1 1 1
1 0.5796875000000001 0.70625 0.3453125000000001 0.70625 0.3453125000000001 1 0.5796875000000001 1