1 0.4640625 0.26093750000000004 0.271875 0.2609375 0.27187500000000003 0.4921875 0.4640625 0.4921875
1 0.7875 0.3734375000000001 0.64375 0.3734375000000001 0.64375 0.6171875000000001 0.7875 0.6171875000000002
1 0.621875 0.3375000000000001 0.4609375 0.3375000000000001 0.4609375 0.5703125 0.621875 0.5703125
1 0.546875 0.13750000000000007 0.4359375 0.13750000000000004 0.4359375 0.2515625000000001 0.546875 0.2515625000000001
1 0.740625 0.2578125000000001 0.6265625 0.2578125000000001 0.6265625 0.3937500000000001 0.740625 0.3937500000000001
1 0.625 0.2453125000000001 0.4984375 0.2453125000000001 0.4984375 0.37187500000000007 0.625 0.37187500000000007
1 0.6734375 0.1625000000000001 0.590625 0.1625000000000001 0.590625 0.2453125000000001 0.6734375 0.2453125000000001
1 0.734375 0.0984375000000001 0.6875 0.0984375000000001 0.6875 0.14843750000000008 0.734375 0.14843750000000008
1 0.8546875 0.24375000000000008 0.73125 0.24375000000000008 0.73125 0.44062500000000016 0.8546875 0.44062500000000016
1 0.8875 0.11093750000000009 0.8453125 0.11093750000000009 0.8453125 0.15625000000000008 0.8875 0.15625000000000008
1 0.9953125 0.18437500000000012 0.8890625 0.1843750000000001 0.8890625 0.28593750000000007 0.9953125 0.28593750000000007
1 0.7875 0.16562500000000008 0.71875 0.16562500000000008 0.71875 0.24218750000000008 0.7875 0.24218750000000008
1 0.7734375 0.07656250000000009 0.7265625 0.07656250000000009 0.7265625 0.13437500000000008 0.7734375 0.13437500000000008
1 0.8734375 0.1937500000000001 0.7328125 0.1937500000000001 0.7328125 0.2906250000000001 0.8734375 0.2906250000000001