1 0.840625 0.2453125000000001 0.725 0.2453125000000001 0.725 0.4000000000000001 0.840625 0.4000000000000002
6 0.490625 0.18281250000000004 0.3421875 0.18281250000000004 0.34218750000000003 0.37187500000000007 0.490625 0.37187500000000007
1 0.6171875 0.25468750000000007 0.4984375 0.25468750000000007 0.4984375 0.4109375 0.6171875 0.4109375
1 0.6453125 0.11250000000000009 0.565625 0.11250000000000009 0.565625 0.1937500000000001 0.6453125 0.1937500000000001
6 0.76875 0.18906250000000008 0.671875 0.18906250000000008 0.671875 0.3187500000000001 0.76875 0.3187500000000001
1 0.7078125 0.2765625000000001 0.5546875 0.2765625000000001 0.5546875 0.5375 0.7078125 0.5375
1 0.859375 0.1296875000000001 0.8015625 0.1296875000000001 0.8015625 0.20468750000000008 0.859375 0.20468750000000008
6 0.7328125000000001 0.5109375 0.45625 0.5109375 0.4562500000000001 1 0.7328125000000002 1
1 0.7296875 0.09687500000000009 0.6875 0.09687500000000009 0.6875 0.1453125000000001 0.7296875 0.1453125000000001
1 0.978125 0.20468750000000008 0.89375 0.20468750000000008 0.89375 0.2812500000000001 0.978125 0.2812500000000001
1 0.771875 0.08437500000000009 0.734375 0.08437500000000009 0.734375 0.13437500000000008 0.771875 0.13437500000000008
1 0.54375 0.13437500000000005 0.4453125 0.13437500000000005 0.4453125 0.24375000000000008 0.54375 0.24375000000000008