1 0.4140625 0.23437500000000006 0.17500000000000004 0.234375 0.17500000000000004 0.4640625 0.4140625 0.4640625
1 0.828125 0.3687500000000001 0.6703125 0.3687500000000001 0.6703125 0.6453125000000001 0.828125 0.6453125000000002
1 0.6703125 0.2593750000000001 0.46875 0.2593750000000001 0.46875 0.5421875 0.6703125 0.5421875
1 0.49375 0.15468750000000003 0.38125 0.15468750000000003 0.38125 0.2718750000000001 0.49375 0.2718750000000001
1 0.5765625 0.2609375000000001 0.4515625 0.2609375000000001 0.4515625 0.403125 0.5765625 0.403125
1 0.6421875 0.12656250000000008 0.571875 0.12656250000000008 0.571875 0.2015625000000001 0.6421875 0.2015625000000001
1 0.7515625 0.2484375000000001 0.65 0.2484375000000001 0.65 0.4156250000000001 0.7515625 0.4156250000000002
1 0.7109375 0.09375000000000008 0.6515625 0.09375000000000008 0.6515625 0.16562500000000008 0.7109375 0.16562500000000008
1 0.778125 0.19531250000000008 0.60625 0.19531250000000008 0.60625 0.2906250000000001 0.778125 0.2906250000000001
1 0.81875 0.1546875000000001 0.7421875 0.1546875000000001 0.7421875 0.25468750000000007 0.81875 0.25468750000000007
1 0.765625 0.08750000000000009 0.71875 0.08750000000000009 0.71875 0.1359375000000001 0.765625 0.1359375000000001
1 0.9046875 0.10000000000000009 0.85 0.10000000000000009 0.85 0.1390625000000001 0.9046875 0.1390625000000001
1 0.8453125 0.1531250000000001 0.7953125 0.1531250000000001 0.7953125 0.2234375000000001 0.8453125 0.2234375000000001
6 0.93125 0.1812500000000001 0.8359375 0.18125000000000008 0.8359375 0.3203125000000001 0.93125 0.3203125000000001
1 0.8125 0.06406250000000009 0.759375 0.06406250000000009 0.759375 0.10468750000000009 0.8125 0.10468750000000009
2 0.34375 0.19218750000000004 0.3078125 0.19218750000000004 0.3078125 0.2359375 0.34375 0.2359375