1 0.64375 0.2906250000000001 0.4171875 0.2906250000000001 0.4171875 0.59375 0.64375 0.59375
1 0.8 0.4171875000000001 0.625 0.4171875 0.6250000000000001 0.7828125000000001 0.8 0.7828125000000001
6 0.8703125 0.2500000000000001 0.7328125 0.2500000000000001 0.7328125 0.4968750000000002 0.8703125 0.4968750000000002
1 0.7359375 0.2609375000000001 0.6265625 0.2609375000000001 0.6265625 0.4390625000000001 0.7359375 0.4390625000000002
1 0.490625 0.15468750000000003 0.38125 0.15468750000000003 0.38125 0.2515625000000001 0.490625 0.2515625000000001
1 0.4609375 0.33593750000000006 0.2875 0.3359375 0.28750000000000003 0.5421875 0.4609375 0.5421875
1 0.6421875 0.1281250000000001 0.571875 0.1281250000000001 0.571875 0.2015625000000001 0.6421875 0.2015625000000001
1 0.6734375 0.20468750000000008 0.5140625 0.20468750000000008 0.5140625 0.3062500000000001 0.6734375 0.3062500000000001
1 0.8203125 0.12500000000000008 0.771875 0.12500000000000008 0.771875 0.17968750000000008 0.8203125 0.17968750000000008
1 0.7125 0.09375000000000008 0.653125 0.09375000000000008 0.653125 0.16562500000000008 0.7125 0.16562500000000008
1 0.7640625 0.0906250000000001 0.7203125 0.0906250000000001 0.7203125 0.1359375000000001 0.7640625 0.1359375000000001
1 0.90625 0.08437500000000012 0.8484375 0.08437500000000012 0.8484375 0.11718750000000008 0.90625 0.11718750000000008
2 0.37968750000000007 0.27656250000000004 0.340625 0.2765625 0.34062500000000007 0.37343750000000003 0.37968750000000007 0.3734375000000001
1 0.7859375 0.07031250000000008 0.734375 0.07031250000000008 0.734375 0.10156250000000008 0.7859375 0.10156250000000008
1 0.50625 0.22187500000000004 0.3515625 0.221875 0.3515625 0.35156250000000006 0.50625 0.3515625000000001
1 0.06562500000000007 0.4078125 4.9942627277728e-17 0.4078125 7.1947999449907e-17 0.7671875 0.06562500000000009 0.7671875
1 0.8640625 0.18906250000000008 0.771875 0.18906250000000008 0.771875 0.2656250000000001 0.8640625 0.2656250000000001