1 0.99375 0.6000000000000002 0.7265625 0.6000000000000002 0.7265625000000001 0.996875 0.99375 0.996875
1 0.4890625 0.15468750000000003 0.3734375 0.15468750000000003 0.3734375 0.27031250000000007 0.4890625 0.27031250000000007
1 0.6734375 0.24218750000000008 0.496875 0.24218750000000008 0.496875 0.4484375 0.6734375 0.4484375
1 0.834375 0.3125000000000001 0.6796875 0.3125000000000001 0.6796875 0.6140625000000001 0.834375 0.6140625000000002
1 0.7125 0.09218750000000009 0.6515625 0.09218750000000009 0.6515625 0.16562500000000008 0.7125 0.16562500000000008
2 0.35 0.19062500000000004 0.30625 0.19062500000000004 0.30625 0.3 0.35 0.3
1 0.7671875 0.0828125000000001 0.7203125 0.0828125000000001 0.7203125 0.1312500000000001 0.7671875 0.1312500000000001
1 0.9953125 0.2015625000000001 0.9015625 0.2015625000000001 0.9015625 0.27812500000000007 0.9953125 0.27812500000000007
2 0.7890625 0.2000000000000001 0.75625 0.2000000000000001 0.75625 0.3031250000000001 0.7890625 0.3031250000000001
1 0.5906250000000001 0.4078125 0.3750000000000001 0.4078125 0.3750000000000001 0.7796875 0.5906250000000002 0.7796875
1 0.8765625 0.1140625000000001 0.8390625 0.1140625000000001 0.8390625 0.1703125000000001 0.8765625 0.1703125000000001
1 0.8328125 0.0859375000000001 0.7890625 0.08593750000000008 0.7890625 0.1281250000000001 0.8328125 0.1281250000000001
1 0.803125 0.06562500000000009 0.7546875 0.06562500000000009 0.7546875 0.10000000000000009 0.803125 0.10000000000000009
1 0.9375 0.08281250000000011 0.9015625 0.08281250000000011 0.9015625 0.12187500000000011 0.9375 0.12187500000000014