1 0.54375 0.13437500000000005 0.4359375 0.13437500000000005 0.4359375 0.2500000000000001 0.54375 0.2500000000000001
1 0.8328125 0.3500000000000001 0.696875 0.3500000000000001 0.696875 0.5625000000000001 0.8328125 0.5625000000000002
1 0.8859375 0.2453125000000001 0.7890625 0.2453125000000001 0.7890625 0.42187500000000017 0.8859375 0.42187500000000017
3 0.7765625 0.1546875000000001 0.6328125 0.1546875000000001 0.6328125 0.43437500000000007 0.7765625 0.4343750000000002
1 0.8578125 0.12031250000000009 0.8140625 0.12031250000000009 0.8140625 0.1984375000000001 0.8578125 0.1984375000000001
1 0.8390625 0.14843750000000008 0.7890625 0.14843750000000008 0.7890625 0.2328125000000001 0.8390625 0.2328125000000001
1 0.70625 0.0984375000000001 0.6421875 0.0984375000000001 0.6421875 0.1671875000000001 0.70625 0.1671875000000001
1 0.80625 0.1671875000000001 0.7765625 0.1671875000000001 0.7765625 0.2640625000000001 0.80625 0.2640625000000001
1 0.73125 0.0984375000000001 0.6984375 0.0984375000000001 0.6984375 0.1453125000000001 0.73125 0.1453125000000001
1 0.7703125 0.08593750000000008 0.7328125 0.08593750000000008 0.7328125 0.1296875000000001 0.7703125 0.1296875000000001
1 0.9109375 0.1031250000000001 0.8734375 0.10312500000000009 0.8734375 0.1437500000000001 0.9109375 0.14375000000000013
1 0.79375 0.19531250000000008 0.7734375 0.19531250000000008 0.7734375 0.3312500000000001 0.79375 0.3312500000000001
1 0.8484375 0.0750000000000001 0.7984375 0.0750000000000001 0.7984375 0.11093750000000009 0.8484375 0.11093750000000009