1 0.471875 0.25468750000000007 0.2796875 0.2546875 0.27968750000000003 0.484375 0.471875 0.484375
1 0.621875 0.3390625000000001 0.4625 0.3390625000000001 0.4625 0.56875 0.621875 0.56875
1 0.546875 0.13437500000000008 0.4359375 0.13437500000000005 0.4359375 0.2515625000000001 0.546875 0.2515625000000001
1 0.6765625 0.2156250000000001 0.5734375 0.2156250000000001 0.5734375 0.33281250000000007 0.6765625 0.33281250000000007
1 0.79375 0.3609375000000001 0.659375 0.3609375000000001 0.659375 0.5750000000000001 0.79375 0.5750000000000002
1 0.890625 0.5640625000000001 0.65625 0.5640625 0.6562500000000001 1 0.890625 1
1 0.8609375 0.2312500000000001 0.746875 0.2312500000000001 0.746875 0.41718750000000016 0.8609375 0.41718750000000016
1 0.734375 0.0984375000000001 0.6875 0.0984375000000001 0.6875 0.1468750000000001 0.734375 0.1468750000000001
1 0.878125 0.07656250000000012 0.8203125 0.07656250000000012 0.8203125 0.1140625000000001 0.878125 0.1140625000000001
1 0.9421875 0.09375000000000011 0.896875 0.09375000000000011 0.896875 0.1359375000000001 0.9421875 0.13593750000000013
1 0.834375 0.15000000000000008 0.7890625 0.15000000000000008 0.7890625 0.22031250000000008 0.834375 0.22031250000000008
1 0.7734375 0.0750000000000001 0.7265625 0.0750000000000001 0.7265625 0.13437500000000008 0.7734375 0.13437500000000008