1 0.546875 0.13281250000000006 0.4375 0.13281250000000006 0.4375 0.2515625000000001 0.546875 0.2515625000000001
1 0.778125 0.1843750000000001 0.671875 0.1843750000000001 0.671875 0.30937500000000007 0.778125 0.30937500000000007
1 0.728125 0.09687500000000009 0.6875 0.09687500000000009 0.6875 0.1468750000000001 0.728125 0.1468750000000001
1 1 0.6046875 0.6875 0.6046875 0.6875000000000001 1 1 1
1 0.846875 0.15000000000000008 0.7953125 0.15000000000000008 0.7953125 0.22031250000000008 0.846875 0.22031250000000008
1 0.825 0.36406250000000007 0.6671875 0.36406250000000007 0.6671875 0.6578125000000001 0.825 0.6578125000000001
1 0.771875 0.07656250000000009 0.725 0.07656250000000009 0.725 0.1312500000000001 0.771875 0.1312500000000001
1 0.6375 0.11718750000000008 0.5671875 0.11718750000000008 0.5671875 0.20468750000000008 0.6375 0.20468750000000008
1 0.8640625 0.11250000000000009 0.828125 0.11250000000000009 0.828125 0.1703125000000001 0.8640625 0.1703125000000001
1 0.5750000000000001 0.4390625 0.3421875000000001 0.4390625 0.3421875000000001 0.9546875 0.5750000000000002 0.9546875
3 0.8046875 0.0390625000000001 0.740625 0.03906250000000009 0.740625 0.1062500000000001 0.8046875 0.1062500000000001
1 1 0.18750000000000014 0.95625 0.18750000000000014 0.95625 0.2687500000000001 1 0.2687500000000001
1 0.809375 0.2609375000000001 0.721875 0.2609375000000001 0.721875 0.37187500000000007 0.809375 0.37187500000000007