1 0.8921875 0.2062500000000001 0.8046875 0.2062500000000001 0.8046875 0.3437500000000001 0.8921875 0.3437500000000001
1 0.834375 0.3421875000000001 0.696875 0.3421875000000001 0.696875 0.5578125 0.834375 0.5578125000000002
1 0.8328125 0.1390625000000001 0.7828125 0.1390625000000001 0.7828125 0.22656250000000008 0.8328125 0.22656250000000008
3 0.784375 0.14062500000000008 0.653125 0.14062500000000008 0.653125 0.40312500000000007 0.784375 0.4031250000000002
1 0.64375 0.11562500000000009 0.55 0.11562500000000009 0.55 0.20468750000000008 0.64375 0.20468750000000008
1 0.7703125 0.0828125000000001 0.73125 0.0828125000000001 0.73125 0.1359375000000001 0.7703125 0.1359375000000001
1 0.7375 0.09687500000000009 0.696875 0.09687500000000009 0.696875 0.14218750000000008 0.7375 0.14218750000000008
1 0.8640625 0.1062500000000001 0.8296875 0.1062500000000001 0.8296875 0.16562500000000008 0.8640625 0.16562500000000008
1 0.709375 0.10000000000000009 0.6453125 0.10000000000000009 0.6453125 0.1687500000000001 0.709375 0.1687500000000001
1 0.853125 0.0750000000000001 0.8015625 0.0750000000000001 0.8015625 0.12031250000000009 0.853125 0.12031250000000009
1 0.8765625 0.07656250000000012 0.821875 0.07656250000000012 0.821875 0.12031250000000009 0.8765625 0.12031250000000009