1 0.465625 0.28906250000000006 0.25 0.2890625 0.25000000000000006 0.55 0.465625 0.55
1 0.7078125 0.4015625 0.5671875 0.4015625 0.5671875 0.68125 0.7078125 0.68125
1 0.5765625 0.2171875000000001 0.4453125 0.2171875000000001 0.4453125 0.3968750000000001 0.5765625 0.3968750000000001
1 0.85625 0.2921875000000001 0.74375 0.2921875000000001 0.74375 0.4812500000000002 0.85625 0.4812500000000002
1 0.54375 0.13281250000000006 0.4328125 0.13281250000000006 0.4328125 0.2390625000000001 0.54375 0.2390625000000001
1 0.73125 0.2531250000000001 0.5953125 0.2531250000000001 0.5953125 0.4390625000000001 0.73125 0.4390625000000002
6 0.9375 0.09062500000000011 0.8796875 0.09062500000000011 0.8796875 0.1421875000000001 0.9375 0.14218750000000013
1 0.6359375 0.2140625000000001 0.5609375 0.2140625000000001 0.5609375 0.33281250000000007 0.6359375 0.33281250000000007
1 0.996875 0.20312500000000008 0.903125 0.20312500000000008 0.903125 0.27812500000000007 0.996875 0.27812500000000007
1 0.6484375 0.1140625000000001 0.5671875 0.1140625000000001 0.5671875 0.17968750000000008 0.6484375 0.17968750000000008
1 0.6984375 0.15781250000000008 0.6 0.15781250000000008 0.6 0.24375000000000008 0.6984375 0.24375000000000008
1 0.85 0.13437500000000008 0.8015625 0.13437500000000008 0.8015625 0.1984375000000001 0.85 0.1984375000000001
4 0.8859375 0.2062500000000001 0.7875 0.2062500000000001 0.7875 0.3375000000000001 0.8859375 0.3375000000000001
0 0.7625 0.11875000000000009 0.6671875 0.11875000000000009 0.6671875 0.2406250000000001 0.7625 0.2406250000000001
1 0.7234375 0.2140625000000001 0.6375 0.2140625000000001 0.6375 0.2750000000000001 0.7234375 0.2750000000000001
1 0.7921875 0.1312500000000001 0.7609375 0.1312500000000001 0.7609375 0.1906250000000001 0.7921875 0.1906250000000001
1 0.7296875 0.09531250000000009 0.6890625 0.09531250000000009 0.6890625 0.12656250000000008 0.7296875 0.12656250000000008
1 0.825 0.0718750000000001 0.771875 0.07187500000000009 0.771875 0.1062500000000001 0.825 0.1062500000000001
1 0.803125 0.2250000000000001 0.7265625 0.2250000000000001 0.7265625 0.30156250000000007 0.803125 0.30156250000000007
1 0.8671875 0.10937500000000008 0.834375 0.10937500000000008 0.834375 0.1609375000000001 0.8671875 0.1609375000000001
1 0.771875 0.0828125000000001 0.734375 0.0828125000000001 0.734375 0.11875000000000009 0.771875 0.11875000000000009
2 0.603125 0.16406250000000008 0.575 0.16406250000000008 0.575 0.2140625000000001 0.603125 0.2140625000000001
1 0.828125 0.1765625000000001 0.7625 0.1765625000000001 0.7625 0.2250000000000001 0.828125 0.2250000000000001
1 0.7984375 0.0984375000000001 0.753125 0.0984375000000001 0.753125 0.1437500000000001 0.7984375 0.1437500000000001
1 0.12343750000000012 0.871875 1.0677389280065986e-16 0.871875 1.146192863576976e-16 1 0.12343750000000013 1