1 0.54375 0.26406250000000003 0.334375 0.2640625 0.33437500000000003 0.50625 0.54375 0.50625
1 0.8265625 0.3656250000000001 0.6671875 0.3656250000000001 0.6671875 0.6406250000000001 0.8265625 0.6406250000000002
1 0.66875 0.2671875000000001 0.5140625 0.2671875000000001 0.5140625 0.5265625 0.66875 0.5265625
1 0.990625 0.1828125000000001 0.875 0.1828125000000001 0.875 0.2828125000000001 0.990625 0.2828125000000001
1 0.7609375 0.09218750000000009 0.7203125 0.09218750000000009 0.7203125 0.13437500000000008 0.7609375 0.13437500000000008
1 0.9359375 0.09375000000000011 0.8828125 0.09375000000000011 0.8828125 0.13750000000000012 0.9359375 0.13750000000000012
1 0.878125 0.23593750000000008 0.7953125 0.23593750000000008 0.7953125 0.3609375000000001 0.878125 0.3609375000000001
1 0.725 0.2593750000000001 0.6421875 0.2593750000000001 0.6421875 0.4 0.725 0.4
6 0.825 0.2468750000000001 0.715625 0.2468750000000001 0.715625 0.4125000000000001 0.825 0.4125000000000002
1 0.809375 0.21093750000000008 0.703125 0.21093750000000008 0.703125 0.2812500000000001 0.809375 0.2812500000000001
1 0.603125 0.2375000000000001 0.5125 0.2375000000000001 0.5125 0.3312500000000001 0.603125 0.3312500000000001