1 0.6359375 0.3390625000000001 0.4234375 0.3390625000000001 0.4234375 0.64375 0.6359375 0.64375
1 0.9984375 0.6812500000000001 0.728125 0.6812500000000001 0.7281250000000001 1 0.9984375 1
1 0.571875 0.2531250000000001 0.4421875 0.2531250000000001 0.4421875 0.4 0.571875 0.4
1 0.70625 0.2765625000000001 0.59375 0.2765625000000001 0.59375 0.44375 0.70625 0.44375
1 0.840625 0.10312500000000009 0.7921875 0.10312500000000009 0.7921875 0.16406250000000008 0.840625 0.16406250000000008
1 0.875 0.23593750000000008 0.7859375 0.23593750000000008 0.7859375 0.3609375000000001 0.875 0.3609375000000001
6 0.8203125 0.26250000000000007 0.690625 0.26250000000000007 0.690625 0.5390625000000001 0.8203125 0.5390625000000002
1 0.7828125 0.1828125000000001 0.6328125 0.1828125000000001 0.6328125 0.27812500000000007 0.7828125 0.27812500000000007
1 0.1828125000000001 0.4734375 5.79793718971325e-17 0.4734375 9.022202590593392e-17 1 0.18281250000000013 1
1 0.9328125 0.08593750000000011 0.871875 0.08593750000000011 0.871875 0.12187500000000011 0.9328125 0.12187500000000014
1 0.7609375 0.09218750000000009 0.7203125 0.09218750000000009 0.7203125 0.1359375000000001 0.7609375 0.1359375000000001
1 0.79375 0.2171875000000001 0.68125 0.2171875000000001 0.68125 0.30937500000000007 0.79375 0.30937500000000007