1 0.4734375 0.37500000000000006 0.2468750000000001 0.375 0.2468750000000001 0.634375 0.4734375 0.634375
1 0.55625 0.2656250000000001 0.4171875 0.2656250000000001 0.4171875 0.4359375 0.55625 0.4359375
1 0.859375 0.3390625000000001 0.7125 0.3390625000000001 0.7125 0.628125 0.859375 0.6281250000000002
6 0.6859375 0.25468750000000007 0.540625 0.25468750000000007 0.540625 0.4296875 0.6859375 0.4296875
6 0.37031250000000004 0.22812500000000005 0.15625000000000006 0.228125 0.15625000000000006 0.4859375 0.3703125000000001 0.4859375
1 0.7921875 0.12343750000000009 0.734375 0.12343750000000009 0.734375 0.2078125000000001 0.7921875 0.2078125000000001
1 0.7671875 0.20312500000000008 0.671875 0.20312500000000008 0.671875 0.3500000000000001 0.7671875 0.3500000000000001
1 0.703125 0.3609375000000001 0.49375 0.3609375000000001 0.49375 0.6359375 0.703125 0.6359375
1 0.5453125 0.13750000000000007 0.4390625 0.13750000000000004 0.4390625 0.23593750000000008 0.5453125 0.23593750000000008
3 0.878125 0.0875000000000001 0.8125 0.08750000000000009 0.8125 0.19687500000000008 0.878125 0.19687500000000008
1 0.5203125 0.19375000000000003 0.384375 0.19375000000000003 0.384375 0.3390625000000001 0.5203125 0.3390625000000001
1 0.7234375 0.0984375000000001 0.6859375 0.0984375000000001 0.6859375 0.1453125000000001 0.7234375 0.1453125000000001
1 0.771875 0.09687500000000009 0.7125 0.09687500000000009 0.7125 0.15781250000000008 0.771875 0.15781250000000008
1 0.7703125 0.08437500000000009 0.7390625 0.08437500000000009 0.7390625 0.11562500000000009 0.7703125 0.11562500000000009
1 0.8421875 0.0812500000000001 0.803125 0.08125000000000009 0.803125 0.13437500000000008 0.8421875 0.13437500000000008
2 0.63125 0.10937500000000008 0.6140625 0.10937500000000008 0.6140625 0.1765625000000001 0.63125 0.1765625000000001