1 0.9953125 0.5921875000000001 0.6625 0.5921875 0.6625000000000001 1 0.9953125 1
1 0.821875 0.4046875000000001 0.665625 0.4046875 0.665625 0.6375000000000001 0.821875 0.6375000000000002
1 0.459375 0.35625000000000007 0.2484375 0.35625 0.24843750000000003 0.6078125 0.459375 0.6078125
1 0.490625 0.15312500000000004 0.378125 0.15312500000000004 0.378125 0.2734375000000001 0.490625 0.2734375000000001
1 0.6421875 0.12656250000000008 0.5734375 0.12656250000000008 0.5734375 0.2015625000000001 0.6421875 0.2015625000000001
1 0.9265625 0.20468750000000008 0.81875 0.20468750000000008 0.81875 0.3046875000000001 0.9265625 0.3046875000000001
1 0.9109375 0.10156250000000011 0.865625 0.10156250000000008 0.865625 0.14687500000000012 0.9109375 0.14687500000000014
1 0.7140625 0.09375000000000008 0.6515625 0.09375000000000008 0.6515625 0.16406250000000008 0.7140625 0.16406250000000008
1 0.7640625 0.0906250000000001 0.7203125 0.0906250000000001 0.7203125 0.1359375000000001 0.7640625 0.1359375000000001
1 0.85625 0.0750000000000001 0.803125 0.0750000000000001 0.803125 0.11093750000000009 0.85625 0.11093750000000009
1 0.7765625 0.0750000000000001 0.7234375 0.0750000000000001 0.7234375 0.12500000000000008 0.7765625 0.12500000000000008