1 0.3453125 0.3140625 0.13437500000000005 0.3140625 0.13437500000000005 0.5140625 0.3453125000000001 0.5140625
6 0.6765625 0.2312500000000001 0.4828125 0.2312500000000001 0.4828125 0.525 0.6765625 0.525
1 0.7828125 0.3218750000000001 0.646875 0.3218750000000001 0.646875 0.5796875000000001 0.7828125 0.5796875000000001
1 0.86875 0.2593750000000001 0.7703125 0.2593750000000001 0.7703125 0.44531250000000017 0.86875 0.44531250000000017
1 0.8359375 0.14062500000000008 0.7671875 0.14062500000000008 0.7671875 0.23437500000000008 0.8359375 0.23437500000000008
1 0.4875 0.15156250000000004 0.3765625 0.15156250000000004 0.3765625 0.2796875000000001 0.4875 0.2796875000000001
1 0.9375 0.19218750000000012 0.8546875 0.1921875000000001 0.8546875 0.2968750000000001 0.9375 0.2968750000000001
1 0.7109375 0.0906250000000001 0.653125 0.0906250000000001 0.653125 0.16406250000000008 0.7109375 0.16406250000000008
1 0.765625 0.0828125000000001 0.721875 0.0828125000000001 0.721875 0.1296875000000001 0.765625 0.1296875000000001
2 0.871875 0.1296875000000001 0.8515625 0.1296875000000001 0.8515625 0.19531250000000008 0.871875 0.19531250000000008
2 0.35 0.19375000000000003 0.3046875 0.19375000000000003 0.3046875 0.29375 0.35 0.29375
1 0.9 0.08125000000000011 0.8484375 0.08125000000000011 0.8484375 0.11718750000000008 0.9 0.11718750000000008
1 0.6171875 0.2078125000000001 0.4796875 0.2078125000000001 0.4796875 0.3656250000000001 0.6171875 0.3656250000000001