6 0.678125 0.2875000000000001 0.49375 0.2875000000000001 0.49375 0.5671875 0.678125 0.5671875
1 0.4796875 0.15468750000000003 0.3765625 0.15468750000000003 0.3765625 0.2750000000000001 0.4796875 0.2750000000000001
1 0.8359375 0.3828125000000001 0.68125 0.3828125000000001 0.68125 0.6421875000000001 0.8359375 0.6421875000000001
1 0.7578125 0.2406250000000001 0.65625 0.2406250000000001 0.65625 0.4156250000000001 0.7578125 0.4156250000000002
1 0.8265625 0.1531250000000001 0.76875 0.1531250000000001 0.76875 0.2531250000000001 0.8265625 0.2531250000000001
1 0.6625 0.1765625000000001 0.5640625 0.1765625000000001 0.5640625 0.2953125000000001 0.6625 0.2953125000000001
1 0.790625 0.19531250000000008 0.7125 0.19531250000000008 0.7125 0.3109375000000001 0.790625 0.3109375000000001
1 0.871875 0.0781250000000001 0.8109375 0.07812500000000008 0.8109375 0.11250000000000009 0.871875 0.11250000000000009
1 0.6265625 0.1359375000000001 0.5796875 0.1359375000000001 0.5796875 0.19531250000000008 0.6265625 0.19531250000000008
1 1 0.19843750000000013 0.9203125 0.19843750000000013 0.9203125 0.27812500000000007 1 0.27812500000000007
2 0.8359375 0.3500000000000001 0.8046875 0.3500000000000001 0.8046875 0.49531250000000016 0.8359375 0.49531250000000016