1 0.21093750000000006 0.3453125 4.228858478305704e-17 0.3453125 6.295449951866863e-17 0.6828125 0.21093750000000008 0.6828125
1 0.8328125 0.3500000000000001 0.696875 0.3500000000000001 0.696875 0.5625000000000001 0.8328125 0.5625000000000002
1 0.5453125 0.13281250000000006 0.4359375 0.13281250000000006 0.4359375 0.2515625000000001 0.5453125 0.2515625000000001
3 0.7796875 0.1468750000000001 0.6328125 0.1468750000000001 0.6328125 0.43437500000000007 0.7796875 0.4343750000000002
1 0.559375 0.30156250000000007 0.3953125 0.30156250000000007 0.39531250000000007 0.496875 0.559375 0.496875
1 0.9578125 0.1890625000000001 0.8640625 0.18906250000000008 0.8640625 0.27031250000000007 0.9578125 0.27031250000000007
1 0.8828125 0.24218750000000008 0.7921875 0.24218750000000008 0.7921875 0.4281250000000002 0.8828125 0.4281250000000002
1 0.5171875 0.17656250000000004 0.365625 0.17656250000000004 0.365625 0.3609375000000001 0.5171875 0.3609375000000001
1 0.70625 0.10156250000000008 0.640625 0.10156250000000008 0.640625 0.1671875000000001 0.70625 0.1671875000000001
1 0.8765625 0.11562500000000009 0.8390625 0.11562500000000009 0.8390625 0.1671875000000001 0.8765625 0.1671875000000001
1 0.85 0.12656250000000008 0.8078125 0.12656250000000008 0.8078125 0.20468750000000008 0.85 0.20468750000000008
1 0.7703125 0.08437500000000009 0.73125 0.08437500000000009 0.73125 0.1312500000000001 0.7703125 0.1312500000000001
1 0.73125 0.10000000000000009 0.7 0.10000000000000009 0.7 0.1453125000000001 0.73125 0.1453125000000001
1 0.840625 0.14843750000000008 0.7890625 0.14843750000000008 0.7890625 0.22656250000000008 0.840625 0.22656250000000008
1 0.909375 0.22812500000000008 0.8484375 0.22812500000000008 0.8484375 0.3468750000000001 0.909375 0.3468750000000001
1 0.8046875 0.16562500000000008 0.775 0.16562500000000008 0.775 0.2656250000000001 0.8046875 0.2656250000000001
1 0.7953125 0.1921875000000001 0.7734375 0.1921875000000001 0.7734375 0.3312500000000001 0.7953125 0.3312500000000001
1 0.865625 0.12500000000000008 0.846875 0.12500000000000008 0.846875 0.1906250000000001 0.865625 0.1906250000000001
1 1 0.2062500000000001 0.9578125 0.2062500000000001 0.9578125 0.2718750000000001 1 0.2718750000000001
2 0.353125 0.3265625 0.2890625 0.3265625 0.28906250000000006 0.5171875 0.3531250000000001 0.5171875
1 0.2953125000000001 0.8859375 1.0849605236196083e-16 0.8859375 1.154803661383481e-16 1 0.2953125000000001 1