1 0.5015625 0.2515625 0.3125 0.2515625 0.31250000000000006 0.4984375 0.5015625 0.4984375
1 0.646875 0.3359375000000001 0.4546875 0.3359375000000001 0.4546875 0.6609375 0.646875 0.6609375
1 0.834375 0.4062500000000001 0.6875 0.40625 0.6875 0.6843750000000001 0.834375 0.6843750000000002
1 0.5453125 0.13437500000000008 0.4359375 0.13437500000000005 0.4359375 0.2484375000000001 0.5453125 0.2484375000000001
1 0.8109375 0.21093750000000008 0.70625 0.21093750000000008 0.70625 0.3156250000000001 0.8109375 0.3156250000000001
1 0.996875 0.825 0.6921875000000002 0.825 0.6921875000000002 1 0.996875 1
1 0.653125 0.11250000000000009 0.56875 0.11250000000000009 0.56875 0.1906250000000001 0.653125 0.1906250000000001
1 0.7125 0.2328125000000001 0.628125 0.2328125000000001 0.628125 0.3750000000000001 0.7125 0.3750000000000001
1 0.6109375 0.22656250000000008 0.5015625 0.22656250000000008 0.5015625 0.34843750000000007 0.6109375 0.34843750000000007
4 0.8828125 0.21093750000000008 0.78125 0.21093750000000008 0.78125 0.3593750000000001 0.8828125 0.3593750000000001
1 0.996875 0.20312500000000008 0.903125 0.20312500000000008 0.903125 0.2812500000000001 0.996875 0.2812500000000001
1 0.7 0.1546875000000001 0.590625 0.1546875000000001 0.590625 0.2531250000000001 0.7 0.2531250000000001
6 0.8796875 0.1062500000000001 0.8328125 0.1062500000000001 0.8328125 0.1687500000000001 0.8796875 0.1687500000000001
0 0.7609375 0.11250000000000009 0.675 0.11250000000000009 0.675 0.2234375000000001 0.7609375 0.2234375000000001
6 0.9390625 0.09062500000000011 0.8953125 0.09062500000000011 0.8953125 0.13750000000000012 0.9390625 0.13750000000000012
1 0.85625 0.14218750000000008 0.809375 0.14218750000000008 0.809375 0.2015625000000001 0.85625 0.2015625000000001
1 0.7703125 0.0906250000000001 0.7359375 0.0906250000000001 0.7359375 0.1312500000000001 0.7703125 0.1312500000000001
1 0.83125 0.0937500000000001 0.78125 0.09375000000000008 0.78125 0.1453125000000001 0.83125 0.1453125000000001
1 0.7328125 0.10000000000000009 0.6828125 0.10000000000000009 0.6828125 0.1359375000000001 0.7328125 0.1359375000000001
1 0.81875 0.1546875000000001 0.759375 0.1546875000000001 0.759375 0.21875000000000008 0.81875 0.21875000000000008
1 0.790625 0.07031250000000008 0.7359375 0.07031250000000008 0.7359375 0.10156250000000008 0.790625 0.10156250000000008
1 0.7859375 0.1390625000000001 0.759375 0.1390625000000001 0.759375 0.19687500000000008 0.7859375 0.19687500000000008