1 0.465625 0.25781250000000006 0.2765625 0.2578125 0.27656250000000004 0.4921875 0.465625 0.4921875
1 0.6203125 0.3421875000000001 0.4578125 0.3421875000000001 0.4578125 0.571875 0.6203125 0.571875
1 0.7875 0.3734375000000001 0.6453125 0.3734375000000001 0.6453125 0.6250000000000001 0.7875 0.6250000000000002
1 0.546875 0.13593750000000007 0.4375 0.13593750000000004 0.4375 0.2406250000000001 0.546875 0.2406250000000001
1 0.621875 0.2468750000000001 0.4984375 0.2468750000000001 0.4984375 0.3671875000000001 0.621875 0.3671875000000001
1 0.740625 0.2562500000000001 0.625 0.2562500000000001 0.625 0.39531250000000007 0.740625 0.39531250000000007
1 0.709375 0.20468750000000008 0.6109375 0.20468750000000008 0.6109375 0.3046875000000001 0.709375 0.3046875000000001
1 0.728125 0.0984375000000001 0.6875 0.0984375000000001 0.6875 0.1453125000000001 0.728125 0.1453125000000001
1 0.8609375 0.2390625000000001 0.734375 0.2390625000000001 0.734375 0.4359375000000002 0.8609375 0.4359375000000002
1 0.8625 0.19687500000000008 0.71875 0.19687500000000008 0.71875 0.2921875000000001 0.8625 0.2921875000000001
1 0.775 0.0750000000000001 0.728125 0.0750000000000001 0.728125 0.13281250000000008 0.775 0.13281250000000008
1 0.7609375 0.1515625000000001 0.7 0.1515625000000001 0.7 0.2328125000000001 0.7609375 0.2328125000000001
1 0.5109375 0.22656250000000008 0.3921875 0.22656250000000008 0.3921875 0.3750000000000001 0.5109375 0.3750000000000001
1 0.9546875 0.19218750000000012 0.859375 0.1921875000000001 0.859375 0.2921875000000001 0.9546875 0.2921875000000001
1 1 0.18125000000000013 0.953125 0.18125000000000013 0.953125 0.27031250000000007 1 0.27031250000000007