6 0.659375 0.3000000000000001 0.4484375 0.3000000000000001 0.4484375 0.6203125 0.659375 0.6203125
1 0.959375 0.5640625000000001 0.6984375 0.5640625 0.6984375 1 0.959375 1
1 0.8703125 0.28593750000000007 0.753125 0.28593750000000007 0.753125 0.45625000000000016 0.8703125 0.45625000000000016
1 0.7484375 0.2453125000000001 0.6390625 0.2453125000000001 0.6390625 0.4296875000000001 0.7484375 0.42968750000000017
1 0.6265625 0.21875000000000008 0.54375 0.21875000000000008 0.54375 0.30937500000000007 0.6265625 0.30937500000000007
1 0.503125 0.22812500000000008 0.4140625 0.22812500000000008 0.4140625 0.4078125 0.503125 0.4078125
1 0.8984375 0.2312500000000001 0.8140625 0.2312500000000001 0.8140625 0.3375000000000001 0.8984375 0.3375000000000001
1 0.3140625000000001 0.4046875 0.00625000000000005 0.4046875 0.006250000000000075 0.8265625 0.3140625000000001 0.8265625
1 0.7859375 0.1984375000000001 0.70625 0.1984375000000001 0.70625 0.31718750000000007 0.7859375 0.31718750000000007
1 0.8390625 0.15625000000000008 0.7953125 0.15625000000000008 0.7953125 0.2250000000000001 0.8390625 0.2250000000000001
1 0.8171875 0.1593750000000001 0.7546875 0.1593750000000001 0.7546875 0.2500000000000001 0.8171875 0.2500000000000001
1 0.56875 0.19843750000000007 0.475 0.19843750000000004 0.475 0.2968750000000001 0.56875 0.2968750000000001
2 0.8203125 0.46406250000000016 0.7671875 0.46406250000000016 0.7671875 0.5703125000000002 0.8203125 0.5703125000000002