1 0.34375000000000006 0.3140625 0.13593750000000004 0.3140625 0.13593750000000004 0.521875 0.3437500000000001 0.521875
6 0.675 0.23593750000000008 0.484375 0.23593750000000008 0.484375 0.525 0.675 0.525
1 0.7828125 0.3375000000000001 0.646875 0.3375000000000001 0.646875 0.5781250000000001 0.7828125 0.5781250000000002
1 0.546875 0.25000000000000006 0.3625 0.25 0.36250000000000004 0.48125 0.546875 0.48125
1 0.8890625 0.0953125000000001 0.84375 0.0953125000000001 0.84375 0.14218750000000008 0.8890625 0.14218750000000008
1 0.7140625 0.09218750000000009 0.6546875 0.09218750000000009 0.6546875 0.16406250000000008 0.7140625 0.16406250000000008
1 0.76875 0.2093750000000001 0.6734375 0.2093750000000001 0.6734375 0.3203125000000001 0.76875 0.3203125000000001
1 0.9734375 0.1828125000000001 0.8875 0.1828125000000001 0.8875 0.2765625000000001 0.9734375 0.2765625000000001
1 0.86875 0.2593750000000001 0.7703125 0.2593750000000001 0.7703125 0.4359375000000002 0.86875 0.4359375000000002
2 0.340625 0.18593750000000003 0.303125 0.18593750000000003 0.303125 0.2765625 0.340625 0.2765625
1 0.765625 0.0828125000000001 0.721875 0.0828125000000001 0.721875 0.1312500000000001 0.765625 0.1312500000000001
1 0.41875 0.20937500000000003 0.2828125 0.209375 0.2828125 0.37500000000000006 0.41875 0.3750000000000001
1 0.934375 0.0953125000000001 0.890625 0.0953125000000001 0.890625 0.13750000000000012 0.934375 0.13750000000000012
1 0.9015625 0.1984375000000001 0.825 0.1984375000000001 0.825 0.3187500000000001 0.9015625 0.3187500000000001
2 0.75625 0.2812500000000001 0.7078125 0.2812500000000001 0.7078125 0.3296875000000001 0.75625 0.3296875000000001
2 0.8828125 0.3468750000000001 0.8265625 0.3468750000000001 0.8265625 0.5468750000000002 0.8828125 0.5468750000000002
1 1 0.18906250000000013 0.9703125 0.18906250000000013 0.9703125 0.2734375000000001 1 0.2734375000000001