1 0.846875 0.31718750000000007 0.7234375 0.31718750000000007 0.7234375 0.5390625000000001 0.846875 0.5390625000000002
1 0.3281250000000001 0.3640625 0.028125000000000046 0.3640625 0.028125000000000067 0.7140625 0.3281250000000001 0.7140625
1 0.5671875 0.21875000000000008 0.4328125 0.21875000000000008 0.4328125 0.4078125 0.5671875 0.4078125
1 0.7015625 0.2796875000000001 0.5390625 0.2796875000000001 0.5390625 0.5171875 0.7015625 0.5171875
1 0.54375 0.13281250000000006 0.4328125 0.13281250000000006 0.4328125 0.2390625000000001 0.54375 0.2390625000000001
1 0.815625 0.5531250000000001 0.596875 0.553125 0.596875 1 0.815625 1
1 0.646875 0.1140625000000001 0.56875 0.1140625000000001 0.56875 0.1906250000000001 0.646875 0.1906250000000001
1 0.696875 0.15781250000000008 0.6015625 0.15781250000000008 0.6015625 0.24218750000000008 0.696875 0.24218750000000008
1 0.996875 0.20312500000000008 0.903125 0.20312500000000008 0.903125 0.2812500000000001 0.996875 0.2812500000000001
4 0.88125 0.21093750000000008 0.78125 0.21093750000000008 0.78125 0.3468750000000001 0.88125 0.3468750000000001
1 0.6328125 0.2140625000000001 0.5546875 0.2140625000000001 0.5546875 0.3218750000000001 0.6328125 0.3218750000000001
0 0.7609375 0.11562500000000009 0.675 0.11562500000000009 0.675 0.2296875000000001 0.7609375 0.2296875000000001
1 0.8046875 0.2218750000000001 0.7265625 0.2218750000000001 0.7265625 0.30156250000000007 0.8046875 0.30156250000000007
1 0.8546875 0.1312500000000001 0.8171875 0.1312500000000001 0.8171875 0.18750000000000008 0.8546875 0.18750000000000008
6 0.890625 0.10312500000000009 0.8484375 0.10312500000000009 0.8484375 0.16406250000000008 0.890625 0.16406250000000008
1 0.9375 0.09218750000000012 0.9 0.09218750000000012 0.9 0.12343750000000012 0.9375 0.12343750000000013
1 0.7859375 0.1375000000000001 0.759375 0.1375000000000001 0.759375 0.1937500000000001 0.7859375 0.1937500000000001
1 0.771875 0.08593750000000008 0.7375 0.08593750000000008 0.7375 0.1281250000000001 0.771875 0.1281250000000001
1 0.721875 0.21875000000000008 0.6390625 0.21875000000000008 0.6390625 0.3500000000000001 0.721875 0.3500000000000001
1 0.821875 0.1843750000000001 0.765625 0.1843750000000001 0.765625 0.22031250000000008 0.821875 0.22031250000000008
1 0.8265625 0.1515625000000001 0.771875 0.1515625000000001 0.771875 0.2078125000000001 0.8265625 0.2078125000000001
1 0.7515625 0.10468750000000009 0.69375 0.10468750000000009 0.69375 0.1312500000000001 0.7515625 0.1312500000000001
1 0.8859375 0.08593750000000011 0.8375 0.08593750000000011 0.8375 0.11562500000000009 0.8859375 0.11562500000000009
1 0.871875 0.09687500000000011 0.8359375 0.09687500000000011 0.8359375 0.1281250000000001 0.871875 0.1281250000000001
2 0.25000000000000006 0.3046875 0.2140625 0.3046875 0.21406250000000004 0.384375 0.2500000000000001 0.384375