1 0.6359375 0.3656250000000001 0.4421875 0.3656250000000001 0.4421875 0.61875 0.6359375 0.61875
1 0.76875 0.2078125000000001 0.6640625 0.2078125000000001 0.6640625 0.34843750000000007 0.76875 0.34843750000000007
1 0.671875 0.1140625000000001 0.6015625 0.1140625000000001 0.6015625 0.18906250000000008 0.671875 0.18906250000000008
1 0.8578125 0.3265625000000001 0.7171875 0.3265625000000001 0.7171875 0.5750000000000001 0.8578125 0.5750000000000002
1 0.8609375 0.1281250000000001 0.8046875 0.1281250000000001 0.8046875 0.21093750000000008 0.8609375 0.21093750000000008
1 0.821875 0.11718750000000008 0.7703125 0.11718750000000008 0.7703125 0.1765625000000001 0.821875 0.1765625000000001
1 0.7125 0.09218750000000009 0.6578125 0.09218750000000009 0.6578125 0.1546875000000001 0.7125 0.1546875000000001
1 0.853125 0.4796875000000001 0.5703125 0.4796875 0.5703125000000001 1 0.853125 1
1 0.9375 0.18593750000000012 0.8546875 0.1859375000000001 0.8546875 0.2843750000000001 0.9375 0.2843750000000001
1 0.765625 0.08437500000000009 0.721875 0.08437500000000009 0.721875 0.1312500000000001 0.765625 0.1312500000000001
1 0.8640625 0.2140625000000001 0.778125 0.2140625000000001 0.778125 0.3312500000000001 0.8640625 0.3312500000000001
2 0.35 0.18437500000000004 0.3078125 0.18437500000000004 0.3078125 0.29375 0.35 0.29375
1 0.9984375 0.19062500000000013 0.9625 0.19062500000000013 0.9625 0.2734375000000001 0.9984375 0.2734375000000001