1 1 0.6687500000000001 0.69375 0.66875 0.6937500000000001 0.9984375 1 0.9984375
1 0.54375 0.13281250000000006 0.4328125 0.13281250000000006 0.4328125 0.2484375000000001 0.54375 0.2484375000000001
1 0.6484375 0.11250000000000009 0.5703125 0.11250000000000009 0.5703125 0.1921875000000001 0.6484375 0.1921875000000001
1 0.8515625 0.33281250000000007 0.703125 0.33281250000000007 0.703125 0.6109375000000001 0.8515625 0.6109375000000001
1 0.76875 0.2078125000000001 0.690625 0.2078125000000001 0.690625 0.3531250000000001 0.76875 0.3531250000000001
1 0.8828125 0.2734375000000001 0.7921875 0.2734375000000001 0.7921875 0.4203125000000002 0.8828125 0.4203125000000002
1 0.7328125 0.2609375000000001 0.6203125 0.2609375000000001 0.6203125 0.4640625000000001 0.7328125 0.46406250000000016
1 0.728125 0.10000000000000009 0.6859375 0.10000000000000009 0.6859375 0.1453125000000001 0.728125 0.1453125000000001
1 0.759375 0.1453125000000001 0.6953125 0.1453125000000001 0.6953125 0.22031250000000008 0.759375 0.22031250000000008
1 1 0.2000000000000001 0.9078125 0.2000000000000001 0.9078125 0.2750000000000001 1 0.2750000000000001
1 0.85 0.12500000000000008 0.803125 0.12500000000000008 0.803125 0.18906250000000008 0.85 0.18906250000000008
1 0.7703125 0.08593750000000008 0.7328125 0.08593750000000008 0.7328125 0.1359375000000001 0.7703125 0.1359375000000001
1 0.8390625 0.1531250000000001 0.771875 0.1531250000000001 0.771875 0.2296875000000001 0.8390625 0.2296875000000001
1 0.8859375 0.08281250000000011 0.8328125 0.08281250000000011 0.8328125 0.1140625000000001 0.8859375 0.1140625000000001
2 0.640625 0.1984375000000001 0.6171875 0.1984375000000001 0.6171875 0.2671875000000001 0.640625 0.2671875000000001
1 0.9015625 0.1906250000000001 0.76875 0.1906250000000001 0.76875 0.2906250000000001 0.9015625 0.2906250000000001
3 0.6218750000000001 0.2390625000000001 0.4 0.2390625000000001 0.4000000000000001 0.8296875 0.6218750000000002 0.8296875
1 0.865625 0.12500000000000008 0.8453125 0.12500000000000008 0.8453125 0.18906250000000008 0.865625 0.18906250000000008