1 0.828125 0.3703125000000001 0.6703125 0.3703125000000001 0.6703125 0.6421875000000001 0.828125 0.6421875000000001
1 0.490625 0.15468750000000003 0.378125 0.15468750000000003 0.378125 0.2671875000000001 0.490625 0.2671875000000001
1 0.7984375 0.2015625000000001 0.6484375 0.2015625000000001 0.6484375 0.3812500000000001 0.7984375 0.3812500000000001
1 0.6953125 0.19687500000000008 0.6015625 0.19687500000000008 0.6015625 0.3000000000000001 0.6953125 0.3000000000000001
1 0.634375 0.14843750000000006 0.5203125 0.14843750000000006 0.5203125 0.2765625000000001 0.634375 0.2765625000000001
1 0.7140625 0.09375000000000008 0.6546875 0.09375000000000008 0.6546875 0.1609375000000001 0.7140625 0.1609375000000001
1 0.86875 0.1140625000000001 0.8171875 0.1140625000000001 0.8171875 0.1859375000000001 0.86875 0.1859375000000001
1 0.7640625 0.08437500000000009 0.7203125 0.08437500000000009 0.7203125 0.1359375000000001 0.7640625 0.1359375000000001
1 0.9359375 0.19375000000000012 0.8328125 0.1937500000000001 0.8328125 0.2921875000000001 0.9359375 0.2921875000000001
2 0.3515625 0.19531250000000006 0.30625 0.19531250000000006 0.30625 0.296875 0.3515625 0.296875
1 0.8921875 0.07343750000000011 0.8375 0.07343750000000011 0.8375 0.1140625000000001 0.8921875 0.1140625000000001
1 0.996875 0.18750000000000014 0.9625 0.18750000000000014 0.9625 0.2750000000000001 0.996875 0.2750000000000001
1 0.8765625 0.09687500000000011 0.84375 0.09687500000000011 0.84375 0.1437500000000001 0.8765625 0.1437500000000001