1 0.634375 0.3234375000000001 0.45625 0.3234375000000001 0.45625 0.6515625 0.634375 0.6515625
1 0.546875 0.13281250000000006 0.4375 0.13281250000000006 0.4375 0.2531250000000001 0.546875 0.2531250000000001
1 0.9078125 0.5531250000000001 0.6765625 0.553125 0.6765625000000001 1 0.9078125 1
1 0.8234375 0.33281250000000007 0.68125 0.33281250000000007 0.68125 0.5875000000000001 0.8234375 0.5875000000000001
1 0.809375 0.22031250000000008 0.7359375 0.22031250000000008 0.7359375 0.33281250000000007 0.809375 0.33281250000000007
1 0.7296875 0.09687500000000009 0.6890625 0.09687500000000009 0.6890625 0.1453125000000001 0.7296875 0.1453125000000001
1 0.6546875 0.11718750000000008 0.5703125 0.11718750000000008 0.5703125 0.2015625000000001 0.6546875 0.2015625000000001
1 0.828125 0.15625000000000008 0.7578125 0.15625000000000008 0.7578125 0.2515625000000001 0.828125 0.2515625000000001
1 0.8609375 0.1359375000000001 0.81875 0.1359375000000001 0.81875 0.2015625000000001 0.8609375 0.2015625000000001
3 0.9359375 0.06718750000000011 0.875 0.06718750000000011 0.875 0.12343750000000012 0.9359375 0.12343750000000013
1 0.8671875 0.09687500000000011 0.8359375 0.09687500000000011 0.8359375 0.1468750000000001 0.8671875 0.1468750000000001
1 0.771875 0.07656250000000009 0.7234375 0.07656250000000009 0.7234375 0.1390625000000001 0.771875 0.1390625000000001
1 0.31718750000000007 0.5296875 6.486801014233636e-17 0.5296875 9.366634502853585e-17 1 0.31718750000000007 1