1 0.6359375 0.2218750000000001 0.53125 0.2218750000000001 0.53125 0.3437500000000001 0.6359375 0.3437500000000001
1 0.4984375 0.15468750000000003 0.3890625 0.15468750000000003 0.3890625 0.2656250000000001 0.4984375 0.2656250000000001
6 0.9046875 0.0718750000000001 0.846875 0.0718750000000001 0.846875 0.11562500000000009 0.9046875 0.11562500000000009
1 0.834375 0.2921875000000001 0.69375 0.2921875000000001 0.69375 0.5421875 0.834375 0.5421875000000002
1 0.8109375 0.17343750000000008 0.728125 0.17343750000000008 0.728125 0.2875000000000001 0.8109375 0.2875000000000001
1 1 0.4953125000000001 0.7046875 0.4953125 0.7046875000000001 1 1 1
1 0.7140625 0.09375000000000008 0.653125 0.09375000000000008 0.653125 0.16406250000000008 0.7140625 0.16406250000000008
2 0.353125 0.18906250000000005 0.3046875 0.18906250000000005 0.3046875 0.3015625 0.353125 0.3015625
1 0.884375 0.2234375000000001 0.790625 0.2234375000000001 0.790625 0.3890625000000001 0.884375 0.3890625000000001
1 0.765625 0.0828125000000001 0.7203125 0.0828125000000001 0.7203125 0.1296875000000001 0.765625 0.1296875000000001
1 0.9453125 0.1828125000000001 0.853125 0.1828125000000001 0.853125 0.27031250000000007 0.9453125 0.27031250000000007
2 0.84375 0.09687500000000011 0.821875 0.09687500000000011 0.821875 0.14218750000000008 0.84375 0.14218750000000008
1 0.048437500000000105 0.740625 9.070040356185083e-17 0.740625 1.0658254173829309e-16 1 0.04843750000000012 1