1 0.659375 0.27812500000000007 0.4390625 0.27812500000000007 0.4390625 0.5796875 0.659375 0.5796875
1 0.515625 0.30156250000000007 0.3578125 0.3015625 0.35781250000000003 0.4828125 0.515625 0.4828125
1 0.815625 0.3828125000000001 0.6484375 0.3828125000000001 0.6484375 0.6937500000000001 0.815625 0.6937500000000002
1 0.25625000000000003 0.3015625 3.693075503678737e-17 0.3015625 5.683126552293186e-17 0.6265625 0.2562500000000001 0.6265625
1 0.7296875 0.26250000000000007 0.634375 0.26250000000000007 0.634375 0.4437500000000001 0.7296875 0.4437500000000002
1 0.6953125 0.19531250000000006 0.5296875 0.19531250000000006 0.5296875 0.2953125000000001 0.6953125 0.2953125000000001
1 0.4890625 0.15156250000000004 0.378125 0.15156250000000004 0.378125 0.2656250000000001 0.4890625 0.2656250000000001
1 0.8796875 0.07812500000000011 0.83125 0.07812500000000011 0.83125 0.11250000000000009 0.8796875 0.11250000000000009
1 0.709375 0.09531250000000009 0.6546875 0.09531250000000009 0.6546875 0.1609375000000001 0.709375 0.1609375000000001
1 0.8625 0.1859375000000001 0.771875 0.1859375000000001 0.771875 0.2734375000000001 0.8625 0.2734375000000001
1 0.828125 0.11562500000000009 0.784375 0.11562500000000009 0.784375 0.1703125000000001 0.828125 0.1703125000000001
1 0.6390625 0.12656250000000008 0.5671875 0.12656250000000008 0.5671875 0.1937500000000001 0.6390625 0.1937500000000001
1 0.765625 0.07968750000000009 0.7203125 0.07968750000000009 0.7203125 0.13281250000000008 0.765625 0.13281250000000008
1 0.5171875 0.22031250000000008 0.3765625 0.22031250000000008 0.3765625 0.3421875000000001 0.5171875 0.3421875000000001
3 0.37031250000000004 0.25625000000000003 0.334375 0.25625 0.33437500000000003 0.4078125 0.3703125000000001 0.4078125