1 0.50625 0.27656250000000004 0.3078125 0.2765625 0.30781250000000004 0.5484375 0.50625 0.5484375
1 0.7953125 0.2062500000000001 0.7078125 0.2062500000000001 0.7078125 0.3468750000000001 0.7953125 0.3468750000000001
1 0.32500000000000007 0.3140625 0.05468750000000004 0.3140625 0.054687500000000056 0.6 0.32500000000000007 0.6
1 0.9203125 0.2078125000000001 0.8234375 0.2078125000000001 0.8234375 0.3156250000000001 0.9203125 0.3156250000000001
1 0.7 0.1937500000000001 0.6125 0.1937500000000001 0.6125 0.2750000000000001 0.7 0.2750000000000001
1 0.53125 0.13906250000000003 0.434375 0.13906250000000003 0.434375 0.2515625000000001 0.53125 0.2515625000000001
1 0.6453125 0.11093750000000009 0.571875 0.11093750000000009 0.571875 0.19687500000000008 0.6453125 0.19687500000000008
1 0.5875000000000001 0.48125 0.18906250000000005 0.48125 0.18906250000000008 0.9984375 0.5875000000000001 0.9984375
1 0.8875 0.09843750000000011 0.8515625 0.09843750000000011 0.8515625 0.1625000000000001 0.8875 0.1625000000000001
1 0.73125 0.10156250000000008 0.6859375 0.10156250000000008 0.6859375 0.1531250000000001 0.73125 0.1531250000000001
1 0.771875 0.08437500000000009 0.734375 0.08437500000000009 0.734375 0.1359375000000001 0.771875 0.1359375000000001
1 1 0.19062500000000013 0.965625 0.19062500000000013 0.965625 0.2718750000000001 1 0.2718750000000001