1 0.8484375 0.5000000000000001 0.696875 0.5 0.696875 0.6375000000000001 0.8484375 0.6375000000000002
1 0.6171875000000001 0.4140625 0.3843750000000001 0.4140625 0.3843750000000001 0.8078125 0.6171875000000002 0.8078125
1 0.646875 0.1140625000000001 0.56875 0.1140625000000001 0.56875 0.19687500000000008 0.646875 0.19687500000000008
1 0.7296875 0.10000000000000009 0.6859375 0.10000000000000009 0.6859375 0.14843750000000008 0.7296875 0.14843750000000008
1 0.8328125 0.3687500000000001 0.6890625 0.3687500000000001 0.6890625 0.5859375000000001 0.8328125 0.5859375000000002
1 0.7078125 0.2656250000000001 0.5765625 0.2656250000000001 0.5765625 0.459375 0.7078125 0.459375
1 0.5421875 0.13750000000000004 0.434375 0.13750000000000004 0.434375 0.25468750000000007 0.5421875 0.25468750000000007
1 0.771875 0.08750000000000009 0.73125 0.08750000000000009 0.73125 0.1390625000000001 0.771875 0.1390625000000001
1 0.665625 0.20468750000000008 0.56875 0.20468750000000008 0.56875 0.3125000000000001 0.665625 0.3125000000000001
1 0.8328125 0.1937500000000001 0.7109375 0.1937500000000001 0.7109375 0.3281250000000001 0.8328125 0.3281250000000001
3 0.59375 0.2562500000000001 0.5484375 0.2562500000000001 0.5484375 0.421875 0.59375 0.421875
1 0.821875 0.1593750000000001 0.7640625 0.1593750000000001 0.7640625 0.20312500000000008 0.821875 0.20312500000000008
1 0.8421875 0.13437500000000008 0.790625 0.13437500000000008 0.790625 0.2078125000000001 0.8421875 0.2078125000000001
1 0.859375 0.1312500000000001 0.8375 0.1312500000000001 0.8375 0.19531250000000008 0.859375 0.19531250000000008
1 0.946875 0.2140625000000001 0.859375 0.2140625000000001 0.859375 0.3031250000000001 0.946875 0.3031250000000001
1 1 0.18750000000000014 0.9453125 0.18750000000000014 0.9453125 0.27031250000000007 1 0.27031250000000007