1 0.678125 0.2593750000000001 0.46875 0.2593750000000001 0.46875 0.5484375 0.678125 0.5484375
1 0.828125 0.3656250000000001 0.6671875 0.3656250000000001 0.6671875 0.6453125000000001 0.828125 0.6453125000000002
1 0.403125 0.22812500000000005 0.18437500000000004 0.228125 0.18437500000000004 0.475 0.403125 0.475
1 0.4875 0.15468750000000003 0.38125 0.15468750000000003 0.38125 0.2734375000000001 0.4875 0.2734375000000001
1 0.5703125 0.2578125000000001 0.4484375 0.2578125000000001 0.4484375 0.4078125 0.5703125 0.4078125
1 0.7734375 0.19687500000000008 0.6109375 0.19687500000000008 0.6109375 0.3109375000000001 0.7734375 0.3109375000000001
1 0.753125 0.2484375000000001 0.6515625 0.2484375000000001 0.6515625 0.4171875000000001 0.753125 0.41718750000000016
1 0.7109375 0.0906250000000001 0.6546875 0.0906250000000001 0.6546875 0.1609375000000001 0.7109375 0.1609375000000001
1 0.8859375 0.10000000000000009 0.8328125 0.10000000000000009 0.8328125 0.14218750000000008 0.8859375 0.14218750000000008
1 0.640625 0.1296875000000001 0.56875 0.1296875000000001 0.56875 0.20312500000000008 0.640625 0.20312500000000008
1 0.8125 0.15781250000000008 0.7421875 0.15781250000000008 0.7421875 0.27031250000000007 0.8125 0.27031250000000007
1 0.8421875 0.1546875000000001 0.8 0.1546875000000001 0.8 0.22656250000000008 0.8421875 0.22656250000000008
1 0.7671875 0.08437500000000009 0.725 0.08437500000000009 0.725 0.13281250000000008 0.7671875 0.13281250000000008
3 0.3421875 0.18437500000000004 0.309375 0.18437500000000004 0.309375 0.2421875 0.3421875 0.2421875
1 0.8109375 0.06093750000000009 0.7546875 0.06093750000000009 0.7546875 0.10312500000000009 0.8109375 0.10312500000000009