1 0.34218750000000003 0.3140625 0.13437500000000005 0.3140625 0.13437500000000005 0.5171875 0.3421875000000001 0.5171875
1 0.78125 0.3125000000000001 0.6484375 0.3125000000000001 0.6484375 0.5781250000000001 0.78125 0.5781250000000002
1 0.5421875 0.24687500000000004 0.3609375 0.246875 0.3609375 0.4859375 0.5421875 0.4859375
1 0.7125 0.09375000000000008 0.65625 0.09375000000000008 0.65625 0.16406250000000008 0.7125 0.16406250000000008
1 0.421875 0.20312500000000006 0.2921875 0.203125 0.29218750000000004 0.37812500000000004 0.421875 0.3781250000000001
1 0.8640625 0.24375000000000008 0.7734375 0.24375000000000008 0.7734375 0.4578125000000002 0.8640625 0.4578125000000002
1 0.7703125 0.19687500000000008 0.6796875 0.19687500000000008 0.6796875 0.3281250000000001 0.7703125 0.3281250000000001
1 0.765625 0.0828125000000001 0.725 0.0828125000000001 0.725 0.13281250000000008 0.765625 0.13281250000000008
3 0.3390625 0.18281250000000004 0.303125 0.18281250000000004 0.303125 0.2875 0.3390625 0.2875
3 0.7609375 0.2687500000000001 0.725 0.2687500000000001 0.725 0.33281250000000007 0.7609375 0.33281250000000007
3 0.90625 0.2578125000000001 0.8703125 0.2578125000000001 0.8703125 0.4156250000000002 0.90625 0.4156250000000002
1 0.9125 0.1906250000000001 0.8375 0.1906250000000001 0.8375 0.3187500000000001 0.9125 0.3187500000000001
1 0.9890625 0.17812500000000014 0.9125 0.17812500000000014 0.9125 0.2765625000000001 0.9890625 0.2765625000000001