1 0.8578125 0.3046875000000001 0.74375 0.3046875000000001 0.74375 0.47968750000000016 0.8578125 0.47968750000000016
1 0.703125 0.3937500000000001 0.5625 0.3937500000000001 0.5625 0.6765625 0.703125 0.6765625
1 0.5453125 0.13750000000000007 0.4375 0.13750000000000004 0.4375 0.2562500000000001 0.5453125 0.2562500000000001
1 0.646875 0.11093750000000009 0.56875 0.11093750000000009 0.56875 0.19687500000000008 0.646875 0.19687500000000008
1 0.725 0.17968750000000008 0.5640625 0.17968750000000008 0.5640625 0.2953125000000001 0.725 0.2953125000000001
2 0.88125 0.20312500000000008 0.7859375 0.20312500000000008 0.7859375 0.3375000000000001 0.88125 0.3375000000000001
1 0.7296875 0.2500000000000001 0.5921875 0.2500000000000001 0.5921875 0.4359375000000001 0.7296875 0.4359375000000002
1 0.8109375 0.11093750000000009 0.7703125 0.11093750000000009 0.7703125 0.1906250000000001 0.8109375 0.1906250000000001
1 0.7140625 0.2171875000000001 0.64375 0.2171875000000001 0.64375 0.2671875000000001 0.7140625 0.2671875000000001
1 0.728125 0.09687500000000009 0.6859375 0.09687500000000009 0.6859375 0.1453125000000001 0.728125 0.1453125000000001
1 0.771875 0.0828125000000001 0.7328125 0.0828125000000001 0.7328125 0.1375000000000001 0.771875 0.1375000000000001
1 0.940625 0.1984375000000001 0.8703125 0.1984375000000001 0.8703125 0.2843750000000001 0.940625 0.2843750000000001
1 0.734375 0.1390625000000001 0.6625 0.1390625000000001 0.6625 0.2171875000000001 0.734375 0.2171875000000001
1 0.7625 0.1468750000000001 0.7296875 0.1468750000000001 0.7296875 0.2250000000000001 0.7625 0.2250000000000001
0 0.8859375 0.08281250000000011 0.83125 0.08281250000000011 0.83125 0.1531250000000001 0.8859375 0.1531250000000001