1 0.7078125 0.3734375000000001 0.5515625 0.3734375000000001 0.5515625 0.625 0.7078125 0.625
1 0.8625 0.2906250000000001 0.7578125 0.2906250000000001 0.7578125 0.4515625000000002 0.8625 0.4515625000000002
2 0.8890625 0.19531250000000008 0.7890625 0.19531250000000008 0.7890625 0.33281250000000007 0.8890625 0.33281250000000007
1 0.54375 0.13750000000000004 0.4375 0.13750000000000004 0.4375 0.2562500000000001 0.54375 0.2562500000000001
1 0.734375 0.10000000000000009 0.6890625 0.10000000000000009 0.6890625 0.14843750000000008 0.734375 0.14843750000000008
1 0.646875 0.11562500000000009 0.5671875 0.11562500000000009 0.5671875 0.1984375000000001 0.646875 0.1984375000000001
1 0.7953125 0.18906250000000008 0.7015625 0.18906250000000008 0.7015625 0.3218750000000001 0.7953125 0.3218750000000001
1 0.7515625 0.15000000000000008 0.6890625 0.15000000000000008 0.6890625 0.24218750000000008 0.7515625 0.24218750000000008
1 0.9328125 0.1812500000000001 0.85625 0.18125000000000008 0.85625 0.2843750000000001 0.9328125 0.2843750000000001
1 0.771875 0.08437500000000009 0.734375 0.08437500000000009 0.734375 0.12656250000000008 0.771875 0.12656250000000008
1 0.7875 0.12031250000000009 0.7375 0.12031250000000009 0.7375 0.19531250000000008 0.7875 0.19531250000000008
1 0.8078125 0.12343750000000009 0.7828125 0.12343750000000009 0.7828125 0.18906250000000008 0.8078125 0.18906250000000008