1 0.675 0.26250000000000007 0.465625 0.26250000000000007 0.465625 0.5484375 0.675 0.5484375
1 0.5703125 0.26250000000000007 0.44375 0.26250000000000007 0.44375 0.4125 0.5703125 0.4125
1 0.828125 0.3671875000000001 0.665625 0.3671875000000001 0.665625 0.6453125000000001 0.828125 0.6453125000000002
1 0.4015625 0.22812500000000005 0.18437500000000004 0.228125 0.18437500000000004 0.4765625 0.4015625 0.4765625
1 0.4890625 0.15312500000000004 0.378125 0.15312500000000004 0.378125 0.2734375000000001 0.4890625 0.2734375000000001
1 0.7484375 0.2484375000000001 0.65625 0.2484375000000001 0.65625 0.4156250000000001 0.7484375 0.4156250000000002
1 0.7125 0.09531250000000009 0.6546875 0.09531250000000009 0.6546875 0.15781250000000008 0.7125 0.15781250000000008
1 0.75 0.19687500000000008 0.58125 0.19687500000000008 0.58125 0.2828125000000001 0.75 0.2828125000000001
1 0.8359375 0.1687500000000001 0.759375 0.1687500000000001 0.759375 0.3125000000000001 0.8359375 0.3125000000000001
1 0.6375 0.1296875000000001 0.56875 0.1296875000000001 0.56875 0.1984375000000001 0.6375 0.1984375000000001
1 0.7671875 0.08437500000000009 0.7234375 0.08437500000000009 0.7234375 0.13437500000000008 0.7671875 0.13437500000000008
3 0.334375 0.18906250000000005 0.3046875 0.18906250000000005 0.3046875 0.2421875 0.334375 0.2421875
1 0.6671875 0.15781250000000008 0.575 0.15781250000000008 0.575 0.2468750000000001 0.6671875 0.2468750000000001
1 0.828125 0.1671875000000001 0.7765625 0.1671875000000001 0.7765625 0.19531250000000008 0.828125 0.19531250000000008
1 0.809375 0.06250000000000008 0.7546875 0.06250000000000008 0.7546875 0.10781250000000009 0.809375 0.10781250000000009