1 0.759375 0.2390625000000001 0.659375 0.2390625000000001 0.659375 0.4000000000000001 0.759375 0.4000000000000002
1 0.4875 0.15468750000000003 0.38125 0.15468750000000003 0.38125 0.27031250000000007 0.4875 0.27031250000000007
1 0.8296875 0.3656250000000001 0.6703125 0.3656250000000001 0.6703125 0.6453125000000001 0.8296875 0.6453125000000002
1 0.715625 0.09531250000000009 0.65625 0.09531250000000009 0.65625 0.1671875000000001 0.715625 0.1671875000000001
1 0.4015625 0.22968750000000004 0.18281250000000004 0.2296875 0.18281250000000004 0.478125 0.4015625 0.478125
1 0.5984375 0.2500000000000001 0.4796875 0.2500000000000001 0.4796875 0.3812500000000001 0.5984375 0.3812500000000001
1 0.6796875 0.26250000000000007 0.46875 0.26250000000000007 0.46875 0.5515625 0.6796875 0.5515625
1 0.9140625 0.1875000000000001 0.7890625 0.18750000000000008 0.7890625 0.3109375000000001 0.9140625 0.3109375000000001
1 0.8109375 0.15781250000000008 0.7453125 0.15781250000000008 0.7453125 0.2609375000000001 0.8109375 0.2609375000000001
1 0.878125 0.09687500000000011 0.8296875 0.09687500000000011 0.8296875 0.1375000000000001 0.878125 0.1375000000000001
1 0.93125 0.0796875000000001 0.8796875 0.0796875000000001 0.8796875 0.12031250000000011 0.93125 0.12031250000000013
1 0.7671875 0.0828125000000001 0.7234375 0.0828125000000001 0.7234375 0.13437500000000008 0.7671875 0.13437500000000008
1 0.8265625 0.0750000000000001 0.775 0.0750000000000001 0.775 0.10781250000000009 0.8265625 0.10781250000000009
1 0.846875 0.14843750000000008 0.8 0.14843750000000008 0.8 0.20312500000000008 0.846875 0.20312500000000008
3 0.3453125 0.18593750000000003 0.30625 0.18593750000000003 0.30625 0.2390625 0.3453125 0.2390625