1 0.646875 0.3234375000000001 0.4578125 0.3234375000000001 0.4578125 0.6015625 0.646875 0.6015625
1 0.5796875 0.25468750000000007 0.4421875 0.25468750000000007 0.4421875 0.409375 0.5796875 0.409375
1 0.871875 0.2671875000000001 0.7515625 0.2671875000000001 0.7515625 0.4671875000000002 0.871875 0.4671875000000002
1 0.7265625 0.2531250000000001 0.6234375 0.2531250000000001 0.6234375 0.3984375000000001 0.7265625 0.3984375000000001
1 0.3906250000000001 0.409375 0.12343750000000005 0.409375 0.12343750000000006 0.7 0.3906250000000001 0.7
1 0.7109375 0.09218750000000009 0.65625 0.09218750000000009 0.65625 0.16562500000000008 0.7109375 0.16562500000000008
1 0.79375 0.1828125000000001 0.7015625 0.1828125000000001 0.7015625 0.3234375000000001 0.79375 0.3234375000000001
1 0.9 0.4062500000000001 0.696875 0.40625 0.6968750000000001 0.86875 0.9 0.86875
1 0.921875 0.1890625000000001 0.796875 0.18906250000000008 0.796875 0.2890625000000001 0.921875 0.2890625000000001
1 0.7671875 0.0828125000000001 0.7234375 0.0828125000000001 0.7234375 0.13281250000000008 0.7671875 0.13281250000000008
1 1 0.19375000000000014 0.953125 0.19375000000000014 0.953125 0.2656250000000001 1 0.2656250000000001
3 0.3453125 0.18593750000000003 0.30625 0.18593750000000003 0.30625 0.2921875 0.3453125 0.2921875