1 0.7078125 0.37187500000000007 0.5515625 0.37187500000000007 0.5515625 0.625 0.7078125 0.625
1 0.8765625 0.2515625000000001 0.784375 0.2515625000000001 0.784375 0.3890625000000001 0.8765625 0.3890625000000001
1 0.7328125 0.0984375000000001 0.6890625 0.0984375000000001 0.6890625 0.15000000000000008 0.7328125 0.15000000000000008
1 0.646875 0.11562500000000009 0.56875 0.11562500000000009 0.56875 0.1984375000000001 0.646875 0.1984375000000001
1 0.771875 0.08593750000000008 0.7328125 0.08593750000000008 0.7328125 0.1375000000000001 0.771875 0.1375000000000001
1 0.54375 0.13750000000000004 0.4359375 0.13750000000000004 0.4359375 0.2531250000000001 0.54375 0.2531250000000001
1 0.8109375 0.11718750000000008 0.76875 0.11718750000000008 0.76875 0.1781250000000001 0.8109375 0.1781250000000001
1 0.8765625 0.12500000000000008 0.828125 0.12500000000000008 0.828125 0.19531250000000008 0.8765625 0.19531250000000008
1 0.8625 0.09218750000000012 0.821875 0.09218750000000012 0.821875 0.1453125000000001 0.8625 0.1453125000000001
2 0.9671875 0.18593750000000012 0.8546875 0.1859375000000001 0.8546875 0.2890625000000001 0.9671875 0.2890625000000001
1 0.915625 0.10000000000000012 0.871875 0.10000000000000009 0.871875 0.1406250000000001 0.915625 0.14062500000000014