1 0.8578125 0.3062500000000001 0.7421875 0.3062500000000001 0.7421875 0.47968750000000016 0.8578125 0.47968750000000016
1 0.55 0.2093750000000001 0.4375 0.2093750000000001 0.4375 0.3828125000000001 0.55 0.3828125000000001
1 0.703125 0.3906250000000001 0.5609375 0.3906250000000001 0.5609375 0.675 0.703125 0.675
1 0.5453125 0.13125000000000006 0.4359375 0.13125000000000003 0.4359375 0.2484375000000001 0.5453125 0.2484375000000001
0 0.846875 0.0828125000000001 0.790625 0.0828125000000001 0.790625 0.17343750000000008 0.846875 0.17343750000000008
2 0.8796875 0.20312500000000008 0.7921875 0.20312500000000008 0.7921875 0.3390625000000001 0.8796875 0.3390625000000001
1 0.8234375 0.12500000000000008 0.7765625 0.12500000000000008 0.7765625 0.21250000000000008 0.8234375 0.21250000000000008
1 0.7296875 0.2500000000000001 0.5921875 0.2500000000000001 0.5921875 0.4468750000000001 0.7296875 0.4468750000000002
1 0.771875 0.08593750000000008 0.73125 0.08593750000000008 0.73125 0.1390625000000001 0.771875 0.1390625000000001
1 0.7296875 0.0984375000000001 0.6859375 0.0984375000000001 0.6859375 0.14843750000000008 0.7296875 0.14843750000000008
1 0.646875 0.11093750000000009 0.565625 0.11093750000000009 0.565625 0.1984375000000001 0.646875 0.1984375000000001
1 0.70625 0.1546875000000001 0.609375 0.1546875000000001 0.609375 0.2687500000000001 0.70625 0.2687500000000001
1 0.8171875 0.20468750000000008 0.75625 0.20468750000000008 0.75625 0.2921875000000001 0.8171875 0.2921875000000001
1 0.71875 0.2093750000000001 0.640625 0.2093750000000001 0.640625 0.2578125000000001 0.71875 0.2578125000000001
1 0.75 0.1546875000000001 0.696875 0.1546875000000001 0.696875 0.23437500000000008 0.75 0.23437500000000008
1 1 0.2062500000000001 0.95 0.2062500000000001 0.95 0.2750000000000001 1 0.2750000000000001