1 0.4703125 0.33125000000000004 0.271875 0.33125 0.27187500000000003 0.5515625 0.4703125 0.5515625
1 0.8125 0.34843750000000007 0.6515625 0.34843750000000007 0.6515625 0.6781250000000001 0.8125 0.6781250000000002
1 0.4875 0.15781250000000005 0.3765625 0.15781250000000005 0.3765625 0.2734375000000001 0.4875 0.2734375000000001
1 0.7703125 0.2078125000000001 0.6703125 0.2078125000000001 0.6703125 0.3578125000000001 0.7703125 0.3578125000000001
1 0.7109375 0.09375000000000008 0.65625 0.09375000000000008 0.65625 0.16562500000000008 0.7109375 0.16562500000000008
1 0.8703125 0.23593750000000008 0.7640625 0.23593750000000008 0.7640625 0.4359375000000002 0.8703125 0.4359375000000002
1 0.9125 0.1875000000000001 0.796875 0.18750000000000008 0.796875 0.2921875000000001 0.9125 0.2921875000000001
1 0.7625 0.0828125000000001 0.71875 0.0828125000000001 0.71875 0.1359375000000001 0.7625 0.1359375000000001
3 0.35 0.18125000000000005 0.3015625 0.18125000000000005 0.3015625 0.2984375 0.35 0.2984375
3 0.8515625 0.1062500000000001 0.834375 0.1062500000000001 0.834375 0.1750000000000001 0.8515625 0.1750000000000001
1 1 0.6609375000000002 0.8375 0.6609375000000002 0.8375 1 1 1