1 0.678125 0.2593750000000001 0.4671875 0.2593750000000001 0.4671875 0.5484375 0.678125 0.5484375
1 0.828125 0.3671875000000001 0.6671875 0.3671875000000001 0.6671875 0.6453125000000001 0.828125 0.6453125000000002
1 0.4 0.22812500000000005 0.18437500000000004 0.228125 0.18437500000000004 0.475 0.4 0.475
1 0.4890625 0.15468750000000003 0.38125 0.15468750000000003 0.38125 0.2718750000000001 0.4890625 0.2718750000000001
1 0.5765625 0.2578125000000001 0.4484375 0.2578125000000001 0.4484375 0.4109375 0.5765625 0.4109375
1 0.7546875 0.2500000000000001 0.6546875 0.2500000000000001 0.6546875 0.4171875000000001 0.7546875 0.41718750000000016
1 0.76875 0.19531250000000008 0.60625 0.19531250000000008 0.60625 0.3031250000000001 0.76875 0.3031250000000001
1 0.7125 0.09375000000000008 0.6578125 0.09375000000000008 0.6578125 0.16406250000000008 0.7125 0.16406250000000008
1 0.640625 0.1296875000000001 0.56875 0.1296875000000001 0.56875 0.20312500000000008 0.640625 0.20312500000000008
1 0.8109375 0.16406250000000008 0.740625 0.16406250000000008 0.740625 0.2656250000000001 0.8109375 0.2656250000000001
1 0.8703125 0.10000000000000009 0.8171875 0.10000000000000009 0.8171875 0.1437500000000001 0.8703125 0.1437500000000001
1 0.8421875 0.1546875000000001 0.7984375 0.1546875000000001 0.7984375 0.2250000000000001 0.8421875 0.2250000000000001
3 0.3390625 0.18437500000000004 0.30625 0.18437500000000004 0.30625 0.2375 0.3390625 0.2375
1 0.809375 0.06093750000000009 0.7546875 0.06093750000000009 0.7546875 0.10312500000000009 0.809375 0.10312500000000009