1 0.4890625 0.15468750000000003 0.3828125 0.15468750000000003 0.3828125 0.27031250000000007 0.4890625 0.27031250000000007
1 0.715625 0.09531250000000009 0.6578125 0.09531250000000009 0.6578125 0.1671875000000001 0.715625 0.1671875000000001
1 0.921875 0.18437500000000012 0.803125 0.1843750000000001 0.803125 0.30937500000000007 0.921875 0.30937500000000007
1 0.765625 0.23593750000000008 0.6625 0.23593750000000008 0.6625 0.3921875000000001 0.765625 0.3921875000000001
1 0.8296875 0.3656250000000001 0.6703125 0.3656250000000001 0.6703125 0.64375 0.8296875 0.6437500000000002
1 0.4 0.22968750000000004 0.18125000000000005 0.2296875 0.18125000000000005 0.478125 0.4 0.478125
1 0.8171875 0.1531250000000001 0.746875 0.1531250000000001 0.746875 0.2656250000000001 0.8171875 0.2656250000000001
1 0.6796875 0.2593750000000001 0.46875 0.2593750000000001 0.46875 0.5515625 0.6796875 0.5515625
1 0.6015625 0.2453125000000001 0.4859375 0.2453125000000001 0.4859375 0.3750000000000001 0.6015625 0.3750000000000001
1 0.89375 0.09843750000000011 0.8453125 0.09843750000000011 0.8453125 0.1359375000000001 0.89375 0.1359375000000001
1 0.76875 0.0828125000000001 0.7234375 0.0828125000000001 0.7234375 0.13281250000000008 0.76875 0.13281250000000008
1 0.85 0.1453125000000001 0.8015625 0.1453125000000001 0.8015625 0.21093750000000008 0.85 0.21093750000000008
1 0.8390625 0.0765625000000001 0.7828125 0.07656250000000009 0.7828125 0.11093750000000009 0.8390625 0.11093750000000009
1 0.9375 0.0796875000000001 0.8984375 0.0796875000000001 0.8984375 0.12187500000000011 0.9375 0.12187500000000014
3 0.3421875 0.19375000000000003 0.30625 0.19375000000000003 0.30625 0.2359375 0.3421875 0.2359375