1 0.8578125 0.2984375000000001 0.74375 0.2984375000000001 0.74375 0.48750000000000016 0.8578125 0.48750000000000016
1 0.7046875 0.3937500000000001 0.5609375 0.3937500000000001 0.5609375 0.6734375 0.7046875 0.6734375
1 0.5453125 0.13906250000000006 0.4375 0.13906250000000003 0.4375 0.25468750000000007 0.5453125 0.25468750000000007
1 0.646875 0.11250000000000009 0.56875 0.11250000000000009 0.56875 0.19687500000000008 0.646875 0.19687500000000008
1 0.8671875 0.09375000000000011 0.8203125 0.09375000000000011 0.8203125 0.1453125000000001 0.8671875 0.1453125000000001
2 0.884375 0.19687500000000008 0.7828125 0.19687500000000008 0.7828125 0.34062500000000007 0.884375 0.34062500000000007
1 0.7484375 0.1359375000000001 0.6796875 0.1359375000000001 0.6796875 0.2375000000000001 0.7484375 0.2375000000000001
1 0.734375 0.2515625000000001 0.5953125 0.2515625000000001 0.5953125 0.4515625000000001 0.734375 0.4515625000000002
1 0.71875 0.19687500000000008 0.6484375 0.19687500000000008 0.6484375 0.2671875000000001 0.71875 0.2671875000000001
1 0.771875 0.0828125000000001 0.734375 0.0828125000000001 0.734375 0.13437500000000008 0.771875 0.13437500000000008
1 0.7328125 0.0984375000000001 0.690625 0.0984375000000001 0.690625 0.1437500000000001 0.7328125 0.1437500000000001
1 0.865625 0.18125000000000008 0.7296875 0.18125000000000008 0.7296875 0.2953125000000001 0.865625 0.2953125000000001
1 0.775 0.14218750000000008 0.740625 0.14218750000000008 0.740625 0.2156250000000001 0.775 0.2156250000000001
1 1 0.2093750000000001 0.96875 0.2093750000000001 0.96875 0.27031250000000007 1 0.27031250000000007