1 0.7703125 0.0828125000000001 0.7328125 0.0828125000000001 0.7328125 0.1375000000000001 0.7703125 0.1375000000000001
1 0.728125 0.09375000000000008 0.696875 0.09375000000000008 0.696875 0.1468750000000001 0.728125 0.1468750000000001
1 0.83125 0.3421875000000001 0.69375 0.3421875000000001 0.69375 0.5671875000000001 0.83125 0.5671875000000002
1 0.8171875 0.1531250000000001 0.7734375 0.1531250000000001 0.7734375 0.2484375000000001 0.8171875 0.2484375000000001
1 0.88125 0.24218750000000008 0.79375 0.24218750000000008 0.79375 0.41406250000000017 0.88125 0.41406250000000017
1 0.796875 0.1921875000000001 0.7734375 0.1921875000000001 0.7734375 0.32500000000000007 0.796875 0.32500000000000007
1 0.54375 0.13125000000000003 0.4375 0.13125000000000003 0.4375 0.2484375000000001 0.54375 0.2484375000000001
1 0.8546875 0.1296875000000001 0.809375 0.1296875000000001 0.809375 0.20312500000000008 0.8546875 0.20312500000000008
1 0.8734375 0.10000000000000009 0.840625 0.10000000000000009 0.840625 0.1593750000000001 0.8734375 0.1593750000000001
1 0.7046875 0.10000000000000009 0.6390625 0.10000000000000009 0.6390625 0.17187500000000008 0.7046875 0.17187500000000008
1 0.9078125 0.08125000000000011 0.8578125 0.08125000000000011 0.8578125 0.11562500000000012 0.9078125 0.11562500000000013