1 0.7703125 0.0828125000000001 0.73125 0.0828125000000001 0.73125 0.1312500000000001 0.7703125 0.1312500000000001
1 0.728125 0.09375000000000008 0.696875 0.09375000000000008 0.696875 0.1468750000000001 0.728125 0.1468750000000001
1 0.83125 0.3421875000000001 0.69375 0.3421875000000001 0.69375 0.5671875000000001 0.83125 0.5671875000000002
1 0.8078125 0.1625000000000001 0.7734375 0.1625000000000001 0.7734375 0.2578125000000001 0.8078125 0.2578125000000001
1 0.8828125 0.24375000000000008 0.790625 0.24375000000000008 0.790625 0.4203125000000002 0.8828125 0.4203125000000002
1 0.796875 0.19531250000000008 0.7734375 0.19531250000000008 0.7734375 0.3265625000000001 0.796875 0.3265625000000001
1 0.54375 0.13593750000000004 0.4375 0.13593750000000004 0.4375 0.2531250000000001 0.54375 0.2531250000000001
1 0.840625 0.15000000000000008 0.790625 0.15000000000000008 0.790625 0.23593750000000008 0.840625 0.23593750000000008
1 0.8515625 0.1218750000000001 0.8078125 0.1218750000000001 0.8078125 0.2000000000000001 0.8515625 0.2000000000000001
1 0.5171875 0.17812500000000003 0.3640625 0.17812500000000003 0.3640625 0.3515625000000001 0.5171875 0.3515625000000001
1 0.865625 0.12656250000000008 0.846875 0.12656250000000008 0.846875 0.1843750000000001 0.865625 0.1843750000000001
1 0.7046875 0.10312500000000009 0.6390625 0.10312500000000009 0.6390625 0.1468750000000001 0.7046875 0.1468750000000001
1 0.5609375 0.3046875000000001 0.3984375 0.3046875000000001 0.39843750000000006 0.4953125 0.5609375 0.4953125
1 0.8796875 0.11562500000000009 0.8515625 0.11562500000000009 0.8515625 0.17187500000000008 0.8796875 0.17187500000000008
1 0.9015625 0.22656250000000008 0.85 0.22656250000000008 0.85 0.3437500000000001 0.9015625 0.3437500000000001
1 0.35937500000000006 0.275 0.14062500000000006 0.275 0.14062500000000006 0.5125 0.3593750000000001 0.5125
1 0.9640625 0.1875000000000001 0.884375 0.18750000000000008 0.884375 0.2765625000000001 0.9640625 0.2765625000000001
3 0.9015625 0.12500000000000008 0.8828125 0.12500000000000008 0.8828125 0.1921875000000001 0.9015625 0.1921875000000001
3 0.646875 0.2000000000000001 0.6171875 0.2000000000000001 0.6171875 0.3109375000000001 0.646875 0.3109375000000001
1 0.9984375 0.20312500000000008 0.965625 0.20312500000000008 0.965625 0.2734375000000001 0.9984375 0.2734375000000001