1 0.83125 0.3531250000000001 0.6921875 0.3531250000000001 0.6921875 0.5687500000000001 0.83125 0.5687500000000002
1 0.37968750000000007 0.453125 0.09687500000000004 0.453125 0.09687500000000007 0.8046875 0.37968750000000007 0.8046875
1 0.403125 0.22656250000000006 0.18593750000000003 0.2265625 0.18593750000000003 0.4609375 0.403125 0.4609375
1 0.5453125 0.13750000000000007 0.4359375 0.13750000000000004 0.4359375 0.2562500000000001 0.5453125 0.2562500000000001
1 0.88125 0.2500000000000001 0.7859375 0.2500000000000001 0.7859375 0.41406250000000017 0.88125 0.41406250000000017
1 0.703125 0.10000000000000009 0.6375 0.10000000000000009 0.6375 0.1703125000000001 0.703125 0.1703125000000001
1 0.73125 0.09687500000000009 0.7 0.09687500000000009 0.7 0.1453125000000001 0.73125 0.1453125000000001
1 0.771875 0.08437500000000009 0.7328125 0.08437500000000009 0.7328125 0.13437500000000008 0.771875 0.13437500000000008
1 0.9015625 0.2312500000000001 0.84375 0.2312500000000001 0.84375 0.34843750000000007 0.9015625 0.34843750000000007
1 0.8 0.1750000000000001 0.7578125 0.1750000000000001 0.7578125 0.2734375000000001 0.8 0.2734375000000001
1 0.7828125 0.2015625000000001 0.75625 0.2015625000000001 0.75625 0.3468750000000001 0.7828125 0.3468750000000001
1 0.8359375 0.1468750000000001 0.7875 0.1468750000000001 0.7875 0.2328125000000001 0.8359375 0.2328125000000001
1 0.8515625 0.12500000000000008 0.8125 0.12500000000000008 0.8125 0.1937500000000001 0.8515625 0.1937500000000001
1 0.865625 0.12500000000000008 0.846875 0.12500000000000008 0.846875 0.1828125000000001 0.865625 0.1828125000000001
1 0.8375 0.11718750000000008 0.771875 0.11718750000000008 0.771875 0.1625000000000001 0.8375 0.1625000000000001
3 0.7265625 0.1390625000000001 0.7125 0.1390625000000001 0.7125 0.1625000000000001 0.7265625 0.1625000000000001
1 0.95625 0.18437500000000012 0.8546875 0.1843750000000001 0.8546875 0.2765625000000001 0.95625 0.2765625000000001
1 1 0.20312500000000008 0.95625 0.20312500000000008 0.95625 0.2671875000000001 1 0.2671875000000001
1 0.753125 0.06562500000000009 0.7015625 0.06562500000000009 0.7015625 0.0984375000000001 0.753125 0.0984375000000001