0 0.19140625000000006 0.6569444444444444 0.015625000000000045 0.6569444444444444 0.01562500000000005 0.8 0.19140625000000006 0.8
2 0.6171875 0.5847222222222224 0.52421875 0.5847222222222224 0.52421875 0.7486111111111111 0.6171875 0.7486111111111111
0 0.67421875 0.45972222222222237 0.61015625 0.45972222222222237 0.61015625 0.5388888888888891 0.67421875 0.5388888888888891
0 0.62734375 0.39722222222222237 0.58359375 0.39722222222222237 0.58359375 0.4708333333333335 0.62734375 0.4708333333333335
0 0.59765625 0.35555555555555574 0.54140625 0.35555555555555574 0.54140625 0.4361111111111113 0.59765625 0.4361111111111113
2 0.509375 0.7402777777777778 0.44453125 0.7402777777777778 0.44453125 0.9513888888888888 0.509375 0.9513888888888888
2 0.40390625 0.7277777777777777 0.3429687500000001 0.7277777777777777 0.3429687500000001 0.8861111111111111 0.40390625 0.8861111111111111
2 0.41875 0.8319444444444445 0.3468750000000001 0.8319444444444445 0.3468750000000001 1 0.41875 1
2 0.60390625 0.6958333333333335 0.55390625 0.6958333333333335 0.55390625 0.8666666666666667 0.60390625 0.8666666666666667
2 0.5359375 0.5430555555555557 0.49453125 0.5430555555555557 0.49453125 0.6708333333333335 0.5359375 0.6708333333333335
2 0.665625 0.665277777777778 0.61171875 0.665277777777778 0.61171875 0.8138888888888889 0.665625 0.8138888888888889
2 0.6109375 0.5111111111111113 0.5640625 0.5111111111111113 0.5640625 0.6250000000000001 0.6109375 0.6250000000000001
2 0.6453125 0.4916666666666668 0.6015625 0.4916666666666668 0.6015625 0.5958333333333334 0.6453125 0.5958333333333334
2 0.7109375 0.5069444444444446 0.678125 0.5069444444444446 0.678125 0.6250000000000001 0.7109375 0.6250000000000001
2 0.73125 0.5597222222222223 0.69609375 0.5597222222222223 0.69609375 0.6777777777777779 0.73125 0.6777777777777779
2 0.7765625 0.6194444444444446 0.74453125 0.6194444444444446 0.74453125 0.7333333333333336 0.7765625 0.7333333333333336
2 0.78203125 0.7875000000000003 0.734375 0.7875000000000003 0.734375 0.9527777777777781 0.78203125 0.9527777777777781
2 0.8578125 0.7472222222222226 0.8 0.7472222222222226 0.8 0.8805555555555559 0.8578125 0.8805555555555559
2 0.83984375 0.5958333333333334 0.81328125 0.5958333333333334 0.81328125 0.6750000000000002 0.83984375 0.6750000000000002
2 0.90546875 0.5930555555555557 0.8703125 0.5930555555555557 0.8703125 0.7041666666666668 0.90546875 0.7041666666666668
2 0.89140625 0.5194444444444446 0.8609375 0.5194444444444446 0.8609375 0.6111111111111113 0.89140625 0.6111111111111113
2 0.8328125 0.5430555555555557 0.79609375 0.5430555555555557 0.79609375 0.6430555555555557 0.8328125 0.6430555555555557
2 0.75859375 0.502777777777778 0.73203125 0.502777777777778 0.73203125 0.6013888888888891 0.75859375 0.6013888888888891
2 0.78203125 0.5597222222222223 0.74765625 0.5597222222222223 0.74765625 0.6583333333333334 0.78203125 0.6583333333333334
2 0.71953125 0.4833333333333335 0.6921875 0.4833333333333335 0.6921875 0.5611111111111112 0.71953125 0.5611111111111112
2 0.74765625 0.4152777777777779 0.71953125 0.4152777777777779 0.71953125 0.47361111111111126 0.74765625 0.47361111111111126
2 0.72421875 0.3944444444444446 0.70546875 0.3944444444444446 0.70546875 0.44722222222222235 0.72421875 0.44722222222222235
2 0.7796875 0.44722222222222235 0.74609375 0.44722222222222235 0.74609375 0.5166666666666668 0.7796875 0.5166666666666668
2 0.846875 0.4444444444444446 0.815625 0.4444444444444446 0.815625 0.5138888888888891 0.846875 0.5138888888888891
2 0.8453125 0.40416666666666684 0.81796875 0.40416666666666684 0.81796875 0.4694444444444446 0.8453125 0.4694444444444446