2 0.63515625 0.4930555555555557 0.6078125 0.4930555555555557 0.6078125 0.5736111111111113 0.63515625 0.5736111111111113
2 0.3843750000000001 0.7944444444444444 0.3203125000000001 0.7944444444444444 0.3203125000000001 0.9708333333333333 0.3843750000000001 0.9708333333333333
2 0.671875 0.4083333333333335 0.65234375 0.4083333333333335 0.65234375 0.46666666666666684 0.671875 0.46666666666666684
2 0.65078125 0.551388888888889 0.61875 0.551388888888889 0.61875 0.6527777777777779 0.65078125 0.6527777777777779
2 0.78125 0.5236111111111112 0.759375 0.5236111111111112 0.759375 0.5958333333333334 0.78125 0.5958333333333334
2 0.771875 0.6694444444444446 0.75078125 0.6694444444444446 0.75078125 0.7777777777777781 0.771875 0.7777777777777781
2 0.759375 0.5000000000000001 0.7359375 0.5000000000000001 0.7359375 0.5750000000000002 0.759375 0.5750000000000002
2 0.74765625 0.6958333333333335 0.7125 0.6958333333333335 0.7125 0.815277777777778 0.74765625 0.8152777777777781
2 0.78046875 0.4291666666666668 0.75859375 0.4291666666666668 0.75859375 0.4916666666666668 0.78046875 0.4916666666666668
2 0.825 0.5097222222222224 0.81015625 0.5097222222222224 0.81015625 0.5763888888888891 0.825 0.5763888888888891
2 0.60546875 0.5500000000000002 0.57421875 0.5500000000000002 0.57421875 0.6486111111111112 0.60546875 0.6486111111111112
2 0.68984375 0.4819444444444446 0.66796875 0.4819444444444446 0.66796875 0.5555555555555557 0.68984375 0.5555555555555557
2 0.83046875 0.6444444444444446 0.8078125 0.6444444444444446 0.8078125 0.7361111111111114 0.83046875 0.7361111111111114
2 0.8171875 0.46111111111111125 0.80078125 0.46111111111111125 0.80078125 0.5222222222222224 0.8171875 0.5222222222222224
2 0.79765625 0.4902777777777779 0.78203125 0.4902777777777779 0.78203125 0.5583333333333335 0.79765625 0.5583333333333335
2 0.678125 0.44583333333333347 0.6609375 0.44583333333333347 0.6609375 0.5111111111111113 0.678125 0.5111111111111113
2 0.73984375 0.7875000000000002 0.70390625 0.7875 0.70390625 0.9180555555555557 0.73984375 0.9180555555555558
2 0.72265625 0.37638888888888905 0.7046875 0.37638888888888905 0.7046875 0.42361111111111127 0.72265625 0.42361111111111127
2 0.815625 0.5527777777777779 0.790625 0.5527777777777779 0.790625 0.6291666666666669 0.815625 0.6291666666666669
2 0.69921875 0.676388888888889 0.66171875 0.676388888888889 0.66171875 0.8027777777777778 0.69921875 0.8027777777777778
2 0.915625 0.8333333333333337 0.8671875 0.8333333333333337 0.8671875 0.9861111111111114 0.915625 0.9861111111111114
2 0.5609375 0.5680555555555558 0.52890625 0.5680555555555558 0.52890625 0.6722222222222224 0.5609375 0.6722222222222224
2 0.87734375 0.7569444444444448 0.846875 0.7569444444444448 0.846875 0.8986111111111115 0.87734375 0.8986111111111115
2 0.73125 0.4361111111111113 0.7109375 0.4361111111111113 0.7109375 0.4916666666666668 0.73125 0.4916666666666668
2 0.8546875 0.4930555555555557 0.8296875 0.4930555555555557 0.8296875 0.5680555555555558 0.8546875 0.5680555555555558
2 0.75859375 0.4083333333333335 0.7375 0.4083333333333335 0.7375 0.4694444444444446 0.75859375 0.4694444444444446
2 0.72890625 0.46527777777777796 0.71328125 0.46527777777777796 0.71328125 0.5291666666666668 0.72890625 0.5291666666666668
2 0.76796875 0.5763888888888891 0.74921875 0.5763888888888891 0.74921875 0.6333333333333335 0.76796875 0.6333333333333335
2 0.721875 0.8958333333333334 0.67421875 0.8958333333333334 0.67421875 0.9972222222222222 0.721875 0.9972222222222222
2 0.7515625 0.4569444444444446 0.7375 0.4569444444444446 0.7375 0.5166666666666668 0.7515625 0.5166666666666668
2 0.8671875 0.38888888888888906 0.85078125 0.38888888888888906 0.85078125 0.4486111111111113 0.8671875 0.4486111111111113
2 0.70234375 0.4486111111111113 0.6828125 0.4486111111111113 0.6828125 0.5138888888888891 0.70234375 0.5138888888888891
2 0.8109375 0.841666666666667 0.76875 0.841666666666667 0.76875 0.979166666666667 0.8109375 0.979166666666667
2 0.71015625 0.5791666666666668 0.68046875 0.5791666666666668 0.68046875 0.6736111111111113 0.71015625 0.6736111111111113
2 0.71640625 0.5250000000000001 0.6921875 0.5250000000000001 0.6921875 0.5972222222222224 0.71640625 0.5972222222222224
2 0.68359375 0.8041666666666667 0.64765625 0.8041666666666667 0.64765625 0.9555555555555556 0.68359375 0.9555555555555556
2 0.79453125 0.40416666666666684 0.778125 0.40416666666666684 0.778125 0.4583333333333335 0.79453125 0.4583333333333335
2 0.84296875 0.4500000000000002 0.83203125 0.4500000000000002 0.83203125 0.515277777777778 0.84296875 0.515277777777778
2 0.71484375 0.501388888888889 0.69296875 0.501388888888889 0.69296875 0.5680555555555558 0.71484375 0.5680555555555558
2 0.6984375 0.4152777777777779 0.67890625 0.4152777777777779 0.67890625 0.4694444444444446 0.6984375 0.4694444444444446
2 0.87109375 0.6847222222222223 0.85 0.6847222222222223 0.85 0.7583333333333336 0.87109375 0.7583333333333336
2 0.8265625 0.7111111111111115 0.78671875 0.7111111111111115 0.78671875 0.8277777777777781 0.8265625 0.8277777777777781
2 0.85390625 0.4069444444444446 0.83984375 0.4069444444444446 0.83984375 0.4555555555555557 0.85390625 0.4555555555555557
0 0.27968750000000003 0.5777777777777777 0.16562500000000005 0.5777777777777777 0.16562500000000005 0.7055555555555556 0.2796875000000001 0.7055555555555556
0 0.61015625 0.6527777777777779 0.52421875 0.6527777777777779 0.52421875 0.825 0.61015625 0.825
0 0.48515625 0.5069444444444446 0.4109375 0.5069444444444446 0.4109375 0.6083333333333335 0.48515625 0.6083333333333335
0 0.5359375 0.41666666666666685 0.4828125 0.41666666666666685 0.4828125 0.4916666666666668 0.5359375 0.4916666666666668
2 0.7734375 0.6222222222222223 0.753125 0.6222222222222223 0.753125 0.676388888888889 0.7734375 0.676388888888889
2 0.81328125 0.3944444444444446 0.79609375 0.3944444444444446 0.79609375 0.4416666666666668 0.81328125 0.4416666666666668
2 0.840625 0.39027777777777795 0.82734375 0.39027777777777795 0.82734375 0.4361111111111113 0.840625 0.4361111111111113
2 0.8296875 0.4305555555555557 0.81875 0.4305555555555557 0.81875 0.4958333333333335 0.8296875 0.4958333333333335