2 0.83515625 0.4569444444444446 0.8109375 0.4569444444444446 0.8109375 0.526388888888889 0.83515625 0.526388888888889
2 0.3117187500000001 0.7513888888888889 0.25859375000000007 0.7513888888888889 0.25859375000000007 0.9 0.3117187500000001 0.9
2 0.8328125 0.5847222222222224 0.803125 0.5847222222222224 0.803125 0.6791666666666668 0.8328125 0.6791666666666668
2 0.55078125 0.5555555555555557 0.51796875 0.5555555555555557 0.51796875 0.6555555555555557 0.55078125 0.6555555555555557
2 0.7265625 0.502777777777778 0.69765625 0.502777777777778 0.69765625 0.5930555555555557 0.7265625 0.5930555555555557
2 0.7578125 0.626388888888889 0.7203125 0.626388888888889 0.7203125 0.7416666666666668 0.7578125 0.741666666666667
2 0.74921875 0.3805555555555557 0.72890625 0.3805555555555557 0.72890625 0.4444444444444446 0.74921875 0.4444444444444446
2 0.8546875 0.6541666666666668 0.82109375 0.6541666666666668 0.82109375 0.7694444444444447 0.8546875 0.7694444444444447
2 0.79296875 0.4305555555555557 0.77109375 0.4305555555555557 0.77109375 0.4986111111111113 0.79296875 0.4986111111111113
2 0.709375 0.4333333333333335 0.68828125 0.4333333333333335 0.68828125 0.502777777777778 0.709375 0.502777777777778
2 0.8203125 0.7097222222222224 0.77734375 0.7097222222222224 0.77734375 0.8500000000000003 0.8203125 0.8500000000000003
2 0.68359375 0.4708333333333335 0.66015625 0.4708333333333335 0.66015625 0.5444444444444446 0.68359375 0.5444444444444446
2 0.60703125 0.5347222222222224 0.5734375 0.5347222222222224 0.5734375 0.6375000000000002 0.60703125 0.6375000000000002
2 0.66328125 0.515277777777778 0.634375 0.515277777777778 0.634375 0.6083333333333335 0.66328125 0.6083333333333335
2 0.6515625 0.4430555555555557 0.63203125 0.4430555555555557 0.63203125 0.5222222222222224 0.6515625 0.5222222222222224
2 0.8078125 0.5097222222222224 0.78359375 0.5097222222222224 0.78359375 0.5986111111111113 0.8078125 0.5986111111111113
2 0.71875 0.40000000000000013 0.7015625 0.40000000000000013 0.7015625 0.4583333333333335 0.71875 0.4583333333333335
2 0.88828125 0.5416666666666669 0.8578125 0.5416666666666669 0.8578125 0.6319444444444446 0.88828125 0.6319444444444446
2 0.3507812500000001 0.6763888888888889 0.3007812500000001 0.6763888888888889 0.3007812500000001 0.8027777777777778 0.3507812500000001 0.8027777777777778
2 0.6046875 0.4819444444444446 0.5796875 0.4819444444444446 0.5796875 0.5569444444444446 0.6046875 0.5569444444444446
2 0.86484375 0.5055555555555558 0.8390625 0.5055555555555558 0.8390625 0.5861111111111112 0.86484375 0.5861111111111112
2 0.88359375 0.8375000000000004 0.83671875 0.8375000000000004 0.83671875 0.9819444444444447 0.88359375 0.9819444444444447
2 0.86953125 0.4333333333333335 0.85078125 0.4333333333333335 0.85078125 0.5041666666666669 0.86953125 0.5041666666666669
2 0.09062500000000007 0.8527777777777777 0.01328125000000006 0.8527777777777777 0.013281250000000064 0.9958333333333333 0.09062500000000007 0.9958333333333333
2 0.8359375 0.41805555555555574 0.81484375 0.41805555555555574 0.81484375 0.47638888888888903 0.8359375 0.47638888888888903
2 0.7765625 0.4152777777777779 0.7640625 0.4152777777777779 0.7640625 0.46527777777777796 0.7765625 0.46527777777777796
2 0.68828125 0.4333333333333335 0.671875 0.4333333333333335 0.671875 0.4944444444444446 0.68828125 0.4944444444444446
2 0.7703125 0.38333333333333347 0.75390625 0.38333333333333347 0.75390625 0.4347222222222224 0.7703125 0.4347222222222224
2 0.846875 0.3791666666666668 0.82890625 0.3791666666666668 0.82890625 0.4319444444444446 0.846875 0.4319444444444446
0 0.56640625 0.640277777777778 0.471875 0.640277777777778 0.471875 0.8111111111111111 0.56640625 0.8111111111111111
0 0.31640625000000006 0.6222222222222222 0.203125 0.6222222222222222 0.20312500000000006 0.7527777777777778 0.3164062500000001 0.7527777777777778
0 0.425 0.4805555555555556 0.34765625 0.48055555555555557 0.34765625 0.5805555555555556 0.425 0.5805555555555557
0 0.6859375 0.8138888888888889 0.57109375 0.8138888888888889 0.57109375 0.9777777777777777 0.6859375 0.9777777777777777
0 0.45390625 0.7944444444444444 0.3343750000000001 0.7944444444444444 0.3343750000000001 0.9888888888888889 0.45390625 0.9888888888888889
0 0.59453125 0.3666666666666668 0.55546875 0.3666666666666668 0.55546875 0.4291666666666668 0.59453125 0.4291666666666668