2 0.73984375 0.3333333333333335 0.7203125 0.3333333333333335 0.7203125 0.4222222222222224 0.73984375 0.4222222222222224
2 0.14375000000000004 0.4708333333333333 0.10546875000000004 0.4708333333333333 0.10546875000000004 0.6097222222222223 0.14375000000000004 0.6097222222222223
2 0.71015625 0.38472222222222235 0.68671875 0.38472222222222235 0.68671875 0.4847222222222224 0.71015625 0.4847222222222224
2 0.8671875 0.6208333333333335 0.82734375 0.6208333333333335 0.82734375 0.7972222222222225 0.8671875 0.7972222222222225
2 0.63125 0.25138888888888905 0.61328125 0.25138888888888905 0.61328125 0.3180555555555557 0.63125 0.3180555555555557
2 0.84453125 0.5194444444444446 0.815625 0.5194444444444446 0.815625 0.6347222222222224 0.84453125 0.6347222222222224
1 0.446875 0.3333333333333334 0.34609375 0.3333333333333334 0.34609375 0.6333333333333334 0.446875 0.6333333333333335
1 0.40703125 0.19027777777777785 0.23125 0.19027777777777785 0.23125 0.5666666666666668 0.40703125 0.5666666666666669
3 0.45 0.1347222222222223 0.4140625 0.1347222222222223 0.4140625 0.21666666666666676 0.45 0.21666666666666676
1 0.47421875 0.25555555555555565 0.4296875 0.25555555555555565 0.4296875 0.3652777777777779 0.47421875 0.3652777777777779
1 0.3843750000000001 0.7527777777777778 0.050000000000000044 0.7527777777777778 0.05000000000000006 1 0.3843750000000001 1
1 0.60625 0.3111111111111112 0.51875 0.31111111111111117 0.51875 0.4902777777777779 0.60625 0.4902777777777779
1 0.55703125 0.2402777777777779 0.52109375 0.24027777777777787 0.52109375 0.30833333333333346 0.55703125 0.3083333333333335