1 0.67578125 0.3180555555555557 0.56953125 0.3180555555555557 0.56953125 0.5902777777777779 0.67578125 0.5902777777777779
2 0.70078125 0.31388888888888905 0.665625 0.31388888888888905 0.665625 0.41111111111111126 0.70078125 0.41111111111111126
0 0.61953125 0.22222222222222238 0.57265625 0.22222222222222238 0.57265625 0.30000000000000016 0.61953125 0.30000000000000016
0 0.57265625 0.2027777777777779 0.51015625 0.20277777777777786 0.51015625 0.28333333333333344 0.57265625 0.2833333333333335
0 0.43984375 0.4333333333333334 0.33828125 0.43333333333333335 0.33828125000000003 0.663888888888889 0.43984375 0.6638888888888891
2 0.33125 0.45 0.271875 0.45 0.271875 0.5986111111111111 0.33125 0.5986111111111111
2 0.26328125 0.4486111111111111 0.225 0.4486111111111111 0.225 0.5791666666666667 0.26328125 0.5791666666666667
2 0.22421875 0.4013888888888889 0.18203125000000003 0.4013888888888889 0.18203125000000003 0.49027777777777776 0.22421875 0.49027777777777776
2 0.15234375000000006 0.4625 0.10468750000000004 0.4625 0.10468750000000004 0.6194444444444445 0.15234375000000006 0.6194444444444445
2 0.19687500000000005 0.675 0.13203125000000004 0.675 0.13203125000000004 0.8625 0.19687500000000005 0.8625
2 0.08984375000000004 0.5472222222222223 0.023437500000000038 0.5472222222222223 0.023437500000000045 0.7111111111111111 0.08984375000000004 0.7111111111111111
2 0.20312500000000006 0.5263888888888889 0.16562500000000005 0.5263888888888889 0.16562500000000005 0.6555555555555556 0.20312500000000008 0.6555555555555556
2 0.3953125 0.2805555555555556 0.36796875 0.2805555555555556 0.36796875 0.3583333333333335 0.3953125 0.3583333333333335
2 0.371875 0.25000000000000006 0.34609375 0.25000000000000006 0.34609375 0.3208333333333334 0.371875 0.3208333333333334
2 0.11875000000000005 0.3611111111111111 0.04062500000000002 0.3611111111111111 0.04062500000000003 0.4527777777777778 0.11875000000000005 0.4527777777777778
0 0.45859375 0.19444444444444453 0.41953125 0.19444444444444453 0.41953125 0.27777777777777785 0.45859375 0.27777777777777785
2 0.38203125 0.17916666666666675 0.365625 0.17916666666666675 0.365625 0.23194444444444454 0.38203125 0.23194444444444454
2 0.36953125 0.21527777777777785 0.3515625 0.21527777777777785 0.3515625 0.2708333333333334 0.36953125 0.2708333333333334
2 0.40625 0.18750000000000008 0.39296875 0.18750000000000008 0.39296875 0.24166666666666675 0.40625 0.24166666666666675