2 0.60390625 0.3791666666666668 0.565625 0.3791666666666668 0.565625 0.4958333333333335 0.60390625 0.4958333333333335
2 0.68125 0.21805555555555572 0.66484375 0.21805555555555572 0.66484375 0.2958333333333335 0.68125 0.2958333333333335
2 0.28593750000000007 0.5513888888888889 0.23359375 0.5513888888888889 0.23359375000000004 0.7138888888888889 0.28593750000000007 0.7138888888888889
2 0.259375 0.4388888888888889 0.203125 0.4388888888888889 0.203125 0.5611111111111111 0.259375 0.5611111111111111
2 0.17812500000000003 0.44583333333333336 0.11718750000000004 0.44583333333333336 0.11718750000000004 0.5902777777777778 0.17812500000000003 0.5902777777777778
2 0.10390625000000005 0.35833333333333334 0.04531250000000002 0.35833333333333334 0.045312500000000026 0.44722222222222224 0.10390625000000005 0.44722222222222224
2 0.2265625 0.2708333333333334 0.18203125 0.2708333333333334 0.18203125 0.31805555555555565 0.2265625 0.31805555555555565
2 0.2625 0.3236111111111112 0.240625 0.3236111111111112 0.240625 0.40555555555555556 0.2625 0.40555555555555556
2 0.296875 0.39861111111111114 0.2671875 0.39861111111111114 0.2671875 0.48055555555555557 0.296875 0.48055555555555557
2 0.40390625 0.26250000000000007 0.37578125 0.26250000000000007 0.37578125 0.3486111111111112 0.40390625 0.3486111111111112
2 0.3546875 0.26388888888888895 0.33046875 0.26388888888888895 0.33046875 0.3472222222222223 0.3546875 0.3472222222222223
2 0.33359375 0.22777777777777786 0.31015625 0.22777777777777786 0.31015625 0.3097222222222223 0.33359375 0.3097222222222223
2 0.37890625 0.2347222222222223 0.35546875 0.2347222222222223 0.35546875 0.3152777777777779 0.37890625 0.3152777777777779