2 0.10703125000000006 0.8208333333333333 0.03984375000000005 0.8208333333333333 0.03984375000000006 0.9694444444444444 0.10703125000000009 0.9694444444444444
2 0.6578125 0.4416666666666668 0.63359375 0.4416666666666668 0.63359375 0.5180555555555557 0.6578125 0.5180555555555557
2 0.5796875 0.5138888888888891 0.54921875 0.5138888888888891 0.54921875 0.6083333333333335 0.5796875 0.6083333333333335
2 0.86953125 0.540277777777778 0.840625 0.540277777777778 0.840625 0.6319444444444446 0.86953125 0.6319444444444446
2 0.53046875 0.6375000000000002 0.48671875 0.6375000000000002 0.48671875 0.7666666666666667 0.53046875 0.7666666666666667
2 0.68359375 0.4305555555555557 0.6625 0.4305555555555557 0.6625 0.4972222222222224 0.68359375 0.4972222222222224
2 0.81953125 0.5236111111111112 0.79296875 0.5236111111111112 0.79296875 0.602777777777778 0.81953125 0.602777777777778
2 0.7875 0.4694444444444446 0.7625 0.4694444444444446 0.7625 0.5500000000000002 0.7875 0.5500000000000002
2 0.75 0.46527777777777796 0.728125 0.46527777777777796 0.728125 0.5375000000000002 0.75 0.5375000000000002
2 0.74140625 0.4222222222222224 0.721875 0.4222222222222224 0.721875 0.4833333333333335 0.74140625 0.4833333333333335
2 0.70390625 0.44583333333333347 0.684375 0.44583333333333347 0.684375 0.515277777777778 0.70390625 0.515277777777778
2 0.8265625 0.4694444444444446 0.80078125 0.4694444444444446 0.80078125 0.540277777777778 0.8265625 0.540277777777778
2 0.86875 0.4194444444444446 0.84296875 0.4194444444444446 0.84296875 0.4902777777777779 0.86875 0.4902777777777779
2 0.64375 0.6305555555555558 0.60703125 0.6305555555555558 0.60703125 0.7472222222222222 0.64375 0.7472222222222222
2 0.8328125 0.5722222222222224 0.803125 0.5722222222222224 0.803125 0.6666666666666669 0.8328125 0.6666666666666669
2 0.5671875 0.6013888888888891 0.53359375 0.6013888888888891 0.53359375 0.7083333333333335 0.5671875 0.7083333333333335
2 0.79453125 0.4291666666666668 0.77265625 0.4291666666666668 0.77265625 0.4930555555555557 0.79453125 0.4930555555555557
2 0.725 0.3569444444444446 0.70546875 0.3569444444444446 0.70546875 0.41250000000000014 0.725 0.41250000000000014
2 0.859375 0.7486111111111114 0.81328125 0.7486111111111114 0.81328125 0.9000000000000004 0.859375 0.9000000000000004
2 0.671875 0.4680555555555557 0.64921875 0.4680555555555557 0.64921875 0.5388888888888891 0.671875 0.5388888888888891
2 0.70859375 0.39027777777777795 0.6875 0.39027777777777795 0.6875 0.4486111111111113 0.70859375 0.4486111111111113
2 0.87890625 0.37638888888888905 0.8578125 0.37638888888888905 0.8578125 0.4361111111111113 0.87890625 0.4361111111111113
2 0.721875 0.45972222222222237 0.7015625 0.45972222222222237 0.7015625 0.5319444444444446 0.721875 0.5319444444444446
2 0.7484375 0.5750000000000002 0.71328125 0.5750000000000002 0.71328125 0.6791666666666668 0.7484375 0.6791666666666668
2 0.76171875 0.4069444444444446 0.74375 0.4069444444444446 0.74375 0.46666666666666684 0.76171875 0.46666666666666684
2 0.83515625 0.8361111111111115 0.7921875 0.8361111111111115 0.7921875 0.9777777777777781 0.83515625 0.9777777777777781
2 0.734375 0.6166666666666668 0.69921875 0.6166666666666668 0.69921875 0.7361111111111113 0.734375 0.7361111111111114
2 0.7734375 0.4333333333333335 0.7546875 0.4333333333333335 0.7546875 0.4972222222222224 0.7734375 0.4972222222222224
2 0.73984375 0.38472222222222235 0.721875 0.38472222222222235 0.721875 0.43750000000000017 0.73984375 0.43750000000000017
2 0.80625 0.3819444444444446 0.7875 0.3819444444444446 0.7875 0.4416666666666668 0.80625 0.4416666666666668
2 0.8578125 0.5083333333333335 0.8328125 0.5083333333333335 0.8328125 0.5833333333333335 0.8578125 0.5833333333333335
2 0.85390625 0.3680555555555557 0.834375 0.3680555555555557 0.834375 0.42361111111111127 0.85390625 0.42361111111111127
2 0.8296875 0.37638888888888905 0.81015625 0.37638888888888905 0.81015625 0.4347222222222224 0.8296875 0.4347222222222224
0 0.65078125 0.7722222222222223 0.54453125 0.7722222222222223 0.54453125 0.9611111111111111 0.65078125 0.9611111111111111
0 0.4359375 0.8194444444444444 0.3351562500000001 0.8194444444444444 0.3351562500000001 0.9902777777777778 0.4359375 0.9902777777777778
0 0.7 0.5236111111111112 0.63828125 0.5236111111111112 0.63828125 0.6305555555555558 0.7 0.6305555555555558
0 0.5109375 0.4361111111111113 0.46015625 0.4361111111111113 0.46015625 0.5097222222222224 0.5109375 0.5097222222222224
3 0.23437500000000006 0.5819444444444445 0.06718750000000004 0.5819444444444445 0.06718750000000004 0.7402777777777778 0.23437500000000008 0.7402777777777778
0 0.8 0.8833333333333335 0.6921875 0.8833333333333333 0.6921875 0.9916666666666668 0.8 0.991666666666667
0 0.703125 0.33750000000000013 0.675 0.33750000000000013 0.675 0.38888888888888906 0.703125 0.38888888888888906
0 0.67265625 0.3166666666666668 0.64609375 0.3166666666666668 0.64609375 0.3666666666666668 0.67265625 0.3666666666666668
3 0.603125 0.32222222222222235 0.5546875 0.32222222222222235 0.5546875 0.4069444444444446 0.603125 0.4069444444444446
3 0.64453125 0.35138888888888903 0.60625 0.35138888888888903 0.60625 0.41805555555555574 0.64453125 0.41805555555555574