2 0.20703125000000006 0.5111111111111111 0.15937500000000004 0.5111111111111111 0.15937500000000004 0.6652777777777777 0.20703125000000008 0.6652777777777777
2 0.65390625 0.27916666666666684 0.63203125 0.27916666666666684 0.63203125 0.3430555555555557 0.65390625 0.3430555555555557
2 0.5390625 0.2208333333333334 0.52265625 0.2208333333333334 0.52265625 0.2847222222222223 0.5390625 0.2847222222222223
2 0.5953125 0.2208333333333335 0.5765625 0.2208333333333335 0.5765625 0.29305555555555574 0.5953125 0.29305555555555574
2 0.62109375 0.2347222222222224 0.5984375 0.2347222222222224 0.5984375 0.3083333333333335 0.62109375 0.3083333333333335
2 0.6359375 0.22638888888888906 0.6203125 0.22638888888888906 0.6203125 0.2902777777777779 0.6359375 0.2902777777777779
2 0.66484375 0.2347222222222224 0.6453125 0.2347222222222224 0.6453125 0.2902777777777779 0.66484375 0.2902777777777779
2 0.6890625 0.2625000000000002 0.665625 0.2625000000000002 0.665625 0.34027777777777796 0.6890625 0.34027777777777796
2 0.6875 0.2097222222222224 0.6703125 0.2097222222222224 0.6703125 0.25277777777777793 0.6875 0.25277777777777793
0 0.71015625 0.5847222222222224 0.56640625 0.5847222222222224 0.56640625 0.8402777777777778 0.71015625 0.8402777777777778
0 0.4328125 0.4680555555555556 0.3296875 0.46805555555555556 0.3296875 0.6708333333333334 0.4328125 0.6708333333333335
0 0.41953125 0.13888888888888898 0.359375 0.13888888888888898 0.359375 0.20000000000000007 0.41953125 0.20000000000000007
0 0.45078125 0.16666666666666674 0.4203125 0.16666666666666674 0.4203125 0.2097222222222223 0.45078125 0.2097222222222223
0 0.4859375 0.11388888888888901 0.4578125 0.11388888888888901 0.4578125 0.14861111111111122 0.4859375 0.14861111111111122
1 0.61015625 0.2777777777777779 0.52578125 0.27777777777777785 0.52578125 0.5194444444444446 0.61015625 0.5194444444444446
3 0.46015625 0.20833333333333343 0.409375 0.20833333333333343 0.409375 0.3333333333333334 0.46015625 0.3333333333333334