2 0.7390625 0.3930555555555557 0.69765625 0.3930555555555557 0.69765625 0.5166666666666668 0.7390625 0.5166666666666668
2 0.85078125 0.4916666666666668 0.796875 0.4916666666666668 0.796875 0.6555555555555557 0.85078125 0.6555555555555557
0 0.57265625 0.20416666666666677 0.53125 0.20416666666666675 0.53125 0.2861111111111112 0.57265625 0.28611111111111126
0 0.29609375000000004 0.5583333333333333 0.13593750000000004 0.5583333333333333 0.13593750000000004 0.8138888888888889 0.2960937500000001 0.8138888888888889
0 0.4578125 0.45138888888888895 0.33515625 0.4513888888888889 0.33515625000000004 0.7375 0.4578125 0.7375
0 0.40234375 0.3361111111111112 0.3375 0.3361111111111112 0.3375 0.4458333333333334 0.40234375 0.44583333333333347
2 0.10390625000000005 0.3541666666666667 0.04687500000000002 0.3541666666666667 0.04687500000000003 0.4222222222222222 0.10390625000000005 0.4222222222222222
2 0.13437500000000005 0.5527777777777778 0.07968750000000005 0.5527777777777778 0.07968750000000005 0.7 0.13437500000000005 0.7
2 0.21953125 0.4486111111111111 0.18437500000000004 0.4486111111111111 0.18437500000000004 0.5638888888888889 0.21953125 0.5638888888888889
2 0.290625 0.4111111111111111 0.25546875 0.4111111111111111 0.25546875 0.5138888888888888 0.290625 0.5138888888888888
2 0.25 0.34027777777777785 0.2265625 0.34027777777777785 0.2265625 0.40694444444444444 0.25 0.40694444444444444
2 0.3 0.30277777777777787 0.27890625 0.30277777777777787 0.27890625 0.38333333333333336 0.3 0.38333333333333336
2 0.321875 0.31944444444444453 0.296875 0.31944444444444453 0.296875 0.4097222222222222 0.321875 0.4097222222222222
2 0.35625 0.27777777777777785 0.33515625 0.27777777777777785 0.33515625 0.35277777777777786 0.35625 0.35277777777777786
2 0.3828125 0.27638888888888896 0.36015625 0.27638888888888896 0.36015625 0.3375000000000001 0.3828125 0.3375000000000001
2 0.3125 0.2736111111111112 0.29453125 0.2736111111111112 0.29453125 0.31944444444444453 0.3125 0.31944444444444453
2 0.215625 0.3958333333333333 0.18671875000000004 0.3958333333333333 0.18671875000000004 0.46944444444444444 0.215625 0.46944444444444444
2 0.3296875 0.25000000000000006 0.3109375 0.25000000000000006 0.3109375 0.30555555555555564 0.3296875 0.30555555555555564