2 0.70390625 0.6125000000000002 0.64140625 0.6125000000000002 0.64140625 0.7583333333333333 0.70390625 0.7583333333333333
2 0.628125 0.6486111111111112 0.55 0.6486111111111112 0.55 0.8 0.628125 0.8
2 0.7515625 0.4361111111111113 0.7234375 0.4361111111111113 0.7234375 0.5500000000000002 0.7515625 0.5500000000000002
2 0.89453125 0.8111111111111114 0.82578125 0.8111111111111114 0.82578125 1.0000000000000002 0.89453125 1.0000000000000002
2 0.3171875 0.2819444444444445 0.29453125 0.2819444444444445 0.29453125 0.3763888888888889 0.3171875 0.3763888888888889
2 0.21406250000000004 0.5125 0.18203125000000003 0.5125 0.18203125000000003 0.6638888888888889 0.2140625000000001 0.6638888888888889
2 0.09062500000000002 0.3402777777777778 0.039843750000000025 0.3402777777777778 0.039843750000000025 0.42777777777777776 0.09062500000000002 0.42777777777777776
2 0.25 0.33888888888888896 0.19140625000000006 0.33888888888888896 0.19140625000000006 0.4236111111111111 0.25 0.4236111111111111
2 0.3796875 0.2722222222222223 0.36015625 0.2722222222222223 0.36015625 0.3486111111111112 0.3796875 0.3486111111111112
2 0.17500000000000004 0.6486111111111111 0.12968750000000004 0.6486111111111111 0.12968750000000004 0.8305555555555556 0.17500000000000004 0.8305555555555556
2 0.2921875 0.43194444444444446 0.2640625 0.43194444444444446 0.2640625 0.5527777777777778 0.2921875 0.5527777777777778
2 0.34921875 0.2958333333333334 0.328125 0.2958333333333334 0.328125 0.39444444444444443 0.34921875 0.39444444444444443
2 0.7875 0.690277777777778 0.74765625 0.690277777777778 0.74765625 0.8458333333333337 0.7875 0.8458333333333337
2 0.4640625 0.565277777777778 0.4046875 0.565277777777778 0.4046875 0.7055555555555557 0.4640625 0.7055555555555557
2 0.18593750000000003 0.3388888888888889 0.13125000000000003 0.3388888888888889 0.13125000000000003 0.42083333333333334 0.18593750000000003 0.42083333333333334
2 0.40859375 0.1583333333333334 0.39609375 0.1583333333333334 0.39609375 0.21666666666666676 0.40859375 0.21666666666666676
2 0.79453125 0.43888888888888905 0.7609375 0.43888888888888905 0.7609375 0.5500000000000002 0.79453125 0.5500000000000002
2 0.646875 0.2972222222222224 0.625 0.2972222222222224 0.625 0.3819444444444446 0.646875 0.3819444444444446
2 0.98046875 0.7777777777777781 0.93671875 0.7777777777777781 0.93671875 0.9583333333333337 0.98046875 0.9583333333333337
2 0.7328125 0.3319444444444446 0.709375 0.3319444444444446 0.709375 0.4013888888888891 0.7328125 0.4013888888888891
2 0.9421875 0.8250000000000003 0.8796875 0.8250000000000003 0.8796875 0.9958333333333337 0.9421875 0.9958333333333337
2 0.98359375 0.6791666666666668 0.92578125 0.6791666666666668 0.92578125 0.8027777777777781 0.98359375 0.8027777777777781
2 0.85625 0.5958333333333334 0.8203125 0.5958333333333334 0.8203125 0.7180555555555559 0.85625 0.7180555555555559
2 0.84453125 0.5472222222222224 0.81171875 0.5472222222222224 0.81171875 0.5916666666666668 0.84453125 0.5916666666666668
2 0.6 0.22500000000000014 0.58203125 0.22500000000000014 0.58203125 0.2833333333333335 0.6 0.2833333333333335
2 0.73984375 0.41388888888888903 0.709375 0.41388888888888903 0.709375 0.4916666666666668 0.73984375 0.4916666666666668
2 0.70078125 0.36111111111111127 0.67578125 0.36111111111111127 0.67578125 0.45277777777777795 0.70078125 0.45277777777777795
2 0.5734375 0.2208333333333335 0.5578125 0.2208333333333335 0.5578125 0.2847222222222224 0.5734375 0.2847222222222224
0 0.5 0.4319444444444446 0.38359375 0.4319444444444446 0.38359375 0.5527777777777779 0.5 0.5527777777777779
0 0.60546875 0.35416666666666685 0.54453125 0.35416666666666685 0.54453125 0.4638888888888891 0.60546875 0.4638888888888891
0 0.42890625 0.31111111111111117 0.3765625 0.31111111111111117 0.3765625 0.42361111111111127 0.42890625 0.42361111111111127
0 0.4671875 0.21250000000000008 0.43203125 0.21250000000000008 0.43203125 0.2736111111111112 0.4671875 0.2736111111111112
0 0.83515625 0.5680555555555558 0.71328125 0.5680555555555558 0.71328125 0.752777777777778 0.83515625 0.7527777777777781
0 0.4875 0.2861111111111112 0.44375 0.2861111111111112 0.44375 0.3736111111111113 0.4875 0.3736111111111113
0 0.61953125 0.28750000000000014 0.57734375 0.28750000000000014 0.57734375 0.3791666666666668 0.61953125 0.3791666666666668
0 0.5234375 0.17083333333333345 0.496875 0.17083333333333345 0.496875 0.2347222222222223 0.5234375 0.2347222222222223
0 0.34687500000000004 0.5472222222222223 0.2515625 0.5472222222222223 0.2515625 0.7708333333333334 0.3468750000000001 0.7708333333333334
0 0.47109375 0.16527777777777788 0.446875 0.16527777777777786 0.446875 0.2111111111111112 0.47109375 0.2111111111111112
1 0.665625 0.3805555555555557 0.571875 0.3805555555555557 0.571875 0.6041666666666669 0.665625 0.6041666666666669
2 0.8375 0.4944444444444446 0.803125 0.4944444444444446 0.803125 0.5902777777777779 0.8375 0.5902777777777779