2 0.3101562500000001 0.6694444444444444 0.2687500000000001 0.6694444444444444 0.2687500000000001 0.8722222222222222 0.3101562500000001 0.8722222222222222
2 0.33046875 0.47638888888888886 0.30546875 0.47638888888888886 0.30546875 0.5986111111111111 0.33046875 0.5986111111111111
2 0.49453125 0.6111111111111113 0.45703125 0.6111111111111113 0.45703125 0.7722222222222223 0.49453125 0.7722222222222223
2 0.484375 0.4722222222222224 0.459375 0.4722222222222224 0.459375 0.588888888888889 0.484375 0.588888888888889
2 0.5390625 0.46527777777777796 0.5140625 0.46527777777777796 0.5140625 0.5875000000000001 0.5390625 0.5875000000000001
2 0.3609375 0.3680555555555556 0.34140625 0.3680555555555556 0.34140625 0.45694444444444443 0.3609375 0.45694444444444443
2 0.52578125 0.32500000000000007 0.5078125 0.32500000000000007 0.5078125 0.4069444444444446 0.52578125 0.4069444444444446
2 0.50078125 0.30416666666666675 0.4859375 0.30416666666666675 0.4859375 0.37777777777777793 0.50078125 0.37777777777777793
2 0.41484375 0.28333333333333344 0.39921875 0.28333333333333344 0.39921875 0.3500000000000001 0.41484375 0.3500000000000001
2 0.4875 0.2736111111111112 0.4734375 0.2736111111111112 0.4734375 0.3347222222222223 0.4875 0.3347222222222223
2 0.4421875 0.2250000000000001 0.42890625 0.2250000000000001 0.42890625 0.27777777777777785 0.4421875 0.27777777777777785
2 0.5125 0.24027777777777787 0.49765625 0.24027777777777787 0.49765625 0.29166666666666674 0.5125 0.29166666666666674