2 0.13671875000000006 0.8347222222222223 0.07421875000000007 0.8347222222222223 0.07421875000000007 1 0.13671875000000008 1
2 0.29921875000000003 0.5472222222222223 0.26171875 0.5472222222222223 0.26171875000000006 0.6888888888888889 0.2992187500000001 0.6888888888888889
2 0.56015625 0.6986111111111113 0.5171875 0.6986111111111113 0.5171875 0.8819444444444444 0.56015625 0.8819444444444444
2 0.51328125 0.5305555555555557 0.47734375 0.5305555555555557 0.47734375 0.676388888888889 0.51328125 0.676388888888889
2 0.55859375 0.3958333333333335 0.5359375 0.3958333333333335 0.5359375 0.4902777777777779 0.55859375 0.4902777777777779
0 0.43046875 0.41666666666666674 0.3515625 0.4166666666666667 0.3515625 0.5583333333333335 0.43046875 0.5583333333333335
2 0.396875 0.31111111111111117 0.38125 0.31111111111111117 0.38125 0.3805555555555557 0.396875 0.3805555555555557
2 0.53359375 0.2861111111111112 0.5203125 0.2861111111111112 0.5203125 0.3486111111111112 0.53359375 0.3486111111111112
2 0.4265625 0.28333333333333344 0.41640625 0.28333333333333344 0.41640625 0.3375000000000001 0.4265625 0.3375000000000001
2 0.50390625 0.23333333333333342 0.49375 0.23333333333333342 0.49375 0.2930555555555556 0.50390625 0.2930555555555556
2 0.5296875 0.23333333333333342 0.51875 0.23333333333333342 0.51875 0.28333333333333344 0.5296875 0.28333333333333344