2 0.2453125 0.4361111111111111 0.21171875 0.4361111111111111 0.21171875 0.5805555555555556 0.2453125 0.5805555555555556
2 0.10390625000000005 0.3638888888888889 0.04921875000000002 0.3638888888888889 0.049218750000000026 0.43194444444444446 0.10390625000000005 0.43194444444444446
1 0.64453125 0.20416666666666677 0.5171875 0.20416666666666675 0.5171875 0.5041666666666669 0.64453125 0.5041666666666669
2 0.45546875 0.26944444444444454 0.4328125 0.26944444444444454 0.4328125 0.36250000000000016 0.45546875 0.36250000000000016
2 0.83671875 0.4722222222222224 0.803125 0.4722222222222224 0.803125 0.5861111111111112 0.83671875 0.5861111111111112
2 0.8984375 0.6527777777777779 0.8234375 0.6527777777777779 0.8234375 0.8444444444444448 0.8984375 0.8444444444444448
0 0.70078125 0.32777777777777795 0.63828125 0.32777777777777795 0.63828125 0.4416666666666668 0.70078125 0.4416666666666668
2 0.77734375 0.3944444444444446 0.73828125 0.3944444444444446 0.73828125 0.48611111111111127 0.77734375 0.48611111111111127
2 0.75 0.29861111111111127 0.7234375 0.29861111111111127 0.7234375 0.3819444444444446 0.75 0.3819444444444446
2 0.71875 0.29305555555555574 0.6984375 0.29305555555555574 0.6984375 0.3652777777777779 0.71875 0.3652777777777779
2 0.6875 0.24722222222222237 0.66484375 0.24722222222222237 0.66484375 0.32222222222222235 0.6875 0.32222222222222235
2 0.66953125 0.23611111111111127 0.65 0.23611111111111127 0.65 0.3055555555555557 0.66953125 0.3055555555555557
2 0.70234375 0.24861111111111128 0.68203125 0.24861111111111128 0.68203125 0.32916666666666683 0.70234375 0.32916666666666683