0 0.4203125 0.5694444444444445 0.28828125 0.5694444444444444 0.28828125000000004 0.9111111111111111 0.4203125 0.9111111111111111
2 0.90703125 0.5763888888888891 0.846875 0.5763888888888891 0.846875 0.7513888888888892 0.90703125 0.7513888888888892
2 0.2703125 0.3972222222222222 0.225 0.3972222222222222 0.225 0.5611111111111111 0.2703125 0.5611111111111111
2 0.32109375 0.47638888888888886 0.2828125 0.47638888888888886 0.2828125 0.5958333333333333 0.32109375 0.5958333333333333
2 0.33984375 0.36527777777777776 0.30859375 0.36527777777777776 0.30859375 0.4986111111111111 0.33984375 0.4986111111111111
2 0.33515625 0.301388888888889 0.29609375 0.301388888888889 0.29609375 0.39305555555555555 0.33515625 0.39305555555555555
2 0.28125 0.2750000000000001 0.25 0.2750000000000001 0.25 0.36944444444444446 0.28125 0.36944444444444446
2 0.10937500000000004 0.3541666666666667 0.050000000000000024 0.3541666666666667 0.050000000000000024 0.43194444444444446 0.10937500000000004 0.43194444444444446
2 0.3703125 0.23055555555555562 0.34609375 0.23055555555555562 0.34609375 0.2972222222222223 0.3703125 0.2972222222222223
2 0.4078125 0.2111111111111112 0.38515625 0.2111111111111112 0.38515625 0.2958333333333334 0.4078125 0.2958333333333334
0 0.4703125 0.20138888888888898 0.41875 0.20138888888888898 0.41875 0.2930555555555556 0.4703125 0.2930555555555556
2 0.51640625 0.21388888888888896 0.47578125 0.21388888888888896 0.47578125 0.2819444444444445 0.51640625 0.2819444444444445
2 0.39765625 0.15416666666666676 0.378125 0.15416666666666676 0.378125 0.2097222222222223 0.39765625 0.2097222222222223
2 0.6125 0.17361111111111122 0.59375 0.17361111111111122 0.59375 0.23888888888888904 0.6125 0.23888888888888904