2 0.20390625 0.44583333333333336 0.11953125000000005 0.44583333333333336 0.11953125000000005 0.5736111111111111 0.20390625 0.5736111111111111
2 0.271875 0.35555555555555557 0.23046875 0.35555555555555557 0.23046875 0.4513888888888889 0.271875 0.4513888888888889
2 0.29375 0.28333333333333344 0.2609375 0.28333333333333344 0.2609375 0.3680555555555556 0.29375 0.3680555555555556
2 0.35234375 0.2250000000000001 0.32578125 0.2250000000000001 0.32578125 0.2750000000000001 0.35234375 0.2750000000000001
2 0.75546875 0.3055555555555557 0.7296875 0.3055555555555557 0.7296875 0.4083333333333335 0.75546875 0.4083333333333335
1 0.47421875 0.20000000000000007 0.3890625 0.20000000000000007 0.3890625 0.4347222222222224 0.47421875 0.4347222222222224
0 0.3546875 0.2805555555555556 0.29453125 0.2805555555555556 0.29453125 0.3972222222222222 0.3546875 0.3972222222222222
0 0.4015625 0.2097222222222223 0.3578125 0.2097222222222223 0.3578125 0.2722222222222223 0.4015625 0.2722222222222223
1 0.690625 0.12638888888888902 0.5765625 0.126388888888889 0.5765625 0.3875000000000002 0.690625 0.3875000000000002
2 0.53828125 0.19444444444444453 0.51796875 0.19444444444444453 0.51796875 0.26527777777777783 0.53828125 0.26527777777777783
2 0.5140625 0.21388888888888896 0.49765625 0.21388888888888896 0.49765625 0.2722222222222223 0.5140625 0.2722222222222223
0 0.15000000000000008 0.7486111111111111 5.156911130784557e-17 0.7486111111111111 6.02277468799421e-17 1 0.15000000000000008 1