2 0.7609375 0.3166666666666668 0.7328125 0.3166666666666668 0.7328125 0.4152777777777779 0.7609375 0.4152777777777779
2 0.8421875 0.4319444444444446 0.80234375 0.4319444444444446 0.80234375 0.5555555555555557 0.8421875 0.5555555555555557
2 0.328125 0.20833333333333343 0.3078125 0.20833333333333343 0.3078125 0.2708333333333334 0.328125 0.2708333333333334
2 0.3796875 0.16388888888888897 0.3625 0.16388888888888897 0.3625 0.20694444444444451 0.3796875 0.20694444444444451
2 0.83203125 0.38333333333333347 0.79765625 0.38333333333333347 0.79765625 0.4833333333333335 0.83203125 0.4833333333333335
2 0.94296875 0.5847222222222224 0.90625 0.5847222222222224 0.90625 0.7055555555555557 0.94296875 0.7055555555555557
0 0.68671875 0.5875000000000001 0.5359375 0.5875000000000001 0.5359375 0.8611111111111112 0.68671875 0.8611111111111112
0 0.96875 0.5875000000000001 0.75390625 0.5875000000000001 0.75390625 0.9527777777777781 0.96875 0.9527777777777781
1 0.409375 0.37916666666666676 0.2953125 0.37916666666666665 0.29531250000000003 0.6986111111111112 0.409375 0.6986111111111113
1 0.61015625 0.20833333333333345 0.52265625 0.20833333333333343 0.52265625 0.38472222222222235 0.61015625 0.38472222222222235
1 0.7265625 0.19861111111111127 0.6125 0.19861111111111127 0.6125 0.41805555555555574 0.7265625 0.41805555555555574
1 0.4859375 0.1250000000000001 0.45703125 0.1250000000000001 0.45703125 0.20000000000000007 0.4859375 0.20000000000000007
1 0.54296875 0.1291666666666668 0.51328125 0.1291666666666668 0.51328125 0.20416666666666675 0.54296875 0.20416666666666675