3 0.66953125 0.17361111111111124 0.58515625 0.17361111111111122 0.58515625 0.3083333333333335 0.66953125 0.3083333333333335
2 0.2671875 0.351388888888889 0.23203125 0.351388888888889 0.23203125 0.4875 0.2671875 0.4875
2 0.33671875 0.35416666666666674 0.29765625 0.35416666666666674 0.29765625 0.4638888888888889 0.33671875 0.4638888888888889
2 0.384375 0.3777777777777779 0.3453125 0.37777777777777777 0.3453125 0.5027777777777779 0.384375 0.502777777777778
2 0.10781250000000005 0.3541666666666667 0.046093750000000024 0.3541666666666667 0.04609375000000003 0.4444444444444444 0.10781250000000005 0.4444444444444444
2 0.29921875 0.2819444444444445 0.28046875 0.2819444444444445 0.28046875 0.3597222222222222 0.29921875 0.3597222222222222
2 0.38515625 0.2944444444444445 0.3609375 0.2944444444444445 0.3609375 0.3722222222222223 0.38515625 0.3722222222222224
2 0.3453125 0.2805555555555556 0.32890625 0.2805555555555556 0.32890625 0.3486111111111112 0.3453125 0.3486111111111112
3 0.990625 0.33055555555555577 0.67578125 0.3305555555555557 0.67578125 0.9986111111111112 0.990625 0.9986111111111114
2 0.11328125000000004 0.5722222222222222 0.050000000000000044 0.5722222222222222 0.050000000000000044 0.6819444444444445 0.11328125000000004 0.6819444444444445
2 0.34296875 0.24166666666666675 0.31640625 0.24166666666666675 0.31640625 0.30277777777777787 0.34296875 0.30277777777777787
2 0.35703125 0.2472222222222223 0.3453125 0.2472222222222223 0.3453125 0.30416666666666675 0.35703125 0.30416666666666675
2 0.409375 0.2361111111111112 0.39140625 0.2361111111111112 0.39140625 0.2986111111111112 0.409375 0.2986111111111112
2 0.36953125 0.24305555555555564 0.3546875 0.24305555555555564 0.3546875 0.3069444444444445 0.36953125 0.3069444444444445
2 0.240625 0.47638888888888886 0.2 0.47638888888888886 0.2 0.6 0.240625 0.6
0 0.478125 0.21388888888888896 0.434375 0.21388888888888896 0.434375 0.2972222222222223 0.478125 0.2972222222222223
2 0.7171875 0.2972222222222224 0.696875 0.2972222222222224 0.696875 0.3527777777777779 0.7171875 0.3527777777777779
2 0.5296875 0.21944444444444453 0.5078125 0.21944444444444453 0.5078125 0.3000000000000001 0.5296875 0.3000000000000001