2 0.70390625 0.4930555555555557 0.67890625 0.4930555555555557 0.67890625 0.5708333333333335 0.70390625 0.5708333333333335
2 0.83125 0.4500000000000002 0.80234375 0.4500000000000002 0.80234375 0.5291666666666668 0.83125 0.5291666666666668
2 0.753125 0.4819444444444446 0.725 0.4819444444444446 0.725 0.5583333333333335 0.753125 0.5583333333333335
2 0.734375 0.4708333333333335 0.709375 0.4708333333333335 0.709375 0.5430555555555557 0.734375 0.5430555555555557
2 0.62734375 0.502777777777778 0.59765625 0.502777777777778 0.59765625 0.5875000000000001 0.62734375 0.5875000000000001
2 0.67890625 0.47916666666666685 0.65390625 0.47916666666666685 0.65390625 0.5541666666666668 0.67890625 0.5541666666666668
2 0.66328125 0.5166666666666668 0.63515625 0.5166666666666668 0.63515625 0.6083333333333335 0.66328125 0.6083333333333335
2 0.53046875 0.6722222222222224 0.4875 0.6722222222222224 0.4875 0.7861111111111111 0.53046875 0.7861111111111111
2 0.7546875 0.4194444444444446 0.73125 0.4194444444444446 0.73125 0.4833333333333335 0.7546875 0.4833333333333335
2 0.79453125 0.4305555555555557 0.76953125 0.4305555555555557 0.76953125 0.4972222222222224 0.79453125 0.4972222222222224
2 0.7703125 0.39166666666666683 0.74921875 0.39166666666666683 0.74921875 0.4500000000000002 0.7703125 0.4500000000000002
2 0.61328125 0.4819444444444446 0.58671875 0.4819444444444446 0.58671875 0.5611111111111112 0.61328125 0.5611111111111112
2 0.7171875 0.41805555555555574 0.7046875 0.41805555555555574 0.7046875 0.4819444444444446 0.7171875 0.4819444444444446
2 0.78984375 0.5902777777777779 0.753125 0.5902777777777779 0.753125 0.7041666666666668 0.78984375 0.7041666666666668
2 0.37968750000000007 0.8694444444444445 0.3125000000000001 0.8694444444444445 0.3125000000000001 0.9986111111111111 0.37968750000000007 0.9986111111111111
2 0.8640625 0.5916666666666668 0.825 0.5916666666666668 0.825 0.7055555555555557 0.8640625 0.7055555555555557
2 0.878125 0.41388888888888903 0.85625 0.41388888888888903 0.85625 0.47916666666666685 0.878125 0.47916666666666685
2 0.625 0.690277777777778 0.58515625 0.690277777777778 0.58515625 0.7958333333333333 0.625 0.7958333333333333
2 0.79609375 0.3958333333333335 0.78046875 0.3958333333333335 0.78046875 0.4486111111111113 0.79609375 0.4486111111111113
2 0.68515625 0.4333333333333335 0.66171875 0.4333333333333335 0.66171875 0.4944444444444446 0.68515625 0.4944444444444446
2 0.84921875 0.3694444444444446 0.834375 0.3694444444444446 0.834375 0.42500000000000016 0.84921875 0.42500000000000016
2 0.7234375 0.35555555555555574 0.70390625 0.35555555555555574 0.70390625 0.4083333333333335 0.7234375 0.4083333333333335
0 0.5171875 0.7486111111111111 0.4140625 0.7486111111111111 0.4140625 0.9319444444444445 0.5171875 0.9319444444444445
0 0.684375 0.7625 0.57265625 0.7625 0.57265625 0.9736111111111111 0.684375 0.9736111111111111
0 0.26015625000000003 0.5888888888888889 0.13593750000000004 0.5888888888888889 0.13593750000000004 0.7291666666666666 0.2601562500000001 0.7291666666666666
0 0.64140625 0.6013888888888891 0.55703125 0.6013888888888891 0.55703125 0.7375 0.64140625 0.7375
0 0.41015625 0.47916666666666674 0.32734375 0.4791666666666667 0.32734375 0.5902777777777779 0.41015625 0.5902777777777779
0 0.61796875 0.3861111111111113 0.5765625 0.3861111111111113 0.5765625 0.45138888888888906 0.61796875 0.45138888888888906
0 0.53125 0.4194444444444446 0.471875 0.4194444444444446 0.471875 0.5111111111111113 0.53125 0.5111111111111113
0 0.6875 0.39722222222222237 0.64609375 0.39722222222222237 0.64609375 0.4708333333333335 0.6875 0.4708333333333335
0 0.59140625 0.3652777777777779 0.553125 0.3652777777777779 0.553125 0.4222222222222224 0.59140625 0.4222222222222224
2 0.7375 0.3597222222222224 0.72578125 0.3597222222222224 0.72578125 0.4055555555555557 0.7375 0.4055555555555557
2 0.8140625 0.36250000000000016 0.8 0.36250000000000016 0.8 0.41111111111111126 0.8140625 0.41111111111111126
2 0.86875 0.3527777777777779 0.85390625 0.3527777777777779 0.85390625 0.40277777777777796 0.86875 0.40277777777777796
2 0.83359375 0.3583333333333335 0.8203125 0.3583333333333335 0.8203125 0.4097222222222224 0.83359375 0.4097222222222224