0 0.33125000000000004 0.5541666666666667 0.19687500000000005 0.5541666666666667 0.19687500000000005 0.6819444444444445 0.3312500000000001 0.6819444444444445
0 0.484375 0.502777777777778 0.4109375 0.502777777777778 0.4109375 0.6041666666666669 0.484375 0.6041666666666669
0 0.54375 0.4097222222222224 0.471875 0.4097222222222224 0.471875 0.5041666666666669 0.54375 0.5041666666666669
2 0.48125 0.6458333333333335 0.4265625 0.6458333333333335 0.4265625 0.7888888888888889 0.48125 0.7888888888888889
2 0.3343750000000001 0.7555555555555555 0.2726562500000001 0.7555555555555555 0.2726562500000001 0.9125 0.3343750000000001 0.9125
0 0.534375 0.8611111111111112 0.409375 0.8611111111111112 0.409375 0.9958333333333333 0.534375 0.9958333333333333
2 0.734375 0.7819444444444446 0.68515625 0.7819444444444444 0.68515625 0.9291666666666668 0.734375 0.929166666666667
2 0.79765625 0.665277777777778 0.759375 0.665277777777778 0.759375 0.8111111111111114 0.79765625 0.8111111111111114
2 0.846875 0.6847222222222223 0.80625 0.6847222222222223 0.80625 0.8388888888888892 0.846875 0.8388888888888892
2 0.74765625 0.6333333333333335 0.7078125 0.6333333333333335 0.7078125 0.7541666666666669 0.74765625 0.754166666666667
2 0.6828125 0.502777777777778 0.646875 0.502777777777778 0.646875 0.5972222222222224 0.6828125 0.5972222222222224
2 0.64140625 0.4819444444444446 0.61171875 0.4819444444444446 0.61171875 0.5625000000000001 0.64140625 0.5625000000000001
2 0.68671875 0.4055555555555557 0.6546875 0.4055555555555557 0.6546875 0.4833333333333335 0.68671875 0.4833333333333335
2 0.6875 0.4430555555555557 0.65703125 0.4430555555555557 0.65703125 0.5277777777777779 0.6875 0.5277777777777779
2 0.7109375 0.4708333333333335 0.68203125 0.4708333333333335 0.68203125 0.5444444444444446 0.7109375 0.5444444444444446
2 0.72421875 0.4305555555555557 0.703125 0.4305555555555557 0.703125 0.48750000000000016 0.72421875 0.48750000000000016
2 0.74765625 0.44722222222222235 0.72265625 0.44722222222222235 0.72265625 0.5125000000000002 0.74765625 0.5125000000000002
2 0.76015625 0.515277777777778 0.73359375 0.515277777777778 0.73359375 0.5791666666666668 0.76015625 0.5791666666666668
2 0.75234375 0.563888888888889 0.71640625 0.563888888888889 0.71640625 0.6388888888888891 0.75234375 0.6388888888888891
2 0.79765625 0.5222222222222224 0.75625 0.5222222222222224 0.75625 0.6111111111111113 0.79765625 0.6111111111111113
2 0.81796875 0.4777777777777779 0.78359375 0.4777777777777779 0.78359375 0.540277777777778 0.81796875 0.540277777777778
2 0.8390625 0.5041666666666669 0.81328125 0.5041666666666669 0.81328125 0.5972222222222224 0.8390625 0.5972222222222224
2 0.8484375 0.4416666666666668 0.81953125 0.4416666666666668 0.81953125 0.526388888888889 0.8484375 0.526388888888889
2 0.7703125 0.40416666666666684 0.7390625 0.40416666666666684 0.7390625 0.4694444444444446 0.7703125 0.4694444444444446
2 0.80234375 0.3944444444444446 0.77890625 0.3944444444444446 0.77890625 0.4583333333333335 0.80234375 0.4583333333333335
2 0.81640625 0.40416666666666684 0.79375 0.40416666666666684 0.79375 0.4638888888888891 0.81640625 0.4638888888888891
2 0.85390625 0.3791666666666668 0.82734375 0.3791666666666668 0.82734375 0.45277777777777795 0.85390625 0.45277777777777795