2 0.18437500000000007 0.6333333333333333 0.0015625000000000437 0.6333333333333333 0.0015625000000000562 0.9958333333333333 0.1843750000000001 0.9958333333333333
2 0.38828125 0.3486111111111112 0.31640625 0.3486111111111112 0.31640625 0.49027777777777787 0.38828125 0.4902777777777779
2 0.15000000000000005 0.4 0.12578125000000004 0.4 0.12578125000000004 0.5069444444444444 0.15000000000000005 0.5069444444444444
0 0.5578125 0.3333333333333334 0.5 0.3333333333333334 0.5 0.44583333333333347 0.5578125 0.44583333333333347
0 0.5515625 0.28055555555555567 0.49765625 0.2805555555555556 0.49765625 0.3416666666666668 0.5515625 0.34166666666666684
1 0.63203125 0.24027777777777792 0.5875 0.24027777777777792 0.5875 0.3319444444444446 0.63203125 0.3319444444444446
3 0.6125 0.1666666666666668 0.4671875 0.1666666666666668 0.4671875 0.2625000000000001 0.6125 0.2625000000000002
2 0.68828125 0.2819444444444446 0.6734375 0.2819444444444446 0.6734375 0.34027777777777796 0.68828125 0.34027777777777796
2 0.73828125 0.33472222222222237 0.71640625 0.33472222222222237 0.71640625 0.39722222222222237 0.73828125 0.39722222222222237
2 0.7046875 0.27916666666666684 0.68984375 0.27916666666666684 0.68984375 0.3319444444444446 0.7046875 0.3319444444444446
0 0.665625 0.21805555555555572 0.621875 0.21805555555555572 0.621875 0.26527777777777795 0.665625 0.26527777777777795
0 0.69921875 0.20416666666666683 0.659375 0.20416666666666683 0.659375 0.2444444444444446 0.69921875 0.2444444444444446
0 0.74296875 0.22361111111111126 0.70703125 0.22361111111111126 0.70703125 0.26388888888888906 0.74296875 0.26388888888888906
1 0.95546875 0.3791666666666668 0.59609375 0.3791666666666668 0.59609375 0.9763888888888891 0.95546875 0.9763888888888892