2 0.71328125 0.25138888888888905 0.69453125 0.25138888888888905 0.69453125 0.3069444444444446 0.71328125 0.3069444444444446
0 0.86015625 0.6125000000000002 0.67734375 0.6125000000000002 0.67734375 0.8958333333333335 0.86015625 0.8958333333333337
0 0.68125 0.22777777777777794 0.6375 0.22777777777777794 0.6375 0.27916666666666684 0.68125 0.27916666666666684
0 0.63125 0.501388888888889 0.5265625 0.501388888888889 0.5265625 0.7236111111111111 0.63125 0.7236111111111111
0 0.7046875 0.8083333333333333 0.51953125 0.8083333333333333 0.51953125 0.9986111111111111 0.7046875 0.9986111111111111
0 0.5546875 0.32361111111111124 0.4984375 0.3236111111111112 0.4984375 0.4347222222222224 0.5546875 0.4347222222222224
0 0.625 0.2944444444444446 0.5796875 0.2944444444444446 0.5796875 0.35416666666666685 0.625 0.35416666666666685
0 0.63359375 0.25000000000000017 0.5921875 0.25000000000000017 0.5921875 0.2958333333333335 0.63359375 0.2958333333333335
0 0.6890625 0.38333333333333347 0.596875 0.38333333333333347 0.596875 0.5347222222222224 0.6890625 0.5347222222222224
0 0.64453125 0.34166666666666684 0.59375 0.34166666666666684 0.59375 0.4152777777777779 0.64453125 0.4152777777777779
3 0.515625 0.15694444444444455 0.3765625 0.15694444444444453 0.3765625 0.2722222222222223 0.515625 0.2722222222222223
1 0.6640625 0.18888888888888905 0.609375 0.18888888888888905 0.609375 0.2611111111111113 0.6640625 0.2611111111111113