2 0.19843750000000004 0.6805555555555556 0.14140625000000004 0.6805555555555556 0.14140625000000004 0.8986111111111111 0.19843750000000004 0.8986111111111111
2 0.33984375 0.27777777777777785 0.32578125 0.27777777777777785 0.32578125 0.3361111111111112 0.33984375 0.3361111111111112
2 0.2953125 0.31805555555555565 0.2765625 0.31805555555555565 0.2765625 0.40694444444444444 0.2953125 0.40694444444444444
2 0.36875 0.19861111111111118 0.35625 0.19861111111111118 0.35625 0.2597222222222223 0.36875 0.2597222222222223
2 0.11875000000000005 0.5277777777777778 0.07968750000000005 0.5277777777777778 0.07968750000000005 0.6708333333333333 0.11875000000000005 0.6708333333333333
2 0.03437500000000006 0.825 5.683126552293186e-17 0.825 6.228477080038492e-17 0.9833333333333333 0.034375000000000065 0.9833333333333333
2 0.04531250000000004 0.4861111111111111 0.010937500000000034 0.4861111111111111 0.010937500000000037 0.6083333333333333 0.04531250000000005 0.6083333333333333
2 0.39921875 0.17638888888888896 0.390625 0.17638888888888896 0.390625 0.21944444444444453 0.39921875 0.21944444444444453
2 0.5703125 0.14861111111111122 0.55859375 0.14861111111111122 0.55859375 0.1958333333333335 0.5703125 0.1958333333333335
2 0.16328125000000004 0.5611111111111111 0.12500000000000006 0.5611111111111111 0.12500000000000006 0.7361111111111112 0.16328125000000004 0.7361111111111112
1 0.4109375 0.2666666666666667 0.37578125 0.2666666666666667 0.37578125 0.3472222222222223 0.4109375 0.3472222222222223
0 0.47421875 0.21388888888888896 0.44375 0.21388888888888896 0.44375 0.2750000000000001 0.47421875 0.2750000000000001
1 0.615625 0.24166666666666678 0.52578125 0.24166666666666675 0.52578125 0.44583333333333347 0.615625 0.44583333333333347
0 0.425 0.2208333333333334 0.38671875 0.2208333333333334 0.38671875 0.26944444444444454 0.425 0.26944444444444454
2 0.3453125 0.24027777777777787 0.33046875 0.24027777777777787 0.33046875 0.27638888888888896 0.3453125 0.27638888888888896