1 0.29453125 0.6236111111111111 4.2958313501340745e-17 0.6236111111111111 5.587451021109799e-17 0.9986111111111111 0.2945312500000001 0.9986111111111111
1 0.91328125 0.5069444444444446 0.684375 0.5069444444444446 0.684375 0.938888888888889 0.91328125 0.9388888888888892
1 0.6421875 0.2097222222222224 0.59296875 0.2097222222222224 0.59296875 0.29861111111111127 0.6421875 0.29861111111111127
0 0.58125 0.4222222222222224 0.5109375 0.4222222222222224 0.5109375 0.5541666666666668 0.58125 0.5541666666666668
0 0.7140625 0.43750000000000017 0.6203125 0.43750000000000017 0.6203125 0.5763888888888891 0.7140625 0.5763888888888891
0 0.65 0.3583333333333335 0.58984375 0.3583333333333335 0.58984375 0.43888888888888905 0.65 0.43888888888888905
0 0.61640625 0.29305555555555574 0.575 0.29305555555555574 0.575 0.3680555555555557 0.61640625 0.3680555555555557
0 0.553125 0.2652777777777779 0.496875 0.26527777777777783 0.496875 0.3291666666666668 0.553125 0.32916666666666683
0 0.55 0.3111111111111112 0.48828125 0.31111111111111117 0.48828125 0.3805555555555557 0.55 0.3805555555555557
0 0.69921875 0.20416666666666683 0.6578125 0.20416666666666683 0.6578125 0.25833333333333347 0.69921875 0.25833333333333347
0 0.35703125 0.19583333333333341 0.30859375 0.19583333333333341 0.30859375 0.24166666666666675 0.35703125 0.24166666666666675
2 0.73203125 0.34166666666666684 0.709375 0.34166666666666684 0.709375 0.41805555555555574 0.73203125 0.41805555555555574
2 0.990625 0.6069444444444446 0.925 0.6069444444444446 0.925 0.7722222222222226 0.990625 0.7722222222222226