2 0.30078125000000006 0.5805555555555556 0.271875 0.5805555555555556 0.27187500000000003 0.7375 0.3007812500000001 0.7375
2 0.33906250000000004 0.6013888888888889 0.30390625 0.6013888888888889 0.30390625000000004 0.7708333333333334 0.3390625000000001 0.7708333333333334
2 0.47265625 0.6666666666666669 0.43203125 0.6666666666666669 0.43203125 0.8263888888888888 0.47265625 0.8263888888888888
2 0.53203125 0.6194444444444446 0.49140625 0.6194444444444446 0.49140625 0.7763888888888889 0.53203125 0.7763888888888889
2 0.35390625 0.4847222222222222 0.3234375 0.4847222222222222 0.3234375 0.5930555555555556 0.35390625 0.5930555555555556
2 0.4984375 0.48055555555555574 0.4734375 0.48055555555555574 0.4734375 0.6013888888888891 0.4984375 0.6013888888888891
2 0.3984375 0.3680555555555557 0.37890625 0.3680555555555557 0.37890625 0.45416666666666683 0.3984375 0.45416666666666683
2 0.4203125 0.2958333333333334 0.40234375 0.2958333333333334 0.40234375 0.3652777777777779 0.4203125 0.3652777777777779
2 0.4484375 0.26805555555555566 0.43203125 0.26805555555555566 0.43203125 0.3347222222222223 0.4484375 0.3347222222222223
2 0.4953125 0.2722222222222223 0.47890625 0.2722222222222223 0.47890625 0.3430555555555556 0.4953125 0.3430555555555556
2 0.528125 0.30277777777777787 0.5140625 0.30277777777777787 0.5140625 0.3694444444444446 0.528125 0.3694444444444446
2 0.46484375 0.25555555555555565 0.45234375 0.25555555555555565 0.45234375 0.31111111111111117 0.46484375 0.31111111111111117
2 0.5203125 0.2597222222222223 0.50703125 0.2597222222222223 0.50703125 0.3222222222222223 0.5203125 0.3222222222222223