0 0.8265625 0.42500000000000016 0.6921875 0.42500000000000016 0.6921875 0.627777777777778 0.8265625 0.627777777777778
0 0.68828125 0.6486111111111112 0.5484375 0.6486111111111112 0.5484375 0.9097222222222222 0.68828125 0.9097222222222222
0 0.6234375 0.4222222222222224 0.53828125 0.4222222222222224 0.53828125 0.6069444444444446 0.6234375 0.6069444444444446
1 0.59765625 0.26944444444444454 0.53046875 0.26944444444444454 0.53046875 0.41388888888888903 0.59765625 0.41388888888888903
0 0.69609375 0.27777777777777796 0.628125 0.27777777777777796 0.628125 0.4013888888888891 0.69609375 0.4013888888888891
2 0.7578125 0.32222222222222235 0.734375 0.32222222222222235 0.734375 0.38333333333333347 0.7578125 0.38333333333333347
2 0.69609375 0.2694444444444446 0.67734375 0.2694444444444446 0.67734375 0.3333333333333335 0.69609375 0.3333333333333335
2 0.665625 0.2444444444444446 0.64921875 0.2444444444444446 0.64921875 0.3055555555555557 0.665625 0.3055555555555557
2 0.33515625 0.2722222222222223 0.309375 0.2722222222222223 0.309375 0.35694444444444445 0.33515625 0.35694444444444445
2 0.23046875 0.41388888888888886 0.19765625000000003 0.41388888888888886 0.19765625000000003 0.5125 0.23046875 0.5125
2 0.11406250000000004 0.37777777777777777 0.057812500000000024 0.37777777777777777 0.057812500000000024 0.43333333333333335 0.11406250000000004 0.43333333333333335
2 0.2296875 0.26527777777777783 0.1859375 0.26527777777777783 0.1859375 0.2972222222222223 0.2296875 0.2972222222222223
2 0.39921875 0.2527777777777779 0.3734375 0.2527777777777779 0.3734375 0.32500000000000007 0.39921875 0.32500000000000007
2 0.33671875 0.21388888888888896 0.31953125 0.21388888888888896 0.31953125 0.27916666666666673 0.33671875 0.27916666666666673
2 0.37265625 0.18888888888888897 0.35859375 0.18888888888888897 0.35859375 0.25000000000000006 0.37265625 0.25000000000000006