2 0.77109375 0.3722222222222224 0.753125 0.3722222222222224 0.753125 0.42361111111111127 0.77109375 0.42361111111111127
2 0.51953125 0.7986111111111112 0.47265625 0.7986111111111112 0.47265625 0.9319444444444445 0.51953125 0.9319444444444445
2 0.8 0.6750000000000002 0.75546875 0.6750000000000002 0.75546875 0.8069444444444448 0.8 0.8069444444444448
2 0.71875 0.4694444444444446 0.6953125 0.4694444444444446 0.6953125 0.5444444444444446 0.71875 0.5444444444444446
2 0.3570312500000001 0.8 0.3039062500000001 0.8 0.3039062500000001 0.9347222222222222 0.3570312500000001 0.9347222222222222
2 0.38359375000000007 0.7097222222222223 0.3382812500000001 0.7097222222222223 0.3382812500000001 0.8305555555555556 0.38359375000000007 0.8305555555555556
2 0.2335937500000001 0.7777777777777778 0.16562500000000005 0.7777777777777778 0.16562500000000005 0.9375 0.2335937500000001 0.9375
2 0.64765625 0.4694444444444446 0.621875 0.4694444444444446 0.621875 0.5430555555555557 0.64765625 0.5430555555555557
2 0.3031250000000001 0.7847222222222222 0.2523437500000001 0.7847222222222222 0.2523437500000001 0.9263888888888889 0.3031250000000001 0.9263888888888889
2 0.5875 0.7736111111111111 0.54375 0.7736111111111111 0.54375 0.9097222222222222 0.5875 0.9097222222222222
2 0.52734375 0.4902777777777779 0.496875 0.4902777777777779 0.496875 0.5722222222222224 0.52734375 0.5722222222222224
2 0.840625 0.45138888888888906 0.82265625 0.45138888888888906 0.82265625 0.5250000000000001 0.840625 0.5250000000000001
2 0.75 0.47361111111111126 0.73203125 0.47361111111111126 0.73203125 0.5472222222222224 0.75 0.5472222222222224
2 0.72734375 0.3597222222222224 0.70703125 0.3597222222222224 0.70703125 0.41111111111111126 0.72734375 0.41111111111111126
2 0.79140625 0.3458333333333335 0.775 0.3458333333333335 0.775 0.3875000000000002 0.79140625 0.3875000000000002
2 0.30937500000000007 0.6430555555555556 0.265625 0.6430555555555556 0.26562500000000006 0.7569444444444444 0.30937500000000007 0.7569444444444444
2 0.46640625 0.5208333333333335 0.428125 0.5208333333333335 0.428125 0.6222222222222223 0.46640625 0.6222222222222223
2 0.8 0.3819444444444446 0.77890625 0.3819444444444446 0.77890625 0.4361111111111113 0.8 0.4361111111111113
2 0.47421875 0.8791666666666667 0.42421875 0.8791666666666667 0.42421875 0.9902777777777778 0.47421875 0.9902777777777778
2 0.73515625 0.44583333333333347 0.71484375 0.44583333333333347 0.71484375 0.5125000000000002 0.73515625 0.5125000000000002
2 0.5890625 0.5083333333333335 0.57421875 0.5083333333333335 0.57421875 0.5680555555555558 0.5890625 0.5680555555555558
2 0.75703125 0.3472222222222224 0.73984375 0.3472222222222224 0.73984375 0.3958333333333335 0.75703125 0.3958333333333335
2 0.8328125 0.3194444444444446 0.81796875 0.3194444444444446 0.81796875 0.3597222222222224 0.8328125 0.3597222222222224
2 0.703125 0.4430555555555557 0.68671875 0.4430555555555557 0.68671875 0.5000000000000001 0.703125 0.5000000000000001
2 0.46796875 0.7722222222222223 0.42421875 0.7722222222222223 0.42421875 0.9111111111111111 0.46796875 0.9111111111111111
2 0.32109375000000007 0.7486111111111111 0.28203125000000007 0.7486111111111111 0.28203125000000007 0.8486111111111111 0.32109375000000007 0.8486111111111111
2 0.68671875 0.3666666666666668 0.66875 0.3666666666666668 0.66875 0.41805555555555574 0.68671875 0.41805555555555574
2 0.3070312500000001 0.9083333333333333 0.2617187500000001 0.9083333333333333 0.2617187500000001 0.9930555555555556 0.3070312500000001 0.9930555555555556
2 0.4734375 0.7319444444444444 0.4375 0.7319444444444444 0.4375 0.8347222222222223 0.4734375 0.8347222222222223
0 0.6890625 0.42638888888888904 0.6484375 0.42638888888888904 0.6484375 0.48611111111111127 0.6890625 0.48611111111111127
0 0.653125 0.5291666666666668 0.5828125 0.5291666666666668 0.5828125 0.6527777777777779 0.653125 0.6527777777777779
0 0.715625 0.3305555555555557 0.68125 0.3305555555555557 0.68125 0.3819444444444446 0.715625 0.3819444444444446
0 0.63046875 0.3319444444444446 0.59765625 0.3319444444444446 0.59765625 0.38333333333333347 0.63046875 0.38333333333333347
0 0.5859375 0.5847222222222224 0.47109375 0.5847222222222224 0.47109375 0.7888888888888889 0.5859375 0.7888888888888889
3 0.58828125 0.5819444444444446 0.47734375 0.5819444444444446 0.47734375 0.7888888888888889 0.58828125 0.7888888888888889
2 0.59296875 0.4638888888888891 0.5765625 0.4638888888888891 0.5765625 0.5125000000000002 0.59296875 0.5125000000000002