2 0.73046875 0.4486111111111113 0.7125 0.4486111111111113 0.7125 0.5125000000000002 0.73046875 0.5125000000000002
2 0.7375 0.39722222222222237 0.71875 0.39722222222222237 0.71875 0.4500000000000002 0.7375 0.4500000000000002
2 0.60234375 0.5555555555555557 0.57265625 0.5555555555555557 0.57265625 0.6541666666666668 0.60234375 0.6541666666666668
2 0.8484375 0.35555555555555574 0.8328125 0.35555555555555574 0.8328125 0.4055555555555557 0.8484375 0.4055555555555557
2 0.3734375000000001 0.7736111111111111 0.32109375000000007 0.7736111111111111 0.32109375000000007 0.9263888888888889 0.3734375000000001 0.9263888888888889
2 0.86640625 0.4958333333333335 0.84609375 0.4958333333333335 0.84609375 0.563888888888889 0.86640625 0.563888888888889
2 0.68671875 0.9 0.64609375 0.9 0.64609375 0.9944444444444445 0.68671875 0.9944444444444445
2 0.2765625000000001 0.7638888888888888 0.2140625000000001 0.7638888888888888 0.2140625000000001 0.9111111111111111 0.2765625000000001 0.9111111111111111
2 0.74296875 0.34166666666666684 0.72890625 0.34166666666666684 0.72890625 0.38472222222222235 0.74296875 0.38472222222222235
2 0.71015625 0.5055555555555558 0.684375 0.5055555555555558 0.684375 0.5833333333333335 0.71015625 0.5833333333333335
2 0.5765625 0.5041666666666669 0.55 0.5041666666666669 0.55 0.5861111111111112 0.5765625 0.5861111111111112
2 0.54375 0.5875000000000001 0.51171875 0.5875000000000001 0.51171875 0.6972222222222224 0.54375 0.6972222222222224
2 0.82265625 0.46111111111111125 0.80390625 0.46111111111111125 0.80390625 0.5208333333333335 0.82265625 0.5208333333333335
2 0.49609375 0.5819444444444446 0.46171875 0.5819444444444446 0.46171875 0.6972222222222224 0.49609375 0.6972222222222224
2 0.4703125 0.7013888888888891 0.42890625 0.7013888888888891 0.42890625 0.8319444444444445 0.4703125 0.8319444444444445
2 0.890625 0.5444444444444446 0.85234375 0.5444444444444446 0.85234375 0.6291666666666669 0.890625 0.6291666666666669
2 0.8515625 0.4361111111111113 0.8359375 0.4361111111111113 0.8359375 0.4916666666666668 0.8515625 0.4916666666666668
2 0.79609375 0.3722222222222224 0.78203125 0.3722222222222224 0.78203125 0.41805555555555574 0.79609375 0.41805555555555574
2 0.81796875 0.4083333333333335 0.80234375 0.4083333333333335 0.80234375 0.4583333333333335 0.81796875 0.4583333333333335
2 0.83828125 0.501388888888889 0.81796875 0.501388888888889 0.81796875 0.5680555555555558 0.83828125 0.5680555555555558
2 0.77421875 0.32083333333333347 0.76171875 0.32083333333333347 0.76171875 0.3569444444444446 0.77421875 0.3569444444444446
2 0.76640625 0.3527777777777779 0.753125 0.3527777777777779 0.753125 0.39861111111111125 0.76640625 0.39861111111111125
2 0.79609375 0.32222222222222235 0.78515625 0.32222222222222235 0.78515625 0.3597222222222224 0.79609375 0.3597222222222224
2 0.878125 0.4361111111111113 0.85703125 0.4361111111111113 0.85703125 0.4986111111111113 0.878125 0.4986111111111113
2 0.70859375 0.43750000000000017 0.6890625 0.43750000000000017 0.6890625 0.4944444444444446 0.70859375 0.4944444444444446
2 0.83203125 0.44027777777777793 0.81796875 0.44027777777777793 0.81796875 0.48888888888888904 0.83203125 0.48888888888888904
2 0.81875 0.3194444444444446 0.80625 0.3194444444444446 0.80625 0.36250000000000016 0.81875 0.36250000000000016
2 0.82734375 0.3722222222222224 0.81328125 0.3722222222222224 0.81328125 0.4208333333333335 0.82734375 0.4208333333333335
2 0.909375 0.5375000000000002 0.87734375 0.5375000000000002 0.87734375 0.6166666666666668 0.909375 0.6166666666666668
2 0.7015625 0.47361111111111126 0.67890625 0.47361111111111126 0.67890625 0.540277777777778 0.7015625 0.540277777777778
0 0.8359375 0.5666666666666669 0.7046875 0.5666666666666669 0.7046875 0.688888888888889 0.8359375 0.688888888888889
3 0.57265625 0.3736111111111113 0.52734375 0.3736111111111113 0.52734375 0.43888888888888905 0.57265625 0.43888888888888905
3 0.68671875 0.2958333333333335 0.65 0.2958333333333335 0.65 0.3527777777777779 0.68671875 0.3527777777777779
3 0.65390625 0.33611111111111125 0.58359375 0.33611111111111125 0.58359375 0.4430555555555557 0.65390625 0.4430555555555557