0 0.74765625 0.4958333333333335 0.63671875 0.4958333333333335 0.63671875 0.6305555555555558 0.74765625 0.6305555555555558
0 0.73671875 0.7791666666666668 0.5609375 0.7791666666666667 0.5609375 0.9930555555555557 0.73671875 0.9930555555555559
0 0.63125 0.3041666666666668 0.5890625 0.3041666666666668 0.5890625 0.3930555555555557 0.63125 0.3930555555555557
0 0.625 0.26527777777777795 0.59296875 0.26527777777777795 0.59296875 0.3097222222222224 0.625 0.3097222222222224
0 0.67421875 0.2333333333333335 0.625 0.2333333333333335 0.625 0.28888888888888903 0.67421875 0.28888888888888903
1 0.28046875 0.22916666666666674 0.23359375 0.22916666666666674 0.23359375 0.3333333333333334 0.28046875 0.3333333333333334
1 0.2140625 0.15555555555555559 0.1484375 0.15555555555555559 0.1484375 0.22222222222222227 0.2140625 0.2222222222222223
1 0.5046875 0.16944444444444454 0.4171875 0.16944444444444454 0.4171875 0.2486111111111112 0.5046875 0.2486111111111112
1 0.5953125 0.16944444444444456 0.5140625 0.16944444444444456 0.5140625 0.26805555555555566 0.5953125 0.2680555555555557
2 0.4703125 0.2750000000000001 0.4421875 0.2750000000000001 0.4421875 0.33194444444444454 0.4703125 0.33194444444444454
2 0.74921875 0.23750000000000016 0.73125 0.23750000000000016 0.73125 0.27500000000000013 0.74921875 0.27500000000000013
3 0.57265625 0.21666666666666679 0.4984375 0.21666666666666676 0.4984375 0.4333333333333335 0.57265625 0.4333333333333335