0 0.71953125 0.23611111111111127 0.6765625 0.23611111111111127 0.6765625 0.27222222222222237 0.71953125 0.27222222222222237
1 0.3140625 0.45416666666666666 0.14687500000000003 0.45416666666666666 0.14687500000000003 0.8680555555555556 0.3140625000000001 0.8680555555555556
1 0.66796875 0.2791666666666668 0.51015625 0.27916666666666673 0.51015625 0.6972222222222224 0.66796875 0.6972222222222224
1 0.56328125 0.20555555555555569 0.4984375 0.20555555555555563 0.4984375 0.3416666666666668 0.56328125 0.34166666666666684
1 0.659375 0.2694444444444446 0.59609375 0.2694444444444446 0.59609375 0.3444444444444446 0.659375 0.3444444444444446
1 0.59296875 0.2027777777777779 0.5359375 0.20277777777777786 0.5359375 0.28888888888888903 0.59296875 0.28888888888888903
1 0.390625 0.22777777777777786 0.3203125 0.22777777777777786 0.3203125 0.4333333333333334 0.390625 0.4333333333333335
1 0.29453125 0.15138888888888896 0.22265625 0.15138888888888893 0.22265625 0.22777777777777786 0.29453125 0.22777777777777786
1 0.2125 0.16944444444444448 0.1796875 0.16944444444444448 0.1796875 0.22083333333333338 0.2125 0.2208333333333334
2 0.15625000000000006 0.4 0.10859375000000004 0.4 0.10859375000000004 0.5125 0.15625000000000006 0.5125
2 0.18828125000000004 0.3291666666666667 0.15781250000000005 0.32916666666666666 0.15781250000000005 0.3958333333333333 0.18828125000000004 0.3958333333333333
2 0.715625 0.25972222222222235 0.7078125 0.25972222222222235 0.7078125 0.2958333333333335 0.715625 0.2958333333333335
2 0.36953125 0.20555555555555563 0.35234375 0.20555555555555563 0.35234375 0.23055555555555562 0.36953125 0.23055555555555562
2 0.4046875 0.20277777777777786 0.3828125 0.20277777777777786 0.3828125 0.24444444444444452 0.4046875 0.24444444444444452
2 0.44609375 0.20416666666666675 0.42109375 0.20416666666666675 0.42109375 0.24027777777777787 0.44609375 0.24027777777777787
1 0.69296875 0.17500000000000013 0.5921875 0.17500000000000013 0.5921875 0.2625000000000002 0.69296875 0.2625000000000002