2 0.715625 0.2833333333333335 0.696875 0.2833333333333335 0.696875 0.3444444444444446 0.715625 0.3444444444444446
0 0.68984375 0.613888888888889 0.53125 0.613888888888889 0.53125 0.9263888888888889 0.68984375 0.9263888888888889
0 0.96875 0.7888888888888892 0.74140625 0.7888888888888892 0.74140625 0.9986111111111114 0.96875 0.9986111111111114
0 0.76796875 0.46250000000000013 0.63125 0.46250000000000013 0.63125 0.6625000000000002 0.76796875 0.6625000000000002
0 0.56796875 0.3583333333333335 0.4984375 0.3583333333333335 0.4984375 0.4833333333333335 0.56796875 0.4833333333333335
0 0.62421875 0.25277777777777793 0.58359375 0.25277777777777793 0.58359375 0.3194444444444446 0.62421875 0.3194444444444446
0 0.6234375 0.31527777777777793 0.58125 0.31527777777777793 0.58125 0.38333333333333347 0.6234375 0.38333333333333347
0 0.66796875 0.3569444444444446 0.6046875 0.3569444444444446 0.6046875 0.4638888888888891 0.66796875 0.4638888888888891
0 0.66640625 0.23888888888888904 0.6203125 0.23888888888888904 0.6203125 0.28750000000000014 0.66640625 0.28750000000000014
3 0.45703125 0.163888888888889 0.32578125 0.16388888888888897 0.32578125 0.2597222222222223 0.45703125 0.2597222222222223
3 0.79140625 0.18611111111111128 0.66796875 0.18611111111111128 0.66796875 0.27222222222222237 0.79140625 0.27222222222222237
1 0.6359375 0.20277777777777795 0.584375 0.20277777777777795 0.584375 0.27222222222222237 0.6359375 0.27222222222222237