0 0.6140625 0.3569444444444446 0.54453125 0.3569444444444446 0.54453125 0.4833333333333335 0.6140625 0.4833333333333335
2 0.753125 0.3569444444444446 0.72421875 0.3569444444444446 0.72421875 0.4444444444444446 0.753125 0.4444444444444446
2 0.884375 0.5930555555555557 0.81953125 0.5930555555555557 0.81953125 0.7000000000000002 0.884375 0.7000000000000002
2 0.68984375 0.27500000000000013 0.66796875 0.27500000000000013 0.66796875 0.35416666666666685 0.68984375 0.35416666666666685
0 0.7234375 0.6750000000000002 0.55078125 0.6750000000000002 0.55078125 0.9986111111111111 0.7234375 0.9986111111111111
0 0.4140625 0.4680555555555556 0.325 0.46805555555555556 0.32500000000000007 0.6944444444444445 0.4140625 0.6944444444444446
2 0.24296875 0.5055555555555555 0.19843750000000004 0.5055555555555555 0.19843750000000004 0.6444444444444445 0.24296875 0.6444444444444445
2 0.16718750000000004 0.4930555555555556 0.13359375000000004 0.4930555555555556 0.13359375000000004 0.5708333333333333 0.16718750000000004 0.5708333333333333
2 0.19843750000000004 0.42083333333333334 0.16875000000000004 0.42083333333333334 0.16875000000000004 0.5347222222222222 0.19843750000000004 0.5347222222222222
2 0.10234375000000004 0.3638888888888889 0.04921875000000002 0.3638888888888889 0.049218750000000026 0.43333333333333335 0.10234375000000004 0.43333333333333335
2 0.2328125 0.26805555555555566 0.190625 0.26805555555555566 0.190625 0.3083333333333334 0.2328125 0.3083333333333334
2 0.2734375 0.3472222222222223 0.24765625 0.3472222222222223 0.24765625 0.4152777777777778 0.2734375 0.4152777777777778
2 0.3125 0.33888888888888896 0.28671875 0.33888888888888896 0.28671875 0.4388888888888889 0.3125 0.4388888888888889
0 0.390625 0.2944444444444445 0.33046875 0.2944444444444445 0.33046875 0.3986111111111112 0.390625 0.39861111111111125
2 0.12187500000000004 0.75 0.05312500000000005 0.75 0.053125000000000054 0.9208333333333333 0.12187500000000004 0.9208333333333333
2 0.2875 0.2986111111111112 0.265625 0.2986111111111112 0.265625 0.3819444444444444 0.2875 0.3819444444444444
2 0.40078125 0.21527777777777785 0.3828125 0.21527777777777785 0.3828125 0.2750000000000001 0.40078125 0.2750000000000001
2 0.4421875 0.20138888888888898 0.4203125 0.20138888888888898 0.4203125 0.2583333333333334 0.4421875 0.2583333333333334
2 0.3828125 0.21944444444444453 0.36328125 0.21944444444444453 0.36328125 0.28333333333333344 0.3828125 0.28333333333333344
2 0.35078125 0.21527777777777785 0.33828125 0.21527777777777785 0.33828125 0.2708333333333334 0.35078125 0.2708333333333334
2 0.36953125 0.20555555555555563 0.3546875 0.20555555555555563 0.3546875 0.2722222222222223 0.36953125 0.2722222222222223
2 0.66953125 0.3305555555555557 0.63828125 0.3305555555555557 0.63828125 0.4305555555555557 0.66953125 0.4305555555555557
2 0.75625 0.28888888888888903 0.7328125 0.28888888888888903 0.7328125 0.37777777777777793 0.75625 0.37777777777777793
2 0.684375 0.22500000000000014 0.659375 0.22500000000000014 0.659375 0.28750000000000014 0.684375 0.28750000000000014
2 0.60546875 0.1819444444444446 0.58984375 0.1819444444444446 0.58984375 0.2319444444444446 0.60546875 0.2319444444444446