2 0.8 0.5708333333333335 0.77109375 0.5708333333333335 0.77109375 0.6625000000000002 0.8 0.6625000000000002
2 0.828125 0.48750000000000016 0.80078125 0.48750000000000016 0.80078125 0.5750000000000002 0.828125 0.5750000000000002
2 0.6953125 0.5444444444444446 0.66953125 0.5444444444444446 0.66953125 0.6291666666666669 0.6953125 0.6291666666666669
2 0.725 0.5305555555555557 0.7 0.5305555555555557 0.7 0.6152777777777779 0.725 0.6152777777777779
2 0.77109375 0.3694444444444446 0.753125 0.3694444444444446 0.753125 0.42361111111111127 0.77109375 0.42361111111111127
2 0.80546875 0.4055555555555557 0.7859375 0.4055555555555557 0.7859375 0.46527777777777796 0.80546875 0.46527777777777796
2 0.640625 0.4500000000000002 0.61484375 0.4500000000000002 0.61484375 0.526388888888889 0.640625 0.526388888888889
2 0.73046875 0.4430555555555557 0.71015625 0.4430555555555557 0.71015625 0.515277777777778 0.73046875 0.515277777777778
2 0.7 0.6180555555555557 0.66484375 0.6180555555555557 0.66484375 0.7236111111111111 0.7 0.7236111111111111
2 0.89375 0.7861111111111114 0.84765625 0.7861111111111114 0.84765625 0.9527777777777781 0.89375 0.9527777777777781
2 0.43671875 0.8097222222222222 0.3859375000000001 0.8097222222222222 0.3859375000000001 0.9847222222222223 0.43671875 0.9847222222222223
2 0.83203125 0.39027777777777795 0.81640625 0.39027777777777795 0.81640625 0.44583333333333347 0.83203125 0.44583333333333347
2 0.5078125 0.5194444444444446 0.47890625 0.5194444444444446 0.47890625 0.6069444444444446 0.5078125 0.6069444444444446
2 0.440625 0.588888888888889 0.4046875 0.588888888888889 0.4046875 0.6972222222222224 0.440625 0.6972222222222224
2 0.7578125 0.4361111111111113 0.7359375 0.4361111111111113 0.7359375 0.502777777777778 0.7578125 0.502777777777778
2 0.51796875 0.6722222222222224 0.4765625 0.6722222222222224 0.4765625 0.8055555555555556 0.51796875 0.8055555555555556
2 0.5796875 0.6750000000000002 0.5390625 0.6750000000000002 0.5390625 0.8027777777777778 0.5796875 0.8027777777777778
2 0.50234375 0.5930555555555557 0.46953125 0.5930555555555557 0.46953125 0.6944444444444446 0.50234375 0.6944444444444446
2 0.75546875 0.5763888888888891 0.7234375 0.5763888888888891 0.7234375 0.6777777777777779 0.75546875 0.6777777777777779
2 0.878125 0.37777777777777793 0.86484375 0.37777777777777793 0.86484375 0.4361111111111113 0.878125 0.4361111111111113
2 0.7796875 0.4930555555555557 0.75703125 0.4930555555555557 0.75703125 0.565277777777778 0.7796875 0.565277777777778
2 0.6796875 0.4486111111111113 0.65703125 0.4486111111111113 0.65703125 0.5138888888888891 0.6796875 0.5138888888888891
2 0.615625 0.6194444444444446 0.578125 0.6194444444444446 0.578125 0.7291666666666666 0.615625 0.7291666666666666
2 0.76171875 0.34027777777777796 0.74921875 0.34027777777777796 0.74921875 0.38888888888888906 0.76171875 0.38888888888888906
2 0.54140625 0.5361111111111113 0.5140625 0.5361111111111113 0.5140625 0.6208333333333335 0.54140625 0.6208333333333335
2 0.7953125 0.5236111111111112 0.771875 0.5236111111111112 0.771875 0.5930555555555557 0.7953125 0.5930555555555557
2 0.61015625 0.5291666666666668 0.5796875 0.5291666666666668 0.5796875 0.6236111111111112 0.61015625 0.6236111111111112
2 0.5609375 0.7847222222222222 0.51953125 0.7847222222222222 0.51953125 0.9222222222222223 0.5609375 0.9222222222222223
2 0.85 0.8819444444444448 0.79765625 0.8819444444444448 0.79765625 0.9958333333333337 0.85 0.9958333333333337
2 0.7515625 0.5069444444444446 0.72734375 0.5069444444444446 0.72734375 0.5833333333333335 0.7515625 0.5833333333333335
2 0.87109375 0.48888888888888904 0.84375 0.48888888888888904 0.84375 0.5694444444444446 0.87109375 0.5694444444444446
2 0.58671875 0.4902777777777779 0.56015625 0.4902777777777779 0.56015625 0.5708333333333335 0.58671875 0.5708333333333335
2 0.88671875 0.5666666666666669 0.86328125 0.5666666666666669 0.86328125 0.6611111111111113 0.88671875 0.6611111111111113
2 0.86171875 0.3680555555555557 0.84765625 0.3680555555555557 0.84765625 0.42361111111111127 0.86171875 0.42361111111111127
2 0.65546875 0.5958333333333334 0.62265625 0.5958333333333334 0.62265625 0.702777777777778 0.65546875 0.702777777777778
2 0.8984375 0.3875000000000002 0.8765625 0.3875000000000002 0.8765625 0.4486111111111113 0.8984375 0.4486111111111113
2 0.46328125 0.7472222222222222 0.41328125 0.7472222222222222 0.41328125 0.9 0.46328125 0.9
2 0.13671875000000006 0.9041666666666667 0.06953125000000007 0.9041666666666667 0.06953125000000007 0.9958333333333333 0.13671875000000008 0.9958333333333333
2 0.3750000000000001 0.8986111111111111 0.3156250000000001 0.8986111111111111 0.3156250000000001 0.9944444444444445 0.3750000000000001 0.9944444444444445
2 0.78671875 0.3666666666666668 0.77265625 0.3666666666666668 0.77265625 0.4152777777777779 0.78671875 0.4152777777777779
2 0.409375 0.7180555555555556 0.3765625000000001 0.7180555555555556 0.3765625000000001 0.8763888888888889 0.409375 0.8763888888888889
2 0.54609375 0.6500000000000001 0.51875 0.6500000000000001 0.51875 0.75 0.54609375 0.75
0 0.6890625 0.7222222222222222 0.596875 0.7222222222222222 0.596875 0.8944444444444445 0.6890625 0.8944444444444445
0 0.4734375 0.5138888888888891 0.4046875 0.5138888888888891 0.4046875 0.6055555555555557 0.4734375 0.6055555555555557
0 0.29765625000000007 0.5652777777777778 0.19765625000000003 0.5652777777777778 0.19765625000000003 0.6888888888888889 0.29765625000000007 0.6888888888888889
0 0.61328125 0.3444444444444446 0.578125 0.3444444444444446 0.578125 0.3958333333333335 0.61328125 0.3958333333333335
0 0.50625 0.4319444444444446 0.45234375 0.4319444444444446 0.45234375 0.502777777777778 0.50625 0.502777777777778
0 0.63359375 0.3041666666666668 0.6078125 0.3041666666666668 0.6078125 0.3472222222222224 0.63359375 0.3472222222222224
0 0.69765625 0.36111111111111127 0.66640625 0.36111111111111127 0.66640625 0.41111111111111126 0.69765625 0.41111111111111126
0 0.5796875 0.3875000000000002 0.53359375 0.3875000000000002 0.53359375 0.4486111111111113 0.5796875 0.4486111111111113
0 0.71640625 0.3430555555555557 0.6921875 0.3430555555555557 0.6921875 0.3875000000000002 0.71640625 0.3875000000000002
0 0.68828125 0.41388888888888903 0.6484375 0.41388888888888903 0.6484375 0.48055555555555574 0.68828125 0.48055555555555574
0 0.68046875 0.5055555555555558 0.628125 0.5055555555555558 0.628125 0.5944444444444446 0.68046875 0.5944444444444446
0 0.671875 0.32916666666666683 0.64140625 0.32916666666666683 0.64140625 0.37638888888888905 0.671875 0.37638888888888905
0 0.7109375 0.29305555555555574 0.6859375 0.29305555555555574 0.6859375 0.3333333333333335 0.7109375 0.3333333333333335
3 0.21406250000000004 0.6263888888888889 0.026562500000000044 0.6263888888888889 0.02656250000000005 0.8319444444444445 0.2140625000000001 0.8319444444444445