2 0.14843750000000006 0.5402777777777777 0.10937500000000004 0.5402777777777777 0.10937500000000004 0.6888888888888889 0.14843750000000006 0.6888888888888889
2 0.634375 0.2458333333333335 0.6203125 0.2458333333333335 0.6203125 0.31388888888888905 0.634375 0.31388888888888905
2 0.3953125 0.24444444444444452 0.378125 0.24444444444444452 0.378125 0.30277777777777787 0.3953125 0.30277777777777787
2 0.996875 0.8236111111111114 0.9453125 0.8236111111111114 0.9453125 1.0000000000000002 0.996875 1.0000000000000002
2 0.54921875 0.47638888888888903 0.5234375 0.47638888888888903 0.5234375 0.5861111111111112 0.54921875 0.5861111111111112
2 0.67421875 0.30138888888888904 0.659375 0.30138888888888904 0.659375 0.3722222222222224 0.67421875 0.3722222222222224
2 0.36484375 0.20000000000000007 0.353125 0.20000000000000007 0.353125 0.25694444444444453 0.36484375 0.25694444444444453
2 0.446875 0.13750000000000007 0.4359375 0.13750000000000007 0.4359375 0.17777777777777787 0.446875 0.17777777777777787
0 0.59453125 0.19722222222222238 0.565625 0.19722222222222238 0.565625 0.2611111111111113 0.59453125 0.2611111111111113
1 0.54921875 0.17500000000000013 0.51953125 0.17500000000000013 0.51953125 0.24861111111111123 0.54921875 0.24861111111111128
1 0.8828125 0.4583333333333335 0.57578125 0.4583333333333335 0.57578125 1.0000000000000002 0.8828125 1.0000000000000002
2 0.39140625 0.19583333333333341 0.3828125 0.19583333333333341 0.3828125 0.24027777777777787 0.39140625 0.24027777777777787