2 0.4375 0.7472222222222222 0.3828125000000001 0.7472222222222222 0.3828125000000001 0.8763888888888889 0.4375 0.8763888888888889
2 0.56328125 0.7236111111111111 0.5203125 0.7236111111111111 0.5203125 0.8416666666666667 0.56328125 0.8416666666666667
2 0.14296875000000006 0.8444444444444444 0.06796875000000006 0.8444444444444444 0.06796875000000006 0.9763888888888889 0.1429687500000001 0.9763888888888889
2 0.865625 0.6583333333333334 0.825 0.6583333333333334 0.825 0.7680555555555558 0.865625 0.7680555555555558
2 0.50078125 0.6708333333333335 0.4578125 0.6708333333333335 0.4578125 0.7833333333333333 0.50078125 0.7833333333333333
2 0.3781250000000001 0.8388888888888889 0.31328125000000007 0.8388888888888889 0.31328125000000007 0.9805555555555555 0.3781250000000001 0.9805555555555555
2 0.49296875 0.5819444444444446 0.45 0.5819444444444446 0.45 0.676388888888889 0.49296875 0.676388888888889
2 0.78671875 0.3944444444444446 0.76328125 0.3944444444444446 0.76328125 0.45138888888888906 0.78671875 0.45138888888888906
2 0.846875 0.5347222222222224 0.81328125 0.5347222222222224 0.81328125 0.6166666666666668 0.846875 0.6166666666666668
2 0.72265625 0.5472222222222224 0.69140625 0.5472222222222224 0.69140625 0.6319444444444446 0.72265625 0.6319444444444446
2 0.565625 0.5680555555555558 0.53203125 0.5680555555555558 0.53203125 0.6625000000000002 0.565625 0.6625000000000002
2 0.81328125 0.5125000000000002 0.7859375 0.5125000000000002 0.7859375 0.5833333333333335 0.81328125 0.5833333333333335
2 0.6484375 0.5416666666666669 0.6234375 0.5416666666666669 0.6234375 0.6055555555555557 0.6484375 0.6055555555555557
2 0.77890625 0.6791666666666668 0.7390625 0.6791666666666668 0.7390625 0.7986111111111114 0.77890625 0.7986111111111114
2 0.7703125 0.5305555555555557 0.73671875 0.5305555555555557 0.73671875 0.613888888888889 0.7703125 0.613888888888889
2 0.675 0.577777777777778 0.6453125 0.577777777777778 0.6453125 0.6555555555555557 0.675 0.6555555555555557
2 0.83125 0.3694444444444446 0.81171875 0.3694444444444446 0.81171875 0.42361111111111127 0.83125 0.42361111111111127
2 0.75234375 0.627777777777778 0.71953125 0.627777777777778 0.71953125 0.7194444444444446 0.75234375 0.7194444444444448
2 0.815625 0.7402777777777781 0.78125 0.7402777777777781 0.78125 0.854166666666667 0.815625 0.854166666666667
2 0.64375 0.6305555555555558 0.609375 0.6305555555555558 0.609375 0.7180555555555556 0.64375 0.7180555555555556
2 0.84765625 0.3583333333333335 0.828125 0.3583333333333335 0.828125 0.4097222222222224 0.84765625 0.4097222222222224
2 0.61328125 0.5763888888888891 0.58828125 0.5763888888888891 0.58828125 0.676388888888889 0.61328125 0.676388888888889
2 0.8796875 0.502777777777778 0.85625 0.502777777777778 0.85625 0.5750000000000002 0.8796875 0.5750000000000002
2 0.7453125 0.3569444444444446 0.72421875 0.3569444444444446 0.72421875 0.41111111111111126 0.7453125 0.41111111111111126
2 0.6890625 0.5361111111111113 0.659375 0.5361111111111113 0.659375 0.6166666666666668 0.6890625 0.6166666666666668
2 0.80703125 0.35138888888888903 0.7890625 0.35138888888888903 0.7890625 0.40277777777777796 0.80703125 0.40277777777777796
2 0.77734375 0.35555555555555574 0.7640625 0.35555555555555574 0.7640625 0.40416666666666684 0.77734375 0.40416666666666684
0 0.82890625 0.4500000000000002 0.77109375 0.4500000000000002 0.77109375 0.5319444444444446 0.82890625 0.5319444444444446
0 0.59453125 0.36111111111111127 0.54921875 0.36111111111111127 0.54921875 0.4277777777777779 0.59453125 0.4277777777777779
0 0.50390625 0.42500000000000016 0.44140625 0.42500000000000016 0.44140625 0.5069444444444446 0.50390625 0.5069444444444446
0 0.6296875 0.38333333333333347 0.5796875 0.38333333333333347 0.5796875 0.46111111111111125 0.6296875 0.46111111111111125
0 0.68359375 0.4277777777777779 0.64140625 0.4277777777777779 0.64140625 0.4916666666666668 0.68359375 0.4916666666666668
0 0.62109375 0.34027777777777796 0.58671875 0.34027777777777796 0.58671875 0.39166666666666683 0.62109375 0.39166666666666683
0 0.5640625 0.4833333333333335 0.503125 0.4833333333333335 0.503125 0.577777777777778 0.5640625 0.577777777777778
0 0.6671875 0.48611111111111127 0.6203125 0.48611111111111127 0.6203125 0.5597222222222223 0.6671875 0.5597222222222223
0 0.70234375 0.35138888888888903 0.67109375 0.35138888888888903 0.67109375 0.3944444444444446 0.70234375 0.3944444444444446