2 0.365625 0.3000000000000001 0.34609375 0.3000000000000001 0.34609375 0.36805555555555564 0.365625 0.3680555555555557
2 0.10703125000000005 0.6958333333333333 0.05625000000000004 0.6958333333333333 0.05625000000000006 0.8930555555555556 0.10703125000000005 0.8930555555555556
2 0.3984375 0.20833333333333343 0.384375 0.20833333333333343 0.384375 0.26527777777777783 0.3984375 0.26527777777777783
2 0.11484375000000005 0.5694444444444444 0.06640625000000004 0.5694444444444444 0.06640625000000004 0.7111111111111111 0.11484375000000005 0.7111111111111111
2 0.2703125 0.375 0.2421875 0.375 0.2421875 0.4930555555555556 0.2703125 0.4930555555555556
2 0.971875 0.729166666666667 0.9125 0.729166666666667 0.9125 0.8833333333333336 0.971875 0.8833333333333336
2 0.328125 0.35555555555555557 0.30625 0.35555555555555557 0.30625 0.44722222222222224 0.328125 0.44722222222222224
2 0.68203125 0.2902777777777779 0.66484375 0.2902777777777779 0.66484375 0.36250000000000016 0.68203125 0.36250000000000016
2 0.984375 0.8222222222222225 0.928125 0.8222222222222225 0.928125 1.0000000000000002 0.984375 1.0000000000000002
0 0.659375 0.3305555555555557 0.6125 0.3305555555555557 0.6125 0.4291666666666668 0.659375 0.4291666666666668
1 0.56875 0.2500000000000001 0.51875 0.25000000000000006 0.51875 0.3666666666666668 0.56875 0.3666666666666668
1 0.47265625 0.1847222222222223 0.43671875 0.1847222222222223 0.43671875 0.2666666666666667 0.47265625 0.2666666666666667
1 0.54921875 0.18194444444444458 0.51953125 0.18194444444444452 0.51953125 0.24444444444444458 0.54921875 0.2444444444444446
2 0.36171875 0.2611111111111112 0.34921875 0.2611111111111112 0.34921875 0.3000000000000001 0.36171875 0.3000000000000001
0 0.74921875 0.2555555555555557 0.671875 0.2555555555555557 0.671875 0.3194444444444446 0.74921875 0.3194444444444446