2 0.24453125000000003 0.6055555555555555 0.18437500000000004 0.6055555555555555 0.18437500000000004 0.7777777777777778 0.2445312500000001 0.7777777777777778
2 0.240625 0.4583333333333333 0.20234375 0.4583333333333333 0.20234375 0.5694444444444444 0.240625 0.5694444444444444
2 0.16484375000000004 0.47638888888888886 0.12421875000000004 0.47638888888888886 0.12421875000000004 0.5819444444444445 0.16484375000000004 0.5819444444444445
2 0.2679687500000001 0.7861111111111111 0.17968750000000006 0.7861111111111111 0.17968750000000006 0.9625 0.2679687500000001 0.9625
2 0.3234375 0.3208333333333334 0.2921875 0.3208333333333334 0.2921875 0.43472222222222223 0.3234375 0.43472222222222223
2 0.6734375 0.30000000000000016 0.6515625 0.30000000000000016 0.6515625 0.39861111111111125 0.6734375 0.39861111111111125
2 0.7984375 0.4833333333333335 0.75234375 0.4833333333333335 0.75234375 0.602777777777778 0.7984375 0.602777777777778
2 0.9296875 0.6597222222222224 0.85703125 0.6597222222222224 0.85703125 0.8055555555555559 0.9296875 0.8055555555555559
2 0.10312500000000005 0.35694444444444445 0.051562500000000025 0.35694444444444445 0.051562500000000025 0.4263888888888889 0.10312500000000005 0.4263888888888889
2 0.66484375 0.19444444444444461 0.64765625 0.19444444444444461 0.64765625 0.2555555555555557 0.66484375 0.2555555555555557
2 0.65234375 0.20277777777777795 0.63515625 0.20277777777777795 0.63515625 0.2569444444444446 0.65234375 0.2569444444444446
2 0.61796875 0.1833333333333335 0.6 0.1833333333333335 0.6 0.23888888888888904 0.61796875 0.23888888888888904
2 0.56171875 0.2791666666666668 0.5359375 0.27916666666666673 0.5359375 0.36250000000000016 0.56171875 0.36250000000000016
2 0.9359375 0.7708333333333337 0.86171875 0.7708333333333337 0.86171875 0.9930555555555559 0.9359375 0.9930555555555559