0 0.61875 0.29861111111111127 0.57421875 0.29861111111111127 0.57421875 0.3722222222222224 0.61875 0.3722222222222224
0 0.578125 0.3805555555555557 0.5171875 0.3805555555555557 0.5171875 0.48888888888888904 0.578125 0.48888888888888904
0 0.6875 0.3944444444444446 0.60859375 0.3944444444444446 0.60859375 0.5305555555555557 0.6875 0.5305555555555557
0 0.6046875 0.24027777777777792 0.5609375 0.24027777777777792 0.5609375 0.3055555555555557 0.6046875 0.3055555555555557
3 0.9984375 0.6180555555555557 0.7125 0.6180555555555557 0.7125 0.9986111111111112 0.9984375 0.9986111111111114
3 0.68359375 0.2069444444444446 0.6359375 0.2069444444444446 0.6359375 0.2680555555555557 0.68359375 0.2680555555555557
3 0.6859375 0.3944444444444446 0.60625 0.3944444444444446 0.60625 0.5305555555555557 0.6859375 0.5305555555555557
3 0.6046875 0.24027777777777792 0.5609375 0.24027777777777792 0.5609375 0.3055555555555557 0.6046875 0.3055555555555557
2 0.14921875000000004 0.4111111111111111 0.12187500000000004 0.4111111111111111 0.12187500000000004 0.5180555555555556 0.14921875000000004 0.5180555555555556
2 0.14453125000000006 0.36527777777777776 0.12421875000000004 0.36527777777777776 0.12421875000000004 0.43472222222222223 0.14453125000000006 0.43472222222222223
2 0.2 0.2805555555555556 0.16328125 0.28055555555555556 0.16328125000000002 0.3680555555555556 0.2 0.3680555555555556
0 0.546875 0.28194444444444455 0.50703125 0.2819444444444445 0.50703125 0.3541666666666668 0.546875 0.35416666666666685