2 0.3109375 0.30277777777777787 0.28125 0.30277777777777787 0.28125 0.3972222222222222 0.3109375 0.3972222222222222
2 0.359375 0.2722222222222223 0.33984375 0.2722222222222223 0.33984375 0.3444444444444445 0.359375 0.3444444444444445
2 0.39609375 0.28333333333333344 0.3734375 0.28333333333333344 0.3734375 0.33888888888888896 0.39609375 0.33888888888888896
2 0.24375 0.37083333333333335 0.215625 0.37083333333333335 0.215625 0.45555555555555555 0.24375 0.45555555555555555
2 0.20390625 0.4930555555555556 0.15156250000000004 0.4930555555555556 0.15156250000000004 0.6083333333333333 0.20390625 0.6083333333333333
2 0.11406250000000004 0.3638888888888889 0.04687500000000002 0.3638888888888889 0.04687500000000003 0.44583333333333336 0.11406250000000004 0.44583333333333336
0 0.73046875 0.3861111111111113 0.6375 0.3861111111111113 0.6375 0.5055555555555558 0.73046875 0.5055555555555558
2 0.80546875 0.4777777777777779 0.765625 0.4777777777777779 0.765625 0.577777777777778 0.80546875 0.577777777777778
2 0.71875 0.31527777777777793 0.69453125 0.31527777777777793 0.69453125 0.40277777777777796 0.71875 0.40277777777777796
2 0.69453125 0.25138888888888905 0.67109375 0.25138888888888905 0.67109375 0.3319444444444446 0.69453125 0.3319444444444446
0 0.6015625 0.22916666666666682 0.55703125 0.22916666666666682 0.55703125 0.30000000000000016 0.6015625 0.30000000000000016
2 0.93125 0.7263888888888892 0.86796875 0.7263888888888892 0.86796875 0.9208333333333336 0.93125 0.9208333333333336
2 0.31875 0.26250000000000007 0.29609375 0.26250000000000007 0.29609375 0.3222222222222223 0.31875 0.3222222222222223
2 0.35 0.25555555555555565 0.33515625 0.25555555555555565 0.33515625 0.31111111111111117 0.35 0.31111111111111117
2 0.40625 0.2222222222222223 0.39296875 0.2222222222222223 0.39296875 0.2736111111111112 0.40625 0.2736111111111112
2 0.37890625 0.2361111111111112 0.36484375 0.2361111111111112 0.36484375 0.2958333333333334 0.37890625 0.2958333333333334
0 0.48125 0.20000000000000007 0.44140625 0.20000000000000007 0.44140625 0.27638888888888896 0.48125 0.27638888888888896
2 0.5421875 0.19166666666666674 0.5265625 0.19166666666666674 0.5265625 0.25000000000000006 0.5421875 0.25000000000000006