2 0.17578125 0.2361111111111111 0.159375 0.2361111111111111 0.159375 0.2847222222222222 0.17578125 0.2847222222222222
2 0.128125 0.20833333333333334 0.11328125 0.20833333333333334 0.11328125 0.24444444444444444 0.128125 0.24444444444444444
2 0.34296875 0.20000000000000007 0.32109375 0.20000000000000007 0.32109375 0.23888888888888896 0.34296875 0.23888888888888896
2 0.38828125 0.20000000000000007 0.3671875 0.20000000000000007 0.3671875 0.2361111111111112 0.38828125 0.2361111111111112
2 0.43515625 0.20833333333333343 0.40390625 0.20833333333333343 0.40390625 0.25416666666666676 0.43515625 0.25416666666666676
2 0.475 0.20416666666666675 0.45234375 0.20416666666666675 0.45234375 0.24166666666666675 0.475 0.24166666666666675
2 0.56015625 0.6347222222222224 0.51796875 0.6347222222222224 0.51796875 0.8111111111111111 0.56015625 0.8111111111111111
0 0.66875 0.33472222222222237 0.5984375 0.33472222222222237 0.5984375 0.4569444444444446 0.66875 0.4569444444444446
1 0.578125 0.18055555555555566 0.49296875 0.18055555555555564 0.49296875 0.45277777777777795 0.578125 0.45277777777777795
1 0.6171875 0.15833333333333346 0.521875 0.15833333333333346 0.521875 0.27222222222222237 0.6171875 0.27222222222222237
3 0.753125 0.1680555555555557 0.6796875 0.1680555555555557 0.6796875 0.25277777777777793 0.753125 0.25277777777777793
1 0.6671875 0.16250000000000014 0.59140625 0.16250000000000012 0.59140625 0.2555555555555557 0.6671875 0.2555555555555557