0 0.76875 0.5194444444444446 0.6421875 0.5194444444444446 0.6421875 0.713888888888889 0.76875 0.7138888888888892
0 0.63359375 0.5666666666666669 0.5234375 0.5666666666666669 0.5234375 0.7777777777777778 0.63359375 0.7777777777777778
0 0.5671875 0.39861111111111125 0.5015625 0.39861111111111125 0.5015625 0.5208333333333335 0.5671875 0.5208333333333335
0 0.54453125 0.2666666666666668 0.4953125 0.2666666666666667 0.4953125 0.35000000000000014 0.54453125 0.35000000000000014
0 0.72578125 0.21388888888888904 0.68828125 0.21388888888888904 0.68828125 0.2611111111111113 0.72578125 0.2611111111111113
0 0.68125 0.22777777777777794 0.63984375 0.22777777777777794 0.63984375 0.27222222222222237 0.68125 0.27222222222222237
0 0.60859375 0.27361111111111125 0.56953125 0.27361111111111125 0.56953125 0.32083333333333347 0.60859375 0.32083333333333347
0 0.65078125 0.2208333333333335 0.61796875 0.2208333333333335 0.61796875 0.25972222222222235 0.65078125 0.25972222222222235
0 0.596875 0.2333333333333335 0.56171875 0.2333333333333335 0.56171875 0.2763888888888891 0.596875 0.2763888888888891
0 0.63671875 0.24722222222222237 0.6 0.24722222222222237 0.6 0.2944444444444446 0.63671875 0.2944444444444446
0 0.6328125 0.3194444444444446 0.58046875 0.3194444444444446 0.58046875 0.41111111111111126 0.6328125 0.41111111111111126
1 0.53984375 0.16527777777777788 0.41875 0.16527777777777786 0.41875 0.23750000000000007 0.53984375 0.23750000000000007
2 0.18906250000000002 0.25138888888888894 0.159375 0.2513888888888889 0.15937500000000002 0.3305555555555556 0.18906250000000005 0.33055555555555566