2 0.340625 0.2583333333333334 0.32421875 0.2583333333333334 0.32421875 0.33055555555555566 0.340625 0.33055555555555566
2 0.17265625000000004 0.4875 0.13515625000000003 0.4875 0.13515625000000003 0.6263888888888889 0.17265625000000004 0.6263888888888889
2 0.22656250000000006 0.5236111111111111 0.18593750000000003 0.5236111111111111 0.18593750000000003 0.6805555555555556 0.22656250000000008 0.6805555555555556
2 0.78515625 0.4708333333333335 0.75703125 0.4708333333333335 0.75703125 0.5875000000000001 0.78515625 0.5875000000000001
2 0.66875 0.33611111111111125 0.64453125 0.33611111111111125 0.64453125 0.42638888888888904 0.66875 0.42638888888888904
2 0.4046875 0.17638888888888896 0.3953125 0.17638888888888896 0.3953125 0.21527777777777785 0.4046875 0.21527777777777785
2 0.6375 0.22361111111111126 0.628125 0.22361111111111126 0.628125 0.2694444444444446 0.6375 0.2694444444444446
1 0.440625 0.37916666666666676 0.28984375 0.37916666666666665 0.28984375000000007 0.7333333333333333 0.440625 0.7333333333333333
1 0.484375 0.1625000000000001 0.44453125 0.1625000000000001 0.44453125 0.2611111111111112 0.484375 0.2611111111111112
3 0.74765625 0.4444444444444446 0.54765625 0.4444444444444446 0.54765625 0.9361111111111112 0.74765625 0.9361111111111114
2 0.60703125 0.1930555555555557 0.59609375 0.1930555555555557 0.59609375 0.22916666666666682 0.60703125 0.22916666666666682