1 0.21953125 0.14166666666666672 0.159375 0.14166666666666672 0.159375 0.2194444444444445 0.21953125 0.21944444444444453
1 0.16953125 0.13472222222222227 0.12265625 0.13472222222222227 0.12265625 0.20277777777777778 0.16953125 0.20277777777777778
1 0.33046875 0.2250000000000001 0.21171875 0.2250000000000001 0.21171875 0.5041666666666667 0.33046875 0.5041666666666667
1 0.29453125 0.19305555555555565 0.23046875 0.19305555555555565 0.23046875 0.2708333333333334 0.29453125 0.2708333333333334
2 0.828125 0.4777777777777779 0.796875 0.4777777777777779 0.796875 0.5902777777777779 0.828125 0.5902777777777779
2 0.8671875 0.47916666666666685 0.83984375 0.47916666666666685 0.83984375 0.5916666666666668 0.8671875 0.5916666666666668
2 0.72421875 0.2458333333333335 0.70703125 0.2458333333333335 0.70703125 0.2902777777777779 0.72421875 0.2902777777777779
2 0.74296875 0.22361111111111126 0.7328125 0.22361111111111126 0.7328125 0.27361111111111125 0.74296875 0.27361111111111125
2 0.46171875 0.20138888888888898 0.4375 0.20138888888888898 0.4375 0.24166666666666675 0.46171875 0.24166666666666675
2 0.37265625 0.19583333333333341 0.346875 0.19583333333333341 0.346875 0.2472222222222223 0.37265625 0.2472222222222223
0 0.56328125 0.25833333333333347 0.50859375 0.2583333333333334 0.50859375 0.31805555555555565 0.56328125 0.3180555555555557
0 0.16171875000000005 0.5041666666666667 0.036718750000000036 0.5041666666666667 0.036718750000000036 0.6902777777777778 0.16171875000000005 0.6902777777777778
0 0.64765625 0.3111111111111113 0.590625 0.3111111111111113 0.590625 0.3819444444444446 0.64765625 0.3819444444444446