2 0.87578125 0.48055555555555574 0.83046875 0.48055555555555574 0.83046875 0.6097222222222224 0.87578125 0.6097222222222224
2 0.71171875 0.2708333333333335 0.6921875 0.2708333333333335 0.6921875 0.32777777777777795 0.71171875 0.32777777777777795
2 0.16640625 0.225 0.1515625 0.225 0.1515625 0.2847222222222222 0.16640625 0.2847222222222222
0 0.35546875 0.3097222222222223 0.2953125 0.3097222222222223 0.2953125 0.43333333333333335 0.35546875 0.43333333333333335
0 0.78125 0.5361111111111113 0.66484375 0.5361111111111113 0.66484375 0.713888888888889 0.78125 0.7138888888888892
1 0.64921875 0.25833333333333347 0.5828125 0.25833333333333347 0.5828125 0.34027777777777796 0.64921875 0.34027777777777796
1 0.22343750000000004 0.44305555555555554 0.04218750000000003 0.44305555555555554 0.042187500000000044 0.7555555555555555 0.2234375000000001 0.7555555555555555
1 0.7046875 0.16805555555555568 0.63203125 0.16805555555555568 0.63203125 0.23888888888888904 0.7046875 0.23888888888888904
1 0.57265625 0.20416666666666677 0.4921875 0.20416666666666675 0.4921875 0.3569444444444446 0.57265625 0.3569444444444446
1 0.7984375 0.3333333333333334 0.503125 0.3333333333333334 0.503125 1.0000000000000002 0.7984375 1.0000000000000002
3 0.42421875 0.17638888888888896 0.31015625 0.17638888888888896 0.31015625 0.2458333333333334 0.42421875 0.2458333333333334