2 0.14062500000000006 0.3458333333333333 0.11484375000000005 0.3458333333333333 0.11484375000000005 0.44027777777777777 0.14062500000000006 0.44027777777777777
2 0.37890625 0.4055555555555556 0.35 0.40555555555555556 0.35 0.5125000000000001 0.37890625 0.5125000000000002
0 0.584375 0.40277777777777796 0.503125 0.40277777777777796 0.503125 0.5500000000000002 0.584375 0.5500000000000002
0 0.71171875 0.41666666666666685 0.6234375 0.41666666666666685 0.6234375 0.5569444444444446 0.71171875 0.5569444444444446
0 0.55390625 0.34444444444444455 0.496875 0.3444444444444445 0.496875 0.4222222222222224 0.55390625 0.4222222222222224
0 0.58984375 0.201388888888889 0.53671875 0.20138888888888898 0.53671875 0.25555555555555565 0.58984375 0.2555555555555557
0 0.93671875 0.665277777777778 0.70703125 0.665277777777778 0.70703125 0.9583333333333335 0.93671875 0.9583333333333337
0 0.57578125 0.23333333333333345 0.5234375 0.23333333333333342 0.5234375 0.3041666666666668 0.57578125 0.3041666666666668
3 0.6546875 0.22222222222222238 0.58828125 0.22222222222222238 0.58828125 0.31527777777777793 0.6546875 0.31527777777777793
1 0.66015625 0.30138888888888904 0.59921875 0.30138888888888904 0.59921875 0.42361111111111127 0.66015625 0.42361111111111127
1 0.80546875 0.7305555555555557 0.53046875 0.7305555555555555 0.53046875 0.9750000000000002 0.80546875 0.9750000000000003