2 0.4734375 0.8305555555555556 0.421875 0.8305555555555556 0.421875 0.9861111111111112 0.4734375 0.9861111111111112
2 0.61875 0.7944444444444444 0.57109375 0.7944444444444444 0.57109375 0.9416666666666667 0.61875 0.9416666666666667
2 0.8484375 0.3958333333333335 0.82734375 0.3958333333333335 0.82734375 0.4486111111111113 0.8484375 0.4486111111111113
2 0.70625 0.7041666666666668 0.66015625 0.7041666666666668 0.66015625 0.8319444444444445 0.70625 0.8319444444444445
2 0.87421875 0.3819444444444446 0.853125 0.3819444444444446 0.853125 0.44027777777777793 0.87421875 0.44027777777777793
2 0.825 0.35555555555555574 0.8046875 0.35555555555555574 0.8046875 0.4069444444444446 0.825 0.4069444444444446
2 0.86875 0.46666666666666684 0.840625 0.46666666666666684 0.840625 0.540277777777778 0.86875 0.540277777777778
2 0.7484375 0.4819444444444446 0.72109375 0.4819444444444446 0.72109375 0.5555555555555557 0.7484375 0.5555555555555557
2 0.78125 0.44583333333333347 0.75703125 0.44583333333333347 0.75703125 0.5138888888888891 0.78125 0.5138888888888891
2 0.71328125 0.4916666666666668 0.68515625 0.4916666666666668 0.68515625 0.5708333333333335 0.71328125 0.5708333333333335
2 0.80546875 0.4416666666666668 0.78125 0.4416666666666668 0.78125 0.5069444444444446 0.80546875 0.5069444444444446
2 0.8359375 0.4555555555555557 0.8109375 0.4555555555555557 0.8109375 0.5222222222222224 0.8359375 0.5222222222222224
2 0.8546875 0.3680555555555557 0.83671875 0.3680555555555557 0.83671875 0.4152777777777779 0.8546875 0.4152777777777779
2 0.659375 0.4680555555555557 0.62890625 0.4680555555555557 0.62890625 0.5375000000000002 0.659375 0.5375000000000002
2 0.6671875 0.551388888888889 0.6234375 0.551388888888889 0.6234375 0.6541666666666668 0.6671875 0.6541666666666668
2 0.75546875 0.3388888888888891 0.734375 0.3388888888888891 0.734375 0.3875000000000002 0.75546875 0.3875000000000002
2 0.79296875 0.3458333333333335 0.775 0.3458333333333335 0.775 0.3944444444444446 0.79296875 0.3944444444444446
0 0.36953125000000003 0.6041666666666667 0.25 0.6041666666666666 0.25000000000000006 0.7347222222222223 0.3695312500000001 0.7347222222222223
0 0.33906250000000004 0.5486111111111112 0.23359375 0.5486111111111112 0.23359375000000004 0.6541666666666667 0.3390625000000001 0.6541666666666667
0 0.92890625 0.5388888888888891 0.7515625 0.5388888888888891 0.7515625 0.6958333333333335 0.92890625 0.6958333333333335
0 0.728125 0.37777777777777793 0.68515625 0.37777777777777793 0.68515625 0.4416666666666668 0.728125 0.4416666666666668
0 0.753125 0.42361111111111127 0.7046875 0.42361111111111127 0.7046875 0.4944444444444446 0.753125 0.4944444444444446