2 0.4078125 0.2986111111111112 0.384375 0.2986111111111112 0.384375 0.3652777777777779 0.4078125 0.3652777777777779
1 0.60546875 0.19305555555555567 0.5109375 0.19305555555555565 0.5109375 0.5000000000000001 0.60546875 0.5000000000000001
2 0.70703125 0.29305555555555574 0.68515625 0.29305555555555574 0.68515625 0.35555555555555574 0.70703125 0.35555555555555574
2 0.70859375 0.26388888888888906 0.69375 0.26388888888888906 0.69375 0.3069444444444446 0.70859375 0.3069444444444446
1 0.23125 0.14166666666666672 0.1640625 0.14166666666666672 0.1640625 0.23888888888888893 0.23125 0.23888888888888896
1 0.33984375 0.17222222222222228 0.2703125 0.17222222222222225 0.2703125 0.2347222222222223 0.33984375 0.2347222222222223
1 0.4890625 0.15416666666666676 0.34375 0.15416666666666676 0.34375 0.2527777777777779 0.4890625 0.2527777777777779
1 0.7515625 0.1583333333333335 0.66171875 0.1583333333333335 0.66171875 0.2458333333333335 0.7515625 0.2458333333333335
1 0.62890625 0.17916666666666678 0.528125 0.17916666666666675 0.528125 0.2847222222222223 0.62890625 0.2847222222222224
0 0.69609375 0.2319444444444446 0.66015625 0.2319444444444446 0.66015625 0.27361111111111125 0.69609375 0.27361111111111125
0 0.73984375 0.2194444444444446 0.69765625 0.2194444444444446 0.69765625 0.25972222222222235 0.73984375 0.25972222222222235