2 0.4546875 0.8458333333333333 0.3960937500000001 0.8458333333333333 0.3960937500000001 0.9944444444444445 0.4546875 0.9944444444444445
2 0.46484375 0.4277777777777779 0.40078125 0.4277777777777779 0.40078125 0.5319444444444446 0.46484375 0.5319444444444446
2 0.86171875 0.7013888888888891 0.81640625 0.7013888888888891 0.81640625 0.8888888888888892 0.86171875 0.8888888888888892
2 0.6734375 0.3736111111111113 0.6265625 0.3736111111111113 0.6265625 0.4777777777777779 0.6734375 0.4777777777777779
2 0.38828125 0.3569444444444446 0.3640625 0.3569444444444446 0.3640625 0.46111111111111125 0.38828125 0.46111111111111125
2 0.37421875000000004 0.6416666666666667 0.3078125 0.6416666666666667 0.30781250000000004 0.8041666666666667 0.3742187500000001 0.8041666666666667
2 0.3007812500000001 0.8013888888888889 0.2468750000000001 0.8013888888888889 0.2468750000000001 0.9847222222222223 0.3007812500000001 0.9847222222222223
2 0.26171875 0.44027777777777777 0.225 0.44027777777777777 0.225 0.5652777777777778 0.26171875 0.5652777777777778
2 0.76171875 0.4486111111111113 0.7171875 0.4486111111111113 0.7171875 0.5694444444444446 0.76171875 0.5694444444444446
2 0.4875 0.31250000000000006 0.4703125 0.31250000000000006 0.4703125 0.3944444444444446 0.4875 0.3944444444444446
2 0.475 0.3708333333333335 0.45546875 0.3708333333333335 0.45546875 0.4777777777777779 0.475 0.4777777777777779
2 0.2703125 0.31666666666666676 0.24765625 0.31666666666666676 0.24765625 0.3888888888888889 0.2703125 0.3888888888888889
2 0.34609375 0.38055555555555554 0.32109375 0.38055555555555554 0.32109375 0.4930555555555556 0.34609375 0.4930555555555556
2 0.4234375 0.3736111111111113 0.39609375 0.3736111111111113 0.39609375 0.4694444444444446 0.4234375 0.4694444444444446
2 0.6015625 0.2208333333333335 0.58359375 0.2208333333333335 0.58359375 0.2902777777777779 0.6015625 0.2902777777777779
2 0.34375 0.3222222222222223 0.31953125 0.3222222222222223 0.31953125 0.4097222222222222 0.34375 0.4097222222222222
2 0.31953125 0.3097222222222223 0.29765625 0.3097222222222223 0.29765625 0.4027777777777778 0.31953125 0.4027777777777778
2 0.3046875 0.29166666666666674 0.2796875 0.29166666666666674 0.2796875 0.3819444444444444 0.3046875 0.3819444444444444
2 0.46484375 0.27638888888888896 0.4484375 0.27638888888888896 0.4484375 0.351388888888889 0.46484375 0.351388888888889
2 0.51171875 0.2736111111111112 0.4859375 0.2736111111111112 0.4859375 0.3472222222222223 0.51171875 0.3472222222222223
2 0.45703125 0.3361111111111112 0.43828125 0.3361111111111112 0.43828125 0.42361111111111127 0.45703125 0.42361111111111127
2 0.434375 0.30277777777777787 0.4171875 0.30277777777777787 0.4171875 0.37500000000000017 0.434375 0.37500000000000017
2 0.86953125 0.8736111111111114 0.8015625 0.8736111111111114 0.8015625 1.0000000000000002 0.86953125 1.0000000000000002
0 0.41015625 0.288888888888889 0.365625 0.288888888888889 0.365625 0.37638888888888905 0.41015625 0.37638888888888905
1 0.48515625 0.17777777777777787 0.45 0.17777777777777787 0.45 0.2805555555555556 0.48515625 0.2805555555555556
2 0.4203125 0.3472222222222223 0.403125 0.3472222222222223 0.403125 0.38888888888888906 0.4203125 0.38888888888888906