1 0.16953125 0.13611111111111115 0.1203125 0.13611111111111115 0.1203125 0.2513888888888889 0.16953125 0.2513888888888889
1 0.2296875 0.31250000000000006 0.08281250000000002 0.3125 0.08281250000000004 0.5763888888888888 0.2296875 0.5763888888888888
1 0.40625 0.1847222222222223 0.3203125 0.1847222222222223 0.3203125 0.42916666666666675 0.40625 0.4291666666666668
1 0.253125 0.12638888888888894 0.2015625 0.12638888888888894 0.2015625 0.18194444444444452 0.253125 0.18194444444444452
1 0.2015625 0.14166666666666672 0.165625 0.14166666666666672 0.165625 0.21527777777777782 0.2015625 0.21527777777777785
2 0.51953125 0.21527777777777785 0.49140625 0.21527777777777785 0.49140625 0.2611111111111112 0.51953125 0.2611111111111112
2 0.71796875 0.2680555555555557 0.69921875 0.2680555555555557 0.69921875 0.31527777777777793 0.71796875 0.31527777777777793
2 0.728125 0.24166666666666684 0.71484375 0.24166666666666684 0.71484375 0.28888888888888903 0.728125 0.28888888888888903
0 0.28828125 0.21944444444444453 0.2546875 0.21944444444444453 0.2546875 0.288888888888889 0.28828125 0.288888888888889
0 0.2328125 0.18888888888888897 0.1984375 0.18888888888888897 0.1984375 0.24027777777777787 0.2328125 0.24027777777777787
0 0.784375 0.8583333333333335 0.57578125 0.8583333333333333 0.57578125 1.0000000000000002 0.784375 1.0000000000000002
3 0.68125 0.19166666666666682 0.59765625 0.19166666666666682 0.59765625 0.25138888888888905 0.68125 0.25138888888888905