0 0.64609375 0.5305555555555557 0.53203125 0.5305555555555557 0.53203125 0.7513888888888889 0.64609375 0.7513888888888889
0 0.734375 0.827777777777778 0.540625 0.8277777777777777 0.540625 0.9986111111111112 0.734375 0.9986111111111114
0 0.5734375 0.34583333333333344 0.50546875 0.34583333333333344 0.50546875 0.47500000000000014 0.5734375 0.47500000000000014
0 0.590625 0.19722222222222235 0.540625 0.1972222222222223 0.540625 0.2500000000000001 0.590625 0.25000000000000017
0 0.340625 0.1861111111111112 0.2859375 0.1861111111111112 0.2859375 0.23194444444444454 0.340625 0.23194444444444454
2 0.990625 0.5597222222222223 0.9375 0.5597222222222223 0.9375 0.7013888888888891 0.990625 0.7013888888888891
0 0.54453125 0.2777777777777779 0.49609375 0.27777777777777785 0.49609375 0.35000000000000014 0.54453125 0.35000000000000014
0 0.63515625 0.2833333333333335 0.590625 0.2833333333333335 0.590625 0.35416666666666685 0.63515625 0.35416666666666685
3 0.92734375 0.39027777777777795 0.65859375 0.39027777777777795 0.65859375 0.8708333333333335 0.92734375 0.8708333333333337
3 0.6515625 0.20277777777777795 0.5875 0.20277777777777795 0.5875 0.28611111111111126 0.6515625 0.28611111111111126
1 0.39687500000000003 0.43055555555555564 0.0007812500000000295 0.4305555555555556 0.000781250000000049 0.9972222222222222 0.3968750000000001 0.9972222222222222