0 0.38671875 0.4333333333333334 0.27109375 0.43333333333333335 0.27109375 0.6222222222222223 0.38671875 0.6222222222222223
2 0.16250000000000003 0.45 0.12812500000000004 0.45 0.12812500000000004 0.5694444444444444 0.16250000000000003 0.5694444444444444
2 0.240625 0.49722222222222223 0.2 0.49722222222222223 0.2 0.5888888888888889 0.240625 0.5888888888888889
2 0.11171875000000005 0.5638888888888889 0.04531250000000003 0.5638888888888889 0.04531250000000005 0.7277777777777777 0.11171875000000005 0.7277777777777777
2 0.23671875 0.3958333333333333 0.20390625 0.3958333333333333 0.20390625 0.4791666666666667 0.23671875 0.4791666666666667
2 0.26484375 0.3347222222222223 0.2359375 0.3347222222222223 0.2359375 0.4125 0.26484375 0.4125
2 0.29921875 0.36944444444444446 0.26875 0.36944444444444446 0.26875 0.45 0.29921875 0.45
2 0.34296875 0.3500000000000001 0.3109375 0.3500000000000001 0.3109375 0.4513888888888889 0.34296875 0.4513888888888889
2 0.35546875 0.301388888888889 0.32578125 0.301388888888889 0.32578125 0.37916666666666665 0.35546875 0.37916666666666665
2 0.3046875 0.2597222222222223 0.28046875 0.2597222222222223 0.28046875 0.33194444444444454 0.3046875 0.33194444444444454
2 0.3796875 0.25000000000000006 0.35859375 0.25000000000000006 0.35859375 0.313888888888889 0.3796875 0.313888888888889
2 0.671875 0.29166666666666685 0.64609375 0.29166666666666685 0.64609375 0.36111111111111127 0.671875 0.36111111111111127
2 0.71640625 0.3444444444444446 0.67890625 0.3444444444444446 0.67890625 0.4347222222222224 0.71640625 0.4347222222222224
2 0.88671875 0.6222222222222223 0.8265625 0.6222222222222223 0.8265625 0.7611111111111114 0.88671875 0.7611111111111114
3 0.48515625 0.1500000000000001 0.42109375 0.15000000000000008 0.42109375 0.29166666666666674 0.48515625 0.29166666666666674
0 0.41171875 0.7638888888888888 0.22421875000000008 0.7638888888888888 0.22421875000000008 0.9986111111111111 0.41171875 0.9986111111111111
2 0.34765625 0.24027777777777787 0.33046875 0.24027777777777787 0.33046875 0.288888888888889 0.34765625 0.288888888888889
2 0.3609375 0.20555555555555563 0.3453125 0.20555555555555563 0.3453125 0.26388888888888895 0.3609375 0.26388888888888895