0 0.4359375 0.4458333333333334 0.33984375 0.44583333333333336 0.33984375000000006 0.7486111111111111 0.4359375 0.7486111111111111
2 0.18515625000000005 0.6027777777777777 0.10625000000000004 0.6027777777777777 0.10625000000000004 0.8388888888888889 0.18515625000000005 0.8388888888888889
2 0.34375 0.2736111111111112 0.30625 0.2736111111111112 0.30625 0.37222222222222223 0.34375 0.37222222222222223
2 0.38828125 0.29027777777777786 0.3609375 0.29027777777777786 0.3609375 0.36805555555555564 0.38828125 0.3680555555555557
0 0.5828125 0.2861111111111112 0.5234375 0.2861111111111112 0.5234375 0.37500000000000017 0.5828125 0.37500000000000017
2 0.69609375 0.29166666666666685 0.67421875 0.29166666666666685 0.67421875 0.3694444444444446 0.69609375 0.3694444444444446
2 0.66640625 0.2319444444444446 0.64765625 0.2319444444444446 0.64765625 0.2958333333333335 0.66640625 0.2958333333333335
2 0.6171875 0.21388888888888904 0.6 0.21388888888888904 0.6 0.2805555555555557 0.6171875 0.2805555555555557
2 0.10625000000000004 0.37083333333333335 0.04843750000000002 0.37083333333333335 0.04843750000000003 0.43194444444444446 0.10625000000000004 0.43194444444444446
2 0.959375 0.6472222222222224 0.90234375 0.6472222222222224 0.90234375 0.8305555555555558 0.959375 0.8305555555555558
2 0.378125 0.19444444444444453 0.36640625 0.19444444444444453 0.36640625 0.2597222222222223 0.378125 0.2597222222222223
2 0.37109375 0.19444444444444453 0.35390625 0.19444444444444453 0.35390625 0.2597222222222223 0.37109375 0.2597222222222223
2 0.39921875 0.21944444444444453 0.3765625 0.21944444444444453 0.3765625 0.2875000000000001 0.39921875 0.2875000000000001
2 0.4328125 0.3347222222222223 0.43203125 0.3347222222222223 0.43203125 0.33888888888888896 0.4328125 0.33888888888888896
1 0.99921875 0.5000000000000001 0.5875 0.5000000000000001 0.5875 0.9986111111111112 0.99921875 0.9986111111111114