0 0.71953125 0.7986111111111112 0.54609375 0.7986111111111112 0.54609375 1 0.71953125 1
0 0.803125 0.5875000000000001 0.66171875 0.5875000000000001 0.66171875 0.7750000000000001 0.803125 0.7750000000000004
0 0.60234375 0.4986111111111113 0.5125 0.4986111111111113 0.5125 0.6625000000000002 0.60234375 0.6625000000000002
0 0.6734375 0.38333333333333347 0.5984375 0.38333333333333347 0.5984375 0.4916666666666668 0.6734375 0.4916666666666668
0 0.55390625 0.36111111111111127 0.49140625 0.36111111111111127 0.49140625 0.4694444444444446 0.55390625 0.4694444444444446
0 0.578125 0.20555555555555569 0.51953125 0.20555555555555563 0.51953125 0.25416666666666676 0.578125 0.2541666666666668
0 0.7046875 0.22777777777777794 0.66015625 0.22777777777777794 0.66015625 0.2819444444444446 0.7046875 0.2819444444444446
3 0.5515625 0.2652777777777779 0.5046875 0.26527777777777783 0.5046875 0.3583333333333335 0.5515625 0.3583333333333335
3 0.65 0.19861111111111127 0.5875 0.19861111111111127 0.5875 0.38472222222222235 0.65 0.38472222222222235
2 0.20390625 0.24305555555555564 0.190625 0.24305555555555564 0.190625 0.30416666666666675 0.20390625 0.30416666666666675
1 0.30000000000000004 0.2291666666666667 0.12578125 0.22916666666666666 0.12578125 0.6875 0.3000000000000001 0.6875