1 0.27265625000000004 0.3444444444444445 0.0015625000000000235 0.34444444444444444 0.001562500000000046 0.9972222222222222 0.2726562500000001 0.9972222222222222
0 0.5953125 0.4500000000000002 0.51484375 0.4500000000000002 0.51484375 0.5916666666666668 0.5953125 0.5916666666666668
0 0.54921875 0.3055555555555557 0.4953125 0.30555555555555564 0.4953125 0.40416666666666684 0.54921875 0.40416666666666684
0 0.53984375 0.26805555555555566 0.49921875 0.26805555555555566 0.49921875 0.31250000000000006 0.53984375 0.31250000000000006
0 0.578125 0.238888888888889 0.53671875 0.23888888888888896 0.53671875 0.29583333333333345 0.578125 0.2958333333333335
0 0.60703125 0.20833333333333348 0.546875 0.20833333333333348 0.546875 0.25833333333333347 0.60703125 0.25833333333333347
0 0.703125 0.23888888888888904 0.66328125 0.23888888888888904 0.66328125 0.2819444444444446 0.703125 0.2819444444444446
0 0.7328125 0.2208333333333335 0.6875 0.2208333333333335 0.6875 0.2694444444444446 0.7328125 0.2694444444444446
3 0.6640625 0.25277777777777793 0.58046875 0.25277777777777793 0.58046875 0.4208333333333335 0.6640625 0.4208333333333335
2 0.2 0.23055555555555562 0.184375 0.23055555555555562 0.184375 0.28333333333333344 0.2 0.28333333333333344
2 0.29296875 0.19305555555555565 0.26875 0.19305555555555565 0.26875 0.23194444444444454 0.29296875 0.23194444444444454
2 0.3640625 0.19166666666666674 0.33984375 0.19166666666666674 0.33984375 0.23194444444444454 0.3640625 0.23194444444444454