2 0.15078125000000003 0.33611111111111114 0.12265625000000005 0.33611111111111114 0.12265625000000005 0.4236111111111111 0.15078125000000003 0.4236111111111111
0 0.8125 0.588888888888889 0.6734375 0.588888888888889 0.6734375 0.8055555555555557 0.8125 0.8055555555555559
0 0.65859375 0.6305555555555558 0.53125 0.6305555555555558 0.53125 0.8722222222222222 0.65859375 0.8722222222222222
0 0.58515625 0.43888888888888905 0.51015625 0.43888888888888905 0.51015625 0.577777777777778 0.58515625 0.577777777777778
0 0.64609375 0.3472222222222224 0.58984375 0.3472222222222224 0.58984375 0.4486111111111113 0.64609375 0.4486111111111113
0 0.709375 0.21388888888888904 0.671875 0.21388888888888904 0.671875 0.26527777777777795 0.709375 0.26527777777777795
0 0.63125 0.2541666666666668 0.5890625 0.2541666666666668 0.5890625 0.31250000000000017 0.63125 0.31250000000000017
0 0.678125 0.22361111111111126 0.62421875 0.22361111111111126 0.62421875 0.28611111111111126 0.678125 0.28611111111111126
0 0.546875 0.276388888888889 0.49375 0.27638888888888896 0.49375 0.3652777777777779 0.546875 0.3652777777777779
0 0.61171875 0.27777777777777796 0.5625 0.27777777777777796 0.5625 0.3444444444444446 0.61171875 0.3444444444444446
0 0.58515625 0.23888888888888904 0.546875 0.23888888888888904 0.546875 0.29166666666666685 0.58515625 0.29166666666666685
3 0.7546875 0.17638888888888904 0.70234375 0.17638888888888904 0.70234375 0.22916666666666682 0.7546875 0.22916666666666682
1 0.509375 0.14861111111111122 0.390625 0.1486111111111112 0.390625 0.25416666666666676 0.509375 0.25416666666666676
2 0.18203125 0.23888888888888893 0.165625 0.2388888888888889 0.165625 0.3027777777777778 0.18203125 0.30277777777777787