0 0.63359375 0.25138888888888905 0.58828125 0.25138888888888905 0.58828125 0.3111111111111113 0.63359375 0.3111111111111113
0 0.6875 0.2166666666666668 0.64453125 0.2166666666666668 0.64453125 0.26388888888888906 0.6875 0.26388888888888906
0 0.76015625 0.19027777777777793 0.7359375 0.19027777777777793 0.7359375 0.2347222222222224 0.76015625 0.2347222222222224
2 0.14375000000000004 0.35 0.12031250000000004 0.35 0.12031250000000004 0.4236111111111111 0.14375000000000004 0.4236111111111111
2 0.17343750000000002 0.3125 0.14765625 0.3125 0.14765625000000002 0.38333333333333336 0.17343750000000005 0.38333333333333336
2 0.38828125 0.21527777777777785 0.36796875 0.21527777777777785 0.36796875 0.25416666666666676 0.38828125 0.25416666666666676
2 0.42109375 0.20277777777777786 0.396875 0.20277777777777786 0.396875 0.23888888888888896 0.42109375 0.23888888888888896
2 0.5328125 0.2208333333333334 0.5078125 0.2208333333333334 0.5078125 0.25555555555555565 0.5328125 0.25555555555555565
2 0.54375 0.20833333333333343 0.5265625 0.20833333333333343 0.5265625 0.23333333333333342 0.54375 0.23333333333333342
1 0.2234375 0.13194444444444448 0.178125 0.13194444444444448 0.178125 0.22083333333333338 0.2234375 0.2208333333333334
3 0.68515625 0.17361111111111124 0.5625 0.17361111111111122 0.5625 0.23611111111111127 0.68515625 0.23611111111111127