0 0.2359375 0.41805555555555557 0.15468750000000003 0.41805555555555557 0.15468750000000003 0.5527777777777778 0.2359375 0.5527777777777778
0 0.47421875 0.18750000000000008 0.409375 0.18750000000000008 0.409375 0.25416666666666676 0.47421875 0.25416666666666676
0 0.71640625 0.22222222222222238 0.6734375 0.22222222222222238 0.6734375 0.26388888888888906 0.71640625 0.26388888888888906
1 0.75625 0.2527777777777779 0.4828125 0.2527777777777779 0.4828125 0.9916666666666668 0.75625 0.991666666666667
1 0.24140625 0.13472222222222227 0.1671875 0.13472222222222227 0.1671875 0.25138888888888894 0.24140625 0.251388888888889
1 0.57265625 0.18611111111111123 0.5015625 0.1861111111111112 0.5015625 0.2902777777777779 0.57265625 0.2902777777777779
1 0.6140625 0.1833333333333335 0.56015625 0.1833333333333335 0.56015625 0.27500000000000013 0.6140625 0.27500000000000013
1 0.78203125 0.18472222222222237 0.715625 0.18472222222222237 0.715625 0.25000000000000017 0.78203125 0.25000000000000017
2 0.11015625000000004 0.4597222222222222 0.057812500000000024 0.4597222222222222 0.05781250000000003 0.6069444444444444 0.11015625000000004 0.6069444444444444
2 0.16796875000000003 0.3 0.1421875 0.3 0.14218750000000002 0.38333333333333336 0.16796875000000006 0.38333333333333336
2 0.1328125 0.18333333333333332 0.121875 0.18333333333333332 0.121875 0.225 0.1328125 0.225
2 0.16015625 0.18611111111111112 0.14609375 0.18611111111111112 0.14609375 0.22361111111111112 0.16015625 0.22361111111111112
2 0.4078125 0.20277777777777786 0.3828125 0.20277777777777786 0.3828125 0.2458333333333334 0.4078125 0.2458333333333334