0 0.26015625 0.3069444444444445 0.20234375 0.3069444444444445 0.20234375 0.4027777777777778 0.26015625 0.4027777777777778
0 0.18046875 0.19166666666666668 0.1453125 0.19166666666666668 0.1453125 0.24305555555555555 0.18046875 0.24305555555555555
0 0.63984375 0.2902777777777779 0.59140625 0.2902777777777779 0.59140625 0.36111111111111127 0.63984375 0.36111111111111127
1 0.68359375 0.20138888888888903 0.62578125 0.20138888888888903 0.62578125 0.2819444444444446 0.68359375 0.2819444444444446
1 0.58125 0.18194444444444458 0.48203125 0.18194444444444452 0.48203125 0.2527777777777779 0.58125 0.25277777777777793
1 0.44296875 0.1736111111111112 0.3765625 0.1736111111111112 0.3765625 0.2250000000000001 0.44296875 0.2250000000000001
1 0.2796875 0.17916666666666675 0.22578125 0.17916666666666675 0.22578125 0.2819444444444445 0.2796875 0.2819444444444445
1 0.30234375 0.1666666666666667 0.23828125 0.1666666666666667 0.23828125 0.23750000000000007 0.30234375 0.23750000000000007
1 0.428125 0.20694444444444451 0.29921875 0.20694444444444451 0.29921875 0.6375000000000001 0.428125 0.6375000000000002
1 0.925 0.32638888888888906 0.60078125 0.32638888888888906 0.60078125 0.8791666666666669 0.925 0.879166666666667
1 0.571875 0.21111111111111122 0.49453125 0.2111111111111112 0.49453125 0.40000000000000013 0.571875 0.40000000000000013
2 0.9640625 0.5736111111111113 0.91875 0.5736111111111113 0.91875 0.7236111111111114 0.9640625 0.7236111111111114