2 0.13203125000000004 0.36527777777777776 0.09765625000000003 0.36527777777777776 0.09765625000000003 0.4736111111111111 0.13203125000000004 0.4736111111111111
2 0.2578125 0.18888888888888897 0.23828125 0.18888888888888897 0.23828125 0.22777777777777786 0.2578125 0.22777777777777786
2 0.4328125 0.20833333333333343 0.40859375 0.20833333333333343 0.40859375 0.23888888888888896 0.4328125 0.23888888888888896
2 0.46015625 0.2111111111111112 0.43359375 0.2111111111111112 0.43359375 0.25416666666666676 0.46015625 0.25416666666666676
2 0.49296875 0.2208333333333334 0.46640625 0.2208333333333334 0.46640625 0.2583333333333334 0.49296875 0.2583333333333334
0 0.696875 0.6972222222222224 0.546875 0.6972222222222224 0.546875 0.9763888888888889 0.696875 0.9763888888888889
0 0.690625 0.41250000000000014 0.6015625 0.41250000000000014 0.6015625 0.5708333333333335 0.690625 0.5708333333333335
0 0.40625 0.19861111111111118 0.31015625 0.19861111111111118 0.31015625 0.45277777777777783 0.40625 0.45277777777777795
0 0.69296875 0.2097222222222224 0.5734375 0.2097222222222224 0.5734375 0.44583333333333347 0.69296875 0.44583333333333347
0 0.65078125 0.1694444444444446 0.56171875 0.16944444444444456 0.56171875 0.2847222222222224 0.65078125 0.2847222222222224
1 0.9671875 0.515277777777778 0.6984375 0.515277777777778 0.6984375 0.9319444444444446 0.9671875 0.9319444444444448
0 0.215625 0.18888888888888894 0.1796875 0.18888888888888888 0.1796875 0.2402777777777778 0.215625 0.24027777777777787