2 0.2640625000000001 0.7930555555555555 0.19453125000000004 0.7930555555555555 0.19453125000000004 0.9375 0.2640625000000001 0.9375
2 0.46015625 0.8444444444444444 0.40546875 0.8444444444444444 0.40546875 0.9722222222222222 0.46015625 0.9722222222222222
2 0.53125 0.5805555555555557 0.49140625 0.5805555555555557 0.49140625 0.6777777777777779 0.53125 0.6777777777777779
2 0.52734375 0.7069444444444446 0.47734375 0.7069444444444446 0.47734375 0.8291666666666667 0.52734375 0.8291666666666667
2 0.56875 0.5930555555555557 0.53125 0.5930555555555557 0.53125 0.6972222222222224 0.56875 0.6972222222222224
2 0.39531250000000007 0.75 0.34453125000000007 0.75 0.34453125000000007 0.8680555555555556 0.39531250000000007 0.8680555555555556
2 0.678125 0.44583333333333347 0.65390625 0.44583333333333347 0.65390625 0.5097222222222224 0.678125 0.5097222222222224
2 0.84609375 0.5055555555555558 0.81640625 0.5055555555555558 0.81640625 0.5833333333333335 0.84609375 0.5833333333333335
2 0.74765625 0.4722222222222224 0.7234375 0.4722222222222224 0.7234375 0.5361111111111113 0.74765625 0.5361111111111113
2 0.7796875 0.4361111111111113 0.75859375 0.4361111111111113 0.75859375 0.4944444444444446 0.7796875 0.4944444444444446
2 0.721875 0.4361111111111113 0.70078125 0.4361111111111113 0.70078125 0.4944444444444446 0.721875 0.4944444444444446
2 0.409375 0.6638888888888891 0.3632812500000001 0.6638888888888891 0.3632812500000001 0.7625 0.409375 0.7625
2 0.746875 0.4361111111111113 0.72734375 0.4361111111111113 0.72734375 0.4902777777777779 0.746875 0.4902777777777779
2 0.4890625 0.6611111111111113 0.45703125 0.6611111111111113 0.45703125 0.7638888888888888 0.4890625 0.7638888888888888
2 0.66171875 0.6361111111111113 0.62265625 0.6361111111111113 0.62265625 0.7388888888888889 0.66171875 0.7388888888888889
2 0.80234375 0.46666666666666684 0.77734375 0.46666666666666684 0.77734375 0.5347222222222224 0.80234375 0.5347222222222224
2 0.715625 0.613888888888889 0.68203125 0.613888888888889 0.68203125 0.7000000000000002 0.715625 0.7000000000000002
2 0.86015625 0.6055555555555557 0.8296875 0.6055555555555557 0.8296875 0.7000000000000002 0.86015625 0.7000000000000002
2 0.64296875 0.5875000000000001 0.6109375 0.5875000000000001 0.6109375 0.6777777777777779 0.64296875 0.6777777777777779
2 0.8234375 0.46250000000000013 0.8015625 0.46250000000000013 0.8015625 0.5222222222222224 0.8234375 0.5222222222222224
2 0.84296875 0.45972222222222237 0.8203125 0.45972222222222237 0.8203125 0.5194444444444446 0.84296875 0.5194444444444446
2 0.715625 0.4083333333333335 0.69453125 0.4083333333333335 0.69453125 0.46111111111111125 0.715625 0.46111111111111125
2 0.83984375 0.4097222222222224 0.8203125 0.4097222222222224 0.8203125 0.4638888888888891 0.83984375 0.4638888888888891
2 0.81640625 0.38333333333333347 0.803125 0.38333333333333347 0.803125 0.4277777777777779 0.81640625 0.4277777777777779
0 0.73203125 0.5555555555555557 0.675 0.5555555555555557 0.675 0.6472222222222224 0.73203125 0.6472222222222224
0 0.640625 0.3194444444444446 0.609375 0.3194444444444446 0.609375 0.36388888888888904 0.640625 0.36388888888888904
3 0.721875 0.3083333333333335 0.659375 0.3083333333333335 0.659375 0.4013888888888891 0.721875 0.4013888888888891