0 0.40703125 0.49861111111111117 0.3125 0.4986111111111111 0.3125 0.6027777777777779 0.40703125 0.602777777777778
0 0.57109375 0.4958333333333335 0.50546875 0.4958333333333335 0.50546875 0.5861111111111112 0.57109375 0.5861111111111112
0 0.57421875 0.3930555555555557 0.521875 0.3930555555555557 0.521875 0.47500000000000014 0.57421875 0.47500000000000014
0 0.58203125 0.3597222222222224 0.546875 0.3597222222222224 0.546875 0.4305555555555557 0.58203125 0.4305555555555557
0 0.61015625 0.34166666666666684 0.578125 0.34166666666666684 0.578125 0.40000000000000013 0.61015625 0.40000000000000013
0 0.64453125 0.36388888888888904 0.60390625 0.36388888888888904 0.60390625 0.4291666666666668 0.64453125 0.4291666666666668
0 0.6828125 0.4013888888888891 0.64453125 0.4013888888888891 0.64453125 0.46666666666666684 0.6828125 0.46666666666666684
0 0.696875 0.3583333333333335 0.66875 0.3583333333333335 0.66875 0.39861111111111125 0.696875 0.39861111111111125
0 0.74375 0.4152777777777779 0.69765625 0.4152777777777779 0.69765625 0.45277777777777795 0.74375 0.45277777777777795
0 0.7484375 0.4222222222222224 0.70234375 0.4222222222222224 0.70234375 0.4972222222222224 0.7484375 0.4972222222222224
0 0.6546875 0.30000000000000016 0.628125 0.30000000000000016 0.628125 0.35416666666666685 0.6546875 0.35416666666666685
0 0.11328125000000004 0.6722222222222223 4.63069570927593e-17 0.6722222222222223 5.128208471429542e-17 0.8166666666666667 0.11328125000000004 0.8166666666666667
0 0.6859375 0.3166666666666668 0.6640625 0.3166666666666668 0.6640625 0.36388888888888904 0.6859375 0.36388888888888904
0 0.7109375 0.31250000000000017 0.68828125 0.31250000000000017 0.68828125 0.3472222222222224 0.7109375 0.3472222222222224
0 0.6765625 0.29166666666666685 0.65703125 0.29166666666666685 0.65703125 0.3333333333333335 0.6765625 0.3333333333333335
2 0.2195312500000001 0.7902777777777777 0.16093750000000004 0.7902777777777777 0.16093750000000004 0.9263888888888889 0.2195312500000001 0.9263888888888889
2 0.2835937500000001 0.8819444444444444 0.2156250000000001 0.8819444444444444 0.2156250000000001 0.9902777777777778 0.2835937500000001 0.9902777777777778
2 0.453125 0.6430555555555557 0.403125 0.6430555555555557 0.403125 0.7791666666666667 0.453125 0.7791666666666667
2 0.5015625 0.7208333333333333 0.44609375 0.7208333333333333 0.44609375 0.85 0.5015625 0.85
2 0.55 0.6000000000000002 0.5125 0.6000000000000002 0.5125 0.702777777777778 0.55 0.702777777777778
2 0.609375 0.551388888888889 0.5875 0.551388888888889 0.5875 0.6416666666666668 0.609375 0.6416666666666668
2 0.59140625 0.7097222222222224 0.55703125 0.7097222222222224 0.55703125 0.8013888888888889 0.59140625 0.8013888888888889
2 0.634375 0.7555555555555555 0.58828125 0.7555555555555555 0.58828125 0.8847222222222222 0.634375 0.8847222222222222
2 0.64140625 0.6069444444444446 0.60234375 0.6069444444444446 0.60234375 0.7486111111111111 0.64140625 0.7486111111111111
2 0.6875 0.5791666666666668 0.653125 0.5791666666666668 0.653125 0.6583333333333334 0.6875 0.6583333333333334
2 0.7453125 0.5611111111111112 0.71875 0.5611111111111112 0.71875 0.6527777777777779 0.7453125 0.6527777777777779
2 0.778125 0.5583333333333335 0.74921875 0.5583333333333335 0.74921875 0.6375000000000002 0.778125 0.6375000000000002
2 0.78828125 0.4819444444444446 0.759375 0.4819444444444446 0.759375 0.5486111111111113 0.78828125 0.5486111111111113
2 0.76484375 0.45138888888888906 0.74140625 0.45138888888888906 0.74140625 0.5319444444444446 0.76484375 0.5319444444444446
2 0.72890625 0.45972222222222237 0.69765625 0.45972222222222237 0.69765625 0.5361111111111113 0.72890625 0.5361111111111113
2 0.69140625 0.4555555555555557 0.675 0.4555555555555557 0.675 0.5208333333333335 0.69140625 0.5208333333333335
2 0.6703125 0.45416666666666683 0.65234375 0.45416666666666683 0.65234375 0.5333333333333334 0.6703125 0.5333333333333334
2 0.6375 0.4361111111111113 0.6140625 0.4361111111111113 0.6140625 0.4930555555555557 0.6375 0.4930555555555557
2 0.821875 0.5277777777777779 0.78359375 0.5277777777777779 0.78359375 0.6166666666666668 0.821875 0.6166666666666668
2 0.82109375 0.6166666666666668 0.78671875 0.6166666666666668 0.78671875 0.729166666666667 0.82109375 0.729166666666667
2 0.83046875 0.44027777777777793 0.8015625 0.44027777777777793 0.8015625 0.526388888888889 0.83046875 0.526388888888889
2 0.75234375 0.3736111111111113 0.73828125 0.3736111111111113 0.73828125 0.4208333333333335 0.75234375 0.4208333333333335
2 0.73359375 0.37500000000000017 0.7171875 0.37500000000000017 0.7171875 0.4416666666666668 0.73359375 0.4416666666666668
2 0.77734375 0.3666666666666668 0.75703125 0.3666666666666668 0.75703125 0.4305555555555557 0.77734375 0.4305555555555557
2 0.790625 0.36250000000000016 0.77265625 0.36250000000000016 0.77265625 0.41388888888888903 0.790625 0.41388888888888903
2 0.803125 0.36388888888888904 0.79296875 0.36388888888888904 0.79296875 0.41805555555555574 0.803125 0.41805555555555574
2 0.8171875 0.36250000000000016 0.8046875 0.36250000000000016 0.8046875 0.4055555555555557 0.8171875 0.4055555555555557
2 0.84296875 0.3569444444444446 0.825 0.3569444444444446 0.825 0.3958333333333335 0.84296875 0.3958333333333335
2 0.853125 0.3930555555555557 0.834375 0.3930555555555557 0.834375 0.43888888888888905 0.853125 0.43888888888888905