2 0.84140625 0.526388888888889 0.803125 0.526388888888889 0.803125 0.6541666666666668 0.84140625 0.6541666666666668
2 0.51328125 0.4013888888888891 0.45859375 0.4013888888888891 0.45859375 0.5069444444444446 0.51328125 0.5069444444444446
2 0.7375 0.3319444444444446 0.70859375 0.3319444444444446 0.70859375 0.42500000000000016 0.7375 0.42500000000000016
2 0.6328125 0.2541666666666668 0.6140625 0.2541666666666668 0.6140625 0.3388888888888891 0.6328125 0.3388888888888891
2 0.890625 0.8555555555555558 0.83671875 0.8555555555555558 0.83671875 0.9902777777777781 0.890625 0.9902777777777781
2 0.67890625 0.25972222222222235 0.659375 0.25972222222222235 0.659375 0.3430555555555557 0.67890625 0.3430555555555557
2 0.7015625 0.29305555555555574 0.6765625 0.29305555555555574 0.6765625 0.3819444444444446 0.7015625 0.3819444444444446
2 0.3484375 0.2722222222222223 0.32734375 0.2722222222222223 0.32734375 0.35416666666666674 0.3484375 0.35416666666666674
2 0.4265625 0.251388888888889 0.4078125 0.251388888888889 0.4078125 0.3236111111111112 0.4265625 0.3236111111111112
2 0.3265625 0.27916666666666673 0.30859375 0.27916666666666673 0.30859375 0.34027777777777785 0.3265625 0.34027777777777785
2 0.58359375 0.18472222222222237 0.56640625 0.18472222222222237 0.56640625 0.24027777777777792 0.58359375 0.24027777777777792
2 0.40546875 0.26527777777777783 0.38125 0.26527777777777783 0.38125 0.33055555555555566 0.40546875 0.33055555555555566
2 0.38984375 0.27638888888888896 0.36484375 0.27638888888888896 0.36484375 0.34027777777777785 0.38984375 0.34027777777777785
0 0.18906250000000005 0.4083333333333333 0.03750000000000003 0.4083333333333333 0.03750000000000003 0.5277777777777778 0.18906250000000005 0.5277777777777778
0 0.5359375 0.16944444444444456 0.50234375 0.16944444444444456 0.50234375 0.22777777777777786 0.5359375 0.22777777777777786
0 0.56328125 0.251388888888889 0.52421875 0.251388888888889 0.52421875 0.3277777777777779 0.56328125 0.32777777777777795
0 0.984375 0.4361111111111113 0.9125 0.4361111111111113 0.9125 0.5763888888888891 0.984375 0.5763888888888891
0 0.41484375 0.1736111111111112 0.375 0.1736111111111112 0.375 0.2486111111111112 0.41484375 0.2486111111111112
3 0.41484375 0.1736111111111112 0.375 0.1736111111111112 0.375 0.2486111111111112 0.41484375 0.2486111111111112
1 0.48359375 0.20000000000000007 0.44140625 0.20000000000000007 0.44140625 0.313888888888889 0.48359375 0.313888888888889
2 0.30703125 0.2611111111111112 0.28984375 0.2611111111111112 0.28984375 0.3236111111111112 0.30703125 0.3236111111111112