2 0.10312500000000005 0.5763888888888888 0.03359375000000005 0.5763888888888888 0.03359375000000005 0.7305555555555555 0.10312500000000005 0.7305555555555555
2 0.16796875000000006 0.5069444444444444 0.09843750000000004 0.5069444444444444 0.09843750000000004 0.6569444444444444 0.16796875000000006 0.6569444444444444
2 0.26171875 0.3638888888888889 0.225 0.3638888888888889 0.225 0.5041666666666667 0.26171875 0.5041666666666667
2 0.31328125 0.37916666666666665 0.27265625 0.37916666666666665 0.27265625 0.48194444444444445 0.31328125 0.48194444444444445
2 0.8109375 0.47916666666666685 0.76640625 0.47916666666666685 0.76640625 0.6416666666666668 0.8109375 0.6416666666666668
2 0.95078125 0.7652777777777781 0.871875 0.7652777777777781 0.871875 0.9305555555555559 0.95078125 0.9305555555555559
2 0.746875 0.2680555555555557 0.69375 0.2680555555555557 0.69375 0.3861111111111113 0.746875 0.3861111111111113
2 0.69296875 0.25138888888888905 0.6671875 0.25138888888888905 0.6671875 0.3430555555555557 0.69296875 0.3430555555555557
2 0.6625 0.25138888888888905 0.64375 0.25138888888888905 0.64375 0.31527777777777793 0.6625 0.31527777777777793
2 0.64453125 0.2458333333333335 0.62265625 0.2458333333333335 0.62265625 0.3180555555555557 0.64453125 0.3180555555555557
2 0.62578125 0.23750000000000016 0.59296875 0.23750000000000016 0.59296875 0.3194444444444446 0.62578125 0.3194444444444446
0 0.5875 0.23611111111111122 0.53125 0.2361111111111112 0.53125 0.338888888888889 0.5875 0.3388888888888891
2 0.11406250000000004 0.36666666666666664 0.051562500000000025 0.36666666666666664 0.051562500000000025 0.44305555555555554 0.11406250000000004 0.44305555555555554
2 0.24296875 0.25416666666666676 0.184375 0.25416666666666676 0.184375 0.31666666666666676 0.24296875 0.31666666666666676
2 0.6515625 0.19444444444444461 0.63515625 0.19444444444444461 0.63515625 0.24166666666666684 0.6515625 0.24166666666666684