2 0.621875 0.27777777777777796 0.5859375 0.27777777777777796 0.5859375 0.3694444444444446 0.621875 0.3694444444444446
2 0.8109375 0.4333333333333335 0.759375 0.4333333333333335 0.759375 0.6083333333333335 0.8109375 0.6083333333333335
2 0.5234375 0.22777777777777786 0.48828125 0.22777777777777786 0.48828125 0.28333333333333344 0.5234375 0.28333333333333344
2 0.2210937500000001 0.6472222222222223 0.15312500000000004 0.6472222222222223 0.15312500000000004 0.7777777777777778 0.2210937500000001 0.7777777777777778
2 0.12734375000000003 0.3680555555555556 0.05468750000000002 0.3680555555555556 0.05468750000000002 0.43472222222222223 0.12734375000000003 0.43472222222222223
0 0.4640625 0.21388888888888896 0.41640625 0.21388888888888896 0.41640625 0.3069444444444445 0.4640625 0.3069444444444445
2 0.565625 0.34444444444444455 0.5390625 0.3444444444444445 0.5390625 0.4361111111111113 0.565625 0.4361111111111113
2 0.60859375 0.36111111111111127 0.58515625 0.36111111111111127 0.58515625 0.4486111111111113 0.60859375 0.4486111111111113
2 0.60859375 0.21111111111111128 0.58515625 0.21111111111111128 0.58515625 0.2680555555555557 0.60859375 0.2680555555555557
2 0.63203125 0.19861111111111127 0.61171875 0.19861111111111127 0.61171875 0.25833333333333347 0.63203125 0.25833333333333347
2 0.4109375 0.18888888888888897 0.38984375 0.18888888888888897 0.38984375 0.2583333333333334 0.4109375 0.2583333333333334
2 0.5390625 0.23055555555555562 0.525 0.23055555555555562 0.525 0.2805555555555556 0.5390625 0.2805555555555556