2 0.74296875 0.3680555555555557 0.70546875 0.3680555555555557 0.70546875 0.4958333333333335 0.74296875 0.4958333333333335
2 0.71015625 0.2972222222222224 0.68203125 0.2972222222222224 0.68203125 0.38333333333333347 0.71015625 0.38333333333333347
2 0.68984375 0.21805555555555572 0.67421875 0.21805555555555572 0.67421875 0.2847222222222224 0.68984375 0.2847222222222224
2 0.55234375 0.2125000000000001 0.53203125 0.21250000000000008 0.53203125 0.27500000000000013 0.55234375 0.27500000000000013
2 0.35859375 0.19166666666666674 0.33046875 0.19166666666666674 0.33046875 0.25555555555555565 0.35859375 0.25555555555555565
2 0.6015625 0.1500000000000001 0.5875 0.1500000000000001 0.5875 0.18611111111111128 0.6015625 0.18611111111111128
0 0.428125 0.16527777777777786 0.39375 0.16527777777777786 0.39375 0.23194444444444454 0.428125 0.23194444444444454
3 0.62578125 0.2708333333333335 0.55546875 0.2708333333333335 0.55546875 0.4333333333333335 0.62578125 0.4333333333333335
1 0.4890625 0.11944444444444455 0.4484375 0.11944444444444452 0.4484375 0.23750000000000007 0.4890625 0.23750000000000007
1 0.3898437500000001 0.6722222222222223 0.10546875000000004 0.6722222222222223 0.10546875000000007 1 0.3898437500000001 1
0 0.22109375000000003 0.5972222222222222 0.025000000000000043 0.5972222222222222 0.025000000000000057 0.9513888888888888 0.2210937500000001 0.9513888888888888