2 0.27421875 0.31805555555555565 0.240625 0.31805555555555565 0.240625 0.4027777777777778 0.27421875 0.4027777777777778
0 0.57265625 0.29722222222222233 0.52734375 0.2972222222222223 0.52734375 0.38888888888888906 0.57265625 0.38888888888888906
0 0.67890625 0.3652777777777779 0.60703125 0.3652777777777779 0.60703125 0.4833333333333335 0.67890625 0.4833333333333335
3 0.6328125 0.2208333333333335 0.5796875 0.2208333333333335 0.5796875 0.32916666666666683 0.6328125 0.32916666666666683
2 0.7421875 0.3250000000000002 0.7203125 0.3250000000000002 0.7203125 0.40416666666666684 0.7421875 0.40416666666666684
2 0.71484375 0.2902777777777779 0.69296875 0.2902777777777779 0.69296875 0.3569444444444446 0.71484375 0.3569444444444446
0 0.67578125 0.20000000000000015 0.6296875 0.20000000000000015 0.6296875 0.26666666666666683 0.67578125 0.26666666666666683
2 0.7234375 0.2305555555555557 0.70703125 0.2305555555555557 0.70703125 0.2819444444444446 0.7234375 0.2819444444444446
2 0.74921875 0.22638888888888906 0.73203125 0.22638888888888906 0.73203125 0.2833333333333335 0.74921875 0.2833333333333335
3 0.53046875 0.17222222222222233 0.43125 0.1722222222222223 0.43125 0.2486111111111112 0.53046875 0.2486111111111112
0 0.2015625 0.1680555555555556 0.17109375 0.1680555555555556 0.17109375 0.20972222222222225 0.2015625 0.2097222222222223
2 0.24921875 0.18194444444444452 0.2296875 0.18194444444444452 0.2296875 0.22916666666666674 0.24921875 0.22916666666666674