2 0.659375 0.44027777777777793 0.63125 0.44027777777777793 0.63125 0.5180555555555557 0.659375 0.5180555555555557
2 0.7515625 0.4930555555555557 0.72109375 0.4930555555555557 0.72109375 0.5763888888888891 0.7515625 0.5763888888888891
2 0.834375 0.5055555555555558 0.80234375 0.5055555555555558 0.80234375 0.588888888888889 0.834375 0.588888888888889
2 0.63125 0.5180555555555557 0.5984375 0.5180555555555557 0.5984375 0.6055555555555557 0.63125 0.6055555555555557
2 0.66484375 0.5902777777777779 0.62734375 0.5902777777777779 0.62734375 0.6972222222222224 0.66484375 0.6972222222222224
2 0.7 0.6791666666666668 0.6609375 0.6791666666666668 0.6609375 0.8041666666666667 0.7 0.8041666666666667
2 0.7671875 0.39027777777777795 0.746875 0.39027777777777795 0.746875 0.45277777777777795 0.7671875 0.45277777777777795
2 0.8578125 0.3819444444444446 0.840625 0.3819444444444446 0.840625 0.44027777777777793 0.8578125 0.44027777777777793
2 0.853125 0.7402777777777781 0.8046875 0.7402777777777781 0.8046875 0.879166666666667 0.853125 0.879166666666667
2 0.83359375 0.41388888888888903 0.821875 0.41388888888888903 0.821875 0.46111111111111125 0.83359375 0.46111111111111125
2 0.8046875 0.4444444444444446 0.78671875 0.4444444444444446 0.78671875 0.5111111111111113 0.8046875 0.5111111111111113
2 0.8234375 0.6069444444444446 0.7875 0.6069444444444446 0.7875 0.7111111111111115 0.8234375 0.7111111111111115
2 0.7171875 0.37500000000000017 0.6921875 0.37500000000000017 0.6921875 0.43888888888888905 0.7171875 0.43888888888888905
2 0.73515625 0.3791666666666668 0.71171875 0.3791666666666668 0.71171875 0.4416666666666668 0.73515625 0.4416666666666668
2 0.6078125 0.5722222222222224 0.56796875 0.5722222222222224 0.56796875 0.6819444444444446 0.6078125 0.6819444444444446
2 0.75625 0.7069444444444446 0.7171875 0.7069444444444446 0.7171875 0.8263888888888891 0.75625 0.8263888888888892
2 0.53984375 0.6666666666666669 0.49375 0.6666666666666669 0.49375 0.7972222222222223 0.53984375 0.7972222222222223
2 0.7734375 0.4333333333333335 0.75703125 0.4333333333333335 0.75703125 0.4986111111111113 0.7734375 0.4986111111111113
2 0.7671875 0.48055555555555574 0.74140625 0.48055555555555574 0.74140625 0.5527777777777779 0.7671875 0.5527777777777779
2 0.79453125 0.48750000000000016 0.76796875 0.48750000000000016 0.76796875 0.5583333333333335 0.79453125 0.5583333333333335
2 0.7875 0.5763888888888891 0.7546875 0.5763888888888891 0.7546875 0.6625000000000002 0.7875 0.6625000000000002
2 0.790625 0.6708333333333335 0.75625 0.6708333333333335 0.75625 0.7875000000000003 0.790625 0.7875000000000003
2 0.93125 0.8833333333333336 0.87265625 0.8833333333333336 0.87265625 0.9847222222222225 0.93125 0.9847222222222225
2 0.78828125 0.37638888888888905 0.76796875 0.37638888888888905 0.76796875 0.4319444444444446 0.78828125 0.4319444444444446
2 0.83984375 0.3694444444444446 0.8203125 0.3694444444444446 0.8203125 0.41805555555555574 0.83984375 0.41805555555555574
2 0.740625 0.35138888888888903 0.72109375 0.35138888888888903 0.72109375 0.40416666666666684 0.740625 0.40416666666666684
2 0.8140625 0.3583333333333335 0.79453125 0.3583333333333335 0.79453125 0.41250000000000014 0.8140625 0.41250000000000014
2 0.7828125 0.41111111111111126 0.76015625 0.41111111111111126 0.76015625 0.4708333333333335 0.7828125 0.4708333333333335
0 0.35234375000000007 0.5986111111111111 0.2171875 0.5986111111111111 0.21718750000000003 0.7402777777777778 0.35234375000000007 0.7402777777777778