2 0.22578125 0.4930555555555556 0.18750000000000006 0.4930555555555556 0.18750000000000006 0.6347222222222222 0.22578125 0.6347222222222222
2 0.3140625 0.2972222222222223 0.28828125 0.2972222222222223 0.28828125 0.3861111111111111 0.3140625 0.3861111111111111
2 0.340625 0.25555555555555565 0.321875 0.25555555555555565 0.321875 0.3361111111111112 0.340625 0.3361111111111112
2 0.2960937500000001 0.8347222222222223 0.24375000000000008 0.8347222222222223 0.24375000000000008 1 0.2960937500000001 1
2 0.5125 0.7291666666666666 0.46640625 0.7291666666666666 0.46640625 0.9291666666666667 0.5125 0.9291666666666667
2 0.5796875 0.7930555555555555 0.5359375 0.7930555555555555 0.5359375 0.9972222222222222 0.5796875 0.9972222222222222
2 0.42734375 0.3652777777777779 0.378125 0.3652777777777779 0.378125 0.45416666666666683 0.42734375 0.45416666666666683
2 0.05625000000000006 0.6805555555555556 0.010937500000000048 0.6805555555555556 0.010937500000000055 0.8875 0.056250000000000064 0.8875
2 0.53203125 0.36111111111111127 0.5109375 0.36111111111111127 0.5109375 0.46111111111111125 0.53203125 0.46111111111111125
2 0.50859375 0.4416666666666668 0.4765625 0.4416666666666668 0.4765625 0.563888888888889 0.50859375 0.563888888888889
2 0.54375 0.25000000000000006 0.52109375 0.25000000000000006 0.52109375 0.31250000000000006 0.54375 0.31250000000000006
2 0.48203125 0.4013888888888891 0.4484375 0.4013888888888891 0.4484375 0.4986111111111113 0.48203125 0.4986111111111113
2 0.38046875 0.21388888888888896 0.3640625 0.21388888888888896 0.3640625 0.26805555555555566 0.38046875 0.26805555555555566
2 0.41484375 0.1625000000000001 0.39921875 0.1625000000000001 0.39921875 0.2097222222222223 0.41484375 0.2097222222222223
2 0.18125000000000008 0.9 0.12031250000000004 0.9 0.12031250000000007 0.9958333333333333 0.18125000000000008 0.9958333333333333
0 0.765625 0.6777777777777779 0.5546875 0.6777777777777779 0.5546875 0.9375000000000001 0.765625 0.9375000000000003
0 0.45859375 0.6958333333333334 0.3296875000000001 0.6958333333333333 0.3296875000000001 0.9805555555555555 0.45859375 0.9805555555555555
0 0.45546875 0.45277777777777795 0.3828125 0.45277777777777795 0.3828125 0.6194444444444446 0.45546875 0.6194444444444446
0 0.20390625 0.3430555555555556 0.08359375000000002 0.34305555555555556 0.08359375000000002 0.4444444444444444 0.20390625 0.4444444444444444
0 0.3984375 0.26250000000000007 0.35703125 0.26250000000000007 0.35703125 0.33888888888888896 0.3984375 0.33888888888888896
0 0.471875 0.14444444444444454 0.4421875 0.14444444444444451 0.4421875 0.20694444444444451 0.471875 0.20694444444444451
1 0.66015625 0.23888888888888904 0.57578125 0.23888888888888904 0.57578125 0.39166666666666683 0.66015625 0.39166666666666683
1 0.53671875 0.1527777777777779 0.49921875 0.1527777777777779 0.49921875 0.24027777777777787 0.53671875 0.24027777777777787