2 0.79765625 0.702777777777778 0.75625 0.702777777777778 0.75625 0.8958333333333337 0.79765625 0.8958333333333337
2 0.6046875 0.46527777777777796 0.55625 0.46527777777777796 0.55625 0.5736111111111113 0.6046875 0.5736111111111113
2 0.32109375000000007 0.7166666666666667 0.2671875000000001 0.7166666666666667 0.2671875000000001 0.9097222222222222 0.32109375000000007 0.9097222222222222
2 0.54296875 0.23750000000000007 0.5234375 0.23750000000000007 0.5234375 0.31250000000000006 0.54296875 0.31250000000000006
2 0.34921875 0.3000000000000001 0.3296875 0.3000000000000001 0.3296875 0.3819444444444444 0.34921875 0.3819444444444444
2 0.7359375 0.42638888888888904 0.70390625 0.42638888888888904 0.70390625 0.5388888888888891 0.7359375 0.5388888888888891
2 0.403125 0.8861111111111111 0.34062500000000007 0.8861111111111111 0.34062500000000007 1 0.403125 1
2 0.33984375 0.3444444444444445 0.31953125 0.3444444444444445 0.31953125 0.45416666666666666 0.33984375 0.45416666666666666
2 0.14609375000000005 0.33611111111111114 0.08984375000000003 0.33611111111111114 0.08984375000000003 0.4222222222222222 0.14609375000000005 0.4222222222222222
2 0.40625 0.3361111111111112 0.38515625 0.3361111111111112 0.38515625 0.4333333333333335 0.40625 0.4333333333333335
2 0.57734375 0.22500000000000014 0.5578125 0.22500000000000014 0.5578125 0.28750000000000014 0.57734375 0.28750000000000014
2 0.703125 0.2847222222222224 0.67578125 0.2847222222222224 0.67578125 0.3736111111111113 0.703125 0.3736111111111113
2 0.40078125 0.2736111111111112 0.38125 0.2736111111111112 0.38125 0.3500000000000001 0.40078125 0.3500000000000001
2 0.31875 0.33055555555555566 0.29140625 0.33055555555555566 0.29140625 0.42916666666666664 0.31875 0.42916666666666664
2 0.3125 0.26250000000000007 0.28984375 0.26250000000000007 0.28984375 0.3361111111111112 0.3125 0.3361111111111112
2 0.2546875 0.3347222222222223 0.20703125 0.3347222222222223 0.20703125 0.4222222222222222 0.2546875 0.4222222222222222
2 0.42578125 0.23888888888888896 0.41171875 0.23888888888888896 0.41171875 0.30416666666666675 0.42578125 0.30416666666666675
2 0.6296875 0.2097222222222224 0.61328125 0.2097222222222224 0.61328125 0.2763888888888891 0.6296875 0.2763888888888891
2 0.4828125 0.29166666666666674 0.43125 0.29166666666666674 0.43125 0.351388888888889 0.4828125 0.351388888888889
2 0.33125 0.2472222222222223 0.31328125 0.2472222222222223 0.31328125 0.3208333333333334 0.33125 0.3208333333333334
2 0.49765625 0.2666666666666667 0.478125 0.2666666666666667 0.478125 0.32777777777777783 0.49765625 0.32777777777777783
2 0.3640625 0.2472222222222223 0.34453125 0.2472222222222223 0.34453125 0.32777777777777783 0.3640625 0.32777777777777783
0 0.6 0.29722222222222233 0.534375 0.2972222222222223 0.534375 0.37638888888888905 0.6 0.37638888888888905
0 0.40703125 0.13055555555555565 0.38046875 0.13055555555555565 0.38046875 0.1847222222222223 0.40703125 0.1847222222222223
1 0.47734375 0.19583333333333341 0.4328125 0.19583333333333341 0.4328125 0.2930555555555556 0.47734375 0.2930555555555556
2 0.3796875 0.25694444444444453 0.36484375 0.25694444444444453 0.36484375 0.32638888888888895 0.3796875 0.32638888888888895