2 0.47578125 0.8166666666666667 0.4265625 0.8166666666666667 0.4265625 1 0.47578125 1
2 0.45078125 0.5236111111111112 0.415625 0.5236111111111112 0.415625 0.6666666666666669 0.45078125 0.6666666666666669
2 0.52421875 0.5944444444444446 0.49375 0.5944444444444446 0.49375 0.7416666666666667 0.52421875 0.7416666666666667
2 0.5890625 0.526388888888889 0.5578125 0.526388888888889 0.5578125 0.6750000000000002 0.5890625 0.6750000000000002
2 0.5 0.37777777777777793 0.475 0.37777777777777793 0.475 0.4694444444444446 0.5 0.4694444444444446
2 0.54140625 0.3152777777777779 0.5234375 0.3152777777777779 0.5234375 0.38888888888888906 0.54140625 0.38888888888888906
2 0.51484375 0.33055555555555566 0.4921875 0.33055555555555566 0.4921875 0.41666666666666685 0.51484375 0.41666666666666685
0 0.51484375 0.251388888888889 0.4765625 0.251388888888889 0.4765625 0.32777777777777783 0.51484375 0.32777777777777783
2 0.42578125 0.2666666666666667 0.4109375 0.2666666666666667 0.4109375 0.32777777777777783 0.42578125 0.32777777777777783
2 0.446875 0.2486111111111112 0.43203125 0.2486111111111112 0.43203125 0.30277777777777787 0.446875 0.30277777777777787
0 0.48359375 0.20694444444444451 0.45625 0.20694444444444451 0.45625 0.25416666666666676 0.48359375 0.25416666666666676
0 0.4921875 0.1833333333333334 0.4734375 0.1833333333333334 0.4734375 0.2222222222222223 0.4921875 0.2222222222222223