2 0.9125 0.5958333333333334 0.84765625 0.5958333333333334 0.84765625 0.754166666666667 0.9125 0.754166666666667
2 0.82890625 0.46666666666666684 0.78046875 0.46666666666666684 0.78046875 0.6166666666666668 0.82890625 0.6166666666666668
2 0.7578125 0.40416666666666684 0.7078125 0.40416666666666684 0.7078125 0.5472222222222224 0.7578125 0.5472222222222224
0 0.5828125 0.23194444444444456 0.5265625 0.23194444444444454 0.5265625 0.3472222222222223 0.5828125 0.3472222222222224
2 0.60546875 0.23888888888888904 0.58515625 0.23888888888888904 0.58515625 0.3180555555555557 0.60546875 0.3180555555555557
2 0.62109375 0.22638888888888906 0.60234375 0.22638888888888906 0.60234375 0.3097222222222224 0.62109375 0.3097222222222224
2 0.6453125 0.25000000000000017 0.62421875 0.25000000000000017 0.62421875 0.34027777777777796 0.6453125 0.34027777777777796
2 0.671875 0.26666666666666683 0.65 0.26666666666666683 0.65 0.33611111111111125 0.671875 0.33611111111111125
2 0.709375 0.2708333333333335 0.6796875 0.2708333333333335 0.6796875 0.3569444444444446 0.709375 0.3569444444444446
2 0.08515625000000006 0.6347222222222222 0.021875000000000044 0.6347222222222222 0.02187500000000005 0.8319444444444445 0.08515625000000007 0.8319444444444445
2 0.29296875 0.3069444444444445 0.2609375 0.3069444444444445 0.2609375 0.4027777777777778 0.29296875 0.4027777777777778
2 0.11328125000000004 0.36527777777777776 0.035937500000000025 0.36527777777777776 0.035937500000000025 0.4305555555555556 0.11328125000000004 0.4305555555555556
2 0.23046875 0.2597222222222223 0.18515625 0.2597222222222223 0.18515625 0.31250000000000006 0.23046875 0.31250000000000006
2 0.38515625 0.1736111111111112 0.3671875 0.1736111111111112 0.3671875 0.23194444444444454 0.38515625 0.23194444444444454
2 0.73125 0.27500000000000013 0.709375 0.27500000000000013 0.709375 0.36111111111111127 0.73125 0.36111111111111127