2 0.22734375 0.41805555555555557 0.17734375000000005 0.41805555555555557 0.17734375000000005 0.5263888888888889 0.22734375 0.5263888888888889
2 0.35546875 0.20833333333333343 0.340625 0.20833333333333343 0.340625 0.26388888888888895 0.35546875 0.26388888888888895
2 0.68671875 0.21805555555555572 0.665625 0.21805555555555572 0.665625 0.27361111111111125 0.68671875 0.27361111111111125
2 0.99296875 0.6472222222222224 0.91484375 0.6472222222222224 0.91484375 0.8347222222222226 0.99296875 0.8347222222222226
0 0.54375 0.0902777777777779 0.525 0.0902777777777779 0.525 0.13055555555555567 0.54375 0.13055555555555567
0 0.4796875 0.11250000000000011 0.46171875 0.11250000000000011 0.46171875 0.15138888888888902 0.4796875 0.15138888888888902
0 0.484375 0.09722222222222233 0.46953125 0.09722222222222233 0.46953125 0.1402777777777779 0.484375 0.1402777777777779
0 0.46015625 0.10555555555555565 0.440625 0.10555555555555564 0.440625 0.13472222222222233 0.46015625 0.13472222222222235
0 0.4484375 0.1097222222222223 0.42578125 0.1097222222222223 0.42578125 0.1486111111111112 0.4484375 0.1486111111111112
1 0.6421875 0.15138888888888902 0.528125 0.15138888888888902 0.528125 0.5416666666666669 0.6421875 0.5416666666666669
3 0.8046875 0.27500000000000013 0.65703125 0.27500000000000013 0.65703125 0.5750000000000002 0.8046875 0.5750000000000002