2 0.675 0.6305555555555558 0.63203125 0.6305555555555558 0.63203125 0.7430555555555556 0.675 0.7430555555555556
2 0.76015625 0.5222222222222224 0.72890625 0.5222222222222224 0.72890625 0.6041666666666669 0.76015625 0.6041666666666669
2 0.69296875 0.5736111111111113 0.65859375 0.5736111111111113 0.65859375 0.6611111111111113 0.69296875 0.6611111111111113
2 0.675 0.4777777777777779 0.6453125 0.4777777777777779 0.6453125 0.5541666666666668 0.675 0.5541666666666668
2 0.56875 0.6013888888888891 0.52734375 0.6013888888888891 0.52734375 0.7125 0.56875 0.7125
2 0.83359375 0.48750000000000016 0.79921875 0.48750000000000016 0.79921875 0.5736111111111113 0.83359375 0.5736111111111113
2 0.79140625 0.4333333333333335 0.76328125 0.4333333333333335 0.76328125 0.501388888888889 0.79140625 0.501388888888889
2 0.734375 0.4055555555555557 0.72109375 0.4055555555555557 0.72109375 0.46111111111111125 0.734375 0.46111111111111125
2 0.703125 0.5250000000000001 0.6734375 0.5250000000000001 0.6734375 0.5958333333333334 0.703125 0.5958333333333334
2 0.609375 0.5291666666666668 0.58125 0.5291666666666668 0.58125 0.6166666666666668 0.609375 0.6166666666666668
2 0.825 0.4055555555555557 0.8015625 0.4055555555555557 0.8015625 0.4638888888888891 0.825 0.4638888888888891
2 0.73046875 0.3680555555555557 0.709375 0.3680555555555557 0.709375 0.4194444444444446 0.73046875 0.4194444444444446
2 0.57890625 0.5125000000000002 0.546875 0.5125000000000002 0.546875 0.6041666666666669 0.57890625 0.6041666666666669
2 0.63203125 0.5527777777777779 0.5984375 0.5527777777777779 0.5984375 0.6472222222222224 0.63203125 0.6472222222222224
2 0.74296875 0.48750000000000016 0.7140625 0.48750000000000016 0.7140625 0.5597222222222223 0.74296875 0.5597222222222223
2 0.98125 0.7902777777777781 0.934375 0.7902777777777781 0.934375 0.9708333333333337 0.98125 0.9708333333333337
2 0.7453125 0.38333333333333347 0.728125 0.38333333333333347 0.728125 0.4333333333333335 0.7453125 0.4333333333333335
2 0.834375 0.3819444444444446 0.815625 0.3819444444444446 0.815625 0.4305555555555557 0.834375 0.4305555555555557
2 0.7859375 0.3583333333333335 0.76796875 0.3583333333333335 0.76796875 0.4083333333333335 0.7859375 0.4083333333333335
2 0.7546875 0.36250000000000016 0.740625 0.36250000000000016 0.740625 0.4097222222222224 0.7546875 0.4097222222222224
0 0.15625000000000006 0.7236111111111111 0.00859375000000005 0.7236111111111111 0.008593750000000056 0.8972222222222223 0.15625000000000006 0.8972222222222223
0 0.43125 0.55 0.32734375 0.55 0.32734375000000004 0.6777777777777778 0.43125 0.6777777777777779
0 0.5296875 0.41250000000000014 0.48046875 0.41250000000000014 0.48046875 0.48611111111111127 0.5296875 0.48611111111111127
0 0.61796875 0.39166666666666683 0.5734375 0.39166666666666683 0.5734375 0.4555555555555557 0.61796875 0.4555555555555557
0 0.6578125 0.35416666666666685 0.62421875 0.35416666666666685 0.62421875 0.40416666666666684 0.6578125 0.40416666666666684
0 0.63671875 0.3069444444444446 0.6078125 0.3069444444444446 0.6078125 0.34861111111111126 0.63671875 0.34861111111111126
0 0.37109375 0.5152777777777778 0.28984375 0.5152777777777777 0.28984375 0.6055555555555556 0.37109375 0.6055555555555557
0 0.67265625 0.3319444444444446 0.64609375 0.3319444444444446 0.64609375 0.3722222222222224 0.67265625 0.3722222222222224
2 0.79765625 0.3458333333333335 0.78515625 0.3458333333333335 0.78515625 0.3958333333333335 0.79765625 0.3958333333333335
2 0.8125 0.3597222222222224 0.8 0.3597222222222224 0.8 0.40000000000000013 0.8125 0.40000000000000013