2 0.18671875000000004 0.4152777777777778 0.14687500000000003 0.4152777777777778 0.14687500000000003 0.5388888888888889 0.18671875000000004 0.5388888888888889
2 0.2578125 0.3222222222222223 0.23125 0.3222222222222223 0.23125 0.4111111111111111 0.2578125 0.4111111111111111
2 0.77109375 0.3708333333333335 0.7359375 0.3708333333333335 0.7359375 0.4819444444444446 0.77109375 0.4819444444444446
2 0.3546875 0.21250000000000008 0.3359375 0.21250000000000008 0.3359375 0.2722222222222223 0.3546875 0.2722222222222223
2 0.6828125 0.22638888888888906 0.66328125 0.22638888888888906 0.66328125 0.29166666666666685 0.6828125 0.29166666666666685
2 0.33125 0.24444444444444452 0.31015625 0.24444444444444452 0.31015625 0.31666666666666676 0.33125 0.31666666666666676
0 0.5515625 0.20833333333333345 0.5140625 0.20833333333333343 0.5140625 0.27500000000000013 0.5515625 0.27500000000000013
0 0.346875 0.3430555555555556 0.26328125 0.3430555555555556 0.26328125 0.49583333333333335 0.346875 0.49583333333333335
0 0.40859375 0.19861111111111118 0.3625 0.19861111111111118 0.3625 0.27638888888888896 0.40859375 0.27638888888888896
1 0.64375 0.2208333333333335 0.54609375 0.2208333333333335 0.54609375 0.45277777777777795 0.64375 0.45277777777777795
1 0.46328125 0.163888888888889 0.3875 0.16388888888888897 0.3875 0.3472222222222223 0.46328125 0.3472222222222223
2 0.66484375 0.20138888888888903 0.6515625 0.20138888888888903 0.6515625 0.2541666666666668 0.66484375 0.2541666666666668
2 0.775 0.32083333333333347 0.75078125 0.32083333333333347 0.75078125 0.3930555555555557 0.775 0.3930555555555557
1 0.41015625 0.5291666666666668 0.16796875000000006 0.5291666666666667 0.16796875000000006 1 0.41015625 1