2 0.25078125 0.4652777777777778 0.22265625 0.4652777777777778 0.22265625 0.6041666666666666 0.25078125 0.6041666666666666
2 0.9375 0.8486111111111114 0.8640625 0.8486111111111114 0.8640625 0.9958333333333337 0.9375 0.9958333333333337
2 0.28125 0.39305555555555555 0.25625 0.39305555555555555 0.25625 0.5069444444444444 0.28125 0.5069444444444444
2 0.15156250000000004 0.5277777777777778 0.11562500000000005 0.5277777777777778 0.11562500000000005 0.6777777777777778 0.15156250000000004 0.6777777777777778
2 0.19765625000000003 0.5555555555555556 0.15390625000000005 0.5555555555555556 0.15390625000000005 0.7097222222222223 0.19765625000000003 0.7097222222222223
2 0.31484375000000003 0.5916666666666667 0.23828125 0.5916666666666667 0.23828125000000006 0.7319444444444444 0.3148437500000001 0.7319444444444444
2 0.7671875 0.5416666666666669 0.734375 0.5416666666666669 0.734375 0.6930555555555558 0.7671875 0.6930555555555558
2 0.7046875 0.5194444444444446 0.67265625 0.5194444444444446 0.67265625 0.651388888888889 0.7046875 0.651388888888889
2 0.53125 0.6208333333333335 0.49375 0.6208333333333335 0.49375 0.7722222222222223 0.53125 0.7722222222222223
2 0.78359375 0.4916666666666668 0.7546875 0.4916666666666668 0.7546875 0.6291666666666669 0.78359375 0.6291666666666669
2 0.64140625 0.5180555555555557 0.609375 0.5180555555555557 0.609375 0.665277777777778 0.64140625 0.665277777777778
2 0.76015625 0.3597222222222224 0.72734375 0.3597222222222224 0.72734375 0.4638888888888891 0.76015625 0.4638888888888891
2 0.49765625 0.4055555555555557 0.471875 0.4055555555555557 0.471875 0.5194444444444446 0.49765625 0.5194444444444446
2 0.47265625 0.4569444444444446 0.446875 0.4569444444444446 0.446875 0.5875000000000001 0.47265625 0.5875000000000001
2 0.38281250000000006 0.5875000000000001 0.30859375 0.5875 0.30859375000000006 0.7027777777777778 0.3828125000000001 0.702777777777778
2 0.7203125 0.3444444444444446 0.6890625 0.3444444444444446 0.6890625 0.43750000000000017 0.7203125 0.43750000000000017
2 0.55234375 0.24166666666666678 0.534375 0.24166666666666675 0.534375 0.32361111111111124 0.55234375 0.3236111111111113
2 0.44765625 0.16111111111111118 0.4359375 0.16111111111111118 0.4359375 0.21527777777777785 0.44765625 0.21527777777777785
0 0.3921875000000001 0.825 0.27031250000000007 0.825 0.27031250000000007 1 0.3921875000000001 1
0 0.4453125 0.3819444444444446 0.390625 0.3819444444444446 0.390625 0.5000000000000001 0.4453125 0.5000000000000001
0 0.5328125 0.1861111111111112 0.50546875 0.1861111111111112 0.50546875 0.23194444444444454 0.5328125 0.23194444444444454
0 0.4640625 0.2347222222222223 0.4296875 0.2347222222222223 0.4296875 0.30277777777777787 0.4640625 0.30277777777777787
0 0.42578125 0.18888888888888897 0.39765625 0.18888888888888897 0.39765625 0.24027777777777787 0.42578125 0.24027777777777787
0 0.5671875 0.22222222222222235 0.53671875 0.2222222222222223 0.53671875 0.2791666666666668 0.5671875 0.27916666666666684
3 0.68515625 0.25000000000000017 0.57265625 0.25000000000000017 0.57265625 0.4291666666666668 0.68515625 0.4291666666666668
3 0.3765625 0.25416666666666676 0.29375 0.25416666666666676 0.29375 0.40138888888888896 0.3765625 0.4013888888888891
1 0.434375 0.23750000000000007 0.39375 0.23750000000000007 0.39375 0.32638888888888895 0.434375 0.32638888888888895
2 0.37968750000000007 0.5333333333333334 0.29375 0.5333333333333333 0.29375000000000007 0.651388888888889 0.37968750000000007 0.651388888888889