0 0.46796875 0.8611111111111112 0.3218750000000001 0.8611111111111112 0.3218750000000001 1 0.46796875 1
2 0.51953125 0.6847222222222223 0.4765625 0.6847222222222223 0.4765625 0.8652777777777778 0.51953125 0.8652777777777778
2 0.54296875 0.4569444444444446 0.51328125 0.4569444444444446 0.51328125 0.5805555555555557 0.54296875 0.5805555555555557
2 0.4953125 0.4013888888888891 0.4703125 0.4013888888888891 0.4703125 0.5125000000000002 0.4953125 0.5125000000000002
2 0.34296875 0.3736111111111111 0.321875 0.3736111111111111 0.321875 0.46805555555555556 0.34296875 0.46805555555555556
2 0.39140625 0.34166666666666673 0.37109375 0.34166666666666673 0.37109375 0.42361111111111127 0.39140625 0.42361111111111127
2 0.41875 0.2708333333333334 0.4046875 0.2708333333333334 0.4046875 0.3361111111111112 0.41875 0.3361111111111112
0 0.5078125 0.2930555555555556 0.46015625 0.2930555555555556 0.46015625 0.3805555555555557 0.5078125 0.3805555555555557
2 0.51796875 0.36388888888888904 0.4984375 0.36388888888888904 0.4984375 0.44722222222222235 0.51796875 0.44722222222222235
2 0.53984375 0.313888888888889 0.52265625 0.313888888888889 0.52265625 0.3930555555555557 0.53984375 0.3930555555555557
2 0.53515625 0.24444444444444452 0.52109375 0.24444444444444452 0.52109375 0.30416666666666675 0.53515625 0.30416666666666675
0 0.51640625 0.21666666666666676 0.4890625 0.21666666666666676 0.4890625 0.25694444444444453 0.51640625 0.25694444444444453
0 0.48359375 0.20416666666666675 0.4578125 0.20416666666666675 0.4578125 0.25000000000000006 0.48359375 0.25000000000000006