2 0.057031250000000054 0.7416666666666667 0.000781250000000051 0.7416666666666667 0.0007812500000000586 0.9597222222222223 0.05703125000000007 0.9597222222222223
2 0.79921875 0.4638888888888891 0.77265625 0.4638888888888891 0.77265625 0.5875000000000001 0.79921875 0.5875000000000001
2 0.64296875 0.24166666666666684 0.6265625 0.24166666666666684 0.6265625 0.31388888888888905 0.64296875 0.31388888888888905
2 0.36953125 0.26805555555555566 0.3515625 0.26805555555555566 0.3515625 0.3444444444444445 0.36953125 0.3444444444444445
2 0.3953125 0.21944444444444453 0.3828125 0.21944444444444453 0.3828125 0.28333333333333344 0.3953125 0.28333333333333344
2 0.28671875 0.33055555555555566 0.2625 0.33055555555555566 0.2625 0.43333333333333335 0.28671875 0.43333333333333335
2 0.415625 0.16111111111111118 0.4046875 0.16111111111111118 0.4046875 0.21388888888888896 0.415625 0.21388888888888896
1 1 0.6000000000000002 0.73203125 0.6000000000000002 0.73203125 1.0000000000000002 1 1.0000000000000002
1 0.678125 0.4708333333333335 0.54921875 0.4708333333333335 0.54921875 0.7527777777777778 0.678125 0.7527777777777778
1 0.56875 0.19444444444444456 0.5171875 0.19444444444444453 0.5171875 0.3152777777777779 0.56875 0.31527777777777793
1 0.5546875 0.14305555555555569 0.5171875 0.14305555555555569 0.5171875 0.23055555555555568 0.5546875 0.2305555555555557
2 0.39453125 0.1722222222222223 0.38671875 0.1722222222222223 0.38671875 0.21250000000000008 0.39453125 0.21250000000000008