2 0.30859375000000006 0.5097222222222222 0.26796875 0.5097222222222222 0.26796875000000003 0.6652777777777777 0.3085937500000001 0.6652777777777777
2 0.16875000000000004 0.5805555555555556 0.11640625000000004 0.5805555555555556 0.11640625000000004 0.7652777777777777 0.16875000000000004 0.7652777777777777
2 0.23281250000000003 0.5791666666666667 0.18125000000000005 0.5791666666666667 0.18125000000000005 0.725 0.2328125000000001 0.725
2 0.08828125000000005 0.6097222222222223 0.014843750000000044 0.6097222222222223 0.01484375000000005 0.7680555555555556 0.08828125000000005 0.7680555555555556
2 0.11328125000000004 0.35833333333333334 0.04921875000000002 0.35833333333333334 0.049218750000000026 0.4361111111111111 0.11328125000000004 0.4361111111111111
2 0.12187500000000002 0.30833333333333335 0.09453125000000002 0.30833333333333335 0.09453125000000002 0.39305555555555555 0.12187500000000004 0.39305555555555555
0 0.46875 0.3500000000000001 0.3765625 0.3500000000000001 0.3765625 0.5222222222222224 0.46875 0.5222222222222224
0 0.615625 0.30138888888888904 0.55625 0.30138888888888904 0.55625 0.4013888888888891 0.615625 0.4013888888888891
3 0.64765625 0.15833333333333346 0.56328125 0.15833333333333346 0.56328125 0.3041666666666668 0.64765625 0.3041666666666668
0 0.82109375 0.7791666666666668 0.63125 0.7791666666666667 0.63125 0.9986111111111112 0.82109375 0.9986111111111114
0 0.47578125 0.24305555555555564 0.4140625 0.24305555555555564 0.4140625 0.35416666666666674 0.47578125 0.35416666666666674
2 0.30234375 0.3444444444444445 0.278125 0.3444444444444445 0.278125 0.4152777777777778 0.30234375 0.4152777777777778
2 0.2734375 0.4 0.2328125 0.4 0.2328125 0.5319444444444444 0.2734375 0.5319444444444444
2 0.30703125 0.4013888888888889 0.27421875 0.4013888888888889 0.27421875 0.49722222222222223 0.30703125 0.49722222222222223
2 0.36484375 0.476388888888889 0.31328125 0.47638888888888886 0.31328125 0.5861111111111111 0.36484375 0.5861111111111112
2 0.3640625 0.3500000000000001 0.32734375 0.3500000000000001 0.32734375 0.4611111111111112 0.3640625 0.46111111111111125
2 0.33828125 0.3361111111111112 0.3125 0.3361111111111112 0.3125 0.4444444444444444 0.33828125 0.4444444444444444
2 0.33125 0.2861111111111112 0.309375 0.2861111111111112 0.309375 0.34166666666666673 0.33125 0.34166666666666673
2 0.365625 0.23750000000000007 0.34296875 0.23750000000000007 0.34296875 0.3208333333333334 0.365625 0.3208333333333334
2 0.3859375 0.22638888888888897 0.365625 0.22638888888888897 0.365625 0.2986111111111112 0.3859375 0.2986111111111112
2 0.4 0.2458333333333334 0.3859375 0.2458333333333334 0.3859375 0.31111111111111117 0.4 0.31111111111111117
2 0.43203125 0.2250000000000001 0.41640625 0.2250000000000001 0.41640625 0.28333333333333344 0.43203125 0.28333333333333344
2 0.30859375 0.27777777777777785 0.2875 0.27777777777777785 0.2875 0.3472222222222223 0.30859375 0.3472222222222223
2 0.43046875 0.21388888888888896 0.415625 0.21388888888888896 0.415625 0.2722222222222223 0.43046875 0.2722222222222223