2 0.40390625 0.24305555555555564 0.3890625 0.24305555555555564 0.3890625 0.31666666666666676 0.40390625 0.31666666666666676
2 0.8390625 0.577777777777778 0.79609375 0.577777777777778 0.79609375 0.7583333333333336 0.8390625 0.7583333333333336
2 0.7734375 0.39722222222222237 0.7484375 0.39722222222222237 0.7484375 0.501388888888889 0.7734375 0.501388888888889
2 0.68359375 0.3097222222222224 0.66484375 0.3097222222222224 0.66484375 0.38888888888888906 0.68359375 0.38888888888888906
2 0.303125 0.26944444444444454 0.28984375 0.26944444444444454 0.28984375 0.33194444444444454 0.303125 0.33194444444444454
2 0.4375 0.14444444444444451 0.425 0.14444444444444451 0.425 0.19444444444444453 0.4375 0.19444444444444453
2 0.74921875 0.42361111111111127 0.7234375 0.42361111111111127 0.7234375 0.5277777777777779 0.74921875 0.5277777777777779
2 0.3703125 0.23888888888888896 0.35546875 0.23888888888888896 0.35546875 0.3000000000000001 0.3703125 0.3000000000000001
2 0.39375 0.18194444444444452 0.38046875 0.18194444444444452 0.38046875 0.24305555555555564 0.39375 0.24305555555555564
2 0.35625 0.2736111111111112 0.33828125 0.2736111111111112 0.33828125 0.34166666666666673 0.35625 0.34166666666666673
2 0.58515625 0.16111111111111123 0.575 0.16111111111111123 0.575 0.20833333333333348 0.58515625 0.20833333333333348
1 0.31953125000000004 0.3597222222222222 0.17343750000000005 0.3597222222222222 0.17343750000000005 0.6625 0.3195312500000001 0.6625
1 0.55 0.19305555555555567 0.51484375 0.19305555555555565 0.51484375 0.2527777777777779 0.55 0.25277777777777793
2 0.303125 0.24166666666666675 0.28671875 0.24166666666666675 0.28671875 0.26805555555555566 0.303125 0.26805555555555566
2 0.18984375000000003 0.4166666666666667 0.17421875000000003 0.4166666666666667 0.17421875000000003 0.5208333333333334 0.18984375000000003 0.5208333333333334