2 0.77734375 0.5458333333333335 0.74140625 0.5458333333333335 0.74140625 0.688888888888889 0.77734375 0.688888888888889
2 0.78984375 0.39861111111111125 0.76015625 0.39861111111111125 0.76015625 0.5055555555555558 0.78984375 0.5055555555555558
2 0.5421875 0.2958333333333334 0.521875 0.2958333333333334 0.521875 0.38888888888888906 0.5421875 0.38888888888888906
2 0.809375 0.6541666666666668 0.76953125 0.6541666666666668 0.76953125 0.8222222222222225 0.809375 0.8222222222222225
2 0.57734375 0.3111111111111113 0.5578125 0.3111111111111113 0.5578125 0.4013888888888891 0.57734375 0.4013888888888891
2 0.32890625 0.2736111111111112 0.3078125 0.2736111111111112 0.3078125 0.35277777777777786 0.32890625 0.35277777777777786
2 0.73515625 0.4361111111111113 0.7046875 0.4361111111111113 0.7046875 0.5430555555555557 0.73515625 0.5430555555555557
2 0.4640625 0.4361111111111113 0.4359375 0.4361111111111113 0.4359375 0.5527777777777779 0.4640625 0.5527777777777779
2 0.4109375 0.7819444444444444 0.3304687500000001 0.7819444444444444 0.3304687500000001 0.9763888888888889 0.4109375 0.9763888888888889
2 0.6890625 0.32083333333333347 0.66640625 0.32083333333333347 0.66640625 0.41250000000000014 0.6890625 0.41250000000000014
2 0.31875 0.4041666666666667 0.28671875 0.4041666666666667 0.28671875 0.5236111111111111 0.31875 0.5236111111111111
2 0.42421875 0.3958333333333335 0.375 0.3958333333333335 0.375 0.48750000000000016 0.42421875 0.48750000000000016
2 0.503125 0.6416666666666668 0.42421875 0.6416666666666668 0.42421875 0.7819444444444444 0.503125 0.7819444444444444
2 0.3109375 0.3444444444444445 0.2859375 0.3444444444444445 0.2859375 0.4263888888888889 0.3109375 0.4263888888888889
2 0.7515625 0.37638888888888905 0.7296875 0.37638888888888905 0.7296875 0.47500000000000014 0.7515625 0.47500000000000014
2 0.64296875 0.2944444444444446 0.62421875 0.2944444444444446 0.62421875 0.3791666666666668 0.64296875 0.3791666666666668
2 0.365625 0.22777777777777786 0.34453125 0.22777777777777786 0.34453125 0.2847222222222223 0.365625 0.2847222222222223
2 0.4375 0.1833333333333334 0.42421875 0.1833333333333334 0.42421875 0.24305555555555564 0.4375 0.24305555555555564
2 0.2953125 0.2611111111111112 0.27421875 0.2611111111111112 0.27421875 0.3347222222222223 0.2953125 0.3347222222222223
2 0.69375 0.27777777777777796 0.671875 0.27777777777777796 0.671875 0.3472222222222224 0.69375 0.3472222222222224
0 0.41015625 0.47083333333333344 0.3328125 0.4708333333333333 0.33281250000000007 0.6583333333333334 0.41015625 0.6583333333333334
0 0.4703125 0.251388888888889 0.428125 0.251388888888889 0.428125 0.34583333333333344 0.4703125 0.34583333333333344
0 0.41875 0.22777777777777786 0.384375 0.22777777777777786 0.384375 0.29166666666666674 0.41875 0.29166666666666674
0 0.5328125 0.18055555555555564 0.50703125 0.18055555555555564 0.50703125 0.21388888888888896 0.5328125 0.21388888888888896
3 0.61953125 0.176388888888889 0.5390625 0.176388888888889 0.5390625 0.313888888888889 0.61953125 0.31388888888888905
3 0.6609375 0.501388888888889 0.503125 0.501388888888889 0.503125 0.7930555555555555 0.6609375 0.7930555555555555
3 0.19843750000000002 0.30833333333333335 0.017968750000000023 0.30833333333333335 0.017968750000000026 0.4861111111111111 0.19843750000000004 0.4861111111111111
3 0.38984375 0.27638888888888896 0.3359375 0.27638888888888896 0.3359375 0.3847222222222223 0.38984375 0.38472222222222235
1 0.40234375 0.26388888888888895 0.3359375 0.26388888888888895 0.3359375 0.3847222222222223 0.40234375 0.38472222222222235
2 0.42890625 0.3680555555555557 0.3875 0.3680555555555557 0.3875 0.45138888888888906 0.42890625 0.45138888888888906
2 0.47421875 0.2347222222222223 0.4578125 0.2347222222222223 0.4578125 0.2861111111111112 0.47421875 0.2861111111111112
2 0.4984375 0.5902777777777779 0.41953125 0.5902777777777779 0.41953125 0.7069444444444446 0.4984375 0.7069444444444446
2 0.4875 0.5472222222222224 0.41640625 0.5472222222222224 0.41640625 0.6555555555555557 0.4875 0.6555555555555557
2 0.65234375 0.2763888888888891 0.6390625 0.2763888888888891 0.6390625 0.33472222222222237 0.65234375 0.33472222222222237