2 0.86796875 0.5611111111111112 0.81484375 0.5611111111111112 0.81484375 0.7319444444444447 0.86796875 0.7319444444444447
2 0.71171875 0.27361111111111125 0.6875 0.27361111111111125 0.6875 0.35416666666666685 0.71171875 0.35416666666666685
2 0.2109375 0.4388888888888889 0.17265625000000004 0.4388888888888889 0.17265625000000004 0.5680555555555555 0.2109375 0.5680555555555555
2 0.22109375 0.36527777777777776 0.19296875000000005 0.36527777777777776 0.19296875000000005 0.45 0.22109375 0.45
2 0.434375 0.3291666666666667 0.40703125 0.3291666666666667 0.40703125 0.42500000000000016 0.434375 0.42500000000000016
2 0.53203125 0.13055555555555567 0.51796875 0.13055555555555567 0.51796875 0.17916666666666675 0.53203125 0.17916666666666675
2 0.5546875 0.12083333333333345 0.540625 0.12083333333333345 0.540625 0.163888888888889 0.5546875 0.163888888888889
0 0.38203125 0.14166666666666675 0.34140625 0.14166666666666675 0.34140625 0.1972222222222223 0.38203125 0.1972222222222223
1 0.58359375 0.2125000000000001 0.52265625 0.21250000000000008 0.52265625 0.3291666666666668 0.58359375 0.32916666666666683
1 0.7109375 0.33194444444444454 0.5296875 0.33194444444444454 0.5296875 0.7138888888888889 0.7109375 0.7138888888888889
0 0.66953125 0.27222222222222237 0.609375 0.27222222222222237 0.609375 0.3597222222222224 0.66953125 0.3597222222222224
1 0.33671875 0.23888888888888896 0.26328125 0.23888888888888896 0.26328125 0.4111111111111111 0.33671875 0.4111111111111111
1 0.4421875 0.12916666666666674 0.38515625 0.12916666666666674 0.38515625 0.20694444444444451 0.4421875 0.20694444444444451