2 0.2765625 0.4222222222222222 0.24609375 0.4222222222222222 0.24609375 0.5569444444444445 0.2765625 0.5569444444444445
2 0.77890625 0.41666666666666685 0.75625 0.41666666666666685 0.75625 0.5125000000000002 0.77890625 0.5125000000000002
2 0.334375 0.2583333333333334 0.3171875 0.2583333333333334 0.3171875 0.3347222222222223 0.334375 0.3347222222222223
2 0.7671875 0.5277777777777779 0.73125 0.5277777777777779 0.73125 0.6541666666666668 0.7671875 0.6541666666666668
2 0.36796875 0.22361111111111118 0.353125 0.22361111111111118 0.353125 0.288888888888889 0.36796875 0.288888888888889
2 0.628125 0.23750000000000016 0.6125 0.23750000000000016 0.6125 0.30000000000000016 0.628125 0.30000000000000016
2 0.39296875 0.20000000000000007 0.38046875 0.20000000000000007 0.38046875 0.25694444444444453 0.39296875 0.25694444444444453
2 0.5890625 0.18750000000000017 0.57890625 0.18750000000000017 0.57890625 0.2347222222222224 0.5890625 0.2347222222222224
2 0.42109375 0.17638888888888896 0.4125 0.17638888888888896 0.4125 0.2222222222222223 0.42109375 0.2222222222222223
2 0.64296875 0.24027777777777792 0.62734375 0.24027777777777792 0.62734375 0.29861111111111127 0.64296875 0.29861111111111127
2 0.26484375 0.3763888888888889 0.2390625 0.3763888888888889 0.2390625 0.49166666666666664 0.26484375 0.49166666666666664
1 0.4796875 0.20416666666666675 0.42109375 0.20416666666666675 0.42109375 0.3083333333333334 0.4796875 0.3083333333333334
1 0.4796875 0.151388888888889 0.440625 0.15138888888888896 0.440625 0.2111111111111112 0.4796875 0.2111111111111112