1 0.84453125 0.30972222222222234 0.50234375 0.3097222222222223 0.50234375 0.9986111111111112 0.84453125 0.9986111111111114
1 0.7375 0.15000000000000013 0.6203125 0.1500000000000001 0.6203125 0.2444444444444446 0.7375 0.2444444444444446
1 0.30078125 0.2111111111111112 0.24140625 0.2111111111111112 0.24140625 0.34583333333333344 0.30078125 0.34583333333333344
1 0.6375 0.2708333333333335 0.584375 0.2708333333333335 0.584375 0.35416666666666685 0.6375 0.35416666666666685
1 0.69296875 0.19444444444444461 0.62734375 0.19444444444444461 0.62734375 0.2805555555555557 0.69296875 0.2805555555555557
2 0.10703125000000005 0.3861111111111111 0.07109375000000002 0.3861111111111111 0.07109375000000002 0.475 0.10703125000000005 0.475
2 0.86796875 0.47500000000000014 0.834375 0.47500000000000014 0.834375 0.588888888888889 0.86796875 0.588888888888889
2 0.790625 0.3819444444444446 0.7671875 0.3819444444444446 0.7671875 0.4708333333333335 0.790625 0.4708333333333335
2 0.40234375 0.1972222222222223 0.3796875 0.1972222222222223 0.3796875 0.2361111111111112 0.40234375 0.2361111111111112
2 0.453125 0.20000000000000007 0.42734375 0.20000000000000007 0.42734375 0.23888888888888896 0.453125 0.23888888888888896
2 0.359375 0.20000000000000007 0.321875 0.20000000000000007 0.321875 0.24444444444444452 0.359375 0.24444444444444452