0 0.66015625 0.5555555555555557 0.54609375 0.5555555555555557 0.54609375 0.775 0.66015625 0.775
0 0.83515625 0.6208333333333335 0.6921875 0.6208333333333335 0.6921875 0.8250000000000002 0.83515625 0.8250000000000003
0 0.69609375 0.4277777777777779 0.61875 0.4277777777777779 0.61875 0.5486111111111113 0.69609375 0.5486111111111113
0 0.328125 0.18750000000000008 0.2765625 0.18750000000000008 0.2765625 0.23888888888888896 0.328125 0.23888888888888896
0 0.56328125 0.19861111111111124 0.51328125 0.19861111111111118 0.51328125 0.24444444444444458 0.56328125 0.2444444444444446
0 0.71796875 0.2069444444444446 0.66171875 0.2069444444444446 0.66171875 0.25277777777777793 0.71796875 0.25277777777777793
0 0.671875 0.24166666666666684 0.63046875 0.24166666666666684 0.63046875 0.28888888888888903 0.671875 0.28888888888888903
1 0.57421875 0.24444444444444458 0.484375 0.24444444444444452 0.484375 0.45277777777777795 0.57421875 0.45277777777777795
2 0.40703125 0.31805555555555565 0.384375 0.31805555555555565 0.384375 0.3958333333333335 0.40703125 0.3958333333333335
2 0.9703125 0.5916666666666668 0.91953125 0.5916666666666668 0.91953125 0.7597222222222225 0.9703125 0.7597222222222225
2 0.715625 0.2944444444444446 0.7015625 0.2944444444444446 0.7015625 0.35416666666666685 0.715625 0.35416666666666685
2 0.70546875 0.2694444444444446 0.6921875 0.2694444444444446 0.6921875 0.32222222222222235 0.70546875 0.32222222222222235
3 0.65234375 0.3055555555555557 0.58828125 0.3055555555555557 0.58828125 0.42500000000000016 0.65234375 0.42500000000000016
3 0.625 0.2166666666666668 0.5734375 0.2166666666666668 0.5734375 0.3388888888888891 0.625 0.3388888888888891