2 0.42734375 0.3875000000000002 0.3703125 0.3875000000000002 0.3703125 0.4847222222222224 0.42734375 0.4847222222222224
2 0.15781250000000005 0.3625 0.10234375000000004 0.3625 0.10234375000000004 0.45694444444444443 0.15781250000000005 0.45694444444444443
2 0.74375 0.37500000000000017 0.6859375 0.37500000000000017 0.6859375 0.4694444444444446 0.74375 0.4694444444444446
2 0.90859375 0.4944444444444446 0.8515625 0.4944444444444446 0.8515625 0.5986111111111113 0.90859375 0.5986111111111113
2 0.678125 0.26388888888888906 0.65703125 0.26388888888888906 0.65703125 0.33611111111111125 0.678125 0.33611111111111125
2 0.47734375 0.26388888888888895 0.4515625 0.26388888888888895 0.4515625 0.3361111111111112 0.47734375 0.3361111111111112
2 0.60078125 0.3194444444444446 0.56328125 0.3194444444444446 0.56328125 0.39861111111111125 0.60078125 0.39861111111111125
2 0.23984375 0.32638888888888895 0.18828125000000004 0.32638888888888895 0.18828125000000004 0.4152777777777778 0.23984375 0.4152777777777778
2 0.41328125 0.2597222222222223 0.38984375 0.2597222222222223 0.38984375 0.3375000000000001 0.41328125 0.3375000000000001
2 0.32890625 0.2805555555555556 0.303125 0.2805555555555556 0.303125 0.36666666666666664 0.32890625 0.36666666666666664
2 0.60625 0.2541666666666668 0.5890625 0.2541666666666668 0.5890625 0.3180555555555557 0.60625 0.3180555555555557
2 0.621875 0.22500000000000014 0.60703125 0.22500000000000014 0.60703125 0.28611111111111126 0.621875 0.28611111111111126
2 0.17890625000000002 0.31666666666666665 0.14296875 0.31666666666666665 0.14296875000000003 0.38055555555555554 0.17890625000000004 0.38055555555555554
2 0.37421875 0.2722222222222223 0.3515625 0.2722222222222223 0.3515625 0.351388888888889 0.37421875 0.351388888888889
2 0.58984375 0.22638888888888906 0.5734375 0.22638888888888906 0.5734375 0.28611111111111126 0.58984375 0.28611111111111126
2 0.8125 0.40416666666666684 0.7703125 0.40416666666666684 0.7703125 0.4916666666666668 0.8125 0.4916666666666668
2 0.56953125 0.24166666666666684 0.54921875 0.24166666666666684 0.54921875 0.29861111111111127 0.56953125 0.29861111111111127
2 0.70859375 0.28750000000000014 0.684375 0.28750000000000014 0.684375 0.36388888888888904 0.70859375 0.36388888888888904
2 0.3515625 0.26527777777777783 0.33671875 0.26527777777777783 0.33671875 0.32638888888888895 0.3515625 0.32638888888888895
0 0.565625 0.276388888888889 0.48515625 0.27638888888888896 0.48515625 0.3694444444444446 0.565625 0.3694444444444446
0 0.09296875000000003 0.4361111111111111 3.004211679158351e-17 0.4361111111111111 3.463454228838608e-17 0.5694444444444444 0.09296875000000004 0.5694444444444444