2 0.2210937500000001 0.7916666666666666 0.14218750000000005 0.7916666666666666 0.14218750000000008 0.9694444444444444 0.2210937500000001 0.9694444444444444
2 0.3898437500000001 0.6875000000000001 0.3359375000000001 0.6875 0.3359375000000001 0.8208333333333333 0.3898437500000001 0.8208333333333333
2 0.67421875 0.6916666666666669 0.628125 0.6916666666666669 0.628125 0.8180555555555555 0.67421875 0.8180555555555555
2 0.58984375 0.8430555555555556 0.5375 0.8430555555555556 0.5375 0.9763888888888889 0.58984375 0.9763888888888889
2 0.70546875 0.4569444444444446 0.678125 0.4569444444444446 0.678125 0.5277777777777779 0.70546875 0.5277777777777779
2 0.675 0.48055555555555574 0.64453125 0.48055555555555574 0.64453125 0.5611111111111112 0.675 0.5611111111111112
2 0.78046875 0.4097222222222224 0.759375 0.4097222222222224 0.759375 0.4638888888888891 0.78046875 0.4638888888888891
2 0.83671875 0.4722222222222224 0.8109375 0.4722222222222224 0.8109375 0.5388888888888891 0.83671875 0.5388888888888891
2 0.80078125 0.5361111111111113 0.76875 0.5361111111111113 0.76875 0.6194444444444446 0.80078125 0.6194444444444446
2 0.60546875 0.5805555555555557 0.5671875 0.5805555555555557 0.5671875 0.6833333333333335 0.60546875 0.6833333333333335
2 0.65546875 0.6000000000000002 0.63046875 0.6000000000000002 0.63046875 0.6916666666666669 0.65546875 0.6916666666666669
2 0.54609375 0.7597222222222222 0.50078125 0.7597222222222222 0.50078125 0.8847222222222222 0.54609375 0.8847222222222222
2 0.56640625 0.5458333333333335 0.53359375 0.5458333333333335 0.53359375 0.6375000000000002 0.56640625 0.6375000000000002
2 0.56171875 0.6777777777777779 0.52109375 0.6777777777777779 0.52109375 0.7777777777777778 0.56171875 0.7777777777777778
2 0.59921875 0.5041666666666669 0.56953125 0.5041666666666669 0.56953125 0.5875000000000001 0.59921875 0.5875000000000001
2 0.7890625 0.4708333333333335 0.765625 0.4708333333333335 0.765625 0.5347222222222224 0.7890625 0.5347222222222224
2 0.8890625 0.5194444444444446 0.853125 0.5194444444444446 0.853125 0.6069444444444446 0.8890625 0.6069444444444446
2 0.86484375 0.4319444444444446 0.840625 0.4319444444444446 0.840625 0.4916666666666668 0.86484375 0.4916666666666668
2 0.73984375 0.4291666666666668 0.7171875 0.4291666666666668 0.7171875 0.4902777777777779 0.73984375 0.4902777777777779
2 0.77265625 0.4583333333333335 0.74921875 0.4583333333333335 0.74921875 0.5208333333333335 0.77265625 0.5208333333333335
2 0.87421875 0.38333333333333347 0.8515625 0.38333333333333347 0.8515625 0.43750000000000017 0.87421875 0.43750000000000017
2 0.76328125 0.3694444444444446 0.74453125 0.3694444444444446 0.74453125 0.41666666666666685 0.76328125 0.41666666666666685
2 0.80625 0.48750000000000016 0.78203125 0.48750000000000016 0.78203125 0.5541666666666668 0.80625 0.5541666666666668
2 0.5515625 0.6208333333333335 0.51875 0.6208333333333335 0.51875 0.7000000000000002 0.5515625 0.7000000000000002
2 0.79765625 0.42361111111111127 0.7765625 0.42361111111111127 0.7765625 0.48055555555555574 0.79765625 0.48055555555555574
2 0.75703125 0.4361111111111113 0.73671875 0.4361111111111113 0.73671875 0.4958333333333335 0.75703125 0.4958333333333335
2 0.83515625 0.42361111111111127 0.81484375 0.42361111111111127 0.81484375 0.47916666666666685 0.83515625 0.47916666666666685
0 0.734375 0.38888888888888906 0.6921875 0.38888888888888906 0.6921875 0.4555555555555557 0.734375 0.4555555555555557
0 0.5453125 0.4083333333333335 0.4890625 0.4083333333333335 0.4890625 0.4847222222222224 0.5453125 0.4847222222222224
0 0.6734375 0.41388888888888903 0.63203125 0.41388888888888903 0.63203125 0.4819444444444446 0.6734375 0.4819444444444446
0 0.62265625 0.34166666666666684 0.5859375 0.34166666666666684 0.5859375 0.39722222222222237 0.62265625 0.39722222222222237
0 0.6015625 0.3527777777777779 0.55859375 0.3527777777777779 0.55859375 0.41388888888888903 0.6015625 0.41388888888888903
0 0.6734375 0.31527777777777793 0.64375 0.31527777777777793 0.64375 0.36388888888888904 0.6734375 0.36388888888888904
0 0.63125 0.31388888888888905 0.5984375 0.31388888888888905 0.5984375 0.3597222222222224 0.63125 0.3597222222222224
0 0.71171875 0.32083333333333347 0.68125 0.32083333333333347 0.68125 0.36388888888888904 0.71171875 0.36388888888888904
3 0.37421875000000004 0.5166666666666667 0.16406250000000006 0.5166666666666667 0.16406250000000006 0.7166666666666667 0.3742187500000001 0.7166666666666667