2 0.12890625000000006 0.5583333333333333 0.08125000000000004 0.5583333333333333 0.08125000000000004 0.7013888888888888 0.12890625000000006 0.7013888888888888
2 0.24609375 0.3291666666666667 0.21328125 0.3291666666666667 0.21328125 0.43333333333333335 0.24609375 0.43333333333333335
2 0.71640625 0.3194444444444446 0.6875 0.3194444444444446 0.6875 0.4208333333333335 0.71640625 0.4208333333333335
2 0.85625 0.4305555555555557 0.81875 0.4305555555555557 0.81875 0.5527777777777779 0.85625 0.5527777777777779
2 0.3203125 0.2597222222222223 0.2984375 0.2597222222222223 0.2984375 0.3291666666666667 0.3203125 0.3291666666666667
2 0.646875 0.2208333333333335 0.6296875 0.2208333333333335 0.6296875 0.2847222222222224 0.646875 0.2847222222222224
2 0.31015625 0.2347222222222223 0.2890625 0.2347222222222223 0.2890625 0.3000000000000001 0.31015625 0.3000000000000001
2 0.6359375 0.19861111111111127 0.61796875 0.19861111111111127 0.61796875 0.2555555555555557 0.6359375 0.2555555555555557
2 0.3484375 0.18888888888888897 0.32890625 0.18888888888888897 0.32890625 0.24305555555555564 0.3484375 0.24305555555555564
0 0.47890625 0.2527777777777779 0.4359375 0.2527777777777779 0.4359375 0.33194444444444454 0.47890625 0.33194444444444454
0 0.16250000000000006 0.7555555555555555 5.204748896376251e-17 0.7555555555555555 6.046693570790056e-17 1 0.1625000000000001 1
0 0.47578125 0.15416666666666676 0.44140625 0.15416666666666676 0.44140625 0.21944444444444453 0.47578125 0.21944444444444453
0 0.5375 0.15694444444444455 0.50078125 0.15694444444444455 0.50078125 0.21805555555555564 0.5375 0.21805555555555564
1 0.43125 0.3597222222222223 0.24296875 0.3597222222222222 0.24296875000000004 0.9097222222222222 0.43125 0.9097222222222222
1 0.61875 0.301388888888889 0.5171875 0.301388888888889 0.5171875 0.5555555555555557 0.61875 0.5555555555555557
1 0.584375 0.13333333333333344 0.5421875 0.13333333333333344 0.5421875 0.22500000000000012 0.584375 0.22500000000000014
3 0.41796875 0.1583333333333334 0.34921875 0.1583333333333334 0.34921875 0.3152777777777779 0.41796875 0.3152777777777779
2 0.7328125 0.2944444444444446 0.7109375 0.2944444444444446 0.7109375 0.37500000000000017 0.7328125 0.37500000000000017