2 0.27265625 0.35555555555555557 0.225 0.35555555555555557 0.225 0.4666666666666667 0.27265625 0.4666666666666667
2 0.453125 0.1597222222222223 0.4359375 0.1597222222222223 0.4359375 0.23194444444444454 0.453125 0.23194444444444454
2 0.6671875 0.1930555555555557 0.6453125 0.1930555555555557 0.6453125 0.25277777777777793 0.6671875 0.25277777777777793
0 0.7875 0.8097222222222223 0.5984375 0.8097222222222222 0.5984375 1.0000000000000002 0.7875 1.0000000000000002
0 0.48046875 0.11250000000000011 0.459375 0.11250000000000011 0.459375 0.14861111111111122 0.48046875 0.14861111111111122
0 0.446875 0.11250000000000007 0.428125 0.11250000000000007 0.428125 0.15138888888888896 0.446875 0.15138888888888896
0 0.48515625 0.10555555555555568 0.46484375 0.10555555555555568 0.46484375 0.13194444444444456 0.48515625 0.13194444444444456
0 0.46015625 0.10416666666666677 0.434375 0.10416666666666674 0.434375 0.13888888888888898 0.46015625 0.138888888888889
0 0.54296875 0.08333333333333345 0.52421875 0.08333333333333345 0.52421875 0.11388888888888901 0.54296875 0.11388888888888901
1 0.99921875 0.640277777777778 0.796875 0.640277777777778 0.796875 1.0000000000000002 0.99921875 1.0000000000000002
1 0.64765625 0.14583333333333348 0.52578125 0.14583333333333345 0.52578125 0.5236111111111112 0.64765625 0.5236111111111112
3 0.78984375 0.25833333333333347 0.65078125 0.25833333333333347 0.65078125 0.5430555555555557 0.78984375 0.5430555555555557