2 0.17343750000000008 0.7291666666666666 0.13046875000000008 0.7291666666666666 0.13046875000000008 0.88125 0.17343750000000008 0.88125
2 0.23046875000000008 0.6520833333333333 0.18906250000000005 0.6520833333333333 0.18906250000000008 0.809375 0.23046875000000008 0.809375
3 0.4921875000000001 0.5947916666666667 0.3226562500000001 0.5947916666666667 0.3226562500000001 1 0.49218750000000017 1
1 0.43359375 0.5458333333333333 0.3421875000000001 0.5458333333333333 0.3421875000000001 0.734375 0.43359375 0.734375
2 0.39921875000000007 0.49270833333333347 0.3695312500000001 0.49270833333333347 0.3695312500000001 0.5708333333333333 0.39921875000000007 0.5708333333333333
2 0.3687500000000001 0.4854166666666667 0.3414062500000001 0.48541666666666666 0.3414062500000001 0.5875 0.3687500000000001 0.5875
2 0.33671875000000007 0.48333333333333334 0.3171875 0.48333333333333334 0.31718750000000007 0.5739583333333333 0.33671875000000007 0.5739583333333333
1 0.3437500000000001 0.5520833333333334 0.24609375000000008 0.5520833333333334 0.24609375000000008 0.7416666666666667 0.3437500000000001 0.7416666666666667
2 0.3039062500000001 0.4947916666666667 0.28203125000000007 0.4947916666666667 0.28203125000000007 0.5927083333333333 0.3039062500000001 0.5927083333333333
2 0.44140625 0.4604166666666668 0.4171875 0.4604166666666668 0.4171875 0.5604166666666667 0.44140625 0.5604166666666667
2 0.47421875 0.609375 0.45859375 0.609375 0.45859375 0.6302083333333334 0.47421875 0.6302083333333334
2 0.33984375000000006 0.440625 0.31640625 0.440625 0.31640625000000006 0.49895833333333334 0.3398437500000001 0.49895833333333334
2 0.35625000000000007 0.46041666666666664 0.3421875 0.46041666666666664 0.34218750000000003 0.5208333333333334 0.35625000000000007 0.5208333333333334
2 0.38593750000000004 0.44166666666666676 0.36875 0.44166666666666676 0.36875 0.5166666666666668 0.3859375000000001 0.5166666666666668
2 0.4 0.40520833333333345 0.3796875 0.40520833333333345 0.3796875 0.4760416666666668 0.4 0.4760416666666668
2 0.36171875 0.43020833333333336 0.346875 0.43020833333333336 0.346875 0.48125 0.36171875 0.48125
2 0.37890625 0.3916666666666668 0.3640625 0.3916666666666668 0.3640625 0.45520833333333344 0.37890625 0.45520833333333344
2 0.33828125 0.415625 0.321875 0.415625 0.321875 0.46770833333333334 0.33828125 0.46770833333333334
2 0.37734375 0.3395833333333334 0.35859375 0.33958333333333335 0.35859375 0.3947916666666667 0.37734375 0.39479166666666676
1 0.45390625 0.3781250000000001 0.40078125 0.3781250000000001 0.40078125 0.4875000000000001 0.45390625 0.4875000000000001
2 0.42109375 0.36145833333333344 0.40546875 0.36145833333333344 0.40546875 0.4114583333333334 0.42109375 0.4114583333333334
2 0.4390625 0.3354166666666668 0.421875 0.3354166666666668 0.421875 0.3802083333333334 0.4390625 0.3802083333333334
1 0.48046875 0.32708333333333345 0.44296875 0.32708333333333345 0.44296875 0.4114583333333334 0.48046875 0.4114583333333334
2 0.45625 0.3156250000000001 0.4421875 0.3156250000000001 0.4421875 0.36145833333333344 0.45625 0.36145833333333344
2 0.48984375 0.30520833333333347 0.47578125 0.30520833333333347 0.47578125 0.3541666666666668 0.48984375 0.3541666666666668
1 0.4671875 0.27395833333333347 0.4359375 0.27395833333333347 0.4359375 0.33229166666666676 0.4671875 0.33229166666666676
2 0.4703125 0.2968750000000001 0.459375 0.2968750000000001 0.459375 0.3281250000000001 0.4703125 0.3281250000000001
1 0.49453125 0.2447916666666667 0.46640625 0.2447916666666667 0.46640625 0.3041666666666668 0.49453125 0.3041666666666668
2 0.48671875 0.28750000000000014 0.47265625 0.28750000000000014 0.47265625 0.3093750000000001 0.48671875 0.3093750000000001
1 0.42421875 0.3104166666666668 0.38359375 0.3104166666666668 0.38359375 0.3916666666666668 0.42421875 0.3916666666666668
2 0.3921875 0.3125000000000001 0.38125 0.3125000000000001 0.38125 0.35833333333333345 0.3921875 0.35833333333333345
2 0.40078125 0.29270833333333346 0.3921875 0.29270833333333346 0.3921875 0.31875000000000014 0.40078125 0.31875000000000014
2 0.43203125 0.2729166666666668 0.4234375 0.2729166666666668 0.4234375 0.3197916666666668 0.43203125 0.3197916666666668
2 0.42109375 0.28541666666666676 0.41171875 0.28541666666666676 0.41171875 0.3156250000000001 0.42109375 0.3156250000000001
2 0.4140625 0.2791666666666668 0.40546875 0.2791666666666668 0.40546875 0.3093750000000001 0.4140625 0.3093750000000001
2 0.41015625 0.2729166666666668 0.39921875 0.2729166666666668 0.39921875 0.3093750000000001 0.41015625 0.3093750000000001
2 0.4375 0.2593750000000001 0.428125 0.2593750000000001 0.428125 0.3000000000000001 0.4375 0.3000000000000001
2 0.43046875 0.2520833333333334 0.41953125 0.2520833333333334 0.41953125 0.2812500000000001 0.43046875 0.2812500000000001
2 0.47578125 0.23125000000000007 0.4671875 0.23125000000000007 0.4671875 0.27708333333333346 0.47578125 0.27708333333333346
2 0.4671875 0.2458333333333334 0.45859375 0.2458333333333334 0.45859375 0.2822916666666668 0.4671875 0.2822916666666668
2 0.45546875 0.26041666666666674 0.4453125 0.26041666666666674 0.4453125 0.2843750000000001 0.45546875 0.2843750000000001
1 0.52890625 0.3041666666666668 0.4890625 0.3041666666666668 0.4890625 0.36770833333333347 0.52890625 0.36770833333333347
2 0.5109375 0.2843750000000001 0.49765625 0.2843750000000001 0.49765625 0.3093750000000001 0.5109375 0.3093750000000001
2 0.53046875 0.25625000000000003 0.51875 0.25625000000000003 0.51875 0.30833333333333346 0.53046875 0.30833333333333346
2 0.49921875 0.23437500000000006 0.4890625 0.23437500000000006 0.4890625 0.2614583333333334 0.49921875 0.2614583333333334
2 0.484375 0.2239583333333334 0.475 0.2239583333333334 0.475 0.25520833333333337 0.484375 0.25520833333333337
2 0.453125 0.24166666666666672 0.4453125 0.24166666666666672 0.4453125 0.26979166666666676 0.453125 0.26979166666666676
2 0.440625 0.23229166666666673 0.43359375 0.23229166666666673 0.43359375 0.26562500000000006 0.440625 0.26562500000000006
2 0.4703125 0.2239583333333334 0.46171875 0.2239583333333334 0.46171875 0.2520833333333334 0.4703125 0.2520833333333334
2 0.45546875 0.21979166666666672 0.446875 0.21979166666666672 0.446875 0.2510416666666667 0.45546875 0.2510416666666667
2 0.4828125 0.21041666666666672 0.475 0.21041666666666672 0.475 0.2270833333333334 0.4828125 0.2270833333333334
2 0.46875 0.21250000000000005 0.4625 0.21250000000000005 0.4625 0.23437500000000006 0.46875 0.23437500000000006
1 0.528125 0.2239583333333334 0.50234375 0.2239583333333334 0.50234375 0.2822916666666668 0.528125 0.2822916666666668
2 0.50859375 0.21041666666666672 0.503125 0.21041666666666672 0.503125 0.23541666666666672 0.50859375 0.23541666666666672
2 0.5 0.20520833333333338 0.49375 0.20520833333333338 0.49375 0.23645833333333338 0.5 0.23645833333333338
2 0.49375 0.20729166666666674 0.4859375 0.20729166666666674 0.4859375 0.23437500000000006 0.49375 0.23437500000000006
1 0.5359375 0.18958333333333338 0.5140625 0.18958333333333338 0.5140625 0.23645833333333338 0.5359375 0.23645833333333338
2 0.51796875 0.19166666666666674 0.5109375 0.19166666666666674 0.5109375 0.21875000000000006 0.51796875 0.21875000000000006
2 0.5421875 0.22187500000000007 0.53125 0.22187500000000007 0.53125 0.25520833333333337 0.5421875 0.25520833333333337
2 0.54921875 0.19270833333333343 0.53828125 0.1927083333333334 0.53828125 0.22708333333333341 0.54921875 0.22708333333333344
2 0.48203125 0.19479166666666672 0.475 0.19479166666666672 0.475 0.2145833333333334 0.48203125 0.2145833333333334
2 0.459375 0.1979166666666667 0.45234375 0.1979166666666667 0.45234375 0.22812500000000005 0.459375 0.22812500000000005
2 0.465625 0.19062500000000007 0.45859375 0.19062500000000007 0.45859375 0.21875000000000006 0.465625 0.21875000000000006
1 0.4921875 0.16979166666666673 0.47265625 0.16979166666666673 0.47265625 0.20416666666666672 0.4921875 0.20416666666666672
2 0.4734375 0.17604166666666674 0.46484375 0.17604166666666674 0.46484375 0.20000000000000007 0.4734375 0.20000000000000007
1 0.51953125 0.16354166666666672 0.49921875 0.16354166666666672 0.49921875 0.20937500000000006 0.51953125 0.20937500000000006
2 0.50390625 0.17395833333333338 0.496875 0.17395833333333338 0.496875 0.1989583333333334 0.50390625 0.1989583333333334
2 0.49765625 0.16250000000000006 0.4921875 0.16250000000000006 0.4921875 0.1927083333333334 0.49765625 0.1927083333333334
2 0.509375 0.14791666666666672 0.50234375 0.14791666666666672 0.50234375 0.16875000000000007 0.509375 0.16875000000000007
2 0.5 0.1489583333333334 0.4921875 0.1489583333333334 0.4921875 0.17395833333333338 0.5 0.17395833333333338
2 0.48984375 0.16250000000000006 0.48203125 0.16250000000000006 0.48203125 0.17395833333333338 0.48984375 0.17395833333333338
2 0.48046875 0.1614583333333334 0.4765625 0.1614583333333334 0.4765625 0.17604166666666674 0.48046875 0.17604166666666674
2 0.521875 0.15625000000000006 0.51796875 0.15625000000000006 0.51796875 0.17395833333333338 0.521875 0.17395833333333338
2 0.5171875 0.1552083333333334 0.51171875 0.1552083333333334 0.51171875 0.16875000000000007 0.5171875 0.16875000000000007
1 0.528125 0.1333333333333334 0.51328125 0.1333333333333334 0.51328125 0.15937500000000007 0.528125 0.15937500000000007
2 0.5125 0.1364583333333334 0.50859375 0.1364583333333334 0.50859375 0.15625000000000006 0.5125 0.15625000000000006
2 0.51328125 0.1395833333333334 0.50859375 0.1395833333333334 0.50859375 0.15833333333333338 0.51328125 0.15833333333333338
2 0.51640625 0.1312500000000001 0.5125 0.1312500000000001 0.5125 0.14791666666666672 0.51640625 0.14791666666666672
2 0.50859375 0.13854166666666673 0.50546875 0.13854166666666673 0.50546875 0.15000000000000005 0.50859375 0.15000000000000005
2 0.5015625 0.1395833333333334 0.4953125 0.1395833333333334 0.4953125 0.1520833333333334 0.5015625 0.1520833333333334
2 0.4984375 0.12916666666666676 0.4890625 0.12916666666666676 0.4890625 0.14270833333333338 0.4984375 0.14270833333333338
2 0.50078125 0.1333333333333334 0.49453125 0.1333333333333334 0.49453125 0.14375000000000007 0.50078125 0.14375000000000007
1 0.5140625 0.11770833333333343 0.503125 0.11770833333333343 0.503125 0.1395833333333334 0.5140625 0.1395833333333334
2 0.50078125 0.11875000000000009 0.49375 0.11875000000000009 0.49375 0.1364583333333334 0.50078125 0.1364583333333334
2 0.4890625 0.1489583333333334 0.48203125 0.1489583333333334 0.48203125 0.1645833333333334 0.4890625 0.1645833333333334
2 0.490625 0.14270833333333338 0.48671875 0.14270833333333338 0.48671875 0.15625000000000006 0.490625 0.15625000000000006
2 0.54609375 0.1312500000000001 0.53515625 0.1312500000000001 0.53515625 0.15729166666666675 0.54609375 0.15729166666666677
1 0.54453125 0.12395833333333342 0.5296875 0.12395833333333342 0.5296875 0.14583333333333343 0.54453125 0.14583333333333345
1 0.54140625 0.1510416666666667 0.5265625 0.1510416666666667 0.5265625 0.1864583333333334 0.54140625 0.1864583333333334
2 0.53203125 0.1333333333333334 0.52890625 0.1333333333333334 0.52890625 0.1510416666666667 0.53203125 0.1510416666666667
2 0.5421875 0.11250000000000009 0.53828125 0.11250000000000009 0.53828125 0.12395833333333342 0.5421875 0.12395833333333342
2 0.525 0.11979166666666675 0.521875 0.11979166666666675 0.521875 0.13229166666666675 0.525 0.13229166666666675
2 0.51953125 0.12291666666666676 0.5171875 0.12291666666666676 0.5171875 0.1333333333333334 0.51953125 0.1333333333333334
1 0.5375 0.10104166666666675 0.52578125 0.10104166666666675 0.52578125 0.12395833333333342 0.5375 0.12395833333333342
2 0.5265625 0.1062500000000001 0.52265625 0.1062500000000001 0.52265625 0.1218750000000001 0.5265625 0.1218750000000001
1 0.52265625 0.09791666666666675 0.51328125 0.09791666666666675 0.51328125 0.10937500000000008 0.52265625 0.10937500000000008
2 0.5234375 0.10416666666666675 0.521875 0.10416666666666675 0.521875 0.10937500000000008 0.5234375 0.10937500000000008
2 0.51875 0.11145833333333342 0.5140625 0.11145833333333342 0.5140625 0.12395833333333342 0.51875 0.12395833333333342
1 0.51875 0.10104166666666675 0.5109375 0.10104166666666675 0.5109375 0.11666666666666675 0.51875 0.11666666666666675
2 0.5078125 0.10937500000000008 0.50390625 0.10937500000000008 0.50390625 0.11979166666666675 0.5078125 0.11979166666666675
2 0.5046875 0.10312500000000009 0.50078125 0.10312500000000009 0.50078125 0.11250000000000009 0.5046875 0.11250000000000009
2 0.50078125 0.10520833333333342 0.49609375 0.10520833333333342 0.49609375 0.11562500000000009 0.50078125 0.11562500000000009
2 0.51484375 0.09375000000000008 0.5125 0.09375000000000008 0.5125 0.10312500000000009 0.51484375 0.10312500000000009
1 0.50859375 0.08750000000000009 0.49921875 0.08750000000000009 0.49921875 0.10416666666666675 0.50859375 0.10416666666666675
1 0.4953125 0.09687500000000009 0.48828125 0.09687500000000009 0.48828125 0.11041666666666676 0.4953125 0.11041666666666676
1 0.5140625 0.4322916666666668 0.45859375 0.4322916666666668 0.45859375 0.56875 0.5140625 0.56875
2 0.05468750000000009 0.925 0.013281250000000083 0.925 0.013281250000000088 1 0.05468750000000009 1