2 1 0.9041666666666669 0.9671875 0.9041666666666669 0.9671875 0.9968750000000003 1 0.9968750000000003
2 0.9515625 0.8979166666666669 0.9109375 0.8979166666666669 0.9109375 0.9989583333333336 0.9515625 0.9989583333333336
2 0.915625 0.9302083333333335 0.87890625 0.9302083333333335 0.87890625 1.0000000000000002 0.915625 1.0000000000000002
2 0.84375 0.9031250000000003 0.80078125 0.9031250000000003 0.80078125 1.0000000000000002 0.84375 1.0000000000000002
2 0.89921875 0.8197916666666669 0.85625 0.8197916666666669 0.85625 0.9281250000000002 0.89921875 0.9281250000000002
2 0.85859375 0.8333333333333336 0.81953125 0.8333333333333336 0.81953125 0.9239583333333335 0.85859375 0.9239583333333335
2 0.84375 0.7281250000000002 0.80859375 0.7281250000000002 0.80859375 0.8531250000000002 0.84375 0.8531250000000002
2 0.80703125 0.8083333333333336 0.7578125 0.8083333333333336 0.7578125 0.9281250000000002 0.80703125 0.9281250000000002
2 0.81171875 0.7458333333333336 0.7765625 0.7458333333333336 0.7765625 0.8468750000000003 0.81171875 0.8468750000000003
2 0.7953125 0.6989583333333336 0.76171875 0.6989583333333336 0.76171875 0.7781250000000003 0.7953125 0.7781250000000003
2 0.77265625 0.7250000000000002 0.734375 0.7250000000000002 0.734375 0.8114583333333336 0.77265625 0.8114583333333336
2 0.7328125 0.6968750000000001 0.70390625 0.696875 0.70390625 0.7989583333333334 0.7328125 0.7989583333333335
2 0.7 0.725 0.66015625 0.725 0.66015625 0.834375 0.7 0.834375
2 0.65703125 0.7020833333333333 0.62578125 0.7020833333333333 0.62578125 0.8010416666666667 0.65703125 0.8010416666666667
2 0.6765625 0.81875 0.6421875 0.81875 0.6421875 0.9291666666666667 0.6765625 0.9291666666666667
2 0.69453125 0.9260416666666667 0.66484375 0.9260416666666667 0.6648437500000001 1 0.6945312500000002 1
2 0.7132812500000001 0.9395833333333333 0.6921875 0.9395833333333333 0.6921875000000001 1 0.7132812500000002 1
2 0.628125 0.6520833333333333 0.60546875 0.6520833333333333 0.60546875 0.7760416666666666 0.628125 0.7760416666666666
2 0.621875 0.5916666666666667 0.59296875 0.5916666666666667 0.59296875 0.675 0.621875 0.675
2 0.74140625 0.5229166666666668 0.71328125 0.5229166666666668 0.71328125 0.5968750000000002 0.74140625 0.5968750000000003
2 0.72109375 0.5041666666666668 0.6953125 0.5041666666666668 0.6953125 0.5677083333333334 0.72109375 0.5677083333333334
2 0.71484375 0.5697916666666667 0.6984375 0.5697916666666667 0.6984375 0.625 0.71484375 0.625
2 0.61015625 0.5479166666666667 0.57734375 0.5479166666666667 0.57734375 0.6145833333333334 0.61015625 0.6145833333333334
2 0.60625 0.5104166666666667 0.57734375 0.5104166666666667 0.57734375 0.56875 0.60625 0.56875
2 0.71875 0.4666666666666668 0.68984375 0.4666666666666668 0.68984375 0.546875 0.71875 0.546875
2 0.69140625 0.47291666666666676 0.6734375 0.47291666666666676 0.6734375 0.5083333333333334 0.69140625 0.5083333333333334
2 0.59765625 0.4822916666666668 0.57421875 0.4822916666666668 0.57421875 0.5333333333333333 0.59765625 0.5333333333333333
2 0.5921875 0.46145833333333347 0.56484375 0.46145833333333347 0.56484375 0.5229166666666668 0.5921875 0.5229166666666668
2 0.57734375 0.43958333333333344 0.55625 0.43958333333333344 0.55625 0.4822916666666668 0.57734375 0.4822916666666668
2 0.571875 0.41250000000000014 0.55 0.41250000000000014 0.55 0.47291666666666676 0.571875 0.47291666666666676
2 0.5640625 0.38437500000000013 0.53984375 0.38437500000000013 0.53984375 0.4385416666666668 0.5640625 0.4385416666666668
2 0.53828125 0.3125000000000001 0.5203125 0.3125000000000001 0.5203125 0.3541666666666668 0.53828125 0.3541666666666668
2 0.54296875 0.3437500000000001 0.5171875 0.3437500000000001 0.5171875 0.39270833333333344 0.54296875 0.39270833333333344
2 0.6609375 0.3562500000000001 0.6375 0.3562500000000001 0.6375 0.4041666666666668 0.6609375 0.4041666666666668
2 0.60234375 0.34270833333333345 0.5796875 0.34270833333333345 0.5796875 0.37708333333333344 0.60234375 0.37708333333333344
2 0.5875 0.3072916666666668 0.5765625 0.3072916666666668 0.5765625 0.34791666666666676 0.5875 0.34791666666666676
2 0.58359375 0.2937500000000001 0.571875 0.2937500000000001 0.571875 0.3281250000000001 0.58359375 0.3281250000000001
2 0.6046875 0.2687500000000001 0.590625 0.2687500000000001 0.590625 0.30520833333333347 0.6046875 0.30520833333333347
2 0.59375 0.2708333333333334 0.578125 0.2708333333333334 0.578125 0.30833333333333346 0.59375 0.30833333333333346
2 0.590625 0.24791666666666679 0.578125 0.24791666666666679 0.578125 0.2812500000000001 0.590625 0.2812500000000001
2 0.58046875 0.28333333333333344 0.56953125 0.28333333333333344 0.56953125 0.3156250000000001 0.58046875 0.3156250000000001
2 0.58046875 0.2656250000000001 0.5640625 0.2656250000000001 0.5640625 0.2979166666666668 0.58046875 0.2979166666666668
2 0.5703125 0.2510416666666668 0.55625 0.2510416666666668 0.55625 0.28750000000000014 0.5703125 0.28750000000000014
2 0.58828125 0.2291666666666668 0.57265625 0.2291666666666668 0.57265625 0.2687500000000001 0.58828125 0.2687500000000001
2 0.55625 0.24687500000000012 0.54453125 0.24687500000000012 0.54453125 0.27187500000000014 0.55625 0.27187500000000014
2 0.57421875 0.22500000000000012 0.56171875 0.22500000000000012 0.56171875 0.25208333333333344 0.57421875 0.25208333333333344
2 0.5625 0.21979166666666677 0.55 0.21979166666666677 0.55 0.24687500000000012 0.5625 0.24687500000000012
2 0.553125 0.22604166666666675 0.5421875 0.22604166666666672 0.5421875 0.2593750000000001 0.553125 0.25937500000000013
2 0.55390625 0.19583333333333341 0.5421875 0.1958333333333334 0.5421875 0.2218750000000001 0.55390625 0.22187500000000013
2 0.5140625 0.2145833333333334 0.5015625 0.2145833333333334 0.5015625 0.2427083333333334 0.5140625 0.2427083333333334
2 0.503125 0.21875000000000006 0.4921875 0.21875000000000006 0.4921875 0.23854166666666674 0.503125 0.23854166666666674
2 0.4921875 0.1989583333333334 0.484375 0.1989583333333334 0.484375 0.21666666666666673 0.4921875 0.21666666666666673
2 0.4875 0.18958333333333338 0.478125 0.18958333333333338 0.478125 0.20312500000000006 0.4875 0.20312500000000006
2 0.53515625 0.1552083333333334 0.525 0.1552083333333334 0.525 0.17812500000000006 0.53515625 0.17812500000000006
2 0.55 0.18229166666666677 0.540625 0.1822916666666667 0.540625 0.19583333333333341 0.55 0.19583333333333344
2 0.54296875 0.20000000000000007 0.5328125 0.20000000000000007 0.5328125 0.21250000000000005 0.54296875 0.21250000000000005
2 0.49140625 0.1822916666666667 0.4859375 0.1822916666666667 0.4859375 0.19687500000000005 0.49140625 0.19687500000000005
2 0.48671875 0.17812500000000006 0.48046875 0.17812500000000006 0.48046875 0.19062500000000007 0.48671875 0.19062500000000007
2 0.48203125 0.1708333333333334 0.47578125 0.1708333333333334 0.47578125 0.1822916666666667 0.48203125 0.1822916666666667
2 0.48046875 0.1833333333333334 0.47421875 0.1833333333333334 0.47421875 0.19479166666666672 0.48046875 0.19479166666666672
2 0.49453125 0.17500000000000007 0.4890625 0.17500000000000007 0.4890625 0.18854166666666672 0.49453125 0.18854166666666672
2 0.4875 0.15625000000000006 0.4828125 0.15625000000000006 0.4828125 0.1666666666666667 0.4875 0.1666666666666667
2 0.48671875 0.16250000000000006 0.48046875 0.16250000000000006 0.48046875 0.1770833333333334 0.48671875 0.1770833333333334
2 0.52421875 0.14166666666666672 0.5140625 0.14166666666666672 0.5140625 0.1614583333333334 0.52421875 0.1614583333333334
2 0.51484375 0.1354166666666667 0.50625 0.1354166666666667 0.50625 0.15625000000000006 0.51484375 0.15625000000000006
2 0.5078125 0.1364583333333334 0.5 0.1364583333333334 0.5 0.1552083333333334 0.5078125 0.1552083333333334
2 0.5015625 0.13750000000000007 0.49140625 0.13750000000000007 0.49140625 0.15625000000000006 0.5015625 0.15625000000000006
2 0.49765625 0.15416666666666673 0.49140625 0.15416666666666673 0.49140625 0.16979166666666673 0.49765625 0.16979166666666673
2 0.50390625 0.1645833333333334 0.496875 0.1645833333333334 0.496875 0.1802083333333334 0.50390625 0.1802083333333334
2 0.478125 0.14479166666666674 0.47265625 0.14479166666666674 0.47265625 0.15625000000000006 0.478125 0.15625000000000006
2 0.48125 0.1270833333333334 0.47578125 0.1270833333333334 0.47578125 0.14062500000000006 0.48125 0.14062500000000006
2 0.478125 0.11041666666666676 0.47421875 0.11041666666666676 0.47421875 0.12083333333333342 0.478125 0.12083333333333342
2 0.5125 0.18854166666666672 0.5046875 0.18854166666666672 0.5046875 0.20520833333333338 0.5125 0.20520833333333338
2 0.53359375 0.18125000000000005 0.525 0.18125000000000005 0.525 0.1927083333333334 0.53359375 0.1927083333333334
3 0.4921875 0.0906250000000001 0.48046875 0.0906250000000001 0.48046875 0.11041666666666676 0.4921875 0.11041666666666676
1 0.4890625 0.10729166666666676 0.47890625 0.10729166666666676 0.47890625 0.12500000000000008 0.4890625 0.12500000000000008
1 0.49453125 0.12291666666666676 0.4828125 0.12291666666666676 0.4828125 0.1354166666666667 0.49453125 0.1354166666666667
1 0.4984375 0.13229166666666675 0.4890625 0.13229166666666675 0.4890625 0.14791666666666672 0.4984375 0.14791666666666672
1 0.4890625 0.13750000000000007 0.4796875 0.13750000000000007 0.4796875 0.1520833333333334 0.4890625 0.1520833333333334
1 0.4921875 0.1489583333333334 0.4828125 0.1489583333333334 0.4828125 0.16250000000000006 0.4921875 0.16250000000000006
1 0.51328125 0.15729166666666672 0.50234375 0.15729166666666672 0.50234375 0.17604166666666674 0.51328125 0.17604166666666674
1 0.521875 0.16354166666666672 0.5078125 0.16354166666666672 0.5078125 0.18437500000000007 0.521875 0.18437500000000007
1 0.515625 0.17395833333333338 0.4953125 0.17395833333333338 0.4953125 0.1958333333333334 0.515625 0.1958333333333334
1 0.53203125 0.18541666666666673 0.51875 0.18541666666666673 0.51875 0.20729166666666674 0.53203125 0.20729166666666674
1 0.5078125 0.18854166666666672 0.490625 0.18854166666666672 0.490625 0.21666666666666673 0.5078125 0.21666666666666673
1 0.4765625 0.10312500000000009 0.4671875 0.10312500000000009 0.4671875 0.11145833333333342 0.4765625 0.11145833333333342
1 0.47421875 0.11145833333333342 0.4640625 0.11145833333333342 0.4640625 0.12395833333333342 0.47421875 0.12395833333333342
1 0.47109375 0.12083333333333342 0.45859375 0.12083333333333342 0.45859375 0.1312500000000001 0.47109375 0.1312500000000001
1 0.47578125 0.1312500000000001 0.45625 0.1312500000000001 0.45625 0.15416666666666673 0.47578125 0.15416666666666673
1 0.471875 0.14791666666666672 0.4546875 0.14791666666666672 0.4546875 0.16979166666666673 0.471875 0.16979166666666673
1 0.47890625 0.15833333333333338 0.46796875 0.15833333333333338 0.46796875 0.17291666666666672 0.47890625 0.17291666666666672
1 0.475 0.16875000000000007 0.4578125 0.16875000000000007 0.4578125 0.1833333333333334 0.475 0.1833333333333334
1 0.475 0.17395833333333338 0.45703125 0.17395833333333338 0.45703125 0.1927083333333334 0.475 0.1927083333333334
1 0.475 0.18854166666666672 0.4546875 0.18854166666666672 0.4546875 0.22083333333333338 0.475 0.22083333333333338
1 0.484375 0.20416666666666672 0.4640625 0.20416666666666672 0.4640625 0.2333333333333334 0.484375 0.2333333333333334
1 0.48984375 0.22291666666666674 0.46953125 0.22291666666666674 0.46953125 0.2447916666666667 0.48984375 0.2447916666666667
1 0.4953125 0.23854166666666674 0.475 0.23854166666666674 0.475 0.2583333333333334 0.4953125 0.2583333333333334
3 0.5171875 0.24062500000000006 0.4765625 0.24062500000000006 0.4765625 0.3625000000000001 0.5171875 0.3625000000000001
1 0.51953125 0.3468750000000001 0.48046875 0.3468750000000001 0.48046875 0.43020833333333347 0.51953125 0.43020833333333347
1 0.53671875 0.3854166666666668 0.4984375 0.3854166666666668 0.4984375 0.4812500000000001 0.53671875 0.4812500000000001
1 0.56640625 0.4427083333333334 0.5046875 0.4427083333333334 0.5046875 0.5802083333333333 0.56640625 0.5802083333333333
1 0.58984375 0.5260416666666667 0.51875 0.5260416666666667 0.51875 0.6854166666666667 0.58984375 0.6854166666666667
1 0.6 0.63125 0.515625 0.63125 0.515625 0.85 0.6 0.85
1 0.6804687500000001 0.7802083333333333 0.54609375 0.7802083333333333 0.54609375 1 0.6804687500000002 1
1 0.7976562500000001 0.7958333333333335 0.6765625 0.7958333333333333 0.6765625000000001 1.0000000000000002 0.7976562500000002 1.0000000000000002
1 0.79296875 0.6052083333333335 0.70625 0.6052083333333333 0.70625 0.7552083333333335 0.79296875 0.7552083333333336
3 0.7109375 0.43020833333333347 0.60859375 0.43020833333333347 0.60859375 0.7166666666666667 0.7109375 0.7166666666666667
1 0.640625 0.4354166666666668 0.596875 0.4354166666666668 0.596875 0.5104166666666667 0.640625 0.5104166666666667
1 0.61328125 0.37916666666666676 0.57109375 0.37916666666666676 0.57109375 0.45729166666666676 0.61328125 0.45729166666666676
1 0.6640625 0.37395833333333345 0.61796875 0.37395833333333345 0.61796875 0.4500000000000001 0.6640625 0.4500000000000001
1 0.62734375 0.3125000000000001 0.59140625 0.3125000000000001 0.59140625 0.3489583333333334 0.62734375 0.3489583333333334
1 0.6359375 0.3354166666666668 0.596875 0.3354166666666668 0.596875 0.3937500000000001 0.6359375 0.3937500000000001
1 0.57890625 0.33020833333333344 0.54609375 0.33020833333333344 0.54609375 0.3916666666666668 0.57890625 0.3916666666666668
1 0.57265625 0.29270833333333346 0.54375 0.29270833333333346 0.54375 0.3354166666666668 0.57265625 0.3354166666666668
1 0.5578125 0.2781250000000001 0.53984375 0.2781250000000001 0.53984375 0.3000000000000001 0.5578125 0.3000000000000001
1 0.53984375 0.24062500000000006 0.509375 0.24062500000000006 0.509375 0.2937500000000001 0.53984375 0.2937500000000001
1 0.5328125 0.2114583333333334 0.5125 0.2114583333333334 0.5125 0.24166666666666672 0.5328125 0.24166666666666672
1 0.50703125 0.1833333333333334 0.4890625 0.1833333333333334 0.4890625 0.20937500000000006 0.50703125 0.20937500000000006
2 0.96015625 0.6947916666666669 0.93203125 0.6947916666666669 0.93203125 0.8239583333333336 0.96015625 0.8239583333333336
2 0.97890625 0.6479166666666669 0.94921875 0.6479166666666669 0.94921875 0.7958333333333336 0.97890625 0.7958333333333336