1 0.57265625 0.55 0.503125 0.55 0.503125 0.7010416666666667 0.57265625 0.7010416666666667
1 0.6625 0.5250000000000001 0.59140625 0.5250000000000001 0.59140625 0.7072916666666667 0.6625 0.7072916666666667
1 0.53671875 0.4072916666666668 0.4890625 0.4072916666666668 0.4890625 0.5093750000000001 0.53671875 0.5093750000000001
1 0.5109375 0.2947916666666668 0.47734375 0.2947916666666668 0.47734375 0.36145833333333344 0.5109375 0.36145833333333344
1 0.5609375 0.32708333333333345 0.5328125 0.32708333333333345 0.5328125 0.40208333333333346 0.5609375 0.40208333333333346
1 0.490625 0.24375000000000005 0.4671875 0.24375000000000005 0.4671875 0.2947916666666668 0.490625 0.2947916666666668
1 0.53828125 0.25729166666666675 0.5109375 0.25729166666666675 0.5109375 0.30625000000000013 0.53828125 0.30625000000000013
1 0.5703125 0.2572916666666668 0.5484375 0.2572916666666668 0.5484375 0.2979166666666668 0.5703125 0.2979166666666668
1 0.5203125 0.2333333333333334 0.50234375 0.2333333333333334 0.50234375 0.26979166666666676 0.5203125 0.26979166666666676
1 0.48515625 0.19062500000000007 0.46484375 0.19062500000000007 0.46484375 0.22291666666666674 0.48515625 0.22291666666666674
2 0.4859375 0.22187500000000007 0.47421875 0.22187500000000007 0.47421875 0.2447916666666667 0.4859375 0.2447916666666667
2 0.4984375 0.2083333333333334 0.4890625 0.2083333333333334 0.4890625 0.24375000000000005 0.4984375 0.24375000000000005
1 0.51015625 0.18541666666666673 0.49296875 0.18541666666666673 0.49296875 0.21875000000000006 0.51015625 0.21875000000000006
1 0.4703125 0.16875000000000007 0.45546875 0.16875000000000007 0.45546875 0.19479166666666672 0.4703125 0.19479166666666672
3 0.46875 0.12083333333333342 0.4546875 0.12083333333333342 0.4546875 0.16041666666666674 0.46875 0.16041666666666674
1 0.49921875 0.1645833333333334 0.48359375 0.1645833333333334 0.48359375 0.18958333333333338 0.49921875 0.18958333333333338
1 0.49453125 0.15312500000000007 0.48203125 0.15312500000000007 0.48203125 0.1666666666666667 0.49453125 0.1666666666666667
1 0.49375 0.14062500000000006 0.4796875 0.14062500000000006 0.4796875 0.15729166666666672 0.49375 0.15729166666666672
2 0.47578125 0.14375000000000007 0.4703125 0.14375000000000007 0.4703125 0.1614583333333334 0.47578125 0.1614583333333334
1 0.48359375 0.1333333333333334 0.4765625 0.1333333333333334 0.4765625 0.14791666666666672 0.48359375 0.14791666666666672
2 0.478125 0.22083333333333338 0.46875 0.22083333333333338 0.46875 0.24687500000000007 0.478125 0.24687500000000007
2 0.5109375 0.21250000000000005 0.503125 0.21250000000000005 0.503125 0.23541666666666672 0.5109375 0.23541666666666672
2 0.5453125 0.23541666666666675 0.53359375 0.23541666666666672 0.53359375 0.2760416666666668 0.5453125 0.2760416666666668
2 0.5921875 0.26770833333333344 0.5828125 0.26770833333333344 0.5828125 0.30625000000000013 0.5921875 0.30625000000000013
2 0.58671875 0.2531250000000001 0.57578125 0.2531250000000001 0.57578125 0.28541666666666676 0.58671875 0.28541666666666676
2 0.56953125 0.31458333333333344 0.55859375 0.31458333333333344 0.55859375 0.35833333333333345 0.56953125 0.35833333333333345
2 0.5796875 0.30104166666666676 0.56875 0.30104166666666676 0.56875 0.3385416666666668 0.5796875 0.3385416666666668
2 0.5921875 0.29583333333333345 0.58203125 0.29583333333333345 0.58203125 0.3437500000000001 0.5921875 0.3437500000000001
2 0.60390625 0.2822916666666668 0.5921875 0.2822916666666668 0.5921875 0.32708333333333345 0.60390625 0.32708333333333345
2 0.5828125 0.3250000000000001 0.5734375 0.3250000000000001 0.5734375 0.37916666666666676 0.5828125 0.37916666666666676
2 0.59453125 0.3510416666666668 0.584375 0.3510416666666668 0.584375 0.4114583333333334 0.59453125 0.4114583333333334
2 0.60390625 0.3291666666666668 0.59609375 0.3291666666666668 0.59609375 0.38645833333333346 0.60390625 0.38645833333333346
2 0.6109375 0.3072916666666668 0.6015625 0.3072916666666668 0.6015625 0.3468750000000001 0.6109375 0.3468750000000001
2 0.5796875 0.37916666666666676 0.56640625 0.37916666666666676 0.56640625 0.4562500000000001 0.5796875 0.4562500000000001
2 0.578125 0.5062500000000001 0.559375 0.5062500000000001 0.559375 0.596875 0.578125 0.596875
2 0.57734375 0.47291666666666676 0.56171875 0.47291666666666676 0.56171875 0.540625 0.57734375 0.540625
0 0.7593750000000001 0.8104166666666668 0.6671875 0.8104166666666667 0.6671875 1.0000000000000002 0.7593750000000001 1.0000000000000002
2 0.90703125 0.8656250000000002 0.87578125 0.8656250000000002 0.87578125 1.0000000000000002 0.90703125 1.0000000000000002
2 0.7828125 0.7875000000000002 0.75 0.7875000000000002 0.75 0.9312500000000002 0.7828125 0.9312500000000002
2 0.81328125 0.6843750000000003 0.78359375 0.6843750000000003 0.78359375 0.8145833333333335 0.81328125 0.8145833333333335
2 0.7609375 0.6697916666666669 0.73203125 0.6697916666666669 0.73203125 0.7812500000000002 0.7609375 0.7812500000000002
2 0.71328125 0.6364583333333333 0.69140625 0.6364583333333333 0.69140625 0.7541666666666667 0.71328125 0.7541666666666667
2 0.746875 0.5750000000000001 0.7171875 0.575 0.7171875 0.6937500000000001 0.746875 0.6937500000000002
2 0.703125 0.5197916666666668 0.67734375 0.5197916666666668 0.67734375 0.625 0.703125 0.625
2 0.61171875 0.46250000000000013 0.59375 0.46250000000000013 0.59375 0.5270833333333335 0.61171875 0.5270833333333335
2 0.63359375 0.46145833333333347 0.61953125 0.46145833333333347 0.61953125 0.5312500000000001 0.63359375 0.5312500000000001
2 0.65546875 0.5135416666666668 0.64453125 0.5135416666666668 0.64453125 0.5791666666666667 0.65546875 0.5791666666666667
2 0.66640625 0.4604166666666668 0.64921875 0.4604166666666668 0.64921875 0.5395833333333333 0.66640625 0.5395833333333333
2 0.69375 0.44895833333333346 0.678125 0.44895833333333346 0.678125 0.5312500000000001 0.69375 0.5312500000000001
2 0.671875 0.4166666666666668 0.659375 0.4166666666666668 0.659375 0.49270833333333347 0.671875 0.49270833333333347
2 0.6453125 0.4218750000000001 0.6296875 0.4218750000000001 0.6296875 0.5000000000000001 0.6453125 0.5000000000000001
2 0.615625 0.4166666666666668 0.59609375 0.4166666666666668 0.59609375 0.4895833333333334 0.615625 0.4895833333333334
2 0.6578125 0.38958333333333345 0.6421875 0.38958333333333345 0.6421875 0.45937500000000014 0.6578125 0.45937500000000014
2 0.64453125 0.3666666666666668 0.6296875 0.3666666666666668 0.6296875 0.4229166666666668 0.64453125 0.4229166666666668
2 0.62734375 0.3781250000000001 0.61484375 0.3781250000000001 0.61484375 0.44375000000000014 0.62734375 0.44375000000000014
2 0.6109375 0.3906250000000001 0.596875 0.3906250000000001 0.596875 0.43125000000000013 0.6109375 0.43125000000000013
2 0.61640625 0.3510416666666668 0.60546875 0.3510416666666668 0.60546875 0.4072916666666668 0.61640625 0.4072916666666668
2 0.63125 0.3260416666666668 0.61796875 0.3260416666666668 0.61796875 0.3729166666666668 0.63125 0.3729166666666668
2 0.5453125 0.20312500000000008 0.5375 0.20312500000000006 0.5375 0.23958333333333343 0.5453125 0.23958333333333345
2 0.55625 0.23958333333333345 0.54609375 0.23958333333333345 0.54609375 0.25833333333333347 0.55625 0.25833333333333347
2 0.57109375 0.2343750000000001 0.5625 0.2343750000000001 0.5625 0.2656250000000001 0.57109375 0.2656250000000001
1 0.51015625 0.14687500000000006 0.5 0.14687500000000006 0.5 0.16875000000000007 0.51015625 0.16875000000000007
2 0.48046875 0.17291666666666672 0.4734375 0.17291666666666672 0.4734375 0.19062500000000007 0.48046875 0.19062500000000007
2 0.4765625 0.15416666666666673 0.47109375 0.15416666666666673 0.47109375 0.17291666666666672 0.4765625 0.17291666666666672
2 0.53203125 0.24687500000000007 0.52109375 0.24687500000000007 0.52109375 0.26041666666666674 0.53203125 0.26041666666666674
2 0.5296875 0.2145833333333334 0.52265625 0.2145833333333334 0.52265625 0.2489583333333334 0.5296875 0.2489583333333334
2 0.5203125 0.1864583333333334 0.5140625 0.1864583333333334 0.5140625 0.2114583333333334 0.5203125 0.2114583333333334
2 0.51875 0.20937500000000006 0.5125 0.20937500000000006 0.5125 0.23645833333333338 0.51875 0.23645833333333338
2 0.52890625 0.20729166666666674 0.5234375 0.20729166666666674 0.5234375 0.2270833333333334 0.52890625 0.2270833333333334
2 0.528125 0.19687500000000005 0.521875 0.19687500000000005 0.521875 0.21875000000000006 0.528125 0.21875000000000006
2 0.5328125 0.1822916666666667 0.52734375 0.1822916666666667 0.52734375 0.2135416666666667 0.5328125 0.2135416666666667
2 0.5421875 0.19479166666666672 0.5359375 0.19479166666666672 0.5359375 0.21979166666666672 0.5421875 0.21979166666666672
2 0.54140625 0.1822916666666667 0.5359375 0.1822916666666667 0.5359375 0.20416666666666672 0.54140625 0.20416666666666672
2 0.55 0.1937500000000001 0.54375 0.19375000000000006 0.54375 0.22812500000000008 0.55 0.2281250000000001
2 0.5640625 0.21666666666666679 0.553125 0.21666666666666679 0.553125 0.2510416666666668 0.5640625 0.2510416666666668
1 0.4890625 0.08437500000000009 0.48203125 0.08437500000000009 0.48203125 0.09895833333333343 0.4890625 0.09895833333333343
1 0.49765625 0.08854166666666675 0.490625 0.08854166666666675 0.490625 0.1062500000000001 0.49765625 0.1062500000000001
1 0.50546875 0.09583333333333342 0.49765625 0.09583333333333342 0.49765625 0.11562500000000009 0.50546875 0.11562500000000009
3 0.4859375 0.10520833333333342 0.478125 0.10520833333333342 0.478125 0.12604166666666675 0.4859375 0.12604166666666675
2 0.50234375 0.14062500000000006 0.496875 0.14062500000000006 0.496875 0.15937500000000007 0.50234375 0.15937500000000007
2 0.49140625 0.12395833333333342 0.48671875 0.12395833333333342 0.48671875 0.14062500000000006 0.49140625 0.14062500000000006
2 0.4953125 0.12916666666666676 0.48984375 0.12916666666666676 0.48984375 0.14375000000000007 0.4953125 0.14375000000000007
1 0.5046875 0.1270833333333334 0.4953125 0.1270833333333334 0.4953125 0.14166666666666672 0.5046875 0.14166666666666672
1 0.50078125 0.11666666666666675 0.49453125 0.11666666666666675 0.49453125 0.12604166666666675 0.50078125 0.12604166666666675
1 0.46484375 0.10937500000000008 0.45625 0.10937500000000008 0.45625 0.11979166666666675 0.46484375 0.11979166666666675
3 0.4765625 0.08958333333333342 0.4671875 0.08958333333333342 0.4671875 0.10833333333333342 0.4765625 0.10833333333333342
3 0.47265625 0.10000000000000009 0.46484375 0.10000000000000009 0.46484375 0.11250000000000009 0.47265625 0.11250000000000009
1 0.49296875 0.08020833333333342 0.4890625 0.08020833333333342 0.4890625 0.09687500000000009 0.49296875 0.09687500000000009
3 0.50078125 0.0750000000000001 0.49296875 0.0750000000000001 0.49296875 0.08750000000000009 0.50078125 0.08750000000000009
1 0.50625 0.08645833333333343 0.50078125 0.08645833333333343 0.50078125 0.09791666666666675 0.50625 0.09791666666666675
1 0.51015625 0.08125000000000009 0.50390625 0.08125000000000009 0.50390625 0.0906250000000001 0.51015625 0.0906250000000001
2 0.5203125 0.14270833333333338 0.51484375 0.14270833333333338 0.51484375 0.17500000000000007 0.5203125 0.17500000000000007