1 0.7194805194805195 0.8444444444444444 0.6181818181818183 0.8444444444444444 0.6181818181818183 1 0.7194805194805195 1
1 0.8649350649350649 0.7587301587301589 0.7532467532467533 0.7587301587301589 0.7532467532467533 1 0.8649350649350649 1
1 0.6805194805194805 0.6031746031746033 0.6 0.6031746031746031 0.6000000000000001 0.8031746031746033 0.6805194805194805 0.8031746031746033
1 0.7714285714285715 0.596825396825397 0.6909090909090909 0.596825396825397 0.6909090909090909 0.7746031746031747 0.7714285714285715 0.7746031746031747
1 0.8493506493506493 0.577777777777778 0.7610389610389611 0.577777777777778 0.7610389610389611 0.7523809523809526 0.8493506493506493 0.7523809523809526
1 0.6623376623376623 0.4380952380952382 0.6 0.4380952380952381 0.6 0.5746031746031747 0.6623376623376623 0.5746031746031748
1 0.6051948051948052 0.09841269841269851 0.587012987012987 0.09841269841269851 0.587012987012987 0.1492063492063493 0.6051948051948052 0.1492063492063493
2 0.7272727272727273 0.3904761904761906 0.7038961038961039 0.3904761904761906 0.7038961038961039 0.43809523809523826 0.7272727272727273 0.43809523809523826
2 0.7662337662337663 0.4634920634920637 0.7376623376623377 0.4634920634920637 0.7376623376623377 0.5142857142857145 0.7662337662337663 0.5142857142857145
2 0.8 0.5174603174603176 0.7740259740259741 0.5174603174603176 0.7740259740259741 0.5809523809523811 0.8 0.5809523809523811
2 0.7688311688311689 0.5460317460317462 0.7480519480519481 0.5460317460317462 0.7480519480519481 0.5809523809523811 0.7688311688311689 0.5809523809523811
2 0.9012987012987013 0.6793650793650795 0.8701298701298701 0.6793650793650795 0.8701298701298701 0.7492063492063494 0.9012987012987013 0.7492063492063494
2 0.9532467532467532 0.8031746031746033 0.935064935064935 0.8031746031746033 0.935064935064935 0.8412698412698413 0.9532467532467532 0.8412698412698413
2 0.7220779220779221 0.8095238095238098 0.6961038961038961 0.8095238095238098 0.6961038961038961 0.8793650793650793 0.7220779220779221 0.8793650793650793
2 0.7584415584415585 0.9047619047619048 0.7246753246753247 0.9047619047619048 0.7246753246753247 0.9555555555555556 0.7584415584415585 0.9555555555555556
2 0.6779220779220779 0.27619047619047626 0.6597402597402597 0.27619047619047626 0.6597402597402597 0.3333333333333334 0.6779220779220779 0.3333333333333334
2 0.7142857142857143 0.28253968253968265 0.6883116883116883 0.28253968253968265 0.6883116883116883 0.35238095238095246 0.7142857142857143 0.35238095238095246
2 0.6285714285714286 0.31746031746031755 0.6155844155844156 0.31746031746031755 0.6155844155844156 0.34603174603174613 0.6285714285714286 0.34603174603174613
2 0.6 0.22539682539682548 0.5844155844155844 0.22539682539682548 0.5844155844155844 0.28253968253968265 0.6 0.28253968253968265
2 0.6233766233766234 0.361904761904762 0.6103896103896104 0.361904761904762 0.6103896103896104 0.4095238095238097 0.6233766233766234 0.4095238095238097
2 0.6077922077922078 0.41587301587301595 0.5922077922077922 0.4158730158730159 0.5922077922077922 0.4476190476190477 0.6077922077922078 0.4476190476190478
2 0.7298701298701299 0.5333333333333335 0.6987012987012987 0.5333333333333335 0.6987012987012987 0.577777777777778 0.7298701298701299 0.577777777777778
2 0.6363636363636364 0.19365079365079374 0.6207792207792208 0.19365079365079374 0.6207792207792208 0.234920634920635 0.6363636363636364 0.234920634920635
2 0.6311688311688312 0.161904761904762 0.6103896103896104 0.161904761904762 0.6103896103896104 0.2000000000000001 0.6311688311688312 0.2000000000000001
2 0.6181818181818182 0.15555555555555564 0.5948051948051948 0.15555555555555564 0.5948051948051948 0.19365079365079374 0.6181818181818182 0.19365079365079374
2 0.5948051948051948 0.14603174603174612 0.5766233766233766 0.14603174603174612 0.5766233766233766 0.18730158730158739 0.5948051948051948 0.18730158730158739
2 0.5896103896103896 0.09841269841269851 0.574025974025974 0.09841269841269851 0.574025974025974 0.1365079365079366 0.5896103896103896 0.1365079365079366
2 0.6571428571428571 0.1746031746031747 0.6363636363636364 0.1746031746031747 0.6363636363636364 0.21269841269841278 0.6571428571428571 0.21269841269841278