1 0.60625 0.5875 0.52734375 0.5875 0.52734375 0.8125 0.60625 0.8125
1 0.73984375 0.5843750000000001 0.6546875 0.584375 0.6546875 0.7843750000000002 0.73984375 0.7843750000000003
1 0.55546875 0.4375000000000001 0.50078125 0.4375000000000001 0.50078125 0.5479166666666667 0.55546875 0.5479166666666667
1 0.52265625 0.3541666666666668 0.48671875 0.3541666666666668 0.48671875 0.4375000000000001 0.52265625 0.4375000000000001
1 0.57734375 0.2447916666666668 0.546875 0.2447916666666668 0.546875 0.29583333333333345 0.57734375 0.29583333333333345
1 0.553125 0.2000000000000001 0.52890625 0.20000000000000007 0.52890625 0.2562500000000001 0.553125 0.25625000000000014
1 0.51640625 0.17500000000000007 0.49140625 0.17500000000000007 0.49140625 0.21666666666666673 0.51640625 0.21666666666666673
1 0.50625 0.11041666666666676 0.49296875 0.11041666666666676 0.49296875 0.1489583333333334 0.50625 0.1489583333333334
1 0.47734375 0.10000000000000009 0.4640625 0.10000000000000009 0.4640625 0.1270833333333334 0.47734375 0.1270833333333334
2 0.48984375 0.10937500000000008 0.48359375 0.10937500000000008 0.48359375 0.12916666666666676 0.48984375 0.12916666666666676
2 0.4859375 0.09583333333333342 0.48125 0.09583333333333342 0.48125 0.10937500000000008 0.4859375 0.10937500000000008
2 0.4875 0.09270833333333342 0.484375 0.09270833333333342 0.484375 0.10520833333333342 0.4875 0.10520833333333342
1 0.4984375 0.09166666666666676 0.4890625 0.09166666666666676 0.4890625 0.10937500000000008 0.4984375 0.10937500000000008
1 0.50859375 0.08333333333333343 0.5015625 0.08333333333333343 0.5015625 0.09583333333333342 0.50859375 0.09583333333333342
3 0.525 0.2708333333333334 0.484375 0.2708333333333334 0.484375 0.37395833333333345 0.525 0.37395833333333345
0 0.66015625 0.3281250000000001 0.57734375 0.3281250000000001 0.57734375 0.5312500000000001 0.66015625 0.5312500000000001
2 0.5625 0.39270833333333344 0.54375 0.39270833333333344 0.54375 0.4604166666666668 0.5625 0.4604166666666668
2 0.5578125 0.3562500000000001 0.53828125 0.3562500000000001 0.53828125 0.40833333333333344 0.5578125 0.40833333333333344
2 0.55078125 0.3072916666666668 0.534375 0.3072916666666668 0.534375 0.3645833333333334 0.55078125 0.3645833333333334
2 0.5671875 0.29583333333333345 0.55546875 0.29583333333333345 0.55546875 0.3468750000000001 0.5671875 0.3468750000000001
1 0.603125 0.30104166666666676 0.56875 0.30104166666666676 0.56875 0.35520833333333346 0.603125 0.35520833333333346
2 0.51953125 0.26562500000000006 0.509375 0.26562500000000006 0.509375 0.29583333333333345 0.51953125 0.29583333333333345
2 0.53359375 0.25729166666666675 0.521875 0.25729166666666675 0.521875 0.3000000000000001 0.53359375 0.3000000000000001
2 0.48671875 0.2145833333333334 0.4765625 0.2145833333333334 0.4765625 0.25312500000000004 0.48671875 0.25312500000000004
2 0.5 0.2489583333333334 0.48984375 0.2489583333333334 0.48984375 0.2822916666666668 0.5 0.2822916666666668
2 0.51640625 0.2333333333333334 0.503125 0.2333333333333334 0.503125 0.27395833333333347 0.51640625 0.27395833333333347
2 0.55078125 0.28750000000000014 0.53828125 0.28750000000000014 0.53828125 0.3291666666666668 0.55078125 0.3291666666666668
2 0.546875 0.26354166666666673 0.53515625 0.26354166666666673 0.53515625 0.30520833333333347 0.546875 0.30520833333333347
2 0.52265625 0.5375 0.49375 0.5375 0.49375 0.6541666666666667 0.52265625 0.6541666666666667
2 0.628125 0.553125 0.5953125 0.553125 0.5953125 0.6697916666666667 0.628125 0.6697916666666667
2 0.47265625 0.13020833333333343 0.46640625 0.13020833333333343 0.46640625 0.15416666666666673 0.47265625 0.15416666666666673
2 0.4921875 0.1520833333333334 0.48515625 0.1520833333333334 0.48515625 0.17812500000000006 0.4921875 0.17812500000000006
2 0.509375 0.16041666666666674 0.50234375 0.16041666666666674 0.50234375 0.1802083333333334 0.509375 0.1802083333333334
2 0.5171875 0.14687500000000006 0.509375 0.14687500000000006 0.509375 0.17395833333333338 0.5171875 0.17395833333333338
2 0.51015625 0.09375000000000008 0.50546875 0.09375000000000008 0.50546875 0.10833333333333342 0.51015625 0.10833333333333342