1 0.1843750000000001 0.7291666666666666 0.032812500000000064 0.7291666666666666 0.03281250000000008 1 0.1843750000000001 1
1 0.30937500000000007 0.7645833333333333 0.19531250000000008 0.7645833333333333 0.19531250000000008 0.9916666666666667 0.30937500000000007 0.9916666666666667
1 0.4609375000000001 0.8 0.37187500000000007 0.8 0.37187500000000007 1 0.46093750000000017 1
1 0.39531250000000007 0.6083333333333333 0.30156250000000007 0.6083333333333333 0.30156250000000007 0.809375 0.39531250000000007 0.809375
1 0.5421875 0.18125000000000005 0.50234375 0.18125000000000005 0.50234375 0.2458333333333334 0.5421875 0.2458333333333334
2 0.49921875 0.20520833333333338 0.48203125 0.20520833333333338 0.48203125 0.2447916666666667 0.49921875 0.2447916666666667
1 0.50234375 0.17187500000000006 0.47265625 0.17187500000000006 0.47265625 0.23645833333333338 0.50234375 0.23645833333333338
1 0.54453125 0.15208333333333343 0.515625 0.1520833333333334 0.515625 0.21041666666666675 0.54453125 0.21041666666666678
2 0.52109375 0.15833333333333338 0.50703125 0.15833333333333338 0.50703125 0.2145833333333334 0.52109375 0.2145833333333334
2 0.5140625 0.13229166666666675 0.49609375 0.13229166666666675 0.49609375 0.17395833333333338 0.5140625 0.17395833333333338
2 0.5078125 0.08854166666666675 0.4875 0.08854166666666675 0.4875 0.13229166666666675 0.5078125 0.13229166666666675
2 0.52578125 0.14479166666666674 0.5125 0.14479166666666674 0.5125 0.18541666666666673 0.52578125 0.18541666666666673
2 0.49140625 0.15000000000000005 0.48046875 0.15000000000000005 0.48046875 0.17812500000000006 0.49140625 0.17812500000000006
2 0.47265625 0.1833333333333334 0.453125 0.1833333333333334 0.453125 0.2270833333333334 0.47265625 0.2270833333333334
2 0.45859375 0.27187500000000014 0.41875 0.27187500000000014 0.41875 0.33645833333333347 0.45859375 0.33645833333333347
3 0.48515625 0.4854166666666668 0.3781250000000001 0.4854166666666668 0.3781250000000001 0.7875 0.48515625 0.7875
2 0.48984375 0.4406250000000001 0.45625 0.4406250000000001 0.45625 0.5020833333333334 0.48984375 0.5020833333333334
2 0.2875000000000001 0.55 0.23984375000000008 0.55 0.23984375000000008 0.640625 0.2875000000000001 0.640625
2 0.2218750000000001 0.6677083333333333 0.16953125000000005 0.6677083333333333 0.16953125000000008 0.7760416666666666 0.2218750000000001 0.7760416666666666
2 0.28593750000000007 0.7 0.2539062500000001 0.7 0.2539062500000001 0.771875 0.28593750000000007 0.771875
2 0.2406250000000001 0.7322916666666667 0.1984375000000001 0.7322916666666667 0.1984375000000001 0.9 0.2406250000000001 0.9