2 0.04453125000000007 0.6760416666666667 0.010156250000000061 0.6760416666666667 0.010156250000000066 0.796875 0.04453125000000008 0.796875
2 0.07265625000000009 0.9010416666666666 0.017968750000000082 0.9010416666666666 0.01796875000000009 1 0.07265625000000009 1
2 0.1281250000000001 0.8708333333333333 0.07578125000000009 0.8708333333333333 0.07578125000000009 1 0.1281250000000001 1
2 0.2000000000000001 0.8729166666666667 0.14218750000000008 0.8729166666666667 0.14218750000000008 1 0.2000000000000001 1
2 0.2406250000000001 0.7864583333333334 0.2000000000000001 0.7864583333333334 0.2000000000000001 0.95 0.2406250000000001 0.95
2 0.2828125000000001 0.6864583333333333 0.2429687500000001 0.6864583333333333 0.2429687500000001 0.8458333333333333 0.2828125000000001 0.8458333333333333
2 0.2000000000000001 0.7885416666666667 0.15234375000000008 0.7885416666666667 0.15234375000000008 0.9145833333333333 0.2000000000000001 0.9145833333333333
2 0.20078125000000008 0.7354166666666667 0.1585937500000001 0.7354166666666667 0.1585937500000001 0.85625 0.20078125000000008 0.85625
2 0.23203125000000008 0.7416666666666667 0.20078125000000008 0.7416666666666667 0.20078125000000008 0.8666666666666667 0.23203125000000008 0.8666666666666667
2 0.3218750000000001 0.60625 0.2914062500000001 0.60625 0.2914062500000001 0.7291666666666666 0.3218750000000001 0.7291666666666666
2 0.29375000000000007 0.6541666666666667 0.26250000000000007 0.6541666666666667 0.26250000000000007 0.7635416666666667 0.29375000000000007 0.7635416666666667
2 0.23593750000000008 0.6520833333333333 0.19765625000000003 0.6520833333333333 0.19765625000000006 0.7791666666666667 0.23593750000000008 0.7791666666666667
2 0.2593750000000001 0.675 0.22656250000000008 0.675 0.22656250000000008 0.8166666666666667 0.2593750000000001 0.8166666666666667
2 0.2601562500000001 0.621875 0.22656250000000008 0.621875 0.22656250000000008 0.7385416666666667 0.2601562500000001 0.7385416666666667
2 0.2890625000000001 0.6239583333333333 0.25468750000000007 0.6239583333333333 0.25468750000000007 0.71875 0.2890625000000001 0.71875
2 0.18125000000000005 0.43020833333333336 0.14687500000000003 0.43020833333333336 0.14687500000000003 0.5166666666666667 0.18125000000000005 0.5166666666666667
2 0.3750000000000001 0.6416666666666667 0.3359375000000001 0.6416666666666667 0.3359375000000001 0.7739583333333333 0.3750000000000001 0.7739583333333333
2 0.40546875 0.6979166666666666 0.3671875000000001 0.6979166666666666 0.3671875000000001 0.821875 0.40546875 0.821875
2 0.428125 0.6458333333333334 0.3921875000000001 0.6458333333333334 0.3921875000000001 0.7552083333333334 0.428125 0.7552083333333334
2 0.4359375 0.584375 0.40234375 0.584375 0.40234375 0.6947916666666667 0.4359375 0.6947916666666667
2 0.4375 0.5385416666666667 0.40546875 0.5385416666666667 0.40546875 0.6489583333333333 0.4375 0.6489583333333333
2 0.46015625 0.5697916666666667 0.428125 0.5697916666666667 0.428125 0.6791666666666667 0.46015625 0.6791666666666667
2 0.51328125 0.5510416666666667 0.484375 0.5510416666666667 0.484375 0.65625 0.51328125 0.65625
2 0.4703125 0.5260416666666667 0.43984375 0.5260416666666667 0.43984375 0.6260416666666667 0.4703125 0.6260416666666667
2 0.51484375 0.41041666666666676 0.4859375 0.41041666666666676 0.4859375 0.5020833333333334 0.51484375 0.5020833333333334
2 0.37968750000000007 0.4541666666666667 0.35390625 0.45416666666666666 0.35390625000000003 0.534375 0.37968750000000007 0.534375
2 0.37265625 0.4260416666666667 0.35 0.42604166666666665 0.35000000000000003 0.5010416666666667 0.3726562500000001 0.5010416666666668
2 0.4578125 0.3645833333333334 0.43671875 0.3645833333333334 0.43671875 0.4218750000000001 0.4578125 0.4218750000000001
2 0.45 0.44375000000000014 0.4234375 0.44375000000000014 0.4234375 0.5312500000000001 0.45 0.5312500000000001
2 0.40234375 0.4250000000000001 0.38046875 0.4250000000000001 0.38046875 0.47083333333333344 0.40234375 0.47083333333333344
2 0.42890625 0.3979166666666668 0.40859375 0.3979166666666668 0.40859375 0.46250000000000013 0.42890625 0.46250000000000013
2 0.4703125 0.4031250000000001 0.45078125 0.4031250000000001 0.45078125 0.4510416666666668 0.4703125 0.4510416666666668
2 0.46796875 0.4270833333333334 0.446875 0.4270833333333334 0.446875 0.4854166666666668 0.46796875 0.4854166666666668
2 0.3703125 0.3427083333333334 0.3515625 0.34270833333333334 0.3515625 0.4052083333333334 0.3703125 0.40520833333333345
2 0.44375 0.30104166666666676 0.428125 0.30104166666666676 0.428125 0.3572916666666668 0.44375 0.3572916666666668
2 0.43984375 0.32708333333333345 0.42109375 0.32708333333333345 0.42109375 0.3760416666666668 0.43984375 0.3760416666666668
2 0.43203125 0.3416666666666668 0.41953125 0.3416666666666668 0.41953125 0.3729166666666668 0.43203125 0.3729166666666668
2 0.4078125 0.34270833333333345 0.38984375 0.34270833333333345 0.38984375 0.3958333333333334 0.4078125 0.3958333333333334
2 0.403125 0.29583333333333345 0.38828125 0.29583333333333345 0.38828125 0.3312500000000001 0.403125 0.3312500000000001
2 0.396875 0.30625000000000013 0.38046875 0.30625000000000013 0.38046875 0.36562500000000014 0.396875 0.36562500000000014
2 0.38515625 0.3229166666666668 0.36875 0.3229166666666668 0.36875 0.36875000000000013 0.38515625 0.36875000000000013
2 0.41953125 0.3125000000000001 0.40859375 0.3125000000000001 0.40859375 0.35312500000000013 0.41953125 0.35312500000000013
2 0.42109375 0.3562500000000001 0.41015625 0.3562500000000001 0.41015625 0.38645833333333346 0.42109375 0.38645833333333346
2 0.4328125 0.36145833333333344 0.4203125 0.36145833333333344 0.4203125 0.4114583333333334 0.4328125 0.4114583333333334
2 0.54375 0.24375000000000005 0.53046875 0.24375000000000005 0.53046875 0.28958333333333347 0.54375 0.28958333333333347
2 0.5265625 0.2729166666666668 0.5109375 0.2729166666666668 0.5109375 0.30104166666666676 0.5265625 0.30104166666666676
2 0.4875 0.31458333333333344 0.475 0.31458333333333344 0.475 0.3666666666666668 0.4875 0.3666666666666668
2 0.49375 0.29062500000000013 0.48203125 0.29062500000000013 0.48203125 0.3354166666666668 0.49375 0.3354166666666668
2 0.50390625 0.26041666666666674 0.490625 0.26041666666666674 0.490625 0.29895833333333344 0.50390625 0.29895833333333344
2 0.5078125 0.2489583333333334 0.496875 0.2489583333333334 0.496875 0.2843750000000001 0.5078125 0.2843750000000001
2 0.51953125 0.2020833333333334 0.5046875 0.2020833333333334 0.5046875 0.23437500000000006 0.51953125 0.23437500000000006
2 0.51328125 0.22291666666666674 0.49765625 0.22291666666666674 0.49765625 0.26562500000000006 0.51328125 0.26562500000000006
2 0.54921875 0.12500000000000008 0.53984375 0.12500000000000008 0.53984375 0.1531250000000001 0.54921875 0.15312500000000012
2 0.53359375 0.11875000000000009 0.525 0.11875000000000009 0.525 0.13020833333333343 0.53359375 0.13020833333333343
2 0.5109375 0.10729166666666676 0.50625 0.10729166666666676 0.50625 0.12291666666666676 0.5109375 0.12291666666666676
2 0.50390625 0.11041666666666676 0.4984375 0.11041666666666676 0.4984375 0.12395833333333342 0.50390625 0.12395833333333342
2 0.496875 0.10937500000000008 0.49140625 0.10937500000000008 0.49140625 0.13020833333333343 0.496875 0.13020833333333343
2 0.50546875 0.12500000000000008 0.496875 0.12500000000000008 0.496875 0.14062500000000006 0.50546875 0.14062500000000006
2 0.496875 0.1281250000000001 0.48984375 0.1281250000000001 0.48984375 0.14479166666666674 0.496875 0.14479166666666674
2 0.5046875 0.14166666666666672 0.49765625 0.14166666666666672 0.49765625 0.15312500000000007 0.5046875 0.15312500000000007
2 0.5234375 0.15416666666666673 0.515625 0.15416666666666673 0.515625 0.16875000000000007 0.5234375 0.16875000000000007
2 0.52109375 0.16562500000000005 0.51328125 0.16562500000000005 0.51328125 0.18437500000000007 0.52109375 0.18437500000000007
2 0.5125 0.16562500000000005 0.50390625 0.16562500000000005 0.50390625 0.17604166666666674 0.5125 0.17604166666666674
2 0.48828125 0.15833333333333338 0.4796875 0.15833333333333338 0.4796875 0.1708333333333334 0.48828125 0.1708333333333334
2 0.48515625 0.17916666666666672 0.478125 0.17916666666666672 0.478125 0.19687500000000005 0.48515625 0.19687500000000005
2 0.47578125 0.17812500000000006 0.46875 0.17812500000000006 0.46875 0.19375000000000006 0.47578125 0.19375000000000006
2 0.48359375 0.19375000000000006 0.4734375 0.19375000000000006 0.4734375 0.22083333333333338 0.48359375 0.22083333333333338
2 0.465625 0.1770833333333334 0.45625 0.1770833333333334 0.45625 0.19479166666666672 0.465625 0.19479166666666672
2 0.45546875 0.19479166666666672 0.44765625 0.19479166666666672 0.44765625 0.21666666666666673 0.45546875 0.21666666666666673
2 0.4484375 0.2145833333333334 0.4390625 0.2145833333333334 0.4390625 0.23437500000000006 0.4484375 0.23437500000000006
2 0.43828125 0.2270833333333334 0.43046875 0.2270833333333334 0.43046875 0.2510416666666667 0.43828125 0.2510416666666667
2 0.4515625 0.23750000000000007 0.4421875 0.23750000000000007 0.4421875 0.2583333333333334 0.4515625 0.2583333333333334
2 0.465625 0.2458333333333334 0.45390625 0.2458333333333334 0.45390625 0.26770833333333344 0.465625 0.26770833333333344
2 0.45546875 0.25312500000000004 0.4453125 0.25312500000000004 0.4453125 0.2843750000000001 0.45546875 0.2843750000000001
2 0.43046875 0.23854166666666674 0.41953125 0.23854166666666674 0.41953125 0.26041666666666674 0.43046875 0.26041666666666674
2 0.44375 0.4093750000000001 0.42421875 0.4093750000000001 0.42421875 0.4562500000000001 0.44375 0.4562500000000001
2 0.4265625 0.3041666666666668 0.415625 0.3041666666666668 0.415625 0.3354166666666668 0.4265625 0.3354166666666668
2 0.41875 0.3854166666666668 0.40234375 0.3854166666666668 0.40234375 0.4406250000000001 0.41875 0.4406250000000001
2 0.45390625 0.2843750000000001 0.44140625 0.2843750000000001 0.44140625 0.3125000000000001 0.45390625 0.3125000000000001
2 0.47890625 0.21875000000000006 0.46953125 0.21875000000000006 0.46953125 0.2427083333333334 0.47890625 0.2427083333333334
2 0.50078125 0.1833333333333334 0.4875 0.1833333333333334 0.4875 0.1927083333333334 0.50078125 0.1927083333333334
1 0.4648437500000001 0.7479166666666667 0.34843750000000007 0.7479166666666667 0.34843750000000007 1 0.46484375000000017 1
1 0.3671875000000001 0.7 0.24765625000000008 0.7 0.24765625000000008 0.9614583333333333 0.3671875000000001 0.9614583333333333
1 0.5015625 0.6010416666666667 0.43125 0.6010416666666667 0.43125 0.7822916666666667 0.5015625 0.7822916666666667
1 0.4078125 0.5333333333333333 0.31718750000000007 0.5333333333333333 0.31718750000000007 0.69375 0.4078125 0.69375
1 0.50078125 0.4447916666666668 0.4421875 0.4447916666666668 0.4421875 0.575 0.50078125 0.575
1 0.425 0.45104166666666673 0.3578125 0.4510416666666667 0.35781250000000003 0.5822916666666667 0.425 0.5822916666666667
1 0.51640625 0.35833333333333345 0.46953125 0.35833333333333345 0.46953125 0.44687500000000013 0.51640625 0.44687500000000013
1 0.4765625 0.32708333333333345 0.43203125 0.32708333333333345 0.43203125 0.41041666666666676 0.4765625 0.41041666666666676
1 0.39296875 0.3583333333333334 0.3484375 0.35833333333333334 0.3484375 0.4416666666666667 0.39296875 0.44166666666666676
1 0.47890625 0.30104166666666676 0.4421875 0.30104166666666676 0.4421875 0.3468750000000001 0.47890625 0.3468750000000001
1 0.528125 0.3125000000000001 0.4796875 0.3125000000000001 0.4796875 0.39687500000000014 0.528125 0.39687500000000014
1 0.528125 0.29583333333333345 0.49375 0.29583333333333345 0.49375 0.35312500000000013 0.528125 0.35312500000000013
1 0.48046875 0.26770833333333344 0.44765625 0.26770833333333344 0.44765625 0.31458333333333344 0.48046875 0.31458333333333344
1 0.4953125 0.24687500000000007 0.4578125 0.24687500000000007 0.4578125 0.2916666666666668 0.4953125 0.2916666666666668
1 0.53359375 0.25000000000000006 0.49921875 0.25000000000000006 0.49921875 0.2968750000000001 0.53359375 0.2968750000000001
1 0.5375 0.22291666666666674 0.50625 0.22291666666666674 0.50625 0.2520833333333334 0.5375 0.2520833333333334
1 0.49765625 0.22500000000000006 0.471875 0.22500000000000006 0.471875 0.26354166666666673 0.49765625 0.26354166666666673
1 0.471875 0.21875000000000006 0.446875 0.21875000000000006 0.446875 0.2593750000000001 0.471875 0.2593750000000001
1 0.50625 0.2114583333333334 0.4796875 0.2114583333333334 0.4796875 0.2447916666666667 0.50625 0.2447916666666667
1 0.5390625 0.20937500000000006 0.509375 0.20937500000000006 0.509375 0.23645833333333338 0.5390625 0.23645833333333338
1 0.53984375 0.19687500000000005 0.5140625 0.19687500000000005 0.5140625 0.22500000000000006 0.53984375 0.22500000000000006
1 0.5078125 0.19166666666666674 0.47890625 0.19166666666666674 0.47890625 0.22083333333333338 0.5078125 0.22083333333333338
1 0.521875 0.17916666666666672 0.49765625 0.17916666666666672 0.49765625 0.2145833333333334 0.521875 0.2145833333333334
1 0.5015625 0.1677083333333334 0.4875 0.1677083333333334 0.4875 0.18437500000000007 0.5015625 0.18437500000000007
1 0.49921875 0.14375000000000007 0.48203125 0.14375000000000007 0.48203125 0.1645833333333334 0.49921875 0.1645833333333334
1 0.51640625 0.1510416666666667 0.50078125 0.1510416666666667 0.50078125 0.16354166666666672 0.51640625 0.16354166666666672
1 0.5203125 0.11562500000000009 0.50859375 0.11562500000000009 0.50859375 0.1281250000000001 0.5203125 0.1281250000000001
1 0.521875 0.1270833333333334 0.509375 0.1270833333333334 0.509375 0.14062500000000006 0.521875 0.14062500000000006
1 0.5234375 0.13750000000000007 0.5046875 0.13750000000000007 0.5046875 0.15312500000000007 0.5234375 0.15312500000000007
1 0.540625 0.13020833333333343 0.52578125 0.13020833333333343 0.52578125 0.14375000000000007 0.540625 0.14375000000000007
1 0.5421875 0.14166666666666672 0.525 0.14166666666666672 0.525 0.15312500000000007 0.5421875 0.15312500000000007
1 0.54453125 0.1531250000000001 0.52734375 0.15312500000000007 0.52734375 0.16562500000000008 0.54453125 0.1656250000000001
3 0.35546875000000006 0.43333333333333335 0.253125 0.43333333333333335 0.25312500000000004 0.6302083333333334 0.3554687500000001 0.6302083333333334
2 0.40234375 0.3729166666666668 0.38984375 0.3729166666666668 0.38984375 0.42604166666666676 0.40234375 0.42604166666666676
1 0.44765625 0.2593750000000001 0.41015625 0.2593750000000001 0.41015625 0.3260416666666668 0.44765625 0.3260416666666668
1 0.42578125 0.2645833333333334 0.40390625 0.2645833333333334 0.40390625 0.3072916666666668 0.42578125 0.3072916666666668
3 0.54609375 0.16458333333333341 0.51953125 0.1645833333333334 0.51953125 0.21770833333333342 0.54609375 0.21770833333333345
1 0.4734375 0.19375000000000006 0.45546875 0.19375000000000006 0.45546875 0.21875000000000006 0.4734375 0.21875000000000006