2 0.55390625 0.23854166666666676 0.53984375 0.23854166666666674 0.53984375 0.28020833333333345 0.55390625 0.28020833333333345
2 0.546875 0.2093750000000001 0.540625 0.20937500000000006 0.540625 0.23333333333333342 0.546875 0.23333333333333345
2 0.5390625 0.2114583333333334 0.5328125 0.2114583333333334 0.5328125 0.2395833333333334 0.5390625 0.2395833333333334
1 0.54765625 0.17916666666666675 0.51875 0.17916666666666672 0.51875 0.23333333333333342 0.54765625 0.23333333333333345
2 0.52734375 0.3625000000000001 0.51328125 0.3625000000000001 0.51328125 0.42812500000000014 0.52734375 0.42812500000000014
1 0.52578125 0.3541666666666668 0.47734375 0.3541666666666668 0.47734375 0.4270833333333334 0.52578125 0.4270833333333334
2 0.5296875 0.3250000000000001 0.509375 0.3250000000000001 0.509375 0.3916666666666668 0.5296875 0.3916666666666668
1 0.52890625 0.2947916666666668 0.48515625 0.2947916666666668 0.48515625 0.3718750000000001 0.52890625 0.3718750000000001
1 0.53203125 0.27500000000000013 0.48515625 0.27500000000000013 0.48515625 0.32395833333333346 0.53203125 0.32395833333333346
1 0.53125 0.25312500000000004 0.49921875 0.25312500000000004 0.49921875 0.29583333333333345 0.53125 0.29583333333333345
1 0.53515625 0.2333333333333334 0.5125 0.2333333333333334 0.5125 0.27395833333333347 0.53515625 0.27395833333333347
2 0.53046875 0.22291666666666674 0.52109375 0.22291666666666674 0.52109375 0.2447916666666667 0.53046875 0.2447916666666667
1 0.52109375 0.21666666666666673 0.49453125 0.21666666666666673 0.49453125 0.25312500000000004 0.52109375 0.25312500000000004
2 0.50703125 0.2447916666666667 0.48828125 0.2447916666666667 0.48828125 0.2666666666666668 0.50703125 0.2666666666666668
2 0.50859375 0.2114583333333334 0.49453125 0.2114583333333334 0.49453125 0.25000000000000006 0.50859375 0.25000000000000006
1 0.5078125 0.18125000000000005 0.475 0.18125000000000005 0.475 0.24687500000000007 0.5078125 0.24687500000000007
2 0.4796875 0.3729166666666668 0.45546875 0.3729166666666668 0.45546875 0.41458333333333347 0.4796875 0.41458333333333347
2 0.484375 0.33645833333333347 0.471875 0.33645833333333347 0.471875 0.37708333333333344 0.484375 0.37708333333333344
2 0.4703125 0.33958333333333346 0.45390625 0.33958333333333346 0.45390625 0.39479166666666676 0.4703125 0.39479166666666676
1 0.47734375 0.30312500000000014 0.43203125 0.30312500000000014 0.43203125 0.3625000000000001 0.47734375 0.3625000000000001
1 0.48046875 0.25000000000000006 0.44921875 0.25000000000000006 0.44921875 0.3385416666666668 0.48046875 0.3385416666666668
2 0.49765625 0.2822916666666668 0.48125 0.2822916666666668 0.48125 0.3072916666666668 0.49765625 0.3072916666666668
2 0.49296875 0.2520833333333334 0.48203125 0.2520833333333334 0.48203125 0.28958333333333347 0.49296875 0.28958333333333347
1 0.48515625 0.2270833333333334 0.459375 0.2270833333333334 0.459375 0.2645833333333334 0.48515625 0.2645833333333334
0 0.4796875 0.1489583333333334 0.43203125 0.1489583333333334 0.43203125 0.25729166666666675 0.4796875 0.25729166666666675
1 0.5484375 0.1468750000000001 0.528125 0.14687500000000006 0.528125 0.1781250000000001 0.5484375 0.17812500000000012
1 0.54140625 0.12500000000000008 0.5328125 0.12500000000000008 0.5328125 0.1489583333333334 0.54140625 0.1489583333333334
3 0.5453125 0.07604166666666676 0.5234375 0.07604166666666676 0.5234375 0.12604166666666675 0.5453125 0.12604166666666675
1 0.51953125 0.1645833333333334 0.49296875 0.1645833333333334 0.49296875 0.18854166666666672 0.51953125 0.18854166666666672
1 0.525 0.13020833333333343 0.50234375 0.13020833333333343 0.50234375 0.16250000000000006 0.525 0.16250000000000006
1 0.52109375 0.10729166666666676 0.50859375 0.10729166666666676 0.50859375 0.13854166666666673 0.52109375 0.13854166666666673
1 0.5234375 0.09270833333333342 0.509375 0.09270833333333342 0.509375 0.12083333333333342 0.5234375 0.12083333333333342
2 0.4953125 0.14166666666666672 0.484375 0.14166666666666672 0.484375 0.17500000000000007 0.4953125 0.17500000000000007
2 0.49921875 0.1510416666666667 0.490625 0.1510416666666667 0.490625 0.1708333333333334 0.49921875 0.1708333333333334
1 0.5046875 0.1312500000000001 0.484375 0.1312500000000001 0.484375 0.17395833333333338 0.5046875 0.17395833333333338
1 0.5078125 0.1333333333333334 0.49453125 0.1333333333333334 0.49453125 0.14791666666666672 0.5078125 0.14791666666666672
1 0.509375 0.10416666666666675 0.4984375 0.10416666666666675 0.4984375 0.1333333333333334 0.509375 0.1333333333333334
1 0.5078125 0.08125000000000009 0.4921875 0.08125000000000009 0.4921875 0.10729166666666676 0.5078125 0.10729166666666676
1 0.45078125 0.42395833333333344 0.38515625 0.42395833333333344 0.38515625000000003 0.5062500000000001 0.45078125 0.5062500000000001
1 0.459375 0.35520833333333346 0.390625 0.35520833333333346 0.390625 0.43125000000000013 0.459375 0.43125000000000013
1 0.5046875 0.3979166666666668 0.4546875 0.3979166666666668 0.4546875 0.49270833333333347 0.5046875 0.49270833333333347
1 0.50546875 0.48645833333333344 0.43671875 0.48645833333333344 0.43671875 0.6260416666666667 0.50546875 0.6260416666666667
1 0.41484375 0.31666666666666676 0.37265625 0.31666666666666676 0.37265625 0.41770833333333346 0.41484375 0.41770833333333346
1 0.43203125 0.3135416666666668 0.4046875 0.3135416666666668 0.4046875 0.3593750000000001 0.43203125 0.3593750000000001
1 0.43984375 0.28750000000000014 0.41328125 0.28750000000000014 0.41328125 0.3250000000000001 0.43984375 0.3250000000000001
2 0.4390625 0.26979166666666676 0.425 0.26979166666666676 0.425 0.30520833333333347 0.4390625 0.30520833333333347
1 0.44609375 0.25625000000000003 0.425 0.25625000000000003 0.425 0.29895833333333344 0.44609375 0.29895833333333344
1 0.37578125000000007 0.4020833333333334 0.33515625 0.40208333333333335 0.33515625000000004 0.5052083333333334 0.37578125000000007 0.5052083333333335
1 0.36718750000000006 0.47500000000000003 0.3046875 0.475 0.30468750000000006 0.584375 0.3671875000000001 0.584375
1 0.41484375 0.5427083333333333 0.3492187500000001 0.5427083333333333 0.3492187500000001 0.6916666666666667 0.41484375 0.6916666666666667
1 0.3359375000000001 0.528125 0.2531250000000001 0.528125 0.2531250000000001 0.7197916666666667 0.3359375000000001 0.7197916666666667
1 0.4734375 0.6260416666666667 0.3937500000000001 0.6260416666666667 0.3937500000000001 0.83125 0.4734375 0.83125
1 0.3656250000000001 0.6916666666666667 0.2617187500000001 0.6916666666666667 0.2617187500000001 0.9052083333333333 0.3656250000000001 0.9052083333333333
1 0.4687500000000001 0.84375 0.3671875000000001 0.84375 0.3671875000000001 1 0.46875000000000017 1
1 0.3187500000000001 0.8895833333333333 0.2195312500000001 0.8895833333333333 0.2195312500000001 1 0.3187500000000001 1
1 0.16171875000000008 0.90625 0.04375000000000008 0.90625 0.04375000000000008 1 0.16171875000000008 1
2 0.4953125 0.1281250000000001 0.478125 0.1281250000000001 0.478125 0.14062500000000006 0.4953125 0.14062500000000006
2 0.49453125 0.11041666666666676 0.48828125 0.11041666666666676 0.48828125 0.1218750000000001 0.49453125 0.1218750000000001
2 0.48515625 0.11041666666666676 0.48203125 0.11041666666666676 0.48203125 0.1218750000000001 0.48515625 0.1218750000000001
2 0.4921875 0.22500000000000006 0.4828125 0.22500000000000006 0.4828125 0.25000000000000006 0.4921875 0.25000000000000006
2 0.4671875 0.4031250000000001 0.4484375 0.4031250000000001 0.4484375 0.45520833333333344 0.4671875 0.45520833333333344
2 0.47578125 0.21250000000000005 0.4578125 0.21250000000000005 0.4578125 0.2427083333333334 0.47578125 0.2427083333333334
2 0.4515625 0.2239583333333334 0.44140625 0.2239583333333334 0.44140625 0.2520833333333334 0.4515625 0.2520833333333334
2 0.41953125 0.25000000000000006 0.41328125 0.25000000000000006 0.41328125 0.2843750000000001 0.41953125 0.2843750000000001
2 0.4125 0.2614583333333334 0.4 0.2614583333333334 0.4 0.3072916666666668 0.4125 0.3072916666666668
2 0.40078125 0.2822916666666668 0.3921875 0.2822916666666668 0.3921875 0.3093750000000001 0.40078125 0.3093750000000001
2 0.40234375 0.36770833333333347 0.38828125 0.36770833333333347 0.38828125 0.41250000000000014 0.40234375 0.41250000000000014
2 0.39921875 0.4270833333333334 0.3765625 0.4270833333333334 0.3765625 0.47708333333333347 0.39921875 0.47708333333333347
2 0.390625 0.38645833333333346 0.37421875 0.38645833333333346 0.37421875 0.45520833333333344 0.390625 0.45520833333333344
2 0.37734375 0.3864583333333334 0.3578125 0.38645833333333335 0.3578125 0.43750000000000006 0.37734375 0.4375000000000001
2 0.37265625 0.33750000000000013 0.36328125 0.33750000000000013 0.36328125 0.37916666666666676 0.37265625 0.37916666666666676
2 0.36015625 0.39375 0.33984375 0.39375 0.33984375 0.43333333333333335 0.36015625 0.43333333333333335
2 0.359375 0.353125 0.340625 0.353125 0.340625 0.415625 0.359375 0.415625
2 0.34296875 0.396875 0.3265625 0.396875 0.3265625 0.44375 0.34296875 0.44375
2 0.33125 0.44479166666666664 0.3171875 0.44479166666666664 0.3171875 0.48125 0.33125 0.48125
2 0.32343750000000004 0.44583333333333336 0.3046875 0.44583333333333336 0.30468750000000006 0.484375 0.3234375000000001 0.484375
2 0.3296875 0.4270833333333333 0.309375 0.4270833333333333 0.309375 0.46041666666666664 0.3296875 0.46041666666666664
2 0.30937500000000007 0.4739583333333333 0.2890625 0.4739583333333333 0.28906250000000006 0.540625 0.30937500000000007 0.540625
2 0.2882812500000001 0.5020833333333333 0.2679687500000001 0.5020833333333333 0.2679687500000001 0.5739583333333333 0.2882812500000001 0.5739583333333333
2 0.2828125000000001 0.559375 0.2632812500000001 0.559375 0.2632812500000001 0.6010416666666667 0.2828125000000001 0.6010416666666667
2 0.2726562500000001 0.5958333333333333 0.2492187500000001 0.5958333333333333 0.2492187500000001 0.6447916666666667 0.2726562500000001 0.6447916666666667
2 0.2601562500000001 0.7395833333333334 0.2289062500000001 0.7395833333333334 0.2289062500000001 0.8635416666666667 0.2601562500000001 0.8635416666666667
2 0.25468750000000007 0.6875 0.21875000000000008 0.6875 0.21875000000000008 0.765625 0.25468750000000007 0.765625
2 0.23593750000000008 0.6479166666666667 0.21640625000000008 0.6479166666666667 0.21640625000000008 0.7239583333333334 0.23593750000000008 0.7239583333333334
2 0.2390625000000001 0.615625 0.2171875000000001 0.615625 0.2171875000000001 0.66875 0.2390625000000001 0.66875
2 0.28984375000000007 0.6989583333333333 0.2554687500000001 0.6989583333333333 0.2554687500000001 0.8197916666666667 0.28984375000000007 0.8197916666666667
2 0.2414062500000001 0.8 0.20078125000000008 0.8 0.20078125000000008 0.9260416666666667 0.2414062500000001 0.9260416666666667
2 0.2195312500000001 0.75 0.18125000000000008 0.75 0.18125000000000008 0.859375 0.2195312500000001 0.859375
2 0.22421875000000008 0.7052083333333333 0.19609375000000004 0.7052083333333333 0.19609375000000007 0.7895833333333333 0.22421875000000008 0.7895833333333333
2 0.2078125000000001 0.6583333333333333 0.17656250000000004 0.6583333333333333 0.17656250000000007 0.7927083333333333 0.2078125000000001 0.7927083333333333
2 0.1750000000000001 0.7291666666666666 0.1492187500000001 0.7291666666666666 0.1492187500000001 0.8447916666666667 0.1750000000000001 0.8447916666666667
2 0.15468750000000006 0.6958333333333333 0.12578125000000004 0.6958333333333333 0.12578125000000007 0.8427083333333333 0.1546875000000001 0.8427083333333333
2 0.2062500000000001 0.9041666666666667 0.17578125000000008 0.9041666666666667 0.17578125000000008 1 0.2062500000000001 1
2 0.1804687500000001 0.8177083333333334 0.1507812500000001 0.8177083333333334 0.1507812500000001 0.928125 0.1804687500000001 0.928125
2 0.1632812500000001 0.790625 0.12656250000000008 0.790625 0.12656250000000008 0.921875 0.1632812500000001 0.921875
2 0.05937500000000008 0.828125 0.02968750000000008 0.828125 0.029687500000000082 0.9635416666666666 0.05937500000000009 0.9635416666666666
2 0.021093750000000085 0.8260416666666667 7.587069622842587e-17 0.8260416666666667 8.280717223922142e-17 0.9770833333333333 0.021093750000000088 0.9770833333333333
2 0.04296875000000009 0.9541666666666667 0.013281250000000088 0.9541666666666667 0.013281250000000092 1 0.04296875000000009 1
2 0.1101562500000001 0.8614583333333333 0.0867187500000001 0.8614583333333333 0.0867187500000001 0.9375 0.1101562500000001 0.9375
2 0.09296875000000007 0.8385416666666666 0.050000000000000065 0.8385416666666666 0.05000000000000008 0.9739583333333334 0.09296875000000009 0.9739583333333334
2 0.08125000000000007 0.7375 0.042187500000000065 0.7375 0.04218750000000007 0.8979166666666667 0.08125000000000009 0.8979166666666667
2 0.503125 0.8395833333333333 0.4734375 0.8395833333333333 0.47343750000000007 0.9770833333333333 0.5031250000000002 0.9770833333333333
2 0.4976562500000001 0.94375 0.465625 0.94375 0.46562500000000007 1 0.4976562500000002 1