1 0.5640625 0.30833333333333346 0.53125 0.30833333333333346 0.53125 0.3916666666666668 0.5640625 0.3916666666666668
1 0.5296875 0.2302083333333334 0.5078125 0.2302083333333334 0.5078125 0.2760416666666668 0.5296875 0.2760416666666668
1 0.49296875 0.18541666666666673 0.46875 0.18541666666666673 0.46875 0.2270833333333334 0.49296875 0.2270833333333334
3 0.4875 0.11562500000000009 0.4703125 0.11562500000000009 0.4703125 0.1552083333333334 0.4875 0.1552083333333334
2 0.49921875 0.11666666666666675 0.4828125 0.11666666666666675 0.4828125 0.13854166666666673 0.49921875 0.13854166666666673
2 0.4953125 0.10729166666666676 0.48359375 0.10729166666666676 0.48359375 0.12291666666666676 0.4953125 0.12291666666666676
2 0.5125 0.16562500000000005 0.49375 0.16562500000000005 0.49375 0.18750000000000006 0.5125 0.18750000000000006
2 0.50234375 0.14479166666666674 0.4921875 0.14479166666666674 0.4921875 0.1677083333333334 0.50234375 0.1677083333333334
2 0.50703125 0.11666666666666675 0.49765625 0.11666666666666675 0.49765625 0.13229166666666675 0.50703125 0.13229166666666675
2 0.5109375 0.1062500000000001 0.50078125 0.1062500000000001 0.50078125 0.12500000000000008 0.5109375 0.12500000000000008
2 0.5375 0.17604166666666674 0.521875 0.17604166666666674 0.521875 0.1989583333333334 0.5375 0.1989583333333334
2 0.67109375 0.38125000000000014 0.6390625 0.38125000000000014 0.6390625 0.4510416666666668 0.67109375 0.4510416666666668
2 0.76640625 0.5791666666666669 0.73359375 0.5791666666666669 0.73359375 0.6760416666666669 0.76640625 0.6760416666666669
2 0.7421875 0.7718750000000001 0.6828125 0.771875 0.6828125 0.9145833333333334 0.7421875 0.9145833333333335
2 0.94296875 0.9510416666666669 0.8765625 0.9510416666666669 0.8765625 1.0000000000000002 0.94296875 1.0000000000000002