1 0.91796875 0.8885416666666669 0.7875 0.8885416666666669 0.7875000000000001 1.0000000000000002 0.91796875 1.0000000000000002
1 0.6601562500000001 0.8479166666666667 0.51640625 0.8479166666666667 0.5164062500000001 1 0.6601562500000002 1
1 0.58828125 0.5916666666666667 0.48046875 0.5916666666666667 0.48046875 0.7833333333333333 0.58828125 0.7833333333333333
1 0.721875 0.565625 0.58984375 0.565625 0.58984375 0.790625 0.721875 0.790625
3 0.553125 0.4322916666666668 0.49921875 0.4322916666666668 0.49921875 0.5614583333333333 0.553125 0.5614583333333333
3 0.68359375 0.40208333333333346 0.58359375 0.40208333333333346 0.58359375 0.55 0.68359375 0.55
3 0.496875 0.12500000000000008 0.478125 0.12500000000000008 0.478125 0.16250000000000006 0.496875 0.16250000000000006
1 0.46953125 0.13750000000000007 0.45703125 0.13750000000000007 0.45703125 0.16041666666666674 0.46953125 0.16041666666666674
1 0.4734375 0.12604166666666675 0.46171875 0.12604166666666675 0.46171875 0.1395833333333334 0.4734375 0.1395833333333334
1 0.490625 0.11458333333333343 0.478125 0.11458333333333343 0.478125 0.13437500000000005 0.490625 0.13437500000000005
1 0.47578125 0.11354166666666675 0.46171875 0.11354166666666675 0.46171875 0.13020833333333343 0.47578125 0.13020833333333343
1 0.4734375 0.10000000000000009 0.46328125 0.10000000000000009 0.46328125 0.11770833333333343 0.4734375 0.11770833333333343
1 0.4796875 0.09895833333333343 0.47265625 0.09895833333333343 0.47265625 0.11666666666666675 0.4796875 0.11666666666666675
1 0.48984375 0.10416666666666675 0.48203125 0.10416666666666675 0.48203125 0.11979166666666675 0.48984375 0.11979166666666675
2 0.49921875 0.10833333333333342 0.490625 0.10833333333333342 0.490625 0.12083333333333342 0.49921875 0.12083333333333342
2 0.4953125 0.10208333333333343 0.48828125 0.10208333333333343 0.48828125 0.11041666666666676 0.4953125 0.11041666666666676
2 0.50234375 0.10208333333333343 0.49609375 0.10208333333333343 0.49609375 0.11145833333333342 0.50234375 0.11145833333333342
1 0.50625 0.08125000000000009 0.49609375 0.08125000000000009 0.49609375 0.09791666666666675 0.50625 0.09791666666666675
2 0.5046875 0.13229166666666675 0.49921875 0.13229166666666675 0.49921875 0.14479166666666674 0.5046875 0.14479166666666674
2 0.51640625 0.1333333333333334 0.50625 0.1333333333333334 0.50625 0.15000000000000005 0.51640625 0.15000000000000005
2 0.55 0.20312500000000008 0.53671875 0.20312500000000006 0.53671875 0.22916666666666677 0.55 0.2291666666666668
2 0.55859375 0.22604166666666678 0.54453125 0.22604166666666678 0.54453125 0.25833333333333347 0.55859375 0.25833333333333347
2 0.6046875 0.32187500000000013 0.58203125 0.32187500000000013 0.58203125 0.3916666666666668 0.6046875 0.3916666666666668
2 0.57265625 0.3822916666666668 0.540625 0.3822916666666668 0.540625 0.44687500000000013 0.57265625 0.44687500000000013
2 0.70390625 0.43333333333333346 0.66875 0.43333333333333346 0.66875 0.4979166666666668 0.70390625 0.4979166666666668
2 0.68828125 0.4510416666666668 0.65703125 0.4510416666666668 0.65703125 0.5250000000000001 0.68828125 0.5250000000000001
2 0.6078125 0.49583333333333346 0.5671875 0.49583333333333346 0.5671875 0.5854166666666667 0.6078125 0.5854166666666667
2 0.72890625 0.5052083333333335 0.6953125 0.5052083333333335 0.6953125 0.5833333333333335 0.72890625 0.5833333333333336
2 0.80859375 0.6552083333333336 0.7703125 0.6552083333333336 0.7703125 0.7656250000000002 0.80859375 0.7656250000000002
2 0.74765625 0.6447916666666668 0.70234375 0.6447916666666667 0.70234375 0.7635416666666668 0.74765625 0.7635416666666669
2 0.81015625 0.7531250000000003 0.76953125 0.7531250000000003 0.76953125 0.8687500000000002 0.81015625 0.8687500000000002
2 0.7546875000000001 0.8541666666666667 0.69375 0.8541666666666666 0.6937500000000001 1.0000000000000002 0.7546875000000002 1.0000000000000002
2 0.915625 0.8000000000000003 0.8703125 0.8000000000000003 0.8703125 0.9312500000000002 0.915625 0.9312500000000002
2 0.9375 0.9302083333333335 0.88203125 0.9302083333333335 0.88203125 0.9968750000000003 0.9375 0.9968750000000003