2 0.5558441558441558 0.40317460317460324 0.5194805194805194 0.40317460317460324 0.5194805194805194 0.5047619047619047 0.5558441558441558 0.5047619047619047
2 0.6675324675324675 0.4984126984126986 0.6441558441558441 0.4984126984126986 0.6441558441558441 0.5619047619047621 0.6675324675324675 0.5619047619047621
2 0.5766233766233766 0.33968253968253975 0.5558441558441558 0.33968253968253975 0.5558441558441558 0.4158730158730159 0.5766233766233766 0.4158730158730159
2 0.6077922077922078 0.3238095238095239 0.574025974025974 0.3238095238095239 0.574025974025974 0.40634920634920646 0.6077922077922078 0.4063492063492065
2 0.6623376623376624 0.8952380952380953 0.6337662337662339 0.8952380952380953 0.6337662337662339 1 0.6623376623376624 1
2 0.7376623376623377 0.8761904761904762 0.7038961038961039 0.8761904761904762 0.7038961038961039 0.9587301587301588 0.7376623376623377 0.9587301587301588
2 0.8701298701298701 0.8857142857142857 0.8337662337662337 0.8857142857142857 0.8337662337662337 0.946031746031746 0.8701298701298701 0.946031746031746
2 0.8233766233766234 0.9238095238095239 0.7792207792207793 0.9238095238095239 0.7792207792207793 0.9968253968253968 0.8233766233766234 0.9968253968253968
2 0.7948051948051948 0.7142857142857144 0.7766233766233767 0.7142857142857144 0.7766233766233767 0.7873015873015875 0.7948051948051948 0.7873015873015875
2 0.6987012987012987 0.7936507936507938 0.6623376623376624 0.7936507936507938 0.6623376623376624 0.8698412698412699 0.6987012987012987 0.8698412698412699
2 0.6285714285714287 0.8095238095238098 0.6103896103896105 0.8095238095238098 0.6103896103896105 0.9079365079365079 0.6285714285714287 0.9079365079365079
2 0.7506493506493507 0.7523809523809526 0.7090909090909091 0.7523809523809526 0.7090909090909091 0.8317460317460318 0.7506493506493507 0.8317460317460318
2 0.5324675324675324 0.26984126984126994 0.4857142857142857 0.26984126984126994 0.4857142857142857 0.34285714285714297 0.5324675324675324 0.34285714285714297
2 0.4779220779220779 0.21904761904761913 0.45454545454545453 0.21904761904761913 0.45454545454545453 0.26984126984126994 0.4779220779220779 0.26984126984126994
2 0.5142857142857142 0.18412698412698422 0.4779220779220779 0.18412698412698422 0.4779220779220779 0.24126984126984136 0.5142857142857142 0.24126984126984136
2 0.5272727272727272 0.1492063492063493 0.4753246753246753 0.1492063492063493 0.4753246753246753 0.2095238095238096 0.5272727272727272 0.2095238095238096
2 0.4831168831168831 0.12380952380952388 0.44675324675324674 0.12380952380952386 0.44675324675324674 0.16190476190476197 0.4831168831168831 0.161904761904762
1 0.5844155844155846 0.7492063492063492 0.49870129870129887 0.7492063492063492 0.49870129870129887 1 0.5844155844155846 1
1 0.5532467532467533 0.5746031746031746 0.4857142857142857 0.5746031746031746 0.48571428571428577 0.765079365079365 0.5532467532467534 0.765079365079365
1 0.625974025974026 0.5555555555555557 0.5584415584415584 0.5555555555555556 0.5584415584415584 0.7174603174603176 0.625974025974026 0.7174603174603177
3 0.7610389610389611 0.5682539682539685 0.6753246753246753 0.5682539682539685 0.6753246753246753 0.7619047619047621 0.7610389610389611 0.7619047619047621