1 0.721875 0.89375 0.6375 0.89375 0.6375000000000001 1 0.7218750000000002 1
1 0.7046875 0.66875 0.62265625 0.66875 0.62265625 0.8875 0.7046875 0.8875
2 0.7890625000000001 0.9322916666666669 0.7515625 0.9322916666666669 0.7515625000000001 1.0000000000000002 0.7890625000000002 1.0000000000000002
2 0.7718750000000001 0.8354166666666669 0.73671875 0.8354166666666669 0.7367187500000001 0.9739583333333336 0.7718750000000002 0.9739583333333336
2 0.74453125 0.7447916666666667 0.72265625 0.7447916666666666 0.72265625 0.8802083333333335 0.74453125 0.8802083333333336
2 0.73203125 0.6593750000000002 0.703125 0.659375 0.703125 0.7687500000000002 0.73203125 0.7687500000000003
2 0.98671875 0.8937500000000003 0.9546875 0.8937500000000003 0.9546875 0.9979166666666669 0.98671875 0.9979166666666669
2 1 0.8343750000000002 0.975 0.8343750000000002 0.975 0.9156250000000002 1 0.9156250000000002
2 0.928125 0.8208333333333335 0.89296875 0.8208333333333335 0.89296875 0.9760416666666669 0.928125 0.9760416666666669
2 0.94765625 0.7895833333333335 0.91796875 0.7895833333333335 0.91796875 0.9302083333333335 0.94765625 0.9302083333333335
2 0.9765625 0.7531250000000003 0.93359375 0.7531250000000003 0.93359375 0.9031250000000003 0.9765625 0.9031250000000003
2 0.890625 0.7260416666666669 0.86171875 0.7260416666666669 0.86171875 0.8562500000000003 0.890625 0.8562500000000003
2 0.9140625 0.7031250000000002 0.88515625 0.7031250000000002 0.88515625 0.8281250000000002 0.9140625 0.8281250000000002
2 0.8671875 0.6718750000000002 0.83984375 0.6718750000000002 0.83984375 0.7729166666666669 0.8671875 0.7729166666666669
2 0.90078125 0.6479166666666669 0.8734375 0.6479166666666669 0.8734375 0.7343750000000002 0.90078125 0.7343750000000002
2 0.90078125 0.5864583333333335 0.86328125 0.5864583333333335 0.86328125 0.6947916666666669 0.90078125 0.6947916666666669
2 0.8671875 0.5593750000000003 0.83828125 0.5593750000000003 0.83828125 0.6666666666666669 0.8671875 0.6666666666666669
2 0.853125 0.5031250000000002 0.82265625 0.5031250000000002 0.82265625 0.5916666666666669 0.853125 0.5916666666666669
2 0.81875 0.4718750000000001 0.79921875 0.4718750000000001 0.79921875 0.5677083333333336 0.81875 0.5677083333333336
2 0.775 0.48645833333333344 0.7578125 0.48645833333333344 0.7578125 0.5697916666666669 0.775 0.5697916666666669
2 0.79296875 0.4718750000000001 0.771875 0.4718750000000001 0.771875 0.5552083333333335 0.79296875 0.5552083333333335
2 0.7671875 0.45520833333333344 0.73828125 0.45520833333333344 0.73828125 0.5468750000000002 0.7671875 0.5468750000000002
2 0.6171875 0.6416666666666667 0.5796875 0.6416666666666667 0.5796875 0.7854166666666667 0.6171875 0.7854166666666667
2 0.6578125 0.3625000000000001 0.640625 0.3625000000000001 0.640625 0.4406250000000001 0.6578125 0.4406250000000001
2 0.78359375 0.44687500000000013 0.76640625 0.44687500000000013 0.76640625 0.4843750000000001 0.78359375 0.4843750000000001
2 0.78046875 0.4166666666666668 0.7671875 0.4166666666666668 0.7671875 0.4583333333333334 0.78046875 0.4583333333333334
2 0.7796875 0.38958333333333345 0.7640625 0.38958333333333345 0.7640625 0.43958333333333344 0.7796875 0.43958333333333344
2 0.74375 0.41458333333333347 0.72578125 0.41458333333333347 0.72578125 0.4687500000000001 0.74375 0.4687500000000001
2 0.7484375 0.39687500000000014 0.734375 0.39687500000000014 0.734375 0.4447916666666668 0.7484375 0.4447916666666668
2 0.7671875 0.3885416666666668 0.7515625 0.3885416666666668 0.7515625 0.46250000000000013 0.7671875 0.46250000000000013
2 0.7609375 0.37708333333333344 0.74140625 0.37708333333333344 0.74140625 0.4197916666666668 0.7609375 0.4197916666666668
2 0.72578125 0.38437500000000013 0.70859375 0.38437500000000013 0.70859375 0.4447916666666668 0.72578125 0.4447916666666668
2 0.73125 0.3593750000000001 0.7140625 0.3593750000000001 0.7140625 0.42083333333333345 0.73125 0.42083333333333345
2 0.71640625 0.3468750000000001 0.7 0.3468750000000001 0.7 0.4041666666666668 0.71640625 0.4041666666666668
2 0.73203125 0.3406250000000001 0.7171875 0.3406250000000001 0.7171875 0.3937500000000001 0.73203125 0.3937500000000001
2 0.75078125 0.31875000000000014 0.73203125 0.31875000000000014 0.73203125 0.3760416666666668 0.75078125 0.3760416666666668
2 0.73671875 0.28750000000000014 0.7078125 0.28750000000000014 0.7078125 0.3135416666666668 0.73671875 0.3135416666666668
2 0.68203125 0.2604166666666668 0.6703125 0.2604166666666668 0.6703125 0.30833333333333346 0.68203125 0.30833333333333346
2 0.6328125 0.27500000000000013 0.621875 0.27500000000000013 0.621875 0.3197916666666668 0.6328125 0.3197916666666668
2 0.59296875 0.3156250000000001 0.571875 0.3156250000000001 0.571875 0.3750000000000001 0.59296875 0.3750000000000001
2 0.67109375 0.2437500000000001 0.66171875 0.2437500000000001 0.66171875 0.29270833333333346 0.67109375 0.29270833333333346
2 0.6671875 0.22500000000000012 0.65703125 0.22500000000000012 0.65703125 0.25833333333333347 0.6671875 0.25833333333333347
2 0.58671875 0.22395833333333345 0.56953125 0.22395833333333345 0.56953125 0.2729166666666668 0.58671875 0.2729166666666668
2 0.615625 0.21979166666666677 0.603125 0.21979166666666677 0.603125 0.2552083333333334 0.615625 0.2552083333333334
2 0.6234375 0.19479166666666678 0.61328125 0.19479166666666678 0.61328125 0.2343750000000001 0.6234375 0.2343750000000001
2 0.603125 0.18854166666666677 0.59296875 0.18854166666666677 0.59296875 0.22708333333333344 0.603125 0.22708333333333344
2 0.59765625 0.18020833333333344 0.5875 0.18020833333333344 0.5875 0.22187500000000013 0.59765625 0.22187500000000013
2 0.6109375 0.15833333333333346 0.59765625 0.15833333333333346 0.59765625 0.1916666666666668 0.6109375 0.1916666666666668
2 0.62109375 0.17395833333333346 0.61328125 0.17395833333333346 0.61328125 0.20104166666666679 0.62109375 0.20104166666666679
2 0.5875 0.15416666666666679 0.57578125 0.15416666666666679 0.57578125 0.18854166666666677 0.5875 0.18854166666666677
2 0.58671875 0.12604166666666675 0.57265625 0.12604166666666675 0.57265625 0.15833333333333346 0.58671875 0.15833333333333346
2 0.6359375 0.14375000000000013 0.62421875 0.14375000000000013 0.62421875 0.16770833333333346 0.6359375 0.16770833333333346
2 0.62578125 0.11354166666666675 0.61484375 0.11354166666666675 0.61484375 0.13958333333333345 0.62578125 0.13958333333333345
2 0.61328125 0.11562500000000009 0.60078125 0.11562500000000009 0.60078125 0.1406250000000001 0.61328125 0.1406250000000001
2 0.59140625 0.10312500000000009 0.58203125 0.10312500000000009 0.58203125 0.1312500000000001 0.59140625 0.1312500000000001
2 0.59765625 0.08645833333333343 0.59140625 0.08645833333333343 0.59140625 0.11354166666666675 0.59765625 0.11354166666666675
2 0.6171875 0.07812500000000008 0.60703125 0.07812500000000008 0.60703125 0.10312500000000009 0.6171875 0.10312500000000009
1 0.896875 0.7281250000000002 0.76953125 0.7281250000000002 0.7695312500000001 1.0000000000000002 0.896875 1.0000000000000002
1 0.8140625 0.5750000000000003 0.728125 0.5750000000000003 0.728125 0.7677083333333335 0.8140625 0.7677083333333335
1 0.85234375 0.5583333333333336 0.77734375 0.5583333333333336 0.77734375 0.6979166666666669 0.85234375 0.6979166666666669
1 0.65546875 0.48020833333333346 0.5953125 0.48020833333333346 0.5953125 0.65625 0.65546875 0.65625
1 0.73828125 0.4843750000000001 0.6765625 0.4843750000000001 0.6765625 0.6250000000000001 0.73828125 0.6250000000000002
1 0.734375 0.4343750000000001 0.671875 0.4343750000000001 0.671875 0.5197916666666668 0.734375 0.5197916666666668
1 0.63671875 0.40000000000000013 0.5921875 0.40000000000000013 0.5921875 0.5031250000000002 0.63671875 0.5031250000000002
1 0.6296875 0.31875000000000014 0.596875 0.31875000000000014 0.596875 0.4041666666666668 0.6296875 0.4041666666666668
1 0.70078125 0.3385416666666668 0.6609375 0.3385416666666668 0.6609375 0.42604166666666676 0.70078125 0.42604166666666676
1 0.74609375 0.30520833333333347 0.6953125 0.30520833333333347 0.6953125 0.3906250000000001 0.74609375 0.3906250000000001
1 0.66875 0.29583333333333345 0.6359375 0.29583333333333345 0.6359375 0.3593750000000001 0.66875 0.3593750000000001
1 0.6640625 0.2572916666666668 0.634375 0.2572916666666668 0.634375 0.3072916666666668 0.6640625 0.3072916666666668
1 0.65703125 0.23229166666666679 0.62734375 0.23229166666666679 0.62734375 0.2781250000000001 0.65703125 0.2781250000000001
1 0.67265625 0.19062500000000013 0.63671875 0.19062500000000013 0.63671875 0.23229166666666679 0.67265625 0.23229166666666679
1 0.65 0.16979166666666679 0.62578125 0.16979166666666679 0.62578125 0.20937500000000012 0.65 0.20937500000000012
1 0.58359375 0.09375000000000008 0.571875 0.09375000000000008 0.571875 0.12500000000000008 0.58359375 0.12500000000000008
1 0.6078125 0.10416666666666675 0.59375 0.10416666666666675 0.59375 0.1270833333333334 0.6078125 0.1270833333333334
3 0.61953125 0.2281250000000001 0.5875 0.2281250000000001 0.5875 0.32395833333333346 0.61953125 0.32395833333333346