1 0.83828125 0.7645833333333336 0.74609375 0.7645833333333336 0.7460937500000001 1.0000000000000002 0.83828125 1.0000000000000002
1 0.57734375 0.553125 0.50703125 0.553125 0.50703125 0.7083333333333334 0.57734375 0.7083333333333334
3 0.565625 0.3572916666666668 0.50703125 0.3572916666666668 0.50703125 0.5333333333333333 0.565625 0.5333333333333333
1 0.61484375 0.39270833333333344 0.57734375 0.39270833333333344 0.57734375 0.4947916666666668 0.61484375 0.4947916666666668
1 0.51875 0.23229166666666673 0.4921875 0.23229166666666673 0.4921875 0.2791666666666668 0.51875 0.2791666666666668
3 0.54609375 0.16562500000000008 0.5234375 0.16562500000000005 0.5234375 0.22604166666666675 0.54609375 0.22604166666666678
3 0.478125 0.1822916666666667 0.46015625 0.1822916666666667 0.46015625 0.2291666666666667 0.478125 0.2291666666666667
1 0.50625 0.20520833333333338 0.490625 0.20520833333333338 0.490625 0.23541666666666672 0.50625 0.23541666666666672
1 0.49453125 0.17395833333333338 0.48359375 0.17395833333333338 0.48359375 0.20104166666666673 0.49453125 0.20104166666666673
1 0.4734375 0.13750000000000007 0.46171875 0.13750000000000007 0.46171875 0.16562500000000005 0.4734375 0.16562500000000005
1 0.471875 0.12083333333333342 0.4625 0.12083333333333342 0.4625 0.1395833333333334 0.471875 0.1395833333333334
1 0.48984375 0.1270833333333334 0.4828125 0.1270833333333334 0.4828125 0.14479166666666674 0.48984375 0.14479166666666674
3 0.50078125 0.08854166666666675 0.49296875 0.08854166666666675 0.49296875 0.10520833333333342 0.50078125 0.10520833333333342
2 0.53203125 0.21562500000000007 0.5203125 0.21562500000000007 0.5203125 0.2593750000000001 0.53203125 0.2593750000000001
2 0.48125 0.2447916666666667 0.46796875 0.2447916666666667 0.46796875 0.2885416666666668 0.48125 0.2885416666666668
2 0.55078125 0.2614583333333334 0.5375 0.2614583333333334 0.5375 0.31458333333333344 0.55078125 0.31458333333333344
2 0.56171875 0.2500000000000001 0.55078125 0.2500000000000001 0.55078125 0.2947916666666668 0.56171875 0.2947916666666668
2 0.90703125 0.8177083333333336 0.86484375 0.8177083333333336 0.86484375 0.9656250000000003 0.90703125 0.9656250000000003
2 0.7406250000000001 0.8458333333333334 0.7 0.8458333333333333 0.7000000000000001 0.9906250000000001 0.7406250000000002 0.9906250000000002
2 0.66015625 0.790625 0.62578125 0.790625 0.62578125 0.9364583333333333 0.66015625 0.9364583333333333
2 0.69296875 0.7614583333333333 0.65625 0.7614583333333333 0.65625 0.9052083333333333 0.69296875 0.9052083333333333
2 0.6640625 0.6520833333333333 0.63046875 0.6520833333333333 0.63046875 0.7802083333333333 0.6640625 0.7802083333333333
2 0.69921875 0.653125 0.6734375 0.653125 0.6734375 0.771875 0.69921875 0.771875
2 0.70625 0.5989583333333334 0.6796875 0.5989583333333334 0.6796875 0.703125 0.70625 0.703125
2 0.74765625 0.5812500000000002 0.7203125 0.58125 0.7203125 0.6729166666666668 0.74765625 0.6729166666666669
2 0.7375 0.5333333333333334 0.71015625 0.5333333333333333 0.71015625 0.6229166666666668 0.7375 0.6229166666666669
2 0.64765625 0.5260416666666667 0.61953125 0.5260416666666667 0.61953125 0.63125 0.64765625 0.63125
2 0.68046875 0.5052083333333335 0.65859375 0.5052083333333335 0.65859375 0.6 0.68046875 0.6
2 0.70390625 0.4656250000000001 0.678125 0.4656250000000001 0.678125 0.5770833333333333 0.70390625 0.5770833333333333
2 0.76796875 0.6604166666666669 0.74375 0.6604166666666669 0.74375 0.7729166666666669 0.76796875 0.7729166666666669
2 0.8078125 0.6375000000000003 0.77578125 0.6375000000000003 0.77578125 0.7562500000000002 0.8078125 0.7562500000000002
2 0.83828125 0.7312500000000003 0.80625 0.7312500000000003 0.80625 0.8510416666666669 0.83828125 0.8510416666666669
2 0.65546875 0.4229166666666668 0.63515625 0.4229166666666668 0.63515625 0.5031250000000002 0.65546875 0.5031250000000002
2 0.6671875 0.37708333333333344 0.6453125 0.37708333333333344 0.6453125 0.4604166666666668 0.6671875 0.4604166666666668
2 0.6484375 0.3885416666666668 0.62890625 0.3885416666666668 0.62890625 0.4541666666666668 0.6484375 0.4541666666666668
2 0.62421875 0.37916666666666676 0.60703125 0.37916666666666676 0.60703125 0.4604166666666668 0.62421875 0.4604166666666668
2 0.63046875 0.35208333333333347 0.615625 0.35208333333333347 0.615625 0.42083333333333345 0.63046875 0.42083333333333345
2 0.6390625 0.33750000000000013 0.621875 0.33750000000000013 0.621875 0.4031250000000001 0.6390625 0.4031250000000001
2 0.60625 0.3562500000000001 0.5890625 0.3562500000000001 0.5890625 0.40520833333333345 0.60625 0.40520833333333345
2 0.5890625 0.31458333333333344 0.57109375 0.31458333333333344 0.57109375 0.38125000000000014 0.5890625 0.38125000000000014
2 0.603125 0.31145833333333345 0.58984375 0.31145833333333345 0.58984375 0.3645833333333334 0.603125 0.3645833333333334
2 0.6203125 0.3093750000000001 0.6046875 0.3093750000000001 0.6046875 0.36875000000000013 0.6203125 0.36875000000000013
2 0.6046875 0.27708333333333346 0.5890625 0.27708333333333346 0.5890625 0.3291666666666668 0.6046875 0.3291666666666668
2 0.5828125 0.28020833333333345 0.56875 0.28020833333333345 0.56875 0.33020833333333344 0.5828125 0.33020833333333344
2 0.51796875 0.20000000000000007 0.50703125 0.20000000000000007 0.50703125 0.23229166666666673 0.51796875 0.23229166666666673
2 0.4875 0.15625000000000006 0.47890625 0.15625000000000006 0.47890625 0.1822916666666667 0.4875 0.1822916666666667
1 0.47265625 0.1645833333333334 0.45625 0.1645833333333334 0.45625 0.18437500000000007 0.47265625 0.18437500000000007
2 0.48125 0.12500000000000008 0.47578125 0.12500000000000008 0.47578125 0.1458333333333334 0.48125 0.1458333333333334
2 0.48203125 0.11666666666666675 0.47890625 0.11666666666666675 0.47890625 0.13229166666666675 0.48203125 0.13229166666666675
2 0.48046875 0.09791666666666675 0.4765625 0.09791666666666675 0.4765625 0.11562500000000009 0.48046875 0.11562500000000009
2 0.48828125 0.09687500000000009 0.4828125 0.09687500000000009 0.4828125 0.11250000000000009 0.48828125 0.11250000000000009
2 0.49140625 0.09479166666666676 0.48671875 0.09479166666666676 0.48671875 0.11145833333333342 0.49140625 0.11145833333333342
2 0.49453125 0.10729166666666676 0.48984375 0.10729166666666676 0.48984375 0.12395833333333342 0.49453125 0.12395833333333342
2 0.50390625 0.10000000000000009 0.5 0.10000000000000009 0.5 0.11354166666666675 0.50390625 0.11354166666666675
2 0.5078125 0.09895833333333343 0.5046875 0.09895833333333343 0.5046875 0.11250000000000009 0.5078125 0.11250000000000009
1 0.5125 0.08958333333333342 0.50703125 0.08958333333333342 0.50703125 0.10416666666666675 0.5125 0.10416666666666675
2 0.49921875 0.18541666666666673 0.49140625 0.18541666666666673 0.49140625 0.20625000000000007 0.49921875 0.20625000000000007
2 0.5078125 0.1614583333333334 0.5 0.1614583333333334 0.5 0.1958333333333334 0.5078125 0.1958333333333334
2 0.48828125 0.1395833333333334 0.4796875 0.1395833333333334 0.4796875 0.16354166666666672 0.48828125 0.16354166666666672
2 0.4953125 0.13437500000000005 0.4890625 0.13437500000000005 0.4890625 0.1552083333333334 0.4953125 0.1552083333333334
2 0.496875 0.15312500000000007 0.4890625 0.15312500000000007 0.4890625 0.17291666666666672 0.496875 0.17291666666666672
2 0.50625 0.1270833333333334 0.4984375 0.1270833333333334 0.4984375 0.14687500000000006 0.50625 0.14687500000000006
2 0.50546875 0.14166666666666672 0.4984375 0.14166666666666672 0.4984375 0.16041666666666674 0.50546875 0.16041666666666674
2 0.521875 0.14375000000000007 0.51328125 0.14375000000000007 0.51328125 0.1666666666666667 0.521875 0.1666666666666667
2 0.51484375 0.1614583333333334 0.50625 0.1614583333333334 0.50625 0.1927083333333334 0.51484375 0.1927083333333334
2 0.4984375 0.11354166666666675 0.4921875 0.11354166666666675 0.4921875 0.1333333333333334 0.4984375 0.1333333333333334
2 0.503125 0.11458333333333343 0.4984375 0.11458333333333343 0.4984375 0.1333333333333334 0.503125 0.1333333333333334
2 0.5125 0.09583333333333342 0.50859375 0.09583333333333342 0.50859375 0.11145833333333342 0.5125 0.11145833333333342
2 0.5125 0.18125000000000005 0.50546875 0.18125000000000005 0.50546875 0.2135416666666667 0.5125 0.2135416666666667