2 0.39140625000000007 0.8385416666666666 0.3468750000000001 0.8385416666666666 0.3468750000000001 0.959375 0.39140625000000007 0.959375
2 0.3828125000000001 0.9260416666666667 0.34062500000000007 0.9260416666666667 0.34062500000000007 1 0.3828125000000001 1
2 0.16718750000000007 0.71875 0.13203125000000004 0.71875 0.13203125000000007 0.846875 0.1671875000000001 0.846875
2 0.3156250000000001 0.7177083333333333 0.2523437500000001 0.7177083333333333 0.2523437500000001 0.834375 0.3156250000000001 0.834375
2 0.37968750000000007 0.69375 0.3437500000000001 0.69375 0.3437500000000001 0.8270833333333333 0.37968750000000007 0.8270833333333333
2 0.41640625 0.6520833333333333 0.3867187500000001 0.6520833333333333 0.3867187500000001 0.76875 0.41640625 0.76875
2 0.4734375 0.44166666666666676 0.44453125 0.44166666666666676 0.44453125 0.5312500000000001 0.4734375 0.5312500000000001
2 0.3687500000000001 0.5135416666666667 0.3398437500000001 0.5135416666666667 0.3398437500000001 0.6177083333333333 0.3687500000000001 0.6177083333333333
2 0.3953125 0.3260416666666668 0.38046875 0.3260416666666668 0.38046875 0.37708333333333344 0.3953125 0.37708333333333344
2 0.425 0.3093750000000001 0.41484375 0.3093750000000001 0.41484375 0.3645833333333334 0.425 0.3645833333333334
2 0.4390625 0.29062500000000013 0.428125 0.29062500000000013 0.428125 0.3291666666666668 0.4390625 0.3291666666666668
2 0.45234375 0.25625000000000003 0.43671875 0.25625000000000003 0.43671875 0.30312500000000014 0.45234375 0.30312500000000014
2 0.4828125 0.25000000000000006 0.4625 0.25000000000000006 0.4625 0.2937500000000001 0.4828125 0.2937500000000001
2 0.50703125 0.22187500000000007 0.48828125 0.22187500000000007 0.48828125 0.2645833333333334 0.50703125 0.2645833333333334
2 0.484375 0.1833333333333334 0.47578125 0.1833333333333334 0.47578125 0.21041666666666672 0.484375 0.21041666666666672
2 0.5390625 0.1489583333333334 0.52734375 0.1489583333333334 0.52734375 0.1708333333333334 0.5390625 0.1708333333333334
2 0.534375 0.1312500000000001 0.53203125 0.1312500000000001 0.53203125 0.15000000000000005 0.534375 0.15000000000000005
2 0.52421875 0.11145833333333342 0.51015625 0.11145833333333342 0.51015625 0.1458333333333334 0.52421875 0.1458333333333334
1 0.4921875000000001 0.7916666666666666 0.4015625 0.7916666666666666 0.4015625000000001 1 0.49218750000000017 1
1 0.50078125 0.6041666666666666 0.425 0.6041666666666666 0.425 0.8072916666666666 0.50078125 0.8072916666666666
1 0.3062500000000001 0.7927083333333333 0.1937500000000001 0.7927083333333333 0.1937500000000001 1 0.3062500000000001 1
1 0.22812500000000008 0.75625 0.09531250000000006 0.75625 0.09531250000000008 1 0.22812500000000008 1
1 0.35937500000000006 0.446875 0.2859375 0.446875 0.28593750000000007 0.5895833333333333 0.3593750000000001 0.5895833333333333
1 0.446875 0.3802083333333334 0.40703125 0.3802083333333334 0.40703125 0.47708333333333347 0.446875 0.47708333333333347
1 0.5140625 0.2666666666666668 0.471875 0.2666666666666668 0.471875 0.35312500000000013 0.5140625 0.35312500000000013
1 0.49375 0.20937500000000006 0.465625 0.20937500000000006 0.465625 0.26250000000000007 0.49375 0.26250000000000007
1 0.5125 0.16979166666666673 0.49140625 0.16979166666666673 0.49140625 0.19687500000000005 0.5125 0.19687500000000005
1 0.540625 0.16979166666666673 0.5171875 0.16979166666666673 0.5171875 0.20625000000000007 0.540625 0.20625000000000007
1 0.51171875 0.1364583333333334 0.484375 0.1364583333333334 0.484375 0.1864583333333334 0.51171875 0.1864583333333334
1 0.5109375 0.09895833333333343 0.49921875 0.09895833333333343 0.49921875 0.1281250000000001 0.5109375 0.1281250000000001