1 0.528125 0.17916666666666672 0.50078125 0.17916666666666672 0.50078125 0.24166666666666672 0.528125 0.24166666666666672
2 0.50703125 0.16041666666666674 0.4984375 0.16041666666666674 0.4984375 0.18541666666666673 0.50703125 0.18541666666666673
2 0.5546875 0.2250000000000001 0.54296875 0.22500000000000006 0.54296875 0.26458333333333345 0.5546875 0.26458333333333345
2 0.55 0.2614583333333334 0.53984375 0.2614583333333334 0.53984375 0.2937500000000001 0.55 0.2937500000000001
2 0.55703125 0.2822916666666668 0.5453125 0.2822916666666668 0.5453125 0.3291666666666668 0.55703125 0.3291666666666668
3 0.51796875 0.10208333333333343 0.4984375 0.10208333333333343 0.4984375 0.1552083333333334 0.51796875 0.1552083333333334
2 0.48359375 0.3156250000000001 0.46796875 0.3156250000000001 0.46796875 0.38645833333333346 0.48359375 0.38645833333333346
1 0.4953125 0.2937500000000001 0.4671875 0.2937500000000001 0.4671875 0.33958333333333346 0.4953125 0.33958333333333346
2 0.4875 0.2791666666666668 0.4765625 0.2791666666666668 0.4765625 0.29583333333333345 0.4875 0.29583333333333345
2 0.5078125 0.2760416666666668 0.49453125 0.2760416666666668 0.49453125 0.31458333333333344 0.5078125 0.31458333333333344
1 0.51796875 0.3447916666666668 0.48125 0.3447916666666668 0.48125 0.41041666666666676 0.51796875 0.41041666666666676
1 0.51953125 0.39479166666666676 0.48828125 0.39479166666666676 0.48828125 0.46458333333333346 0.51953125 0.46458333333333346
1 0.55546875 0.35312500000000013 0.52890625 0.35312500000000013 0.52890625 0.4229166666666668 0.55546875 0.4229166666666668
1 0.546875 0.32083333333333347 0.51953125 0.32083333333333347 0.51953125 0.38125000000000014 0.546875 0.38125000000000014
1 0.54140625 0.2791666666666668 0.51328125 0.2791666666666668 0.51328125 0.32083333333333347 0.54140625 0.32083333333333347
1 0.58828125 0.3072916666666668 0.5625 0.3072916666666668 0.5625 0.3697916666666668 0.58828125 0.3697916666666668
1 0.6140625 0.3489583333333334 0.584375 0.3489583333333334 0.584375 0.42812500000000014 0.6140625 0.42812500000000014
1 0.5921875 0.4135416666666668 0.55390625 0.4135416666666668 0.55390625 0.5010416666666668 0.5921875 0.5010416666666668
1 0.634375 0.4739583333333334 0.57265625 0.4739583333333334 0.57265625 0.6270833333333333 0.634375 0.6270833333333333
1 0.6984375 0.6645833333333333 0.6359375 0.6645833333333333 0.6359375 0.8177083333333334 0.6984375 0.8177083333333334
1 0.6140625000000001 0.8083333333333333 0.53046875 0.8083333333333333 0.53046875 1 0.6140625000000002 1
1 0.81640625 0.8572916666666669 0.73515625 0.8572916666666669 0.7351562500000001 1.0000000000000002 0.81640625 1.0000000000000002
1 0.58671875 0.24895833333333345 0.559375 0.24895833333333345 0.559375 0.31458333333333344 0.58671875 0.31458333333333344
0 0.85625 0.4635416666666668 0.7234375 0.4635416666666668 0.7234375 0.8604166666666668 0.85625 0.8604166666666669
2 0.6968750000000001 0.8260416666666667 0.64375 0.8260416666666667 0.64375 1 0.6968750000000001 1
2 0.53671875 0.7145833333333333 0.5015625 0.7145833333333333 0.5015625 0.8375 0.53671875 0.8375
2 0.6 0.7104166666666667 0.571875 0.7104166666666667 0.571875 0.815625 0.6 0.815625
2 0.6046875 0.6427083333333333 0.57890625 0.6427083333333333 0.57890625 0.7697916666666667 0.6046875 0.7697916666666667
2 0.5359375 0.6520833333333333 0.5125 0.6520833333333333 0.5125 0.7583333333333333 0.5359375 0.7583333333333333
2 0.56484375 0.6114583333333333 0.53828125 0.6114583333333333 0.53828125 0.7375 0.56484375 0.7375
2 0.584375 0.590625 0.56171875 0.590625 0.56171875 0.7114583333333333 0.584375 0.7114583333333333
2 0.5234375 0.5802083333333333 0.4984375 0.5802083333333333 0.4984375 0.6979166666666666 0.5234375 0.6979166666666666
2 0.56171875 0.5489583333333333 0.53984375 0.5489583333333333 0.53984375 0.653125 0.56171875 0.653125
2 0.515625 0.540625 0.4953125 0.540625 0.4953125 0.6260416666666667 0.515625 0.6260416666666667
2 0.53828125 0.5270833333333335 0.51875 0.5270833333333335 0.51875 0.6208333333333333 0.53828125 0.6208333333333333
2 0.496875 0.5031250000000002 0.48203125 0.5031250000000002 0.48203125 0.5979166666666667 0.496875 0.5979166666666667
2 0.5109375 0.46770833333333345 0.49609375 0.46770833333333345 0.49609375 0.5489583333333333 0.5109375 0.5489583333333333
2 0.53046875 0.46250000000000013 0.5125 0.46250000000000013 0.5125 0.540625 0.53046875 0.540625
2 0.55546875 0.5197916666666668 0.54140625 0.5197916666666668 0.54140625 0.5916666666666667 0.55546875 0.5916666666666667
2 0.4953125 0.44583333333333347 0.4765625 0.44583333333333347 0.4765625 0.5187500000000002 0.4953125 0.5187500000000002
2 0.65078125 0.4760416666666668 0.63203125 0.4760416666666668 0.63203125 0.55625 0.65078125 0.55625
2 0.63515625 0.42604166666666676 0.6140625 0.42604166666666676 0.6140625 0.5093750000000001 0.63515625 0.5093750000000001
2 0.66171875 0.44895833333333346 0.64765625 0.44895833333333346 0.64765625 0.5229166666666668 0.66171875 0.5229166666666668
2 0.64921875 0.4010416666666668 0.6265625 0.4010416666666668 0.6265625 0.4666666666666668 0.64921875 0.4666666666666668
2 0.66484375 0.40208333333333346 0.6453125 0.40208333333333346 0.6453125 0.4666666666666668 0.66484375 0.4666666666666668
2 0.640625 0.3729166666666668 0.62578125 0.3729166666666668 0.62578125 0.43125000000000013 0.640625 0.43125000000000013
2 0.65390625 0.35312500000000013 0.63984375 0.35312500000000013 0.63984375 0.42083333333333345 0.65390625 0.42083333333333345
2 0.63046875 0.3604166666666668 0.62109375 0.3604166666666668 0.62109375 0.40208333333333346 0.63046875 0.40208333333333346
2 0.628125 0.33750000000000013 0.61796875 0.33750000000000013 0.61796875 0.3781250000000001 0.628125 0.3781250000000001
2 0.63828125 0.3229166666666668 0.62578125 0.3229166666666668 0.62578125 0.36770833333333347 0.63828125 0.36770833333333347
2 0.62109375 0.31145833333333345 0.609375 0.31145833333333345 0.609375 0.3593750000000001 0.62109375 0.3593750000000001
2 0.60546875 0.33437500000000014 0.59453125 0.33437500000000014 0.59453125 0.35208333333333347 0.60546875 0.35208333333333347
2 0.60859375 0.3125000000000001 0.5984375 0.3125000000000001 0.5984375 0.3437500000000001 0.60859375 0.3437500000000001
2 0.6109375 0.29583333333333345 0.6015625 0.29583333333333345 0.6015625 0.33229166666666676 0.6109375 0.33229166666666676
2 0.5921875 0.26145833333333346 0.58359375 0.26145833333333346 0.58359375 0.3104166666666668 0.5921875 0.3104166666666668
2 0.6046875 0.2864583333333334 0.596875 0.2864583333333334 0.596875 0.31666666666666676 0.6046875 0.31666666666666676
2 0.6015625 0.27500000000000013 0.5921875 0.27500000000000013 0.5921875 0.3072916666666668 0.6015625 0.3072916666666668