1 0.3421875000000001 0.8020833333333334 0.21093750000000008 0.8020833333333334 0.21093750000000008 1 0.3421875000000001 1
1 0.4718750000000001 0.74375 0.3765625000000001 0.74375 0.3765625000000001 1 0.47187500000000016 1
2 0.4921875 0.6583333333333333 0.4609375 0.6583333333333333 0.4609375 0.7770833333333333 0.4921875 0.7770833333333333
2 0.4421875 0.5979166666666667 0.41328125 0.5979166666666667 0.41328125 0.7395833333333334 0.4421875 0.7395833333333334
1 0.3765625000000001 0.54375 0.2929687500000001 0.54375 0.2929687500000001 0.7427083333333333 0.3765625000000001 0.7427083333333333
1 0.509375 0.42083333333333345 0.446875 0.42083333333333345 0.446875 0.5739583333333333 0.509375 0.5739583333333333
1 0.44375 0.3916666666666668 0.38046875 0.3916666666666668 0.38046875 0.5270833333333335 0.44375 0.5270833333333335
1 0.384375 0.39583333333333337 0.3203125 0.3958333333333333 0.32031250000000006 0.5010416666666667 0.3843750000000001 0.5010416666666668
2 0.3156250000000001 0.4979166666666667 0.2843750000000001 0.4979166666666667 0.2843750000000001 0.6052083333333333 0.3156250000000001 0.6052083333333333
1 0.5171875 0.35520833333333346 0.471875 0.35520833333333346 0.471875 0.43020833333333347 0.5171875 0.43020833333333347
1 0.46328125 0.3333333333333334 0.42421875 0.3333333333333334 0.42421875 0.4187500000000001 0.46328125 0.4187500000000001
2 0.4109375 0.3437500000000001 0.39140625 0.3437500000000001 0.39140625 0.40520833333333345 0.4109375 0.40520833333333345
1 0.44296875 0.28750000000000014 0.396875 0.28750000000000014 0.396875 0.3750000000000001 0.44296875 0.3750000000000001
1 0.5171875 0.26979166666666676 0.48046875 0.26979166666666676 0.48046875 0.3447916666666668 0.5171875 0.3447916666666668
1 0.48828125 0.23125000000000007 0.45546875 0.23125000000000007 0.45546875 0.2947916666666668 0.48828125 0.2947916666666668
3 0.53515625 0.1822916666666667 0.50234375 0.1822916666666667 0.50234375 0.30312500000000014 0.53515625 0.30312500000000014
2 0.5015625 0.23541666666666672 0.490625 0.23541666666666672 0.490625 0.27187500000000014 0.5015625 0.27187500000000014
2 0.496875 0.19687500000000005 0.4796875 0.19687500000000005 0.4796875 0.24375000000000005 0.496875 0.24375000000000005
3 0.478125 0.17812500000000006 0.44609375 0.17812500000000006 0.44609375 0.25729166666666675 0.478125 0.25729166666666675
1 0.51015625 0.13854166666666673 0.47890625 0.13854166666666673 0.47890625 0.20520833333333338 0.51015625 0.20520833333333338
1 0.54609375 0.1427083333333334 0.52109375 0.14270833333333338 0.52109375 0.20312500000000008 0.54609375 0.2031250000000001
0 0.52109375 0.20312500000000006 0.5171875 0.20312500000000006 0.5171875 0.20416666666666672 0.52109375 0.20416666666666672
1 0.54453125 0.11666666666666675 0.525 0.11666666666666675 0.525 0.13645833333333343 0.54453125 0.13645833333333346
1 0.515625 0.12500000000000008 0.5046875 0.12500000000000008 0.5046875 0.15833333333333338 0.515625 0.15833333333333338
2 0.51171875 0.10000000000000009 0.5046875 0.10000000000000009 0.5046875 0.12083333333333342 0.51171875 0.12083333333333342