2 0.83203125 0.7041666666666669 0.7671875 0.7041666666666669 0.7671875 0.8604166666666669 0.83203125 0.8604166666666669
2 0.721875 0.728125 0.6734375 0.728125 0.6734375 0.84375 0.721875 0.84375
2 0.75 0.6687500000000001 0.71171875 0.66875 0.71171875 0.7875000000000001 0.75 0.7875000000000002
2 0.67109375 0.60625 0.6234375 0.60625 0.6234375 0.7135416666666666 0.67109375 0.7135416666666666
2 0.7171875 0.4968750000000001 0.678125 0.4968750000000001 0.678125 0.5979166666666667 0.7171875 0.5979166666666667
2 0.6609375 0.4562500000000001 0.615625 0.4562500000000001 0.615625 0.553125 0.6609375 0.553125
2 0.5796875 0.40000000000000013 0.546875 0.40000000000000013 0.546875 0.4697916666666668 0.5796875 0.4697916666666668
2 0.6296875 0.3385416666666668 0.59453125 0.3385416666666668 0.59453125 0.40833333333333344 0.6296875 0.40833333333333344
2 0.571875 0.2979166666666668 0.5453125 0.2979166666666668 0.5453125 0.35833333333333345 0.571875 0.35833333333333345
2 0.6234375 0.30625000000000013 0.59609375 0.30625000000000013 0.59609375 0.36145833333333344 0.6234375 0.36145833333333344
2 0.5296875 0.21875000000000006 0.51015625 0.21875000000000006 0.51015625 0.26770833333333344 0.5296875 0.26770833333333344
2 0.50234375 0.15416666666666673 0.49140625 0.15416666666666673 0.49140625 0.1822916666666667 0.50234375 0.1822916666666667
2 0.51484375 0.1395833333333334 0.5015625 0.1395833333333334 0.5015625 0.16354166666666672 0.51484375 0.16354166666666672
2 0.47734375 0.14687500000000006 0.46796875 0.14687500000000006 0.46796875 0.17395833333333338 0.47734375 0.17395833333333338
2 0.4875 0.13229166666666675 0.478125 0.13229166666666675 0.478125 0.1552083333333334 0.4875 0.1552083333333334
2 0.4953125 0.12291666666666676 0.4875 0.12291666666666676 0.4875 0.14687500000000006 0.4953125 0.14687500000000006
2 0.47578125 0.11666666666666675 0.46484375 0.11666666666666675 0.46484375 0.13854166666666673 0.47578125 0.13854166666666673
2 0.4921875 0.11354166666666675 0.48671875 0.11354166666666675 0.48671875 0.1281250000000001 0.4921875 0.1281250000000001
2 0.49609375 0.11041666666666676 0.4890625 0.11041666666666676 0.4890625 0.12500000000000008 0.49609375 0.12500000000000008
2 0.503125 0.09895833333333343 0.49921875 0.09895833333333343 0.49921875 0.10937500000000008 0.503125 0.10937500000000008
2 0.51328125 0.09583333333333342 0.5078125 0.09583333333333342 0.5078125 0.10729166666666676 0.51328125 0.10729166666666676
1 0.50390625 0.08854166666666675 0.496875 0.08854166666666675 0.496875 0.09895833333333343 0.50390625 0.09895833333333343
1 0.49296875 0.09375000000000008 0.4828125 0.09375000000000008 0.4828125 0.10937500000000008 0.49296875 0.10937500000000008
1 0.48046875 0.17500000000000007 0.459375 0.17500000000000007 0.459375 0.2145833333333334 0.48046875 0.2145833333333334
1 0.49296875 0.22500000000000006 0.46875 0.22500000000000006 0.46875 0.27187500000000014 0.49296875 0.27187500000000014
1 0.60859375 0.5218750000000001 0.5390625 0.5218750000000001 0.5390625 0.7 0.60859375 0.7