2 0.3593750000000001 0.5895833333333333 0.3578125000000001 0.5895833333333333 0.3578125000000001 0.5916666666666667 0.3593750000000001 0.5916666666666667
2 0.7898437500000001 0.8000000000000003 0.7484375 0.8000000000000003 0.7484375000000001 0.9781250000000002 0.7898437500000002 0.9781250000000002
2 0.89453125 0.9552083333333335 0.85859375 0.9552083333333335 0.85859375 1.0000000000000002 0.89453125 1.0000000000000002
2 0.70546875 0.615625 0.66953125 0.615625 0.66953125 0.746875 0.70546875 0.746875
2 0.73203125 0.5385416666666668 0.70859375 0.5385416666666667 0.70859375 0.6520833333333335 0.73203125 0.6520833333333336
2 0.66015625 0.4791666666666668 0.6421875 0.4791666666666668 0.6421875 0.5791666666666667 0.66015625 0.5791666666666667
2 0.69453125 0.4510416666666668 0.675 0.4510416666666668 0.675 0.5489583333333333 0.69453125 0.5489583333333333
2 0.59453125 0.3104166666666668 0.5765625 0.3104166666666668 0.5765625 0.37708333333333344 0.59453125 0.37708333333333344
2 0.57890625 0.27395833333333347 0.56875 0.27395833333333347 0.56875 0.3291666666666668 0.57890625 0.3291666666666668
2 0.60546875 0.2979166666666668 0.58828125 0.2979166666666668 0.58828125 0.34270833333333345 0.60546875 0.34270833333333345
1 0.53515625 0.32708333333333345 0.49453125 0.32708333333333345 0.49453125 0.41458333333333347 0.53515625 0.41458333333333347
2 0.53828125 0.2708333333333334 0.51796875 0.2708333333333334 0.51796875 0.3291666666666668 0.53828125 0.3291666666666668
2 0.57421875 0.25208333333333344 0.56015625 0.25208333333333344 0.56015625 0.29895833333333344 0.57421875 0.29895833333333344
2 0.521875 0.17291666666666672 0.50859375 0.17291666666666672 0.50859375 0.20520833333333338 0.521875 0.20520833333333338
2 0.51953125 0.15000000000000005 0.50703125 0.15000000000000005 0.50703125 0.17604166666666674 0.51953125 0.17604166666666674
2 0.47890625 0.11666666666666675 0.46484375 0.11666666666666675 0.46484375 0.15000000000000005 0.47890625 0.15000000000000005
2 0.4859375 0.10312500000000009 0.47421875 0.10312500000000009 0.47421875 0.1218750000000001 0.4859375 0.1218750000000001
1 0.54765625 0.22395833333333343 0.5234375 0.2239583333333334 0.5234375 0.2864583333333334 0.54765625 0.2864583333333334
1 0.515625 0.2791666666666668 0.48359375 0.2791666666666668 0.48359375 0.3489583333333334 0.515625 0.3489583333333334
1 0.6414062500000001 0.8427083333333333 0.51484375 0.8427083333333333 0.51484375 1 0.6414062500000002 1
1 0.9 0.7052083333333335 0.72890625 0.7052083333333335 0.72890625 0.9281250000000002 0.9 0.9281250000000002