2 0.76875 0.5718750000000001 0.7140625 0.571875 0.7140625 0.6989583333333335 0.76875 0.6989583333333336
2 0.865625 0.7218750000000003 0.79375 0.7218750000000003 0.79375 0.8677083333333335 0.865625 0.8677083333333335
2 0.8203125 0.7968750000000002 0.7671875 0.7968750000000002 0.7671875 0.9197916666666669 0.8203125 0.9197916666666669
2 0.859375 0.8802083333333336 0.809375 0.8802083333333336 0.809375 1.0000000000000002 0.859375 1.0000000000000002
2 0.890625 0.9531250000000002 0.85234375 0.9531250000000002 0.85234375 1.0000000000000002 0.890625 1.0000000000000002
2 0.51875 0.3729166666666668 0.4875 0.3729166666666668 0.4875 0.4447916666666668 0.51875 0.4447916666666668
2 0.609375 0.30520833333333347 0.57578125 0.30520833333333347 0.57578125 0.36354166666666676 0.609375 0.36354166666666676
2 0.64296875 0.3541666666666668 0.621875 0.3541666666666668 0.621875 0.4250000000000001 0.64296875 0.4250000000000001
2 0.61328125 0.34583333333333344 0.59453125 0.34583333333333344 0.59453125 0.42604166666666676 0.61328125 0.42604166666666676
2 0.671875 0.79375 0.6578125 0.79375 0.6578125 0.90625 0.671875 0.90625
2 0.51328125 0.1333333333333334 0.50390625 0.1333333333333334 0.50390625 0.15937500000000007 0.51328125 0.15937500000000007
2 0.4875 0.12083333333333342 0.48359375 0.12083333333333342 0.48359375 0.13437500000000005 0.4875 0.13437500000000005
2 0.48359375 0.11354166666666675 0.48046875 0.11354166666666675 0.48046875 0.1281250000000001 0.48359375 0.1281250000000001
2 0.48828125 0.10729166666666676 0.48515625 0.10729166666666676 0.48515625 0.11979166666666675 0.48828125 0.11979166666666675
2 0.4921875 0.10312500000000009 0.48671875 0.10312500000000009 0.48671875 0.11770833333333343 0.4921875 0.11770833333333343
1 0.73359375 0.6041666666666667 0.63515625 0.6041666666666666 0.63515625 0.8260416666666668 0.73359375 0.8260416666666669
1 0.8203125 0.8343750000000001 0.69140625 0.834375 0.6914062500000001 1.0000000000000002 0.8203125 1.0000000000000002
1 0.58828125 0.5072916666666668 0.521875 0.5072916666666668 0.521875 0.5875 0.58828125 0.5875
1 0.61484375 0.38333333333333347 0.56015625 0.38333333333333347 0.56015625 0.4697916666666668 0.61484375 0.4697916666666668
1 0.55 0.4479166666666668 0.49765625 0.4479166666666668 0.49765625 0.5552083333333333 0.55 0.5552083333333333
1 0.50390625 0.19166666666666674 0.4734375 0.19166666666666674 0.4734375 0.23854166666666674 0.50390625 0.23854166666666674
1 0.475 0.12083333333333342 0.459375 0.12083333333333342 0.459375 0.14270833333333338 0.475 0.14270833333333338
1 0.49140625 0.13229166666666675 0.4734375 0.13229166666666675 0.4734375 0.16562500000000005 0.49140625 0.16562500000000005
1 0.503125 0.11666666666666675 0.490625 0.11666666666666675 0.490625 0.14166666666666672 0.503125 0.14166666666666672
1 0.51015625 0.09687500000000009 0.49921875 0.09687500000000009 0.49921875 0.11458333333333343 0.51015625 0.11458333333333343
3 0.6914062500000001 0.928125 0.56015625 0.928125 0.5601562500000001 1 0.6914062500000002 1
3 0.6601562500000001 0.5854166666666667 0.51328125 0.5854166666666667 0.5132812500000001 1 0.6601562500000002 1