2 0.5421875 0.540625 0.50234375 0.540625 0.50234375 0.675 0.5421875 0.675
2 0.4421875 0.38958333333333345 0.4140625 0.38958333333333345 0.4140625 0.4791666666666668 0.4421875 0.4791666666666668
2 0.51328125 0.3760416666666668 0.4890625 0.3760416666666668 0.4890625 0.45729166666666676 0.51328125 0.45729166666666676
2 0.4921875 0.3510416666666668 0.47109375 0.3510416666666668 0.47109375 0.4291666666666668 0.4921875 0.4291666666666668
2 0.55390625 0.33750000000000013 0.53125 0.33750000000000013 0.53125 0.41250000000000014 0.55390625 0.41250000000000014
2 0.45 0.26041666666666674 0.4296875 0.26041666666666674 0.4296875 0.32083333333333347 0.45 0.32083333333333347
2 0.54921875 0.20729166666666676 0.5328125 0.20729166666666674 0.5328125 0.2583333333333334 0.54921875 0.25833333333333347
2 0.55234375 0.14791666666666675 0.53984375 0.14791666666666672 0.53984375 0.18333333333333343 0.55234375 0.18333333333333346
2 0.54453125 0.15416666666666676 0.53125 0.15416666666666673 0.53125 0.1906250000000001 0.54453125 0.19062500000000013
2 0.53671875 0.1489583333333334 0.52265625 0.1489583333333334 0.52265625 0.18125000000000005 0.53671875 0.18125000000000005
2 0.56953125 0.11666666666666675 0.5609375 0.11666666666666675 0.5609375 0.13854166666666679 0.56953125 0.13854166666666679
2 0.53828125 0.09791666666666675 0.5296875 0.09791666666666675 0.5296875 0.11458333333333343 0.53828125 0.11458333333333343
2 0.53203125 0.07604166666666676 0.52421875 0.07604166666666676 0.52421875 0.0906250000000001 0.53203125 0.0906250000000001
2 0.53984375 0.07604166666666676 0.53203125 0.07604166666666676 0.53203125 0.09687500000000009 0.53984375 0.09687500000000009
1 0.553125 0.07291666666666675 0.5375 0.07291666666666675 0.5375 0.09583333333333342 0.553125 0.09583333333333342