2 0.95859375 0.8989583333333335 0.91484375 0.8989583333333335 0.91484375 1.0000000000000002 0.95859375 1.0000000000000002
2 0.93125 0.9395833333333335 0.87890625 0.9395833333333335 0.87890625 1.0000000000000002 0.93125 1.0000000000000002
2 0.8375 0.8166666666666669 0.78046875 0.8166666666666669 0.78046875 0.9802083333333336 0.8375 0.9802083333333336
2 0.7109375 0.47812500000000013 0.68515625 0.47812500000000013 0.68515625 0.5364583333333334 0.7109375 0.5364583333333334
2 0.60625 0.4895833333333334 0.57265625 0.4895833333333334 0.57265625 0.5791666666666667 0.60625 0.5791666666666667
2 0.51953125 0.49375000000000013 0.48828125 0.49375000000000013 0.48828125 0.5885416666666666 0.51953125 0.5885416666666666
2 0.5703125 0.42812500000000014 0.54765625 0.42812500000000014 0.54765625 0.5104166666666667 0.5703125 0.5104166666666667
2 0.675 0.4135416666666668 0.64296875 0.4135416666666668 0.64296875 0.49583333333333346 0.675 0.49583333333333346
2 0.48671875 0.3312500000000001 0.46875 0.3312500000000001 0.46875 0.3916666666666668 0.48671875 0.3916666666666668
2 0.5390625 0.3093750000000001 0.525 0.3093750000000001 0.525 0.36562500000000014 0.5390625 0.36562500000000014
2 0.4953125 0.3750000000000001 0.4765625 0.3750000000000001 0.4765625 0.44166666666666676 0.4953125 0.44166666666666676
2 0.52734375 0.3593750000000001 0.5078125 0.3593750000000001 0.5078125 0.4218750000000001 0.52734375 0.4218750000000001
2 0.56015625 0.37395833333333345 0.54140625 0.37395833333333345 0.54140625 0.44583333333333347 0.56015625 0.44583333333333347
2 0.65 0.3666666666666668 0.63359375 0.3666666666666668 0.63359375 0.43645833333333345 0.65 0.43645833333333345
2 0.64296875 0.3916666666666668 0.62109375 0.3916666666666668 0.62109375 0.46770833333333345 0.64296875 0.46770833333333345
2 0.56796875 0.2937500000000001 0.553125 0.2937500000000001 0.553125 0.33645833333333347 0.56796875 0.33645833333333347
1 0.625 0.32187500000000013 0.5859375 0.32187500000000013 0.5859375 0.39270833333333344 0.625 0.39270833333333344
2 0.6234375 0.30104166666666676 0.609375 0.30104166666666676 0.609375 0.3468750000000001 0.6234375 0.3468750000000001
2 0.59375 0.2947916666666668 0.58515625 0.2947916666666668 0.58515625 0.33020833333333344 0.59375 0.33020833333333344
2 0.6046875 0.28333333333333344 0.59296875 0.28333333333333344 0.59296875 0.32187500000000013 0.6046875 0.32187500000000013
2 0.57578125 0.2843750000000001 0.56171875 0.2843750000000001 0.56171875 0.33020833333333344 0.57578125 0.33020833333333344
2 0.58671875 0.2656250000000001 0.575 0.2656250000000001 0.575 0.2968750000000001 0.58671875 0.2968750000000001
2 0.571875 0.2552083333333334 0.56328125 0.2552083333333334 0.56328125 0.29062500000000013 0.571875 0.29062500000000013
2 0.5640625 0.25208333333333344 0.55234375 0.25208333333333344 0.55234375 0.2979166666666668 0.5640625 0.2979166666666668
2 0.58359375 0.24583333333333346 0.5734375 0.24583333333333346 0.5734375 0.2843750000000001 0.58359375 0.2843750000000001
2 0.575 0.23229166666666679 0.5625 0.23229166666666679 0.5625 0.2666666666666668 0.575 0.2666666666666668
2 0.5625 0.20937500000000012 0.5515625 0.20937500000000012 0.5515625 0.2447916666666668 0.5625 0.2447916666666668
2 0.559375 0.2343750000000001 0.55 0.2343750000000001 0.55 0.2625000000000001 0.559375 0.2625000000000001
2 0.553125 0.19270833333333345 0.54453125 0.19270833333333345 0.54453125 0.2135416666666668 0.553125 0.2135416666666668
2 0.5453125 0.1843750000000001 0.534375 0.18437500000000007 0.534375 0.21666666666666676 0.5453125 0.21666666666666679
2 0.53203125 0.17916666666666672 0.52421875 0.17916666666666672 0.52421875 0.20625000000000007 0.53203125 0.20625000000000007
2 0.525 0.16875000000000007 0.5171875 0.16875000000000007 0.5171875 0.19687500000000005 0.525 0.19687500000000005
2 0.53203125 0.16875000000000007 0.525 0.16875000000000007 0.525 0.19375000000000006 0.53203125 0.19375000000000006
2 0.53828125 0.1770833333333334 0.53125 0.1770833333333334 0.53125 0.19687500000000005 0.53828125 0.19687500000000005
2 0.51875 0.15312500000000007 0.50625 0.15312500000000007 0.50625 0.1822916666666667 0.51875 0.1822916666666667
2 0.5140625 0.1281250000000001 0.50390625 0.1281250000000001 0.50390625 0.1510416666666667 0.5140625 0.1510416666666667
2 0.51484375 0.13750000000000007 0.50859375 0.13750000000000007 0.50859375 0.1614583333333334 0.51484375 0.1614583333333334
2 0.50546875 0.2593750000000001 0.49453125 0.2593750000000001 0.49453125 0.3000000000000001 0.50546875 0.3000000000000001
2 0.48984375 0.2760416666666668 0.478125 0.2760416666666668 0.478125 0.3250000000000001 0.48984375 0.3250000000000001
2 0.4953125 0.25000000000000006 0.4859375 0.25000000000000006 0.4859375 0.28958333333333347 0.4953125 0.28958333333333347
2 0.4890625 0.23125000000000007 0.47890625 0.23125000000000007 0.47890625 0.26354166666666673 0.4890625 0.26354166666666673
2 0.475 0.24166666666666672 0.46171875 0.24166666666666672 0.46171875 0.2864583333333334 0.475 0.2864583333333334
2 0.4890625 0.20000000000000007 0.4828125 0.20000000000000007 0.4828125 0.23229166666666673 0.4890625 0.23229166666666673
2 0.48359375 0.19062500000000007 0.47421875 0.19062500000000007 0.47421875 0.22291666666666674 0.48359375 0.22291666666666674
1 0.47578125 0.15729166666666672 0.45859375 0.15729166666666672 0.45859375 0.19062500000000007 0.47578125 0.19062500000000007
2 0.4625 0.15000000000000005 0.4578125 0.15000000000000005 0.4578125 0.16041666666666674 0.4625 0.16041666666666674
2 0.48046875 0.11666666666666675 0.4734375 0.11666666666666675 0.4734375 0.1395833333333334 0.48046875 0.1395833333333334
2 0.4890625 0.10729166666666676 0.48203125 0.10729166666666676 0.48203125 0.1270833333333334 0.4890625 0.1270833333333334
2 0.49453125 0.10312500000000009 0.490625 0.10312500000000009 0.490625 0.1218750000000001 0.49453125 0.1218750000000001
2 0.50078125 0.10104166666666675 0.49609375 0.10104166666666675 0.49609375 0.1218750000000001 0.50078125 0.1218750000000001
2 0.50703125 0.10000000000000009 0.5015625 0.10000000000000009 0.5015625 0.11770833333333343 0.50703125 0.11770833333333343
2 0.49375 0.09375000000000008 0.4890625 0.09375000000000008 0.4890625 0.10520833333333342 0.49375 0.10520833333333342
2 0.50078125 0.09166666666666676 0.496875 0.09166666666666676 0.496875 0.10416666666666675 0.50078125 0.10416666666666675
1 0.5015625 0.1666666666666667 0.4875 0.1666666666666667 0.4875 0.20000000000000007 0.5015625 0.20000000000000007
1 0.503125 0.1520833333333334 0.48671875 0.1520833333333334 0.48671875 0.1770833333333334 0.503125 0.1770833333333334
1 0.50703125 0.13020833333333343 0.49375 0.13020833333333343 0.49375 0.15625000000000006 0.50703125 0.15625000000000006
1 0.47734375 0.1354166666666667 0.46484375 0.1354166666666667 0.46484375 0.16354166666666672 0.47734375 0.16354166666666672
1 0.496875 0.13750000000000007 0.4859375 0.13750000000000007 0.4859375 0.16041666666666674 0.496875 0.16041666666666674
1 0.484375 0.17604166666666674 0.465625 0.17604166666666674 0.465625 0.20520833333333338 0.484375 0.20520833333333338
1 0.521875 0.1864583333333334 0.5046875 0.1864583333333334 0.5046875 0.21979166666666672 0.521875 0.21979166666666672
1 0.4796875 0.20625000000000007 0.4609375 0.20625000000000007 0.4609375 0.2447916666666667 0.4796875 0.2447916666666667
1 0.515625 0.21250000000000005 0.5 0.21250000000000005 0.5 0.2593750000000001 0.515625 0.2593750000000001
3 0.55078125 0.20208333333333342 0.51640625 0.2020833333333334 0.51640625 0.30833333333333346 0.55078125 0.30833333333333346
1 0.52109375 0.2968750000000001 0.48828125 0.2968750000000001 0.48828125 0.37916666666666676 0.52109375 0.37916666666666676
1 0.5890625 0.33229166666666676 0.546875 0.33229166666666676 0.546875 0.4041666666666668 0.5890625 0.4041666666666668
1 0.5390625 0.4187500000000001 0.4875 0.4187500000000001 0.4875 0.5093750000000001 0.5390625 0.5093750000000001
1 0.63359375 0.40000000000000013 0.578125 0.40000000000000013 0.578125 0.5072916666666668 0.63359375 0.5072916666666668
1 0.765625 0.5291666666666668 0.675 0.5291666666666668 0.675 0.6947916666666668 0.765625 0.6947916666666669
3 0.7156250000000001 0.5833333333333334 0.49921875 0.5833333333333334 0.4992187500000001 1 0.7156250000000002 1
1 0.7109375 0.6104166666666667 0.63203125 0.6104166666666667 0.63203125 0.7916666666666666 0.7109375 0.7916666666666666