2 0.55546875 0.33020833333333344 0.52890625 0.33020833333333344 0.52890625 0.40000000000000013 0.55546875 0.40000000000000013
2 0.49140625 0.2520833333333334 0.46875 0.2520833333333334 0.46875 0.3156250000000001 0.49140625 0.3156250000000001
2 0.60703125 0.2885416666666668 0.59140625 0.2885416666666668 0.59140625 0.3489583333333334 0.60703125 0.3489583333333334
2 0.51796875 0.1510416666666667 0.51171875 0.1510416666666667 0.51171875 0.17916666666666672 0.51796875 0.17916666666666672
2 0.49609375 0.1510416666666667 0.48671875 0.1510416666666667 0.48671875 0.17916666666666672 0.49609375 0.17916666666666672
2 0.49453125 0.1270833333333334 0.48671875 0.1270833333333334 0.48671875 0.14479166666666674 0.49453125 0.14479166666666674
2 0.49609375 0.11354166666666675 0.4890625 0.11354166666666675 0.4890625 0.13750000000000007 0.49609375 0.13750000000000007
2 0.48671875 0.12291666666666676 0.4796875 0.12291666666666676 0.4796875 0.13750000000000007 0.48671875 0.13750000000000007
2 0.49296875 0.09270833333333342 0.4859375 0.09270833333333342 0.4859375 0.10729166666666676 0.49296875 0.10729166666666676
2 0.5015625 0.10104166666666675 0.4953125 0.10104166666666675 0.4953125 0.11666666666666675 0.5015625 0.11666666666666675
2 0.5015625 0.08854166666666675 0.49765625 0.08854166666666675 0.49765625 0.1062500000000001 0.5015625 0.1062500000000001
2 0.50625 0.09375000000000008 0.50078125 0.09375000000000008 0.50078125 0.11041666666666676 0.50625 0.11041666666666676
2 0.5109375 0.08958333333333342 0.5078125 0.08958333333333342 0.5078125 0.10104166666666675 0.5109375 0.10104166666666675
2 0.51484375 0.08750000000000009 0.51171875 0.08750000000000009 0.51171875 0.10208333333333343 0.51484375 0.10208333333333343
1 0.625 0.35833333333333345 0.5734375 0.35833333333333345 0.5734375 0.4604166666666668 0.625 0.4604166666666668
1 0.5703125 0.25416666666666676 0.534375 0.2541666666666667 0.534375 0.33020833333333344 0.5703125 0.33020833333333344
1 0.51328125 0.1677083333333334 0.490625 0.1677083333333334 0.490625 0.21041666666666672 0.51328125 0.21041666666666672
1 0.49140625 0.1312500000000001 0.47578125 0.1312500000000001 0.47578125 0.16354166666666672 0.49140625 0.16354166666666672
1 0.4765625 0.12291666666666676 0.459375 0.12291666666666676 0.459375 0.15937500000000007 0.4765625 0.15937500000000007
3 0.4875 0.08854166666666675 0.4703125 0.08854166666666675 0.4703125 0.1312500000000001 0.4875 0.1312500000000001