3 0.2671875000000001 0.6489583333333333 0.06250000000000007 0.6489583333333333 0.06250000000000008 1 0.2671875000000001 1
3 0.4015625 0.6 0.27031250000000007 0.6 0.27031250000000007 0.953125 0.4015625 0.953125
3 0.446875 0.30000000000000004 0.3171875 0.3 0.31718750000000007 0.625 0.446875 0.625
2 0.5296875 0.17291666666666672 0.51796875 0.17291666666666672 0.51796875 0.20937500000000006 0.5296875 0.20937500000000006
1 0.50859375 0.1364583333333334 0.48984375 0.1364583333333334 0.48984375 0.17812500000000006 0.50859375 0.17812500000000006
1 0.4734375 0.3020833333333334 0.434375 0.3020833333333334 0.434375 0.3937500000000001 0.4734375 0.3937500000000001
2 0.471875 0.6677083333333333 0.43671875 0.6677083333333333 0.43671875 0.8177083333333334 0.471875 0.8177083333333334
2 0.45703125 0.565625 0.42890625 0.565625 0.42890625 0.6760416666666667 0.45703125 0.6760416666666667
2 0.2687500000000001 0.5770833333333333 0.2414062500000001 0.5770833333333333 0.2414062500000001 0.6645833333333333 0.2687500000000001 0.6645833333333333
2 0.2835937500000001 0.521875 0.2562500000000001 0.521875 0.2562500000000001 0.6104166666666667 0.2835937500000001 0.6104166666666667
2 0.3156250000000001 0.4875 0.29375000000000007 0.4875 0.29375000000000007 0.584375 0.3156250000000001 0.584375
2 0.32109375000000007 0.421875 0.3046875 0.421875 0.30468750000000006 0.5052083333333334 0.32109375000000007 0.5052083333333334
2 0.5125 0.26354166666666673 0.4953125 0.26354166666666673 0.4953125 0.3281250000000001 0.5125 0.3281250000000001
2 0.4609375 0.1979166666666667 0.4484375 0.1979166666666667 0.4484375 0.23541666666666672 0.4609375 0.23541666666666672
2 0.47734375 0.1677083333333334 0.465625 0.1677083333333334 0.465625 0.20312500000000006 0.47734375 0.20312500000000006
2 0.53203125 0.11250000000000009 0.5234375 0.11250000000000009 0.5234375 0.1364583333333334 0.53203125 0.1364583333333334
2 0.50390625 0.10208333333333343 0.4953125 0.10208333333333343 0.4953125 0.12604166666666675 0.50390625 0.12604166666666675