2 0.553125 0.5604166666666667 0.5234375 0.5604166666666667 0.5234375 0.684375 0.553125 0.684375
2 0.6984375 0.55625 0.6609375 0.55625 0.6609375 0.6927083333333334 0.6984375 0.6927083333333334
2 0.61171875 0.38333333333333347 0.58828125 0.38333333333333347 0.58828125 0.4687500000000001 0.61171875 0.4687500000000001
2 0.64609375 0.38437500000000013 0.6234375 0.38437500000000013 0.6234375 0.46145833333333347 0.64609375 0.46145833333333347
1 0.58359375 0.2666666666666668 0.546875 0.2666666666666668 0.546875 0.34270833333333345 0.58359375 0.34270833333333345
2 0.803125 0.7447916666666669 0.765625 0.7447916666666669 0.765625 0.9114583333333336 0.803125 0.9114583333333336
1 0.76875 0.8562500000000001 0.68359375 0.85625 0.6835937500000001 1.0000000000000002 0.7687500000000002 1.0000000000000002
2 0.49453125 0.1312500000000001 0.48359375 0.1312500000000001 0.48359375 0.15833333333333338 0.49453125 0.15833333333333338
2 0.47421875 0.11770833333333343 0.46796875 0.11770833333333343 0.46796875 0.13854166666666673 0.47421875 0.13854166666666673
2 0.50078125 0.10937500000000008 0.4953125 0.10937500000000008 0.4953125 0.1270833333333334 0.50078125 0.1270833333333334
2 0.496875 0.09479166666666676 0.49296875 0.09479166666666676 0.49296875 0.11458333333333343 0.496875 0.11458333333333343
2 0.50703125 0.09270833333333342 0.50234375 0.09270833333333342 0.50234375 0.1062500000000001 0.50703125 0.1062500000000001
2 0.509375 0.09687500000000009 0.5046875 0.09687500000000009 0.5046875 0.11250000000000009 0.509375 0.11250000000000009