2 0.040625000000000085 0.9010416666666666 8.275933447362974e-17 0.9010416666666666 8.730392220484061e-17 1 0.04062500000000009 1
2 0.3312500000000001 0.7052083333333333 0.2945312500000001 0.7052083333333333 0.2945312500000001 0.8604166666666667 0.3312500000000001 0.8604166666666667
2 0.2429687500000001 0.6125 0.2117187500000001 0.6125 0.2117187500000001 0.7489583333333333 0.2429687500000001 0.7489583333333333
2 0.24765625000000008 0.5104166666666666 0.2210937500000001 0.5104166666666666 0.2210937500000001 0.609375 0.24765625000000008 0.609375
2 0.2117187500000001 0.5072916666666667 0.17890625000000004 0.5072916666666667 0.17890625000000004 0.6083333333333333 0.2117187500000001 0.6083333333333333
2 0.375 0.38750000000000007 0.35625 0.3875 0.35625 0.46875000000000006 0.375 0.4687500000000001
2 0.290625 0.29583333333333334 0.27578125 0.29583333333333334 0.27578125 0.3458333333333333 0.290625 0.3458333333333333
2 0.309375 0.26250000000000007 0.29453125 0.26250000000000007 0.29453125 0.3125 0.309375 0.3125
2 0.3328125 0.26250000000000007 0.315625 0.26250000000000007 0.315625 0.3177083333333333 0.3328125 0.3177083333333333
2 0.35625 0.24062500000000006 0.3421875 0.24062500000000006 0.3421875 0.28229166666666666 0.35625 0.28229166666666666
2 0.33671875 0.2302083333333334 0.32421875 0.2302083333333334 0.32421875 0.26354166666666673 0.33671875 0.26354166666666673
2 0.34375 0.20937500000000006 0.3328125 0.20937500000000006 0.3328125 0.24375000000000005 0.34375 0.24375000000000005
2 0.36796875 0.21979166666666672 0.3578125 0.21979166666666672 0.3578125 0.26354166666666673 0.36796875 0.26354166666666673
2 0.3859375 0.20416666666666672 0.375 0.20416666666666672 0.375 0.2458333333333334 0.3859375 0.2458333333333334
2 0.4015625 0.1979166666666667 0.38984375 0.1979166666666667 0.38984375 0.2395833333333334 0.4015625 0.2395833333333334
2 0.41875 0.19687500000000005 0.4109375 0.19687500000000005 0.4109375 0.23854166666666674 0.41875 0.23854166666666674
2 0.403125 0.17500000000000007 0.3921875 0.17500000000000007 0.3921875 0.2020833333333334 0.403125 0.2020833333333334
2 0.4234375 0.16562500000000005 0.4171875 0.16562500000000005 0.4171875 0.19687500000000005 0.4234375 0.19687500000000005
2 0.42109375 0.14791666666666672 0.41484375 0.14791666666666672 0.41484375 0.17916666666666672 0.42109375 0.17916666666666672
2 0.42734375 0.12604166666666672 0.4171875 0.12604166666666672 0.4171875 0.1520833333333334 0.42734375 0.1520833333333334
2 0.3546875 0.19166666666666674 0.34296875 0.19166666666666674 0.34296875 0.22500000000000006 0.3546875 0.22500000000000006
2 0.36015625 0.16979166666666673 0.35078125 0.16979166666666673 0.35078125 0.2020833333333334 0.36015625 0.2020833333333334
2 0.36796875 0.16562500000000005 0.35859375 0.16562500000000005 0.35859375 0.1927083333333334 0.36796875 0.1927083333333334
2 0.371875 0.15000000000000005 0.3640625 0.15000000000000005 0.3640625 0.17812500000000006 0.371875 0.17812500000000006
2 0.3796875 0.1458333333333334 0.371875 0.1458333333333334 0.371875 0.1708333333333334 0.3796875 0.1708333333333334
2 0.38203125 0.12916666666666674 0.37265625 0.12916666666666674 0.37265625 0.15000000000000005 0.38203125 0.15000000000000005
2 0.39140625 0.11354166666666672 0.38359375 0.11354166666666672 0.38359375 0.13125000000000006 0.39140625 0.13125000000000006
2 0.4015625 0.11666666666666672 0.39296875 0.11666666666666672 0.39296875 0.1354166666666667 0.4015625 0.1354166666666667
2 0.39140625 0.09687500000000006 0.38359375 0.09687500000000006 0.38359375 0.11250000000000006 0.39140625 0.11250000000000006
2 0.40390625 0.09375000000000006 0.39375 0.09375000000000006 0.39375 0.1145833333333334 0.40390625 0.1145833333333334
2 0.4078125 0.10520833333333339 0.4015625 0.10520833333333339 0.4015625 0.12395833333333339 0.4078125 0.12395833333333339
2 0.3890625 0.08750000000000006 0.384375 0.08750000000000006 0.384375 0.10000000000000006 0.3890625 0.10000000000000006
2 0.38203125 0.08437500000000006 0.3765625 0.08437500000000006 0.3765625 0.09479166666666673 0.38203125 0.09479166666666673
1 0.29609375 0.3458333333333333 0.24765625 0.3458333333333333 0.24765625 0.4375 0.29609375 0.4375
1 0.384375 0.26250000000000007 0.35078125 0.26250000000000007 0.35078125 0.3166666666666667 0.384375 0.31666666666666676
1 0.42890625 0.23437500000000006 0.3921875 0.23437500000000006 0.3921875 0.29270833333333346 0.42890625 0.29270833333333346
1 0.42578125 0.11250000000000006 0.40546875 0.11250000000000006 0.40546875 0.13854166666666673 0.42578125 0.13854166666666673
1 0.41328125 0.09166666666666673 0.4 0.09166666666666673 0.4 0.1114583333333334 0.41328125 0.1114583333333334
3 0.40546875 0.13750000000000007 0.3796875 0.13750000000000007 0.3796875 0.19687500000000005 0.40546875 0.19687500000000005
3 0.43203125 0.08437500000000006 0.41484375 0.08437500000000006 0.41484375 0.11875000000000006 0.43203125 0.11875000000000006
3 0.41484375 0.0614583333333334 0.3984375 0.06145833333333339 0.3984375 0.09166666666666673 0.41484375 0.09166666666666673