1 0.7984375000000001 0.9052083333333335 0.72109375 0.9052083333333333 0.7210937500000001 1.0000000000000002 0.7984375000000001 1.0000000000000002
2 0.82421875 0.7906250000000002 0.78125 0.7906250000000002 0.78125 0.9635416666666669 0.82421875 0.9635416666666669
2 0.784375 0.5895833333333336 0.759375 0.5895833333333336 0.759375 0.7177083333333336 0.784375 0.7177083333333336
3 0.6625000000000001 0.6104166666666667 0.525 0.6104166666666667 0.5250000000000001 1 0.6625000000000002 1
2 0.6390625 0.575 0.60546875 0.575 0.60546875 0.6677083333333333 0.6390625 0.6677083333333333
3 0.5890625 0.4812500000000001 0.48984375 0.4812500000000001 0.48984375 0.7072916666666667 0.5890625 0.7072916666666667
3 0.7187500000000001 0.8822916666666667 0.571875 0.8822916666666667 0.5718750000000001 1 0.7187500000000002 1
2 0.60625 0.3625000000000001 0.5890625 0.3625000000000001 0.5890625 0.4354166666666668 0.60625 0.4354166666666668
2 0.5828125 0.33437500000000014 0.5578125 0.33437500000000014 0.5578125 0.4093750000000001 0.5828125 0.4093750000000001
1 0.5546875 0.26041666666666674 0.51640625 0.26041666666666674 0.51640625 0.32187500000000013 0.5546875 0.32187500000000013
2 0.5734375 0.24791666666666679 0.55703125 0.24791666666666679 0.55703125 0.2968750000000001 0.5734375 0.2968750000000001
2 0.54609375 0.23020833333333343 0.5359375 0.2302083333333334 0.5359375 0.26770833333333344 0.54609375 0.26770833333333344
1 0.50078125 0.20416666666666672 0.4765625 0.20416666666666672 0.4765625 0.25000000000000006 0.50078125 0.25000000000000006
2 0.51015625 0.17500000000000007 0.49765625 0.17500000000000007 0.49765625 0.2135416666666667 0.51015625 0.2135416666666667
2 0.5109375 0.13229166666666675 0.503125 0.13229166666666675 0.503125 0.15625000000000006 0.5109375 0.15625000000000006
2 0.50703125 0.11145833333333342 0.49921875 0.11145833333333342 0.49921875 0.13020833333333343 0.50703125 0.13020833333333343
2 0.465625 0.12500000000000008 0.4578125 0.12500000000000008 0.4578125 0.15000000000000005 0.465625 0.15000000000000005
1 0.5078125 0.08750000000000009 0.50078125 0.08750000000000009 0.50078125 0.09791666666666675 0.5078125 0.09791666666666675
1 0.5171875 0.08854166666666675 0.50859375 0.08854166666666675 0.50859375 0.10104166666666675 0.5171875 0.10104166666666675