2 0.44453125 0.684375 0.40859375 0.684375 0.40859375 0.8322916666666667 0.44453125 0.8322916666666667
2 0.15234375000000008 0.8072916666666666 0.09843750000000007 0.8072916666666666 0.09843750000000008 0.9770833333333333 0.15234375000000008 0.9770833333333333
2 0.09375000000000007 0.6875 0.06484375000000006 0.6875 0.06484375000000006 0.8177083333333334 0.09375000000000007 0.8177083333333334
2 0.2578125000000001 0.6552083333333333 0.2296875000000001 0.6552083333333333 0.2296875000000001 0.7208333333333333 0.2578125000000001 0.7208333333333333
2 0.3242187500000001 0.56875 0.2921875000000001 0.56875 0.2921875000000001 0.675 0.3242187500000001 0.675
2 0.28593750000000007 0.559375 0.2593750000000001 0.559375 0.2593750000000001 0.6625 0.28593750000000007 0.6625
2 0.25859375000000007 0.6104166666666667 0.22812500000000008 0.6104166666666667 0.22812500000000008 0.6927083333333334 0.25859375000000007 0.6927083333333334
2 0.2960937500000001 0.515625 0.2632812500000001 0.515625 0.2632812500000001 0.5916666666666667 0.2960937500000001 0.5916666666666667
2 0.3656250000000001 0.54375 0.3382812500000001 0.54375 0.3382812500000001 0.6510416666666666 0.3656250000000001 0.6510416666666666
2 0.43984375 0.49062500000000014 0.41640625 0.49062500000000014 0.41640625 0.5822916666666667 0.43984375 0.5822916666666667
2 0.515625 0.44687500000000013 0.484375 0.44687500000000013 0.484375 0.5125000000000001 0.515625 0.5125000000000001
2 0.5140625 0.3781250000000001 0.48671875 0.3781250000000001 0.48671875 0.4427083333333334 0.5140625 0.4427083333333334
2 0.48203125 0.3802083333333334 0.4625 0.3802083333333334 0.4625 0.45520833333333344 0.48203125 0.45520833333333344
2 0.47578125 0.4250000000000001 0.4546875 0.4250000000000001 0.4546875 0.48333333333333345 0.47578125 0.48333333333333345
2 0.46953125 0.4635416666666668 0.44609375 0.4635416666666668 0.44609375 0.5354166666666667 0.46953125 0.5354166666666667
2 0.4328125 0.42395833333333344 0.40859375 0.42395833333333344 0.40859375 0.4968750000000001 0.4328125 0.4968750000000001
2 0.39843750000000006 0.4291666666666668 0.37265625 0.4291666666666668 0.37265625 0.5093750000000001 0.3984375000000001 0.5093750000000001
2 0.38281250000000006 0.47291666666666676 0.3640625 0.47291666666666676 0.36406250000000007 0.5572916666666666 0.3828125000000001 0.5572916666666666
2 0.36484375 0.4541666666666667 0.33671875 0.45416666666666666 0.33671875000000007 0.5156250000000001 0.3648437500000001 0.5156250000000001
2 0.3460937500000001 0.49895833333333334 0.32500000000000007 0.49895833333333334 0.32500000000000007 0.5854166666666667 0.3460937500000001 0.5854166666666667
2 0.33046875000000003 0.4375 0.30859375 0.4375 0.30859375000000006 0.5052083333333334 0.3304687500000001 0.5052083333333334
2 0.31796875 0.46875 0.29140625 0.46875 0.29140625000000003 0.5385416666666667 0.3179687500000001 0.5385416666666667
2 0.32500000000000007 0.4979166666666667 0.2968750000000001 0.4979166666666667 0.2968750000000001 0.571875 0.32500000000000007 0.571875
2 0.4109375 0.3781250000000001 0.3921875 0.3781250000000001 0.3921875 0.4343750000000001 0.4109375 0.4343750000000001
2 0.38671875 0.3666666666666668 0.365625 0.3666666666666668 0.365625 0.4322916666666668 0.38671875 0.4322916666666668
2 0.36640625 0.39583333333333337 0.34140625 0.3958333333333333 0.34140625 0.46666666666666673 0.36640625 0.4666666666666668
2 0.434375 0.3177083333333334 0.41484375 0.3177083333333334 0.41484375 0.3729166666666668 0.434375 0.3729166666666668
2 0.41953125 0.3406250000000001 0.3953125 0.3406250000000001 0.3953125 0.4062500000000001 0.41953125 0.4062500000000001
2 0.396875 0.3406250000000001 0.38125 0.3406250000000001 0.38125 0.3979166666666668 0.396875 0.3979166666666668
2 0.39453125 0.32083333333333347 0.37890625 0.32083333333333347 0.37890625 0.3572916666666668 0.39453125 0.3572916666666668
2 0.41015625 0.3000000000000001 0.3953125 0.3000000000000001 0.3953125 0.3489583333333334 0.41015625 0.3489583333333334
2 0.44140625 0.28020833333333345 0.42109375 0.28020833333333345 0.42109375 0.32083333333333347 0.44140625 0.32083333333333347
2 0.42578125 0.27500000000000013 0.4109375 0.27500000000000013 0.4109375 0.3135416666666668 0.42578125 0.3135416666666668
2 0.4515625 0.28020833333333345 0.4328125 0.28020833333333345 0.4328125 0.32187500000000013 0.4515625 0.32187500000000013
2 0.48984375 0.3020833333333334 0.4796875 0.3020833333333334 0.4796875 0.3593750000000001 0.48984375 0.3593750000000001
2 0.47265625 0.29062500000000013 0.4578125 0.29062500000000013 0.4578125 0.3333333333333334 0.47265625 0.3333333333333334
2 0.47265625 0.2708333333333334 0.4625 0.2708333333333334 0.4625 0.3125000000000001 0.47265625 0.3125000000000001
2 0.46484375 0.2395833333333334 0.44765625 0.2395833333333334 0.44765625 0.28020833333333345 0.46484375 0.28020833333333345
2 0.534375 0.22291666666666674 0.521875 0.22291666666666674 0.521875 0.25625000000000003 0.534375 0.25625000000000003
2 0.528125 0.21250000000000005 0.515625 0.21250000000000005 0.515625 0.24687500000000007 0.528125 0.24687500000000007
2 0.51171875 0.23854166666666674 0.50390625 0.23854166666666674 0.50390625 0.25625000000000003 0.51171875 0.25625000000000003
2 0.49921875 0.22812500000000005 0.48671875 0.22812500000000005 0.48671875 0.2666666666666668 0.49921875 0.2666666666666668
2 0.4875 0.23541666666666672 0.47734375 0.23541666666666672 0.47734375 0.26979166666666676 0.4875 0.26979166666666676
2 0.4796875 0.2489583333333334 0.46875 0.2489583333333334 0.46875 0.2916666666666668 0.4796875 0.2916666666666668
2 0.46328125 0.21562500000000007 0.45078125 0.21562500000000007 0.45078125 0.24166666666666672 0.46328125 0.24166666666666672
2 0.44453125 0.23645833333333338 0.43125 0.23645833333333338 0.43125 0.27187500000000014 0.44453125 0.27187500000000014
2 0.48984375 0.20937500000000006 0.471875 0.20937500000000006 0.471875 0.24687500000000007 0.48984375 0.24687500000000007
2 0.51171875 0.28020833333333345 0.49453125 0.28020833333333345 0.49453125 0.3135416666666668 0.51171875 0.3135416666666668
2 0.49609375 0.28958333333333347 0.48515625 0.28958333333333347 0.48515625 0.32395833333333346 0.49609375 0.32395833333333346
2 0.4703125 0.1958333333333334 0.46171875 0.1958333333333334 0.46171875 0.22812500000000005 0.4703125 0.22812500000000005
2 0.47578125 0.19166666666666674 0.46640625 0.19166666666666674 0.46640625 0.2177083333333334 0.47578125 0.2177083333333334
2 0.48515625 0.19375000000000006 0.47734375 0.19375000000000006 0.47734375 0.21979166666666672 0.48515625 0.21979166666666672
2 0.48359375 0.15729166666666672 0.4765625 0.15729166666666672 0.4765625 0.19062500000000007 0.48359375 0.19062500000000007
2 0.51328125 0.16562500000000005 0.5046875 0.16562500000000005 0.5046875 0.1958333333333334 0.51328125 0.1958333333333334
2 0.48984375 0.14687500000000006 0.4828125 0.14687500000000006 0.4828125 0.16979166666666673 0.48984375 0.16979166666666673
2 0.50078125 0.14270833333333338 0.4921875 0.14270833333333338 0.4921875 0.15416666666666673 0.50078125 0.15416666666666673
2 0.49921875 0.10312500000000009 0.49375 0.10312500000000009 0.49375 0.11770833333333343 0.49921875 0.11770833333333343
2 0.53671875 0.11145833333333342 0.53515625 0.11145833333333342 0.53515625 0.12604166666666675 0.53671875 0.12604166666666675
2 0.53046875 0.1312500000000001 0.52421875 0.1312500000000001 0.52421875 0.14062500000000006 0.53046875 0.14062500000000006
2 0.50703125 0.11041666666666676 0.5 0.11041666666666676 0.5 0.12395833333333342 0.50703125 0.12395833333333342
2 0.4984375 0.1333333333333334 0.4953125 0.1333333333333334 0.4953125 0.14375000000000007 0.4984375 0.14375000000000007
2 0.50390625 0.1395833333333334 0.49765625 0.1395833333333334 0.49765625 0.1552083333333334 0.50390625 0.1552083333333334
2 0.490625 0.1708333333333334 0.4828125 0.1708333333333334 0.4828125 0.18958333333333338 0.490625 0.18958333333333338
2 0.47421875 0.1770833333333334 0.4671875 0.1770833333333334 0.4671875 0.19166666666666674 0.47421875 0.19166666666666674
1 0.42734375 0.5697916666666667 0.3414062500000001 0.5697916666666667 0.3414062500000001 0.7729166666666667 0.42734375 0.7729166666666667
1 0.50859375 0.49375000000000013 0.44375 0.49375000000000013 0.44375 0.628125 0.50859375 0.628125
1 0.4859375000000001 0.8385416666666666 0.38750000000000007 0.8385416666666666 0.38750000000000007 1 0.4859375000000002 1
1 0.30156250000000007 0.7177083333333333 0.17500000000000004 0.7177083333333333 0.17500000000000007 0.934375 0.30156250000000007 0.934375
1 0.471875 0.3260416666666668 0.43125 0.3260416666666668 0.43125 0.40520833333333345 0.471875 0.40520833333333345
1 0.5203125 0.3093750000000001 0.4828125 0.3093750000000001 0.4828125 0.3885416666666668 0.5203125 0.3885416666666668
1 0.52265625 0.25000000000000006 0.4859375 0.25000000000000006 0.4859375 0.30625000000000013 0.52265625 0.30625000000000013
1 0.50859375 0.17291666666666672 0.48359375 0.17291666666666672 0.48359375 0.21562500000000007 0.50859375 0.21562500000000007
1 0.50703125 0.15312500000000007 0.4890625 0.15312500000000007 0.4890625 0.17395833333333338 0.50703125 0.17395833333333338
1 0.52109375 0.1364583333333334 0.5046875 0.1364583333333334 0.5046875 0.1677083333333334 0.52109375 0.1677083333333334
1 0.528125 0.10520833333333342 0.521875 0.10520833333333342 0.521875 0.11666666666666675 0.528125 0.11666666666666675
2 0.5203125 0.12395833333333342 0.51328125 0.12395833333333342 0.51328125 0.1333333333333334 0.5203125 0.1333333333333334
2 0.51328125 0.12291666666666676 0.50546875 0.12291666666666676 0.50546875 0.1333333333333334 0.51328125 0.1333333333333334
2 0.5171875 0.11875000000000009 0.51171875 0.11875000000000009 0.51171875 0.12604166666666675 0.5171875 0.12604166666666675
2 0.51171875 0.11145833333333342 0.50625 0.11145833333333342 0.50625 0.12291666666666676 0.51171875 0.12291666666666676
1 0.51328125 0.10208333333333343 0.5046875 0.10208333333333343 0.5046875 0.11041666666666676 0.51328125 0.11041666666666676
1 0.5203125 0.10729166666666676 0.51328125 0.10729166666666676 0.51328125 0.11875000000000009 0.5203125 0.11875000000000009
0 0.54453125 0.13854166666666676 0.5171875 0.13854166666666673 0.5171875 0.21666666666666676 0.54453125 0.21666666666666679