2 0.425 0.33750000000000013 0.40859375 0.33750000000000013 0.40859375 0.3802083333333334 0.425 0.3802083333333334
2 0.4859375000000001 0.8083333333333333 0.43984375 0.8083333333333333 0.4398437500000001 0.9739583333333334 0.4859375000000002 0.9739583333333334
2 0.4125000000000001 0.8177083333333334 0.3671875000000001 0.8177083333333334 0.3671875000000001 0.98125 0.4125000000000002 0.98125
2 0.2640625000000001 0.9239583333333333 0.2171875000000001 0.9239583333333333 0.2171875000000001 1 0.2640625000000001 1
2 0.23437500000000008 0.8302083333333333 0.1859375000000001 0.8302083333333333 0.1859375000000001 0.9958333333333333 0.23437500000000008 0.9958333333333333
2 0.14843750000000008 0.828125 0.09296875000000007 0.828125 0.09296875000000007 0.9354166666666667 0.14843750000000008 0.9354166666666667
2 0.13437500000000008 0.8864583333333333 0.07656250000000009 0.8864583333333333 0.07656250000000009 1 0.13437500000000008 1
2 0.2468750000000001 0.6645833333333333 0.2062500000000001 0.6645833333333333 0.2062500000000001 0.7979166666666667 0.2468750000000001 0.7979166666666667
2 0.3101562500000001 0.6104166666666667 0.2710937500000001 0.6104166666666667 0.2710937500000001 0.7395833333333334 0.3101562500000001 0.7395833333333334
2 0.2835937500000001 0.5614583333333333 0.24218750000000008 0.5614583333333333 0.24218750000000008 0.6729166666666667 0.2835937500000001 0.6729166666666667
2 0.46015625 0.5677083333333334 0.4109375 0.5677083333333334 0.4109375 0.6875 0.46015625 0.6875
2 0.33671875000000007 0.5041666666666667 0.3078125000000001 0.5041666666666667 0.3078125000000001 0.596875 0.33671875000000007 0.596875
2 0.36875 0.4229166666666667 0.3375 0.42291666666666666 0.3375 0.509375 0.3687500000000001 0.5093750000000001
2 0.32500000000000007 0.47291666666666665 0.3 0.47291666666666665 0.30000000000000004 0.5572916666666666 0.32500000000000007 0.5572916666666666
2 0.34062500000000007 0.415625 0.315625 0.415625 0.31562500000000004 0.4979166666666667 0.34062500000000007 0.4979166666666667
2 0.53125 0.3281250000000001 0.509375 0.3281250000000001 0.509375 0.3885416666666668 0.53125 0.3885416666666668
2 0.47421875 0.33645833333333347 0.459375 0.33645833333333347 0.459375 0.36875000000000013 0.47421875 0.36875000000000013
2 0.503125 0.3250000000000001 0.4890625 0.3250000000000001 0.4890625 0.3468750000000001 0.503125 0.3468750000000001
2 0.496875 0.30312500000000014 0.48515625 0.30312500000000014 0.48515625 0.33958333333333346 0.496875 0.33958333333333346
2 0.48359375 0.3135416666666668 0.47265625 0.3135416666666668 0.47265625 0.35520833333333346 0.48359375 0.35520833333333346
2 0.5265625 0.27187500000000014 0.51328125 0.27187500000000014 0.51328125 0.32395833333333346 0.5265625 0.32395833333333346
2 0.44296875 0.3135416666666668 0.42265625 0.3135416666666668 0.42265625 0.35833333333333345 0.44296875 0.35833333333333345
2 0.41796875 0.31666666666666676 0.4 0.31666666666666676 0.4 0.3760416666666668 0.41796875 0.3760416666666668
2 0.37578125 0.33854166666666674 0.36171875 0.3385416666666667 0.36171875 0.38020833333333337 0.37578125 0.3802083333333334
2 0.40078125 0.3281250000000001 0.38203125 0.3281250000000001 0.38203125 0.3572916666666668 0.40078125 0.3572916666666668
2 0.39453125 0.31145833333333345 0.38046875 0.31145833333333345 0.38046875 0.33020833333333344 0.39453125 0.33020833333333344
2 0.41953125 0.2968750000000001 0.40625 0.2968750000000001 0.40625 0.3281250000000001 0.41953125 0.3281250000000001
2 0.409375 0.2822916666666668 0.39140625 0.2822916666666668 0.39140625 0.33437500000000014 0.409375 0.33437500000000014
2 0.45078125 0.27187500000000014 0.43984375 0.27187500000000014 0.43984375 0.32083333333333347 0.45078125 0.32083333333333347
2 0.51640625 0.25520833333333337 0.503125 0.25520833333333337 0.503125 0.29895833333333344 0.51640625 0.29895833333333344
2 0.53671875 0.25000000000000006 0.521875 0.25000000000000006 0.521875 0.29270833333333346 0.53671875 0.29270833333333346
2 0.4578125 0.22812500000000005 0.44453125 0.22812500000000005 0.44453125 0.26562500000000006 0.4578125 0.26562500000000006
2 0.44609375 0.22500000000000006 0.43515625 0.22500000000000006 0.43515625 0.2583333333333334 0.44609375 0.2583333333333334
2 0.4453125 0.25312500000000004 0.42890625 0.25312500000000004 0.42890625 0.28333333333333344 0.4453125 0.28333333333333344
2 0.425 0.26770833333333344 0.41171875 0.26770833333333344 0.41171875 0.29583333333333345 0.425 0.29583333333333345
2 0.4234375 0.25000000000000006 0.4125 0.25000000000000006 0.4125 0.2687500000000001 0.4234375 0.2687500000000001
2 0.540625 0.2145833333333334 0.528125 0.2145833333333334 0.528125 0.25312500000000004 0.540625 0.25312500000000004
2 0.54609375 0.19687500000000008 0.53125 0.19687500000000005 0.53125 0.22708333333333341 0.54609375 0.22708333333333344
2 0.49140625 0.19062500000000007 0.48046875 0.19062500000000007 0.48046875 0.22187500000000007 0.49140625 0.22187500000000007
2 0.4859375 0.18541666666666673 0.47578125 0.18541666666666673 0.47578125 0.21666666666666673 0.4859375 0.21666666666666673
2 0.53515625 0.17916666666666672 0.525 0.17916666666666672 0.525 0.20937500000000006 0.53515625 0.20937500000000006
2 0.546875 0.1781250000000001 0.53671875 0.17812500000000006 0.53671875 0.20104166666666676 0.546875 0.20104166666666679
2 0.546875 0.15000000000000008 0.540625 0.15000000000000005 0.540625 0.17291666666666675 0.546875 0.17291666666666677
2 0.52421875 0.1458333333333334 0.51875 0.1458333333333334 0.51875 0.16979166666666673 0.52421875 0.16979166666666673
2 0.49609375 0.1364583333333334 0.4859375 0.1364583333333334 0.4859375 0.1552083333333334 0.49609375 0.1552083333333334
2 0.52109375 0.1270833333333334 0.51640625 0.1270833333333334 0.51640625 0.14375000000000007 0.52109375 0.14375000000000007
2 0.53984375 0.1395833333333334 0.528125 0.1395833333333334 0.528125 0.1489583333333334 0.53984375 0.1489583333333334
2 0.51015625 0.1270833333333334 0.50625 0.1270833333333334 0.50625 0.14166666666666672 0.51015625 0.14166666666666672
2 0.5046875 0.12500000000000008 0.4921875 0.12500000000000008 0.4921875 0.14479166666666674 0.5046875 0.14479166666666674
2 0.5 0.1364583333333334 0.49453125 0.1364583333333334 0.49453125 0.15833333333333338 0.5 0.15833333333333338
2 0.49453125 0.09895833333333343 0.49140625 0.09895833333333343 0.49140625 0.1062500000000001 0.49453125 0.1062500000000001
2 0.50390625 0.10208333333333343 0.50234375 0.10208333333333343 0.50234375 0.10937500000000008 0.50390625 0.10937500000000008
2 0.53671875 0.11875000000000009 0.52421875 0.11875000000000009 0.52421875 0.1281250000000001 0.53671875 0.1281250000000001
1 0.3882812500000001 0.6385416666666667 0.28984375000000007 0.6385416666666667 0.28984375000000007 0.83125 0.3882812500000001 0.83125
1 0.42265625 0.46354166666666674 0.35234375 0.4635416666666667 0.35234375000000007 0.6041666666666666 0.42265625 0.6041666666666666
1 0.4546875 0.36145833333333344 0.4046875 0.36145833333333344 0.4046875 0.4510416666666668 0.4546875 0.4510416666666668
1 0.4078125 0.34687500000000004 0.35390625 0.346875 0.35390625 0.4489583333333334 0.4078125 0.44895833333333346
1 0.47890625 0.2781250000000001 0.44453125 0.2781250000000001 0.44453125 0.34270833333333345 0.47890625 0.34270833333333345
1 0.49375 0.25000000000000006 0.4640625 0.25000000000000006 0.4640625 0.30104166666666676 0.49375 0.30104166666666676
1 0.52421875 0.22291666666666674 0.496875 0.22291666666666674 0.496875 0.27500000000000013 0.52421875 0.27500000000000013
1 0.4859375 0.2239583333333334 0.45390625 0.2239583333333334 0.45390625 0.2729166666666668 0.4859375 0.2729166666666668
1 0.515625 0.1927083333333334 0.48984375 0.1927083333333334 0.48984375 0.2302083333333334 0.515625 0.2302083333333334
1 0.54453125 0.15416666666666676 0.51953125 0.15416666666666673 0.51953125 0.17916666666666675 0.54453125 0.17916666666666678
1 0.52265625 0.16875000000000007 0.4953125 0.16875000000000007 0.4953125 0.20416666666666672 0.52265625 0.20416666666666672
1 0.47578125 0.19687500000000005 0.440625 0.19687500000000005 0.440625 0.24166666666666672 0.47578125 0.24166666666666672
1 0.5140625 0.14375000000000007 0.4984375 0.14375000000000007 0.4984375 0.1614583333333334 0.5140625 0.1614583333333334
1 0.51171875 0.15625000000000006 0.4921875 0.15625000000000006 0.4921875 0.1833333333333334 0.51171875 0.1833333333333334
1 0.5234375 0.11875000000000009 0.51171875 0.11875000000000009 0.51171875 0.13750000000000007 0.5234375 0.13750000000000007
1 0.5125 0.10937500000000008 0.49921875 0.10937500000000008 0.49921875 0.12291666666666676 0.5125 0.12291666666666676
1 0.5375 0.1270833333333334 0.52421875 0.1270833333333334 0.52421875 0.14375000000000007 0.5375 0.14375000000000007
3 0.5359375 0.1062500000000001 0.5234375 0.1062500000000001 0.5234375 0.12083333333333342 0.5359375 0.12083333333333342
2 0.51796875 0.10729166666666676 0.51328125 0.10729166666666676 0.51328125 0.11666666666666675 0.51796875 0.11666666666666675
2 0.51484375 0.10000000000000009 0.5078125 0.10000000000000009 0.5078125 0.10729166666666676 0.51484375 0.10729166666666676
2 0.4703125 0.1802083333333334 0.4578125 0.1802083333333334 0.4578125 0.19479166666666672 0.4703125 0.19479166666666672
2 0.4765625 0.15625000000000006 0.46796875 0.15625000000000006 0.46796875 0.17395833333333338 0.4765625 0.17395833333333338
2 0.4390625 0.28541666666666676 0.43046875 0.28541666666666676 0.43046875 0.31145833333333345 0.4390625 0.31145833333333345
2 0.42578125 0.27500000000000013 0.41796875 0.27500000000000013 0.41796875 0.3177083333333334 0.42578125 0.3177083333333334
3 0.4921875 0.15416666666666673 0.471875 0.15416666666666673 0.471875 0.19687500000000005 0.4921875 0.19687500000000005
3 0.5171875 0.3447916666666668 0.4515625 0.3447916666666668 0.4515625 0.5010416666666668 0.5171875 0.5010416666666668
2 0.4984375 0.10729166666666676 0.4921875 0.10729166666666676 0.4921875 0.12291666666666676 0.4984375 0.12291666666666676