2 0.765625 0.6145833333333335 0.725 0.6145833333333334 0.725 0.7322916666666668 0.765625 0.7322916666666669
2 0.809375 0.7697916666666669 0.771875 0.7697916666666669 0.771875 0.9260416666666669 0.809375 0.9260416666666669
2 0.86953125 0.8166666666666669 0.83515625 0.8166666666666669 0.83515625 0.9760416666666669 0.86953125 0.9760416666666669
2 0.96640625 0.8687500000000002 0.91640625 0.8687500000000002 0.91640625 1.0000000000000002 0.96640625 1.0000000000000002
2 0.88984375 0.9625000000000002 0.85859375 0.9625000000000002 0.85859375 1.0000000000000002 0.88984375 1.0000000000000002
2 0.74765625 0.5375000000000001 0.7203125 0.5375 0.7203125 0.6468750000000001 0.74765625 0.6468750000000002
2 0.66171875 0.4947916666666668 0.63359375 0.4947916666666668 0.63359375 0.5979166666666667 0.66171875 0.5979166666666667
2 0.67421875 0.4583333333333334 0.6484375 0.4583333333333334 0.6484375 0.5552083333333333 0.67421875 0.5552083333333333
1 0.60625 0.6083333333333333 0.5375 0.6083333333333333 0.5375 0.78125 0.60625 0.78125
1 0.68671875 0.5989583333333334 0.61640625 0.5989583333333334 0.61640625 0.7729166666666667 0.68671875 0.7729166666666667
1 0.6304687500000001 0.784375 0.5375 0.784375 0.5375000000000001 1 0.6304687500000001 1
1 0.7601562500000001 0.8479166666666668 0.6640625 0.8479166666666667 0.6640625000000001 1.0000000000000002 0.7601562500000002 1.0000000000000002
3 0.5984375 0.29062500000000013 0.553125 0.29062500000000013 0.553125 0.46770833333333345 0.5984375 0.46770833333333345
2 0.53828125 0.39687500000000014 0.51875 0.39687500000000014 0.51875 0.4812500000000001 0.53828125 0.4812500000000001
2 0.5234375 0.34270833333333345 0.50546875 0.34270833333333345 0.50546875 0.41041666666666676 0.5234375 0.41041666666666676
2 0.6328125 0.33958333333333346 0.61640625 0.33958333333333346 0.61640625 0.4041666666666668 0.6328125 0.4041666666666668
2 0.5375 0.24375000000000005 0.525 0.24375000000000005 0.525 0.28750000000000014 0.5375 0.28750000000000014
2 0.584375 0.2552083333333334 0.565625 0.2552083333333334 0.565625 0.29895833333333344 0.584375 0.29895833333333344
2 0.54453125 0.21145833333333341 0.53125 0.2114583333333334 0.53125 0.2510416666666668 0.54453125 0.2510416666666668
2 0.525 0.1833333333333334 0.515625 0.1833333333333334 0.515625 0.2177083333333334 0.525 0.2177083333333334
2 0.48203125 0.13229166666666675 0.47421875 0.13229166666666675 0.47421875 0.16979166666666673 0.48203125 0.16979166666666673
2 0.50546875 0.1354166666666667 0.4921875 0.1354166666666667 0.4921875 0.1645833333333334 0.50546875 0.1645833333333334
2 0.49921875 0.10729166666666676 0.4921875 0.10729166666666676 0.4921875 0.12604166666666675 0.49921875 0.12604166666666675
2 0.50234375 0.09479166666666676 0.49453125 0.09479166666666676 0.49453125 0.10937500000000008 0.50234375 0.10937500000000008
2 0.509375 0.09375000000000008 0.50390625 0.09375000000000008 0.50390625 0.10729166666666676 0.509375 0.10729166666666676
2 0.51875 0.14479166666666674 0.509375 0.14479166666666674 0.509375 0.17604166666666674 0.51875 0.17604166666666674