1 0.8109375 0.5468750000000001 0.6953125 0.546875 0.6953125 0.7552083333333335 0.8109375 0.7552083333333336
1 0.5390625 0.20520833333333338 0.5046875 0.20520833333333338 0.5046875 0.2760416666666668 0.5390625 0.2760416666666668
1 0.50234375 0.10729166666666676 0.48984375 0.10729166666666676 0.48984375 0.1364583333333334 0.50234375 0.1364583333333334
1 0.50234375 0.09479166666666676 0.48359375 0.09479166666666676 0.48359375 0.11666666666666675 0.50234375 0.11666666666666675
3 0.47734375 0.08958333333333342 0.46171875 0.08958333333333342 0.46171875 0.13229166666666675 0.47734375 0.13229166666666675
3 0.4765625 0.1062500000000001 0.45546875 0.1062500000000001 0.45546875 0.1552083333333334 0.4765625 0.1552083333333334
3 0.4984375 0.13854166666666673 0.45234375 0.13854166666666673 0.45234375 0.2687500000000001 0.4984375 0.2687500000000001
2 0.48515625 0.10937500000000008 0.475 0.10937500000000008 0.475 0.13020833333333343 0.48515625 0.13020833333333343
2 0.49453125 0.1333333333333334 0.48671875 0.1333333333333334 0.48671875 0.15625000000000006 0.49453125 0.15625000000000006
2 0.503125 0.12604166666666675 0.4953125 0.12604166666666675 0.4953125 0.1510416666666667 0.503125 0.1510416666666667
2 0.50546875 0.14687500000000006 0.49296875 0.14687500000000006 0.49296875 0.1708333333333334 0.50546875 0.1708333333333334
2 0.50625 0.16979166666666673 0.49921875 0.16979166666666673 0.49921875 0.1979166666666667 0.50625 0.1979166666666667
2 0.59765625 0.2822916666666668 0.575 0.2822916666666668 0.575 0.35000000000000014 0.59765625 0.35000000000000014
2 0.63828125 0.3447916666666668 0.6125 0.3447916666666668 0.6125 0.4291666666666668 0.63828125 0.4291666666666668