1 0.4984375 0.14791666666666672 0.478125 0.14791666666666672 0.478125 0.1958333333333334 0.4984375 0.1958333333333334
1 0.43984375 0.2614583333333334 0.4015625 0.2614583333333334 0.4015625 0.33750000000000013 0.43984375 0.33750000000000013
1 0.45390625000000007 0.8583333333333333 0.34843750000000007 0.8583333333333333 0.34843750000000007 1 0.4539062500000002 1
1 0.3703125000000001 0.6666666666666666 0.2500000000000001 0.6666666666666666 0.2500000000000001 0.9291666666666667 0.3703125000000001 0.9291666666666667
3 0.28203125000000007 0.8135416666666667 0.12656250000000008 0.8135416666666667 0.12656250000000008 1 0.28203125000000007 1
3 0.50546875 0.4291666666666668 0.4296875 0.4291666666666668 0.4296875 0.665625 0.50546875 0.665625
2 0.5046875 0.09583333333333342 0.49375 0.09583333333333342 0.49375 0.11354166666666675 0.5046875 0.11354166666666675
2 0.49765625 0.3260416666666668 0.471875 0.3260416666666668 0.471875 0.4062500000000001 0.49765625 0.4062500000000001
2 0.34375000000000006 0.43125 0.32109375 0.43125 0.32109375000000007 0.5041666666666667 0.3437500000000001 0.5041666666666667
2 0.3429687500000001 0.525 0.31328125000000007 0.525 0.31328125000000007 0.6364583333333333 0.3429687500000001 0.6364583333333333
2 0.27812500000000007 0.55625 0.2492187500000001 0.55625 0.2492187500000001 0.6770833333333334 0.27812500000000007 0.6770833333333334
2 0.1476562500000001 0.8822916666666667 0.10312500000000009 0.8822916666666667 0.10312500000000009 1 0.1476562500000001 1