2 0.9328125 0.9104166666666669 0.90078125 0.9104166666666669 0.90078125 1.0000000000000002 0.9328125 1.0000000000000002
2 0.87265625 0.7656250000000002 0.83515625 0.7656250000000002 0.83515625 0.8750000000000002 0.87265625 0.8750000000000002
2 0.7953125 0.7041666666666669 0.75859375 0.7041666666666669 0.75859375 0.7593750000000002 0.7953125 0.7593750000000002
2 0.77890625 0.6468750000000002 0.75078125 0.6468750000000002 0.75078125 0.7229166666666669 0.77890625 0.7229166666666669
2 0.73125 0.6000000000000001 0.6984375 0.6 0.6984375 0.6864583333333335 0.73125 0.6864583333333336
2 0.7328125 0.5385416666666668 0.71015625 0.5385416666666667 0.71015625 0.6114583333333334 0.7328125 0.6114583333333335
2 0.6984375 0.540625 0.678125 0.540625 0.678125 0.6145833333333334 0.6984375 0.6145833333333334
2 0.6875 0.49375000000000013 0.6671875 0.49375000000000013 0.6671875 0.5645833333333333 0.6875 0.5645833333333333
2 0.71953125 0.48645833333333344 0.69765625 0.48645833333333344 0.69765625 0.553125 0.71953125 0.553125
2 0.70078125 0.45520833333333344 0.68046875 0.45520833333333344 0.68046875 0.5218750000000001 0.70078125 0.5218750000000001
2 0.66015625 0.4656250000000001 0.64609375 0.4656250000000001 0.64609375 0.5270833333333335 0.66015625 0.5270833333333335
2 0.67421875 0.44166666666666676 0.65390625 0.44166666666666676 0.65390625 0.5041666666666668 0.67421875 0.5041666666666668
2 0.6390625 0.43333333333333346 0.62109375 0.43333333333333346 0.62109375 0.4968750000000001 0.6390625 0.4968750000000001
2 0.64609375 0.4093750000000001 0.6296875 0.4093750000000001 0.6296875 0.46250000000000013 0.64609375 0.46250000000000013
2 0.6625 0.3885416666666668 0.646875 0.3885416666666668 0.646875 0.44895833333333346 0.6625 0.44895833333333346
3 0.62890625 0.3697916666666668 0.56328125 0.3697916666666668 0.56328125 0.5291666666666668 0.62890625 0.5291666666666668
2 0.6328125 0.3750000000000001 0.61640625 0.3750000000000001 0.61640625 0.43020833333333347 0.6328125 0.43020833333333347
2 0.64296875 0.3645833333333334 0.62734375 0.3645833333333334 0.62734375 0.4166666666666668 0.64296875 0.4166666666666668
2 0.62734375 0.33750000000000013 0.61328125 0.33750000000000013 0.61328125 0.3854166666666668 0.62734375 0.3854166666666668
2 0.5890625 0.34583333333333344 0.57734375 0.34583333333333344 0.57734375 0.3750000000000001 0.5890625 0.3750000000000001
2 0.609375 0.3416666666666668 0.59375 0.3416666666666668 0.59375 0.3750000000000001 0.609375 0.3750000000000001
1 0.51953125 0.33750000000000013 0.48359375 0.33750000000000013 0.48359375 0.41458333333333347 0.51953125 0.41458333333333347
2 0.54296875 0.3250000000000001 0.52734375 0.3250000000000001 0.52734375 0.3666666666666668 0.54296875 0.3666666666666668
2 0.53046875 0.3072916666666668 0.51875 0.3072916666666668 0.51875 0.34270833333333345 0.53046875 0.34270833333333345
2 0.55 0.30104166666666676 0.534375 0.30104166666666676 0.534375 0.33958333333333346 0.55 0.33958333333333346
2 0.52890625 0.29583333333333345 0.5140625 0.29583333333333345 0.5140625 0.32708333333333345 0.52890625 0.32708333333333345
1 0.57265625 0.34583333333333344 0.534375 0.34583333333333344 0.534375 0.4250000000000001 0.57265625 0.4250000000000001
2 0.57421875 0.3229166666666668 0.559375 0.3229166666666668 0.559375 0.3604166666666668 0.57421875 0.3604166666666668
2 0.5828125 0.30104166666666676 0.5734375 0.30104166666666676 0.5734375 0.3437500000000001 0.5828125 0.3437500000000001
2 0.58984375 0.29583333333333345 0.5796875 0.29583333333333345 0.5796875 0.3416666666666668 0.58984375 0.3416666666666668
2 0.61015625 0.32083333333333347 0.5984375 0.32083333333333347 0.5984375 0.35208333333333347 0.61015625 0.35208333333333347
2 0.60390625 0.30104166666666676 0.59140625 0.30104166666666676 0.59140625 0.3333333333333334 0.60390625 0.3333333333333334
2 0.6171875 0.30833333333333346 0.6109375 0.30833333333333346 0.6109375 0.33750000000000013 0.6171875 0.33750000000000013
2 0.55234375 0.26979166666666676 0.54296875 0.26979166666666676 0.54296875 0.30312500000000014 0.55234375 0.30312500000000014
1 0.5140625 0.3000000000000001 0.478125 0.3000000000000001 0.478125 0.3593750000000001 0.5140625 0.3593750000000001
2 0.51796875 0.27187500000000014 0.51015625 0.27187500000000014 0.51015625 0.2937500000000001 0.51796875 0.2937500000000001
2 0.52421875 0.26354166666666673 0.51875 0.26354166666666673 0.51875 0.2864583333333334 0.52421875 0.2864583333333334
2 0.53671875 0.2666666666666668 0.52578125 0.2666666666666668 0.52578125 0.28958333333333347 0.53671875 0.28958333333333347
2 0.54296875 0.2583333333333334 0.5328125 0.2583333333333334 0.5328125 0.2885416666666668 0.54296875 0.2885416666666668
2 0.5578125 0.24791666666666679 0.54765625 0.24791666666666679 0.54765625 0.2864583333333334 0.5578125 0.2864583333333334
2 0.56875 0.2572916666666668 0.55625 0.2572916666666668 0.55625 0.2968750000000001 0.56875 0.2968750000000001
2 0.5796875 0.2760416666666668 0.56875 0.2760416666666668 0.56875 0.30625000000000013 0.5796875 0.30625000000000013
2 0.5984375 0.27395833333333347 0.58671875 0.27395833333333347 0.58671875 0.3000000000000001 0.5984375 0.3000000000000001
2 0.60078125 0.28541666666666676 0.59140625 0.28541666666666676 0.59140625 0.30312500000000014 0.60078125 0.30312500000000014
2 0.58046875 0.24583333333333346 0.56875 0.24583333333333346 0.56875 0.2760416666666668 0.58046875 0.2760416666666668
2 0.54140625 0.24375000000000005 0.53671875 0.24375000000000005 0.53671875 0.2760416666666668 0.54140625 0.2760416666666668
2 0.51015625 0.2791666666666668 0.5015625 0.2791666666666668 0.5015625 0.31666666666666676 0.51015625 0.31666666666666676
2 0.48671875 0.28020833333333345 0.475 0.28020833333333345 0.475 0.30833333333333346 0.48671875 0.30833333333333346
2 0.47734375 0.22187500000000007 0.46328125 0.22187500000000007 0.46328125 0.25729166666666675 0.47734375 0.25729166666666675
2 0.50234375 0.24166666666666672 0.471875 0.24166666666666672 0.471875 0.2979166666666668 0.50234375 0.2979166666666668
2 0.48515625 0.21979166666666672 0.47578125 0.21979166666666672 0.47578125 0.2447916666666667 0.48515625 0.2447916666666667
2 0.51640625 0.2510416666666667 0.50859375 0.2510416666666667 0.50859375 0.27187500000000014 0.51640625 0.27187500000000014
2 0.53203125 0.2270833333333334 0.5203125 0.2270833333333334 0.5203125 0.2583333333333334 0.53203125 0.2583333333333334
1 0.50859375 0.20937500000000006 0.48828125 0.20937500000000006 0.48828125 0.25520833333333337 0.50859375 0.25520833333333337
2 0.5234375 0.22187500000000007 0.51328125 0.22187500000000007 0.51328125 0.2489583333333334 0.5234375 0.2489583333333334
1 0.47890625 0.1958333333333334 0.459375 0.1958333333333334 0.459375 0.22812500000000005 0.47890625 0.22812500000000005
2 0.4890625 0.18958333333333338 0.4796875 0.18958333333333338 0.4796875 0.21875000000000006 0.4890625 0.21875000000000006
1 0.47734375 0.1802083333333334 0.45625 0.1802083333333334 0.45625 0.2020833333333334 0.47734375 0.2020833333333334
2 0.48359375 0.17604166666666674 0.478125 0.17604166666666674 0.478125 0.1989583333333334 0.48359375 0.1989583333333334
1 0.4765625 0.1520833333333334 0.4578125 0.1520833333333334 0.4578125 0.1802083333333334 0.4765625 0.1802083333333334
2 0.4890625 0.1666666666666667 0.4828125 0.1666666666666667 0.4828125 0.18750000000000006 0.4890625 0.18750000000000006
1 0.515625 0.1770833333333334 0.5 0.1770833333333334 0.5 0.21250000000000005 0.515625 0.21250000000000005
2 0.5234375 0.18437500000000007 0.515625 0.18437500000000007 0.515625 0.21250000000000005 0.5234375 0.21250000000000005
1 0.50625 0.1666666666666667 0.49375 0.1666666666666667 0.49375 0.18958333333333338 0.50625 0.18958333333333338
2 0.52578125 0.16250000000000006 0.51875 0.16250000000000006 0.51875 0.1822916666666667 0.52578125 0.1822916666666667
1 0.54453125 0.18229166666666677 0.52265625 0.1822916666666667 0.52265625 0.2250000000000001 0.54453125 0.22500000000000012
2 0.52890625 0.1645833333333334 0.525 0.1645833333333334 0.525 0.18750000000000006 0.52890625 0.18750000000000006
1 0.4953125 0.1395833333333334 0.4828125 0.1395833333333334 0.4828125 0.1666666666666667 0.4953125 0.1666666666666667
1 0.515625 0.14375000000000007 0.5015625 0.14375000000000007 0.5015625 0.17395833333333338 0.515625 0.17395833333333338
2 0.52421875 0.1552083333333334 0.51640625 0.1552083333333334 0.51640625 0.16875000000000007 0.52421875 0.16875000000000007
1 0.47421875 0.1354166666666667 0.4546875 0.1354166666666667 0.4546875 0.15729166666666672 0.47421875 0.15729166666666672
2 0.47421875 0.13020833333333343 0.4671875 0.13020833333333343 0.4671875 0.14479166666666674 0.47421875 0.14479166666666674
2 0.478125 0.14270833333333338 0.471875 0.14270833333333338 0.471875 0.1666666666666667 0.478125 0.1666666666666667
2 0.48046875 0.1395833333333334 0.475 0.1395833333333334 0.475 0.15625000000000006 0.48046875 0.15625000000000006
1 0.63203125 0.728125 0.5171875 0.728125 0.5171875000000001 1 0.6320312500000002 1
1 0.54453125 0.4166666666666668 0.48984375 0.4166666666666668 0.48984375 0.5479166666666667 0.54453125 0.5479166666666667
1 0.471875 0.11979166666666675 0.45390625 0.11979166666666675 0.45390625 0.1364583333333334 0.471875 0.1364583333333334
1 0.475 0.10520833333333342 0.4609375 0.10520833333333342 0.4609375 0.12500000000000008 0.475 0.12500000000000008
1 0.49296875 0.11354166666666675 0.47578125 0.11354166666666675 0.47578125 0.1395833333333334 0.49296875 0.1395833333333334
1 0.50546875 0.11875000000000009 0.49453125 0.11875000000000009 0.49453125 0.1354166666666667 0.50546875 0.1354166666666667
1 0.490625 0.10312500000000009 0.478125 0.10312500000000009 0.478125 0.11666666666666675 0.490625 0.11666666666666675
1 0.4953125 0.09479166666666676 0.48671875 0.09479166666666676 0.48671875 0.10729166666666676 0.4953125 0.10729166666666676
1 0.50234375 0.10520833333333342 0.4921875 0.10520833333333342 0.4921875 0.11770833333333343 0.50234375 0.11770833333333343
1 0.5046875 0.10208333333333343 0.49609375 0.10208333333333343 0.49609375 0.10833333333333342 0.5046875 0.10833333333333342
1 0.5640625 0.2062500000000001 0.5375 0.20625000000000007 0.5375 0.2500000000000001 0.5640625 0.2500000000000001
0 0.4796875 0.08333333333333343 0.465625 0.08333333333333343 0.465625 0.10520833333333342 0.4796875 0.10520833333333342