3 0.5015625 0.47500000000000014 0.425 0.47500000000000014 0.425 0.703125 0.5015625 0.703125
3 0.4414062500000001 0.8479166666666667 0.2945312500000001 0.8479166666666667 0.2945312500000001 1 0.44140625000000017 1
2 0.5039062500000001 0.965625 0.45859375 0.965625 0.4585937500000001 1 0.5039062500000002 1
2 0.04765625000000008 0.7770833333333333 0.0023437500000000715 0.7770833333333333 0.002343750000000078 0.9239583333333333 0.04765625000000009 0.9239583333333333
2 0.1789062500000001 0.8614583333333333 0.13046875000000008 0.8614583333333333 0.13046875000000008 1 0.1789062500000001 1
2 0.12265625000000009 0.9583333333333334 0.09296875000000009 0.9583333333333334 0.09296875000000009 1 0.12265625000000009 1
2 0.2351562500000001 0.809375 0.19687500000000008 0.809375 0.19687500000000008 0.9802083333333333 0.2351562500000001 0.9802083333333333
2 0.27812500000000007 0.7145833333333333 0.2367187500000001 0.7145833333333333 0.2367187500000001 0.8510416666666667 0.27812500000000007 0.8510416666666667
2 0.40546875 0.7135416666666666 0.3656250000000001 0.7135416666666666 0.3656250000000001 0.8489583333333334 0.40546875 0.8489583333333334
2 0.41484375 0.6416666666666667 0.38750000000000007 0.6416666666666667 0.38750000000000007 0.75625 0.41484375 0.75625
2 0.35859375000000004 0.48333333333333334 0.33203125 0.48333333333333334 0.33203125000000006 0.5802083333333333 0.3585937500000001 0.5802083333333333
2 0.42890625 0.5250000000000001 0.40234375 0.5250000000000001 0.40234375 0.6354166666666666 0.42890625 0.6354166666666666
2 0.32343750000000004 0.4791666666666667 0.3078125 0.4791666666666667 0.30781250000000004 0.503125 0.3234375000000001 0.503125
2 0.52578125 0.4854166666666668 0.49765625 0.4854166666666668 0.49765625 0.5916666666666667 0.52578125 0.5916666666666667
2 0.375 0.35625000000000007 0.35390625 0.35625 0.35390625 0.42812500000000003 0.375 0.42812500000000014
2 0.35078125000000004 0.415625 0.33046875 0.415625 0.33046875000000003 0.4947916666666667 0.3507812500000001 0.4947916666666667
2 0.33671875 0.40520833333333334 0.31484375 0.40520833333333334 0.31484375 0.48125 0.33671875 0.48125
2 0.46171875 0.20520833333333338 0.45078125 0.20520833333333338 0.45078125 0.24166666666666672 0.46171875 0.24166666666666672
2 0.48984375 0.17187500000000006 0.48203125 0.17187500000000006 0.48203125 0.20416666666666672 0.48984375 0.20416666666666672
2 0.515625 0.15312500000000007 0.5078125 0.15312500000000007 0.5078125 0.17916666666666672 0.515625 0.17916666666666672
2 0.5078125 0.14375000000000007 0.50078125 0.14375000000000007 0.50078125 0.16979166666666673 0.5078125 0.16979166666666673
2 0.48515625 0.15416666666666673 0.47734375 0.15416666666666673 0.47734375 0.17916666666666672 0.48515625 0.17916666666666672
2 0.46953125 0.18541666666666673 0.46171875 0.18541666666666673 0.46171875 0.2135416666666667 0.46953125 0.2135416666666667
2 0.4765625 0.17187500000000006 0.46953125 0.17187500000000006 0.46953125 0.20520833333333338 0.4765625 0.20520833333333338
2 0.5 0.1218750000000001 0.4921875 0.1218750000000001 0.4921875 0.13854166666666673 0.5 0.13854166666666673
2 0.496875 0.14062500000000006 0.490625 0.14062500000000006 0.490625 0.15833333333333338 0.496875 0.15833333333333338
2 0.49921875 0.1510416666666667 0.49140625 0.1510416666666667 0.49140625 0.17500000000000007 0.49921875 0.17500000000000007
1 0.5203125 0.11875000000000009 0.50625 0.11875000000000009 0.50625 0.14375000000000007 0.5203125 0.14375000000000007
1 0.5296875 0.1270833333333334 0.51484375 0.1270833333333334 0.51484375 0.15625000000000006 0.5296875 0.15625000000000006
3 0.54609375 0.13437500000000008 0.5265625 0.13437500000000005 0.5265625 0.18229166666666677 0.54609375 0.1822916666666668
1 0.51015625 0.1864583333333334 0.4859375 0.1864583333333334 0.4859375 0.23229166666666673 0.51015625 0.23229166666666673
1 0.50390625 0.17604166666666674 0.49140625 0.17604166666666674 0.49140625 0.18750000000000006 0.50390625 0.18750000000000006
1 0.3859375000000001 0.5927083333333333 0.3000000000000001 0.5927083333333333 0.3000000000000001 0.7791666666666667 0.3859375000000001 0.7791666666666667
1 0.41171875 0.4989583333333334 0.3460937500000001 0.49895833333333334 0.3460937500000001 0.6166666666666667 0.41171875 0.6166666666666667
1 0.33281250000000007 0.50625 0.24765625000000008 0.50625 0.24765625000000008 0.6916666666666667 0.33281250000000007 0.6916666666666667
1 0.2656250000000001 0.6291666666666667 0.13671875000000006 0.6291666666666667 0.13671875000000006 0.8958333333333334 0.2656250000000001 0.8958333333333334
1 0.3343750000000001 0.7739583333333333 0.20859375000000008 0.7739583333333333 0.20859375000000008 1 0.3343750000000001 1
1 0.4664062500000001 0.753125 0.37968750000000007 0.753125 0.37968750000000007 1 0.4664062500000002 1