2 0.90078125 0.8156250000000003 0.8359375 0.8156250000000003 0.8359375 0.9666666666666669 0.90078125 0.9666666666666669
2 0.7375 0.6562500000000001 0.7 0.65625 0.7 0.7739583333333334 0.7375 0.7739583333333335
2 0.57109375 0.4270833333333334 0.5390625 0.4270833333333334 0.5390625 0.49062500000000014 0.57109375 0.49062500000000014
2 0.62890625 0.32083333333333347 0.61875 0.32083333333333347 0.61875 0.3468750000000001 0.62890625 0.3468750000000001
2 0.61328125 0.33645833333333347 0.60078125 0.33645833333333347 0.60078125 0.3729166666666668 0.61328125 0.3729166666666668
2 0.60234375 0.3406250000000001 0.5828125 0.3406250000000001 0.5828125 0.3781250000000001 0.60234375 0.3781250000000001
2 0.58125 0.32083333333333347 0.57109375 0.32083333333333347 0.57109375 0.3468750000000001 0.58125 0.3468750000000001
2 0.60859375 0.30833333333333346 0.5953125 0.30833333333333346 0.5953125 0.3260416666666668 0.60859375 0.3260416666666668
2 0.61796875 0.29895833333333344 0.60546875 0.29895833333333344 0.60546875 0.3177083333333334 0.61796875 0.3177083333333334
2 0.5859375 0.3072916666666668 0.57421875 0.3072916666666668 0.57421875 0.33229166666666676 0.5859375 0.33229166666666676
2 0.53046875 0.30104166666666676 0.5125 0.30104166666666676 0.5125 0.34583333333333344 0.53046875 0.34583333333333344
2 0.51171875 0.2885416666666668 0.5015625 0.2885416666666668 0.5015625 0.3135416666666668 0.51171875 0.3135416666666668
2 0.4828125 0.26250000000000007 0.46875 0.26250000000000007 0.46875 0.31458333333333344 0.4828125 0.31458333333333344
2 0.5875 0.27395833333333347 0.57265625 0.27395833333333347 0.57265625 0.30833333333333346 0.5875 0.30833333333333346
2 0.57890625 0.2437500000000001 0.5625 0.2437500000000001 0.5625 0.2916666666666668 0.57890625 0.2916666666666668
2 0.50078125 0.14791666666666672 0.4921875 0.14791666666666672 0.4921875 0.1645833333333334 0.50078125 0.1645833333333334
2 0.48046875 0.11979166666666675 0.47421875 0.11979166666666675 0.47421875 0.14479166666666674 0.48046875 0.14479166666666674
2 0.503125 0.10104166666666675 0.4953125 0.10104166666666675 0.4953125 0.12291666666666676 0.503125 0.12291666666666676
1 0.47109375 0.11770833333333343 0.459375 0.11770833333333343 0.459375 0.14062500000000006 0.47109375 0.14062500000000006
1 0.49609375 0.13229166666666675 0.4828125 0.13229166666666675 0.4828125 0.15625000000000006 0.49609375 0.15625000000000006
1 0.52265625 0.22604166666666672 0.5046875 0.22604166666666672 0.5046875 0.2666666666666668 0.52265625 0.2666666666666668
1 0.53828125 0.25625000000000003 0.51328125 0.25625000000000003 0.51328125 0.2916666666666668 0.53828125 0.2916666666666668
1 0.56015625 0.27187500000000014 0.5265625 0.27187500000000014 0.5265625 0.3156250000000001 0.56015625 0.3156250000000001
1 0.55234375 0.30833333333333346 0.5265625 0.30833333333333346 0.5265625 0.3645833333333334 0.55234375 0.3645833333333334
1 0.50390625 0.27708333333333346 0.47578125 0.27708333333333346 0.47578125 0.3104166666666668 0.50390625 0.3104166666666668
1 0.51484375 0.3104166666666668 0.47578125 0.3104166666666668 0.47578125 0.3781250000000001 0.51484375 0.3781250000000001
1 0.5296875 0.3447916666666668 0.48828125 0.3447916666666668 0.48828125 0.3781250000000001 0.5296875 0.3781250000000001
1 0.57734375 0.3385416666666668 0.5484375 0.3385416666666668 0.5484375 0.40833333333333344 0.57734375 0.40833333333333344
1 0.65390625 0.3541666666666668 0.6078125 0.3541666666666668 0.6078125 0.41770833333333346 0.65390625 0.41770833333333346
1 0.61796875 0.37083333333333346 0.5703125 0.37083333333333346 0.5703125 0.4562500000000001 0.61796875 0.4562500000000001
1 0.67265625 0.39687500000000014 0.621875 0.39687500000000014 0.621875 0.47500000000000014 0.67265625 0.47500000000000014
1 0.6125 0.4531250000000001 0.5625 0.4531250000000001 0.5625 0.5572916666666666 0.6125 0.5572916666666666
3 0.53515625 0.3760416666666668 0.4828125 0.3760416666666668 0.4828125 0.5208333333333335 0.53515625 0.5208333333333335
1 0.728125 0.5083333333333334 0.6421875 0.5083333333333334 0.6421875 0.6458333333333335 0.728125 0.6458333333333336
1 0.66015625 0.559375 0.5890625 0.559375 0.5890625 0.703125 0.66015625 0.703125
3 0.58046875 0.5635416666666667 0.50859375 0.5635416666666667 0.50859375 0.8447916666666667 0.58046875 0.8447916666666667
1 0.6218750000000001 0.8895833333333333 0.5375 0.8895833333333333 0.5375000000000001 1 0.6218750000000002 1
1 0.80390625 0.7614583333333335 0.67890625 0.7614583333333333 0.67890625 1.0000000000000002 0.80390625 1.0000000000000002