1 0.6210937500000001 0.9354166666666667 0.52265625 0.9354166666666667 0.52265625 1 0.6210937500000002 1
2 0.60078125 0.7958333333333333 0.5109375 0.7958333333333333 0.5109375 0.934375 0.60078125 0.934375
1 0.78046875 0.8458333333333334 0.66328125 0.8458333333333333 0.66328125 1.0000000000000002 0.7804687500000002 1.0000000000000002
1 0.72890625 0.6802083333333334 0.61484375 0.6802083333333333 0.61484375 0.8791666666666668 0.72890625 0.8791666666666669
1 0.67109375 0.5250000000000001 0.59375 0.5250000000000001 0.59375 0.6875 0.67109375 0.6875
3 0.596875 0.5114583333333335 0.4859375 0.5114583333333335 0.4859375 0.8052083333333333 0.596875 0.8052083333333333
1 0.54375 0.4687500000000001 0.49453125 0.4687500000000001 0.49453125 0.5520833333333334 0.54375 0.5520833333333334
1 0.53515625 0.3916666666666668 0.4828125 0.3916666666666668 0.4828125 0.48645833333333344 0.53515625 0.48645833333333344
1 0.51640625 0.24791666666666673 0.4765625 0.24791666666666673 0.4765625 0.3260416666666668 0.51640625 0.3260416666666668
1 0.51328125 0.11458333333333343 0.49375 0.11458333333333343 0.49375 0.15000000000000005 0.51328125 0.15000000000000005
1 0.4921875 0.10416666666666675 0.478125 0.10416666666666675 0.478125 0.12604166666666675 0.4921875 0.12604166666666675
1 0.5078125 0.09270833333333342 0.49765625 0.09270833333333342 0.49765625 0.11666666666666675 0.5078125 0.11666666666666675
2 0.47734375 0.10312500000000009 0.4703125 0.10312500000000009 0.4703125 0.12604166666666675 0.47734375 0.12604166666666675
2 0.4828125 0.11562500000000009 0.47421875 0.11562500000000009 0.47421875 0.14270833333333338 0.4828125 0.14270833333333338
2 0.4921875 0.11666666666666675 0.48515625 0.11666666666666675 0.48515625 0.14375000000000007 0.4921875 0.14375000000000007
2 0.52109375 0.16041666666666674 0.5140625 0.16041666666666674 0.5140625 0.1833333333333334 0.52109375 0.1833333333333334
2 0.5265625 0.16875000000000007 0.51875 0.16875000000000007 0.51875 0.1979166666666667 0.5265625 0.1979166666666667
2 0.54296875 0.21250000000000005 0.52734375 0.21250000000000005 0.52734375 0.26041666666666674 0.54296875 0.26041666666666674
2 0.55859375 0.23645833333333346 0.546875 0.23645833333333346 0.546875 0.26145833333333346 0.55859375 0.26145833333333346
2 0.56796875 0.22395833333333345 0.5515625 0.22395833333333345 0.5515625 0.25937500000000013 0.56796875 0.25937500000000013
2 0.60859375 0.2822916666666668 0.5953125 0.2822916666666668 0.5953125 0.3135416666666668 0.60859375 0.3135416666666668
2 0.62421875 0.3229166666666668 0.6109375 0.3229166666666668 0.6109375 0.3697916666666668 0.62421875 0.3697916666666668
2 0.5625 0.4427083333333334 0.5421875 0.4427083333333334 0.5421875 0.5156250000000001 0.5625 0.5156250000000001
2 0.53828125 0.3593750000000001 0.51484375 0.3593750000000001 0.51484375 0.4229166666666668 0.53828125 0.4229166666666668
2 0.68125 0.41770833333333346 0.6515625 0.41770833333333346 0.6515625 0.48020833333333346 0.68125 0.48020833333333346
2 0.67578125 0.45520833333333344 0.64609375 0.45520833333333344 0.64609375 0.540625 0.67578125 0.540625
0 0.62109375 0.25729166666666675 0.5296875 0.25729166666666675 0.5296875 0.4375000000000001 0.62109375 0.4375000000000001
3 0.64921875 0.3385416666666668 0.5609375 0.3385416666666668 0.5609375 0.5375 0.64921875 0.5375
2 0.68828125 0.5479166666666667 0.66484375 0.5479166666666667 0.66484375 0.65625 0.68828125 0.65625
2 0.7171875 0.5250000000000001 0.69140625 0.5250000000000001 0.69140625 0.58125 0.7171875 0.58125
2 0.721875 0.553125 0.6875 0.553125 0.6875 0.6333333333333333 0.721875 0.6333333333333333
2 0.709375 0.5958333333333333 0.68515625 0.5958333333333333 0.68515625 0.69375 0.709375 0.69375
2 0.73125 0.6520833333333335 0.703125 0.6520833333333333 0.703125 0.7604166666666667 0.73125 0.7604166666666669
2 0.77734375 0.5656250000000003 0.74375 0.5656250000000003 0.74375 0.6708333333333336 0.77734375 0.6708333333333336
2 0.7515625 0.5947916666666669 0.72734375 0.5947916666666669 0.72734375 0.6781250000000002 0.7515625 0.6781250000000002
2 0.75078125 0.6447916666666669 0.72578125 0.6447916666666669 0.72578125 0.7395833333333336 0.75078125 0.7395833333333336
2 0.78046875 0.6510416666666669 0.75546875 0.6510416666666669 0.75546875 0.7458333333333336 0.78046875 0.7458333333333336
2 0.77890625 0.7020833333333336 0.74609375 0.7020833333333336 0.74609375 0.7947916666666669 0.77890625 0.7947916666666669
2 0.759375 0.7343750000000002 0.72890625 0.7343750000000002 0.72890625 0.8604166666666669 0.759375 0.8604166666666669
2 0.7984375000000001 0.8239583333333336 0.7640625 0.8239583333333336 0.7640625000000001 0.9739583333333336 0.7984375000000001 0.9739583333333336
2 0.80703125 0.7697916666666669 0.77109375 0.7697916666666669 0.77109375 0.9083333333333335 0.80703125 0.9083333333333335
2 0.8203125 0.6968750000000002 0.7890625 0.6968750000000002 0.7890625 0.8427083333333336 0.8203125 0.8427083333333336
2 0.83515625 0.6718750000000002 0.80625 0.6718750000000002 0.80625 0.8072916666666669 0.83515625 0.8072916666666669
2 0.8734375 0.7416666666666669 0.8421875 0.7416666666666669 0.8421875 0.8552083333333336 0.8734375 0.8552083333333336
2 0.859375 0.7791666666666669 0.8203125 0.7791666666666669 0.8203125 0.8927083333333335 0.859375 0.8927083333333335
2 0.8578125 0.8572916666666669 0.8203125 0.8572916666666669 0.8203125 0.9791666666666669 0.8578125 0.9791666666666669
2 0.84296875 0.9072916666666669 0.8015625 0.9072916666666669 0.8015625 0.9989583333333336 0.84296875 0.9989583333333336
2 0.925 0.7062500000000003 0.8734375 0.7062500000000003 0.8734375 0.8375000000000002 0.925 0.8375000000000002
2 0.9015625 0.8562500000000003 0.86484375 0.8562500000000003 0.86484375 0.9833333333333336 0.9015625 0.9833333333333336
2 0.91796875 0.8270833333333336 0.88203125 0.8270833333333336 0.88203125 0.9614583333333335 0.91796875 0.9614583333333335
2 0.91328125 0.9520833333333336 0.875 0.9520833333333336 0.875 1.0000000000000002 0.91328125 1.0000000000000002
2 0.9375 0.9354166666666669 0.9140625 0.9354166666666669 0.9140625 1.0000000000000002 0.9375 1.0000000000000002
2 0.98984375 0.9020833333333336 0.9359375 0.9020833333333336 0.9359375 0.9968750000000003 0.98984375 0.9968750000000003