1 0.2906250000000001 0.8072916666666666 0.1703125000000001 0.8072916666666666 0.1703125000000001 1 0.2906250000000001 1
1 0.2523437500000001 0.7041666666666667 0.13203125000000004 0.7041666666666667 0.13203125000000007 0.90625 0.2523437500000001 0.90625
1 0.3820312500000001 0.6083333333333333 0.2648437500000001 0.6083333333333333 0.2648437500000001 0.8104166666666667 0.3820312500000001 0.8104166666666667
1 0.3968750000000001 0.5177083333333334 0.3351562500000001 0.5177083333333333 0.3351562500000001 0.653125 0.3968750000000001 0.653125
1 0.42578125 0.42812500000000014 0.36875 0.42812500000000014 0.36875 0.5135416666666668 0.42578125 0.5135416666666668
1 0.36796875 0.38229166666666675 0.31875 0.38229166666666664 0.31875 0.4677083333333334 0.36796875 0.46770833333333345
1 0.42734375 0.3802083333333334 0.3890625 0.3802083333333334 0.3890625 0.43333333333333346 0.42734375 0.43333333333333346
1 0.44609375 0.3354166666666668 0.40390625 0.3354166666666668 0.40390625 0.3885416666666668 0.44609375 0.3885416666666668
1 0.4609375 0.2864583333333334 0.42265625 0.2864583333333334 0.42265625 0.35312500000000013 0.4609375 0.35312500000000013
1 0.5203125 0.24166666666666672 0.49921875 0.24166666666666672 0.49921875 0.2843750000000001 0.5203125 0.2843750000000001
1 0.475 0.26354166666666673 0.44765625 0.26354166666666673 0.44765625 0.2916666666666668 0.475 0.2916666666666668
1 0.47734375 0.23854166666666674 0.446875 0.23854166666666674 0.446875 0.2666666666666668 0.47734375 0.2666666666666668
1 0.45625 0.22291666666666674 0.42734375 0.22291666666666674 0.42734375 0.2645833333333334 0.45625 0.2645833333333334
1 0.49375 0.23229166666666673 0.4703125 0.23229166666666673 0.4703125 0.25625000000000003 0.49375 0.25625000000000003
1 0.53125 0.2302083333333334 0.5078125 0.2302083333333334 0.5078125 0.2541666666666667 0.53125 0.2541666666666667
1 0.534375 0.20625000000000007 0.5078125 0.20625000000000007 0.5078125 0.2333333333333334 0.534375 0.2333333333333334
1 0.490625 0.20729166666666674 0.475 0.20729166666666674 0.475 0.2302083333333334 0.490625 0.2302083333333334
1 0.46796875 0.20312500000000006 0.44296875 0.20312500000000006 0.44296875 0.2302083333333334 0.46796875 0.2302083333333334
1 0.49765625 0.1958333333333334 0.471875 0.1958333333333334 0.471875 0.22083333333333338 0.49765625 0.22083333333333338
1 0.50625 0.1864583333333334 0.48515625 0.1864583333333334 0.48515625 0.2135416666666667 0.50625 0.2135416666666667
1 0.5125 0.17500000000000007 0.49296875 0.17500000000000007 0.49296875 0.19687500000000005 0.5125 0.19687500000000005
1 0.54140625 0.16250000000000006 0.52578125 0.16250000000000006 0.52578125 0.18750000000000006 0.54140625 0.18750000000000006
1 0.5421875 0.14479166666666674 0.52890625 0.14479166666666674 0.52890625 0.1666666666666667 0.5421875 0.1666666666666667
1 0.5140625 0.1520833333333334 0.49453125 0.1520833333333334 0.49453125 0.17187500000000006 0.5140625 0.17187500000000006
1 0.51328125 0.11770833333333343 0.49921875 0.11770833333333343 0.49921875 0.1489583333333334 0.51328125 0.1489583333333334
3 0.51640625 0.08437500000000009 0.50234375 0.08437500000000009 0.50234375 0.1062500000000001 0.51640625 0.1062500000000001
3 0.51953125 0.2864583333333334 0.4671875 0.2864583333333334 0.4671875 0.4427083333333334 0.51953125 0.4427083333333334
3 0.4859375 0.42812500000000014 0.38828125 0.42812500000000014 0.38828125 0.7208333333333333 0.4859375 0.7208333333333333
3 0.32890625000000007 0.46875 0.2125 0.46875 0.21250000000000005 0.6552083333333333 0.32890625000000007 0.6552083333333333
3 0.4750000000000001 0.73125 0.3546875000000001 0.73125 0.3546875000000001 1 0.4750000000000002 1
2 0.32500000000000007 0.9614583333333333 0.2812500000000001 0.9614583333333333 0.2812500000000001 1 0.32500000000000007 1
2 0.16562500000000008 0.9364583333333333 0.11093750000000009 0.9364583333333333 0.11093750000000009 1 0.16562500000000008 1
2 0.3539062500000001 0.8510416666666667 0.3070312500000001 0.8510416666666667 0.3070312500000001 0.9708333333333333 0.3539062500000001 0.9708333333333333
2 0.51484375 0.9260416666666667 0.4640625 0.9260416666666667 0.4640625000000001 1 0.5148437500000002 1
2 0.5140625 0.790625 0.47421875 0.790625 0.47421875 0.9166666666666666 0.5140625 0.9166666666666666
2 0.3531250000000001 0.7864583333333334 0.3164062500000001 0.7864583333333334 0.3164062500000001 0.8989583333333333 0.3531250000000001 0.8989583333333333
2 0.5171875 0.6989583333333333 0.47109375 0.6989583333333333 0.47109375 0.7958333333333333 0.5171875 0.7958333333333333
2 0.51953125 0.6416666666666667 0.48515625 0.6416666666666667 0.48515625 0.7489583333333333 0.51953125 0.7489583333333333
2 0.2843750000000001 0.6333333333333333 0.24609375000000008 0.6333333333333333 0.24609375000000008 0.740625 0.2843750000000001 0.740625
2 0.509375 0.5947916666666667 0.4796875 0.5947916666666667 0.4796875 0.6760416666666667 0.509375 0.6760416666666667
2 0.51796875 0.49375000000000013 0.4828125 0.49375000000000013 0.4828125 0.5770833333333333 0.51796875 0.5770833333333333
2 0.5140625 0.46145833333333347 0.48984375 0.46145833333333347 0.48984375 0.5197916666666668 0.5140625 0.5197916666666668
2 0.52109375 0.43020833333333347 0.4921875 0.43020833333333347 0.4921875 0.4760416666666668 0.52109375 0.4760416666666668
2 0.3593750000000001 0.4979166666666667 0.3312500000000001 0.4979166666666667 0.3312500000000001 0.546875 0.3593750000000001 0.546875
2 0.35156250000000006 0.4552083333333333 0.32578125 0.4552083333333333 0.32578125 0.5114583333333333 0.3515625000000001 0.5114583333333333
2 0.37578125000000007 0.45104166666666673 0.34765625 0.4510416666666667 0.34765625000000006 0.5145833333333334 0.37578125000000007 0.5145833333333335
2 0.38671875 0.41979166666666673 0.359375 0.4197916666666667 0.359375 0.4625000000000001 0.38671875 0.46250000000000013
2 0.4671875 0.38125000000000014 0.4375 0.38125000000000014 0.4375 0.4218750000000001 0.4671875 0.4218750000000001
2 0.4625 0.3562500000000001 0.43828125 0.3562500000000001 0.43828125 0.3822916666666668 0.4625 0.3822916666666668
2 0.46796875 0.3250000000000001 0.4515625 0.3250000000000001 0.4515625 0.35520833333333346 0.46796875 0.35520833333333346
2 0.4953125 0.25520833333333337 0.47734375 0.25520833333333337 0.47734375 0.28020833333333345 0.4953125 0.28020833333333345
2 0.496875 0.24166666666666672 0.4796875 0.24166666666666672 0.4796875 0.26979166666666676 0.496875 0.26979166666666676
2 0.50546875 0.22500000000000006 0.4921875 0.22500000000000006 0.4921875 0.24687500000000007 0.50546875 0.24687500000000007
2 0.525 0.1864583333333334 0.50859375 0.1864583333333334 0.50859375 0.20625000000000007 0.525 0.20625000000000007
2 0.52421875 0.11145833333333342 0.5140625 0.11145833333333342 0.5140625 0.12500000000000008 0.52421875 0.12500000000000008
2 0.52734375 0.1270833333333334 0.51328125 0.1270833333333334 0.51328125 0.13750000000000007 0.52734375 0.13750000000000007
2 0.5015625 0.09791666666666675 0.4921875 0.09791666666666675 0.4921875 0.10729166666666676 0.5015625 0.10729166666666676
2 0.50703125 0.11458333333333343 0.49765625 0.11458333333333343 0.49765625 0.12500000000000008 0.50703125 0.12500000000000008
2 0.4984375 0.11041666666666676 0.49296875 0.11041666666666676 0.49296875 0.12395833333333342 0.4984375 0.12395833333333342
2 0.5015625 0.12604166666666675 0.4953125 0.12604166666666675 0.4953125 0.14166666666666672 0.5015625 0.14166666666666672
2 0.49765625 0.13020833333333343 0.4875 0.13020833333333343 0.4875 0.14791666666666672 0.49765625 0.14791666666666672
2 0.49921875 0.1510416666666667 0.48984375 0.1510416666666667 0.48984375 0.15833333333333338 0.49921875 0.15833333333333338
2 0.49921875 0.15833333333333338 0.48515625 0.15833333333333338 0.48515625 0.17187500000000006 0.49921875 0.17187500000000006
2 0.48671875 0.15729166666666672 0.47421875 0.15729166666666672 0.47421875 0.17187500000000006 0.48671875 0.17187500000000006
2 0.5125 0.10833333333333342 0.503125 0.10833333333333342 0.503125 0.11770833333333343 0.5125 0.11770833333333343
2 0.359375 0.365625 0.34140625 0.365625 0.34140625 0.3885416666666667 0.359375 0.3885416666666667
2 0.37734375 0.37291666666666673 0.35703125 0.3729166666666667 0.35703125 0.4083333333333334 0.37734375 0.40833333333333344
2 0.39453125 0.36145833333333344 0.38046875 0.36145833333333344 0.38046875 0.4041666666666668 0.39453125 0.4041666666666668
2 0.3671875 0.3458333333333334 0.3484375 0.3458333333333333 0.3484375 0.36666666666666675 0.3671875 0.3666666666666668
2 0.375 0.3614583333333334 0.35625 0.3614583333333333 0.35625 0.38541666666666674 0.375 0.3854166666666668
2 0.384375 0.3447916666666668 0.36875 0.3447916666666668 0.36875 0.36875000000000013 0.384375 0.36875000000000013
2 0.4015625 0.34791666666666676 0.38203125 0.34791666666666676 0.38203125 0.3729166666666668 0.4015625 0.3729166666666668
2 0.38515625 0.3312500000000001 0.36875 0.3312500000000001 0.36875 0.35312500000000013 0.38515625 0.35312500000000013
2 0.39296875 0.31875000000000014 0.378125 0.31875000000000014 0.378125 0.33645833333333347 0.39296875 0.33645833333333347
2 0.41171875 0.33020833333333344 0.3953125 0.33020833333333344 0.3953125 0.3604166666666668 0.41171875 0.3604166666666668
2 0.4234375 0.3093750000000001 0.409375 0.3093750000000001 0.409375 0.3385416666666668 0.4234375 0.3385416666666668
2 0.40625 0.32083333333333347 0.3890625 0.32083333333333347 0.3890625 0.34583333333333344 0.40625 0.34583333333333344
2 0.43359375 0.29895833333333344 0.41875 0.29895833333333344 0.41875 0.3281250000000001 0.43359375 0.3281250000000001
2 0.47421875 0.16875000000000007 0.4640625 0.16875000000000007 0.4640625 0.18541666666666673 0.47421875 0.18541666666666673
2 0.48125 0.17187500000000006 0.47109375 0.17187500000000006 0.47109375 0.19166666666666674 0.48125 0.19166666666666674
2 0.48828125 0.17604166666666674 0.478125 0.17604166666666674 0.478125 0.19375000000000006 0.48828125 0.19375000000000006
2 0.49609375 0.16979166666666673 0.4890625 0.16979166666666673 0.4890625 0.1864583333333334 0.49609375 0.1864583333333334
2 0.471875 0.1864583333333334 0.4609375 0.1864583333333334 0.4609375 0.20312500000000006 0.471875 0.20312500000000006
2 0.43984375 0.1802083333333334 0.43828125 0.1802083333333334 0.43828125 0.18125000000000005 0.43984375 0.18125000000000005
2 0.4765625 0.18541666666666673 0.4671875 0.18541666666666673 0.4671875 0.20000000000000007 0.4765625 0.20000000000000007
2 0.4125 0.2645833333333334 0.3953125 0.2645833333333334 0.3953125 0.28020833333333345 0.4125 0.28020833333333345
2 0.42265625 0.2666666666666668 0.41171875 0.2666666666666668 0.41171875 0.2781250000000001 0.42265625 0.2781250000000001
2 0.43671875 0.26979166666666676 0.421875 0.26979166666666676 0.421875 0.2843750000000001 0.43671875 0.2843750000000001
2 0.446875 0.27500000000000013 0.43515625 0.27500000000000013 0.43515625 0.28541666666666676 0.446875 0.28541666666666676
2 0.39453125 0.3020833333333334 0.37734375 0.3020833333333334 0.37734375 0.3229166666666668 0.39453125 0.3229166666666668
2 0.403125 0.30625000000000013 0.39296875 0.30625000000000013 0.39296875 0.32395833333333346 0.403125 0.32395833333333346
2 0.41171875 0.27708333333333346 0.40390625 0.27708333333333346 0.40390625 0.30520833333333347 0.41171875 0.30520833333333347
2 0.4 0.28333333333333344 0.38984375 0.28333333333333344 0.38984375 0.30625000000000013 0.4 0.30625000000000013
2 0.42421875 0.2822916666666668 0.4125 0.2822916666666668 0.4125 0.30625000000000013 0.42421875 0.30625000000000013
2 0.409375 0.30520833333333347 0.4 0.30520833333333347 0.4 0.3260416666666668 0.409375 0.3260416666666668
2 0.44453125 0.2489583333333334 0.43671875 0.2489583333333334 0.43671875 0.27395833333333347 0.44453125 0.27395833333333347
2 0.43125 0.2489583333333334 0.42421875 0.2489583333333334 0.42421875 0.2729166666666668 0.43125 0.2729166666666668
2 0.4234375 0.24687500000000007 0.4171875 0.24687500000000007 0.4171875 0.26979166666666676 0.4234375 0.26979166666666676