2 0.6679687500000001 0.934375 0.63046875 0.934375 0.6304687500000001 1 0.6679687500000002 1
2 0.66640625 0.81875 0.62421875 0.81875 0.62421875 0.9541666666666667 0.66640625 0.9541666666666667
2 0.68203125 0.7583333333333333 0.64921875 0.7583333333333333 0.64921875 0.903125 0.68203125 0.903125
2 0.81171875 0.8906250000000002 0.775 0.8906250000000002 0.7750000000000001 1.0000000000000002 0.81171875 1.0000000000000002
2 0.7343750000000001 0.8781250000000002 0.66953125 0.878125 0.6695312500000001 1.0000000000000002 0.7343750000000002 1.0000000000000002
2 0.9234375 0.8697916666666669 0.8953125 0.8697916666666669 0.8953125 0.9947916666666669 0.9234375 0.9947916666666669
2 0.9546875 0.8489583333333336 0.909375 0.8489583333333336 0.909375 0.9927083333333335 0.9546875 0.9927083333333335
2 0.95234375 0.9510416666666669 0.90703125 0.9510416666666669 0.90703125 1.0000000000000002 0.95234375 1.0000000000000002
2 0.88359375 0.7750000000000002 0.834375 0.7750000000000002 0.834375 0.9489583333333336 0.88359375 0.9489583333333336
2 0.8359375 0.7989583333333335 0.7984375 0.7989583333333335 0.7984375 0.9270833333333336 0.8359375 0.9270833333333336
2 0.8703125 0.8822916666666669 0.8234375 0.8822916666666669 0.8234375 1.0000000000000002 0.8703125 1.0000000000000002
2 0.8875 0.9906250000000002 0.875 0.9906250000000002 0.875 1.0000000000000002 0.8875 1.0000000000000002
2 0.84140625 0.7218750000000003 0.809375 0.7218750000000003 0.809375 0.8260416666666669 0.84140625 0.8260416666666669
2 0.834375 0.6604166666666669 0.7953125 0.6604166666666669 0.7953125 0.7531250000000003 0.834375 0.7531250000000003
2 0.8078125 0.7343750000000002 0.76796875 0.7343750000000002 0.76796875 0.8645833333333336 0.8078125 0.8645833333333336
2 0.79453125 0.6729166666666669 0.75234375 0.6729166666666669 0.75234375 0.7760416666666669 0.79453125 0.7760416666666669
2 0.80390625 0.6229166666666669 0.7625 0.6229166666666669 0.7625 0.7312500000000003 0.80390625 0.7312500000000003
2 0.7453125 0.6270833333333334 0.7078125 0.6270833333333333 0.7078125 0.6958333333333334 0.7453125 0.6958333333333335
2 0.70859375 0.5802083333333333 0.6765625 0.5802083333333333 0.6765625 0.6833333333333333 0.70859375 0.6833333333333333
2 0.76875 0.5656250000000003 0.73671875 0.5656250000000003 0.73671875 0.6458333333333336 0.76875 0.6458333333333336
2 0.73984375 0.5760416666666668 0.71171875 0.5760416666666667 0.71171875 0.6447916666666668 0.73984375 0.6447916666666669
2 0.70546875 0.5458333333333333 0.66875 0.5458333333333333 0.66875 0.6302083333333334 0.70546875 0.6302083333333334
2 0.73046875 0.5354166666666668 0.69921875 0.5354166666666667 0.69921875 0.6187500000000001 0.73046875 0.6187500000000002
2 0.75390625 0.4947916666666668 0.7171875 0.4947916666666668 0.7171875 0.5822916666666668 0.75390625 0.5822916666666669
2 0.71796875 0.44375000000000014 0.69296875 0.44375000000000014 0.69296875 0.54375 0.71796875 0.54375
2 0.66171875 0.47500000000000014 0.63359375 0.47500000000000014 0.63359375 0.559375 0.66171875 0.559375
2 0.67890625 0.5114583333333335 0.64609375 0.5114583333333335 0.64609375 0.6041666666666666 0.67890625 0.6041666666666666
2 0.51796875 0.546875 0.484375 0.546875 0.484375 0.6447916666666667 0.51796875 0.6447916666666667
2 0.5015625 0.4635416666666668 0.475 0.4635416666666668 0.475 0.5614583333333333 0.5015625 0.5614583333333333
2 0.5890625 0.56875 0.56328125 0.56875 0.56328125 0.6760416666666667 0.5890625 0.6760416666666667
2 0.61328125 0.625 0.57578125 0.625 0.57578125 0.75625 0.61328125 0.75625
2 0.63984375 0.6947916666666667 0.60390625 0.6947916666666667 0.60390625 0.8354166666666667 0.63984375 0.8354166666666667
2 0.565625 0.3937500000000001 0.53828125 0.3937500000000001 0.53828125 0.4666666666666668 0.565625 0.4666666666666668
2 0.49453125 0.3572916666666668 0.4765625 0.3572916666666668 0.4765625 0.4135416666666668 0.49453125 0.4135416666666668
2 0.53515625 0.29895833333333344 0.5203125 0.29895833333333344 0.5203125 0.35312500000000013 0.53515625 0.35312500000000013
2 0.54765625 0.3104166666666668 0.53203125 0.3104166666666668 0.53203125 0.37395833333333345 0.54765625 0.37395833333333345
2 0.59609375 0.3447916666666668 0.57734375 0.3447916666666668 0.57734375 0.3875000000000001 0.59609375 0.3875000000000001
2 0.6265625 0.31875000000000014 0.61328125 0.31875000000000014 0.61328125 0.3697916666666668 0.6265625 0.3697916666666668
2 0.6140625 0.3572916666666668 0.596875 0.3572916666666668 0.596875 0.41041666666666676 0.6140625 0.41041666666666676
2 0.628125 0.3750000000000001 0.61640625 0.3750000000000001 0.61640625 0.4250000000000001 0.628125 0.4250000000000001
2 0.6421875 0.36562500000000014 0.63046875 0.36562500000000014 0.63046875 0.3760416666666668 0.6421875 0.3760416666666668
2 0.621875 0.3916666666666668 0.59765625 0.3916666666666668 0.59765625 0.4656250000000001 0.621875 0.4656250000000001
2 0.6859375 0.4166666666666668 0.671875 0.4166666666666668 0.671875 0.4791666666666668 0.6859375 0.4791666666666668
2 0.49609375 0.2083333333333334 0.48203125 0.2083333333333334 0.48203125 0.24375000000000005 0.49609375 0.24375000000000005
2 0.50703125 0.2020833333333334 0.49765625 0.2020833333333334 0.49765625 0.23541666666666672 0.50703125 0.23541666666666672
2 0.50546875 0.1666666666666667 0.49609375 0.1666666666666667 0.49609375 0.19375000000000006 0.50546875 0.19375000000000006
2 0.540625 0.17812500000000006 0.5234375 0.17812500000000006 0.5234375 0.2083333333333334 0.540625 0.2083333333333334
2 0.51640625 0.17812500000000006 0.503125 0.17812500000000006 0.503125 0.21666666666666673 0.51640625 0.21666666666666673
2 0.5015625 0.1354166666666667 0.49296875 0.1354166666666667 0.49296875 0.1552083333333334 0.5015625 0.1552083333333334
2 0.48203125 0.11250000000000009 0.475 0.11250000000000009 0.475 0.13020833333333343 0.48203125 0.13020833333333343
2 0.49140625 0.11041666666666676 0.48515625 0.11041666666666676 0.48515625 0.1270833333333334 0.49140625 0.1270833333333334
2 0.50703125 0.11770833333333343 0.50078125 0.11770833333333343 0.50078125 0.1333333333333334 0.50703125 0.1333333333333334
2 0.51953125 0.13437500000000005 0.51015625 0.13437500000000005 0.51015625 0.15312500000000007 0.51953125 0.15312500000000007
2 0.4953125 0.09687500000000009 0.48984375 0.09687500000000009 0.48984375 0.10729166666666676 0.4953125 0.10729166666666676
1 0.6109375000000001 0.73125 0.5234375 0.73125 0.5234375000000001 0.990625 0.6109375000000001 0.990625
1 0.6445312500000002 0.971875 0.5609375000000002 0.971875 0.5609375000000002 1 0.6445312500000002 1
1 0.7921875000000002 0.9729166666666668 0.7125000000000001 0.9729166666666667 0.7125000000000001 1.0000000000000002 0.7921875000000002 1.0000000000000002
1 0.78125 0.6916666666666668 0.66796875 0.6916666666666667 0.66796875 0.9031250000000001 0.78125 0.9031250000000003
1 0.6875 0.5395833333333333 0.59375 0.5395833333333333 0.59375 0.7229166666666667 0.6875 0.7229166666666667
1 0.58515625 0.58125 0.503125 0.58125 0.503125 0.7604166666666666 0.58515625 0.7604166666666666
1 0.56953125 0.46250000000000013 0.49921875 0.46250000000000013 0.49921875 0.5989583333333334 0.56953125 0.5989583333333334
1 0.640625 0.4666666666666668 0.5796875 0.4666666666666668 0.5796875 0.58125 0.640625 0.58125
1 0.54609375 0.4031250000000001 0.49140625 0.4031250000000001 0.49140625 0.49375000000000013 0.54609375 0.49375000000000013
1 0.5359375 0.36770833333333347 0.484375 0.36770833333333347 0.484375 0.4510416666666668 0.5359375 0.4510416666666668
1 0.60703125 0.3979166666666668 0.55859375 0.3979166666666668 0.55859375 0.5083333333333334 0.60703125 0.5083333333333334
1 0.58125 0.35208333333333347 0.54609375 0.35208333333333347 0.54609375 0.4166666666666668 0.58125 0.4166666666666668
1 0.60859375 0.29270833333333346 0.5625 0.29270833333333346 0.5625 0.36562500000000014 0.60859375 0.36562500000000014
1 0.6921875 0.38125000000000014 0.61953125 0.38125000000000014 0.61953125 0.5197916666666668 0.6921875 0.5197916666666668
1 0.53203125 0.30625000000000013 0.48828125 0.30625000000000013 0.48828125 0.3916666666666668 0.53203125 0.3916666666666668
1 0.54453125 0.2406250000000001 0.50625 0.24062500000000006 0.50625 0.3104166666666668 0.54453125 0.3104166666666668
1 0.571875 0.2093750000000001 0.54140625 0.20937500000000006 0.54140625 0.2781250000000001 0.571875 0.2781250000000001
1 0.49296875 0.23125000000000007 0.46796875 0.23125000000000007 0.46796875 0.2708333333333334 0.49296875 0.2708333333333334
1 0.49609375 0.2541666666666667 0.47109375 0.2541666666666667 0.47109375 0.29895833333333344 0.49609375 0.29895833333333344
1 0.503125 0.2791666666666668 0.47578125 0.2791666666666668 0.47578125 0.34583333333333344 0.503125 0.34583333333333344
1 0.50625 0.09375000000000008 0.49921875 0.09375000000000008 0.49921875 0.10833333333333342 0.50625 0.10833333333333342