1 0.48203125 0.5520833333333334 0.40234375 0.5520833333333334 0.40234375 0.7385416666666667 0.48203125 0.7385416666666667
1 0.37968750000000007 0.690625 0.2687500000000001 0.690625 0.2687500000000001 0.946875 0.37968750000000007 0.946875
1 0.51015625 0.18958333333333338 0.48203125 0.18958333333333338 0.48203125 0.25729166666666675 0.51015625 0.25729166666666675
2 0.51953125 0.12291666666666676 0.5140625 0.12291666666666676 0.5140625 0.1458333333333334 0.51953125 0.1458333333333334
1 0.52265625 0.11458333333333343 0.51328125 0.11458333333333343 0.51328125 0.1333333333333334 0.52265625 0.1333333333333334
1 0.53125 0.09375000000000008 0.52109375 0.09375000000000008 0.52109375 0.12395833333333342 0.53125 0.12395833333333342
2 0.49921875 0.09270833333333342 0.49453125 0.09270833333333342 0.49453125 0.10937500000000008 0.49921875 0.10937500000000008
2 0.51484375 0.13020833333333343 0.50859375 0.13020833333333343 0.50859375 0.1510416666666667 0.51484375 0.1510416666666667
2 0.5078125 0.15312500000000007 0.5 0.15312500000000007 0.5 0.17604166666666674 0.5078125 0.17604166666666674
2 0.5078125 0.1395833333333334 0.5015625 0.1395833333333334 0.5015625 0.15729166666666672 0.5078125 0.15729166666666672
2 0.50390625 0.12916666666666676 0.49765625 0.12916666666666676 0.49765625 0.1458333333333334 0.50390625 0.1458333333333334
2 0.496875 0.13437500000000005 0.48984375 0.13437500000000005 0.48984375 0.16250000000000006 0.496875 0.16250000000000006
2 0.50078125 0.1645833333333334 0.49453125 0.1645833333333334 0.49453125 0.19166666666666674 0.50078125 0.19166666666666674
2 0.49375 0.17500000000000007 0.4859375 0.17500000000000007 0.4859375 0.2020833333333334 0.49375 0.2020833333333334
2 0.4640625 0.20104166666666673 0.45546875 0.20104166666666673 0.45546875 0.2302083333333334 0.4640625 0.2302083333333334
2 0.446875 0.2614583333333334 0.434375 0.2614583333333334 0.434375 0.30833333333333346 0.446875 0.30833333333333346
2 0.43515625 0.3000000000000001 0.42265625 0.3000000000000001 0.42265625 0.3593750000000001 0.43515625 0.3593750000000001
2 0.4140625 0.2947916666666668 0.39921875 0.2947916666666668 0.39921875 0.3489583333333334 0.4140625 0.3489583333333334
2 0.3609375 0.43854166666666666 0.3390625 0.43854166666666666 0.33906250000000004 0.528125 0.3609375000000001 0.528125
2 0.3546875 0.403125 0.3375 0.403125 0.3375 0.471875 0.3546875 0.471875
2 0.2750000000000001 0.7041666666666667 0.24218750000000008 0.7041666666666667 0.24218750000000008 0.8125 0.2750000000000001 0.8125
2 0.2515625000000001 0.765625 0.21640625000000008 0.765625 0.21640625000000008 0.8979166666666667 0.2515625000000001 0.8979166666666667
2 0.2140625000000001 0.6916666666666667 0.17421875000000003 0.6916666666666667 0.17421875000000006 0.80625 0.2140625000000001 0.80625
2 0.23593750000000008 0.6239583333333333 0.2000000000000001 0.6239583333333333 0.2000000000000001 0.7229166666666667 0.23593750000000008 0.7229166666666667
2 0.08359375000000009 0.8645833333333334 0.028125000000000077 0.8645833333333334 0.028125000000000084 1 0.08359375000000009 1
2 0.1492187500000001 0.8177083333333334 0.11250000000000009 0.8177083333333334 0.11250000000000009 0.9614583333333333 0.1492187500000001 0.9614583333333333
2 0.1671875000000001 0.8572916666666667 0.1296875000000001 0.8572916666666667 0.1296875000000001 0.9989583333333333 0.1671875000000001 0.9989583333333333
2 0.2140625000000001 0.89375 0.1570312500000001 0.89375 0.1570312500000001 1 0.2140625000000001 1
2 0.4820312500000001 0.9083333333333333 0.41953125 0.9083333333333333 0.4195312500000001 1 0.4820312500000002 1
2 0.4062500000000001 0.93125 0.3554687500000001 0.93125 0.3554687500000001 1 0.40625000000000017 1
2 0.3234375000000001 0.9697916666666667 0.2843750000000001 0.9697916666666667 0.2843750000000001 1 0.3234375000000001 1
2 0.2500000000000001 0.9572916666666667 0.2093750000000001 0.9572916666666667 0.2093750000000001 1 0.2500000000000001 1