2 0.89375 0.9208333333333336 0.8546875 0.9208333333333336 0.8546875 1.0000000000000002 0.89375 1.0000000000000002
2 0.84140625 0.9697916666666669 0.7835937500000002 0.9697916666666669 0.7835937500000002 1.0000000000000002 0.84140625 1.0000000000000002
2 0.63359375 0.46770833333333345 0.57421875 0.46770833333333345 0.57421875 0.5854166666666667 0.63359375 0.5854166666666667
2 0.6671875 0.41041666666666676 0.62890625 0.41041666666666676 0.62890625 0.47708333333333347 0.6671875 0.47708333333333347
1 0.5578125 0.36875000000000013 0.484375 0.36875000000000013 0.484375 0.5114583333333335 0.5578125 0.5114583333333335
2 0.55703125 0.3281250000000001 0.53125 0.3281250000000001 0.53125 0.42604166666666676 0.55703125 0.42604166666666676
2 0.58046875 0.32187500000000013 0.56015625 0.32187500000000013 0.56015625 0.40520833333333345 0.58046875 0.40520833333333345
2 0.625 0.3041666666666668 0.578125 0.3041666666666668 0.578125 0.37916666666666676 0.625 0.37916666666666676
1 0.53125 0.21250000000000005 0.46640625 0.21250000000000005 0.46640625 0.3572916666666668 0.53125 0.3572916666666668
2 0.53984375 0.26562500000000006 0.50703125 0.26562500000000006 0.50703125 0.3229166666666668 0.53984375 0.3229166666666668
2 0.571875 0.25416666666666676 0.53046875 0.2541666666666667 0.53046875 0.3354166666666668 0.571875 0.3354166666666668
2 0.5765625 0.2343750000000001 0.546875 0.2343750000000001 0.546875 0.2968750000000001 0.5765625 0.2968750000000001
2 0.5515625 0.22812500000000008 0.5265625 0.22812500000000005 0.5265625 0.26458333333333345 0.5515625 0.26458333333333345
2 0.52265625 0.18437500000000007 0.48984375 0.18437500000000007 0.48984375 0.21041666666666672 0.52265625 0.21041666666666672
2 0.478125 0.11354166666666675 0.4640625 0.11354166666666675 0.4640625 0.1364583333333334 0.478125 0.1364583333333334
2 0.51875 0.11875000000000009 0.4875 0.11875000000000009 0.4875 0.1458333333333334 0.51875 0.1458333333333334
2 0.509375 0.09895833333333343 0.4859375 0.09895833333333343 0.4859375 0.11666666666666675 0.509375 0.11666666666666675