1 0.4601562500000001 0.7510416666666667 0.3617187500000001 0.7510416666666667 0.3617187500000001 1 0.46015625000000016 1
1 0.3398437500000001 0.7635416666666667 0.2390625000000001 0.7635416666666667 0.2390625000000001 1 0.3398437500000001 1
1 0.47265625 0.5135416666666668 0.4203125 0.5135416666666668 0.4203125 0.665625 0.47265625 0.665625
1 0.44609375 0.38958333333333345 0.3890625 0.38958333333333345 0.38906250000000003 0.5104166666666667 0.44609375 0.5104166666666667
1 0.51640625 0.12604166666666675 0.5046875 0.12604166666666675 0.5046875 0.1489583333333334 0.51640625 0.1489583333333334
1 0.51328125 0.11145833333333342 0.50234375 0.11145833333333342 0.50234375 0.1312500000000001 0.51328125 0.1312500000000001
2 0.48828125 0.2843750000000001 0.4703125 0.2843750000000001 0.4703125 0.34270833333333345 0.48828125 0.34270833333333345
2 0.44296875 0.2583333333333334 0.43046875 0.2583333333333334 0.43046875 0.3093750000000001 0.44296875 0.3093750000000001
2 0.44609375 0.23229166666666673 0.43359375 0.23229166666666673 0.43359375 0.2687500000000001 0.44609375 0.2687500000000001
2 0.26953125000000006 0.46458333333333335 0.2421875 0.46458333333333335 0.24218750000000006 0.5552083333333333 0.2695312500000001 0.5552083333333333
2 0.3617187500000001 0.5364583333333334 0.3265625000000001 0.5364583333333334 0.3265625000000001 0.65 0.3617187500000001 0.65
2 0.1648437500000001 0.7729166666666667 0.1273437500000001 0.7729166666666667 0.1273437500000001 0.9427083333333334 0.1648437500000001 0.9427083333333334
2 0.2351562500000001 0.7520833333333333 0.2000000000000001 0.7520833333333333 0.2000000000000001 0.8875 0.2351562500000001 0.8875
2 0.23437500000000008 0.6697916666666667 0.19921875000000006 0.6697916666666667 0.19921875000000006 0.8229166666666666 0.23437500000000008 0.8229166666666666