3 0.57890625 0.43125000000000013 0.50546875 0.43125000000000013 0.50546875 0.7260416666666667 0.57890625 0.7260416666666667
1 0.68203125 0.45729166666666676 0.63359375 0.45729166666666676 0.63359375 0.5770833333333333 0.68203125 0.5770833333333333
3 0.690625 0.7479166666666667 0.553125 0.7479166666666667 0.5531250000000001 1 0.6906250000000002 1
1 0.51484375 0.3104166666666668 0.48515625 0.3104166666666668 0.48515625 0.3854166666666668 0.51484375 0.3854166666666668
1 0.5828125 0.3125000000000001 0.5515625 0.3125000000000001 0.5515625 0.3729166666666668 0.5828125 0.3729166666666668
2 0.48671875 0.27395833333333347 0.47421875 0.27395833333333347 0.47421875 0.3156250000000001 0.48671875 0.3156250000000001
1 0.49921875 0.25625000000000003 0.47734375 0.25625000000000003 0.47734375 0.2937500000000001 0.49921875 0.2937500000000001
1 0.5328125 0.2427083333333334 0.50625 0.2427083333333334 0.50625 0.3020833333333334 0.5328125 0.3020833333333334
2 0.47421875 0.24791666666666673 0.46171875 0.24791666666666673 0.46171875 0.29583333333333345 0.47421875 0.29583333333333345
2 0.4765625 0.23541666666666672 0.4671875 0.23541666666666672 0.4671875 0.2687500000000001 0.4765625 0.2687500000000001
1 0.4828125 0.21875000000000006 0.465625 0.21875000000000006 0.465625 0.2489583333333334 0.4828125 0.2489583333333334
1 0.5125 0.20625000000000007 0.49140625 0.20625000000000007 0.49140625 0.24687500000000007 0.5125 0.24687500000000007
1 0.475 0.20104166666666673 0.4625 0.20104166666666673 0.4625 0.22604166666666672 0.475 0.22604166666666672
3 0.46640625 0.1552083333333334 0.45703125 0.1552083333333334 0.45703125 0.19166666666666674 0.46640625 0.19166666666666674
1 0.47265625 0.1708333333333334 0.4609375 0.1708333333333334 0.4609375 0.20625000000000007 0.47265625 0.20625000000000007
2 0.47890625 0.17291666666666672 0.47578125 0.17291666666666672 0.47578125 0.19375000000000006 0.47890625 0.19375000000000006
3 0.5046875 0.15937500000000007 0.48828125 0.15937500000000007 0.48828125 0.20625000000000007 0.5046875 0.20625000000000007
1 0.46796875 0.13750000000000007 0.4578125 0.13750000000000007 0.4578125 0.15416666666666673 0.46796875 0.15416666666666673
2 0.7328125 0.5125000000000001 0.71015625 0.5125000000000001 0.71015625 0.6156250000000001 0.7328125 0.6156250000000002
2 0.8953125 0.9156250000000002 0.86328125 0.9156250000000002 0.86328125 1.0000000000000002 0.8953125 1.0000000000000002
2 0.83984375 0.8802083333333336 0.796875 0.8802083333333336 0.7968750000000001 1.0000000000000002 0.83984375 1.0000000000000002
2 0.7695312500000001 0.8927083333333335 0.7296875 0.8927083333333335 0.7296875 0.9958333333333336 0.7695312500000002 0.9958333333333336
2 0.7242187500000001 0.915625 0.6890625 0.915625 0.6890625000000001 1 0.7242187500000001 1
2 0.725 0.8145833333333333 0.6828125 0.8145833333333333 0.6828125 0.9239583333333333 0.725 0.9239583333333333
2 0.76015625 0.7406250000000001 0.721875 0.740625 0.721875 0.8906250000000001 0.76015625 0.8906250000000002
2 0.8203125 0.7447916666666669 0.78828125 0.7447916666666669 0.78828125 0.8208333333333335 0.8203125 0.8208333333333335
2 0.83359375 0.8031250000000002 0.7921875 0.8031250000000002 0.7921875 0.8968750000000002 0.83359375 0.8968750000000002
2 0.88203125 0.7958333333333336 0.85 0.7958333333333336 0.85 0.9239583333333335 0.88203125 0.9239583333333335
2 0.7984375 0.6677083333333336 0.77265625 0.6677083333333336 0.77265625 0.7666666666666669 0.7984375 0.7666666666666669
2 0.7734375 0.5885416666666669 0.7484375 0.5885416666666669 0.7484375 0.6968750000000002 0.7734375 0.6968750000000002
2 0.7234375 0.615625 0.69375 0.615625 0.69375 0.7333333333333333 0.7234375 0.7333333333333333
2 0.696875 0.6833333333333333 0.6671875 0.6833333333333333 0.6671875 0.8145833333333333 0.696875 0.8145833333333333
2 0.64609375 0.6072916666666667 0.62421875 0.6072916666666667 0.62421875 0.6958333333333333 0.64609375 0.6958333333333333
2 0.653125 0.6864583333333333 0.625 0.6864583333333333 0.625 0.7833333333333333 0.653125 0.7833333333333333
2 0.64609375 0.6552083333333333 0.62421875 0.6552083333333333 0.62421875 0.7260416666666667 0.64609375 0.7260416666666667
2 0.621875 0.5364583333333334 0.603125 0.5364583333333334 0.603125 0.6395833333333333 0.621875 0.6395833333333333
2 0.63828125 0.4979166666666668 0.61640625 0.4979166666666668 0.61640625 0.6072916666666667 0.63828125 0.6072916666666667
2 0.59765625 0.5395833333333333 0.57734375 0.5395833333333333 0.57734375 0.6552083333333333 0.59765625 0.6552083333333333
2 0.6890625 0.42395833333333344 0.66875 0.42395833333333344 0.66875 0.5156250000000001 0.6890625 0.5156250000000001
2 0.65234375 0.40520833333333345 0.63359375 0.40520833333333345 0.63359375 0.4718750000000001 0.65234375 0.4718750000000001
2 0.66484375 0.39270833333333344 0.65 0.39270833333333344 0.65 0.4635416666666668 0.66484375 0.4635416666666668
2 0.615625 0.4093750000000001 0.59609375 0.4093750000000001 0.59609375 0.4875000000000001 0.615625 0.4875000000000001
2 0.62421875 0.40000000000000013 0.6109375 0.40000000000000013 0.6109375 0.4656250000000001 0.62421875 0.4656250000000001
2 0.63984375 0.36875000000000013 0.62734375 0.36875000000000013 0.62734375 0.4406250000000001 0.63984375 0.4406250000000001
2 0.64140625 0.3406250000000001 0.6234375 0.3406250000000001 0.6234375 0.3906250000000001 0.64140625 0.3906250000000001
2 0.60234375 0.4541666666666668 0.578125 0.4541666666666668 0.578125 0.5281250000000001 0.60234375 0.5281250000000001
2 0.58125 0.4062500000000001 0.565625 0.4062500000000001 0.565625 0.48333333333333345 0.58125 0.48333333333333345
2 0.60234375 0.3781250000000001 0.5859375 0.3781250000000001 0.5859375 0.4447916666666668 0.60234375 0.4447916666666668
2 0.615625 0.34791666666666676 0.59921875 0.34791666666666676 0.59921875 0.41562500000000013 0.615625 0.41562500000000013
2 0.5703125 0.3729166666666668 0.5546875 0.3729166666666668 0.5546875 0.44166666666666676 0.5703125 0.44166666666666676
2 0.5484375 0.4041666666666668 0.53046875 0.4041666666666668 0.53046875 0.45208333333333345 0.5484375 0.45208333333333345
2 0.51015625 0.3979166666666668 0.49296875 0.3979166666666668 0.49296875 0.46250000000000013 0.51015625 0.46250000000000013
2 0.509375 0.44166666666666676 0.49453125 0.44166666666666676 0.49453125 0.5281250000000001 0.509375 0.5281250000000001
2 0.559375 0.3447916666666668 0.54140625 0.3447916666666668 0.54140625 0.4062500000000001 0.559375 0.4062500000000001
2 0.54375 0.3250000000000001 0.52890625 0.3250000000000001 0.52890625 0.37916666666666676 0.54375 0.37916666666666676
2 0.5359375 0.3000000000000001 0.52109375 0.3000000000000001 0.52109375 0.3562500000000001 0.5359375 0.3562500000000001
2 0.48828125 0.29270833333333346 0.471875 0.29270833333333346 0.471875 0.3541666666666668 0.48828125 0.3541666666666668
2 0.53515625 0.2781250000000001 0.52421875 0.2781250000000001 0.52421875 0.32187500000000013 0.53515625 0.32187500000000013
2 0.61171875 0.30104166666666676 0.59921875 0.30104166666666676 0.59921875 0.35208333333333347 0.61171875 0.35208333333333347
2 0.596875 0.30312500000000014 0.58359375 0.30312500000000014 0.58359375 0.3489583333333334 0.596875 0.3489583333333334
2 0.60078125 0.27187500000000014 0.58984375 0.27187500000000014 0.58984375 0.3177083333333334 0.60078125 0.3177083333333334
2 0.5875 0.27500000000000013 0.57734375 0.27500000000000013 0.57734375 0.3281250000000001 0.5875 0.3281250000000001
2 0.5734375 0.28333333333333344 0.56328125 0.28333333333333344 0.56328125 0.3135416666666668 0.5734375 0.3135416666666668
2 0.56328125 0.26145833333333346 0.55078125 0.26145833333333346 0.55078125 0.31145833333333345 0.56328125 0.31145833333333345
2 0.55234375 0.2531250000000001 0.54140625 0.25312500000000004 0.54140625 0.30104166666666676 0.55234375 0.30104166666666676
2 0.56953125 0.24687500000000012 0.55703125 0.24687500000000012 0.55703125 0.2781250000000001 0.56953125 0.2781250000000001
2 0.5828125 0.2531250000000001 0.57421875 0.2531250000000001 0.57421875 0.2979166666666668 0.5828125 0.2979166666666668
2 0.56796875 0.2135416666666668 0.55625 0.2135416666666668 0.55625 0.2552083333333334 0.56796875 0.2552083333333334
2 0.546875 0.23958333333333343 0.5390625 0.2395833333333334 0.5390625 0.28020833333333345 0.546875 0.28020833333333345
2 0.55625 0.21979166666666677 0.5453125 0.21979166666666677 0.5453125 0.25833333333333347 0.55625 0.25833333333333347
2 0.54609375 0.19583333333333341 0.5359375 0.1958333333333334 0.5359375 0.22916666666666677 0.54609375 0.2291666666666668
2 0.55390625 0.20625000000000013 0.54453125 0.20625000000000013 0.54453125 0.2343750000000001 0.55390625 0.2343750000000001
1 0.5453125 0.21875000000000008 0.525 0.21875000000000006 0.525 0.2687500000000001 0.5453125 0.2687500000000001
2 0.515625 0.1927083333333334 0.50546875 0.1927083333333334 0.50546875 0.2291666666666667 0.515625 0.2291666666666667
2 0.5171875 0.19687500000000005 0.509375 0.19687500000000005 0.509375 0.22812500000000005 0.5171875 0.22812500000000005
2 0.528125 0.1979166666666667 0.51875 0.1979166666666667 0.51875 0.23645833333333338 0.528125 0.23645833333333338
2 0.54921875 0.18125000000000008 0.54296875 0.18125000000000005 0.54296875 0.20729166666666676 0.54921875 0.2072916666666668
2 0.490625 0.20520833333333338 0.4859375 0.20520833333333338 0.4859375 0.2333333333333334 0.490625 0.2333333333333334
2 0.48515625 0.1645833333333334 0.4796875 0.1645833333333334 0.4796875 0.18541666666666673 0.48515625 0.18541666666666673
1 0.534375 0.18541666666666673 0.52265625 0.18541666666666673 0.52265625 0.21666666666666673 0.534375 0.21666666666666673
2 0.5109375 0.1677083333333334 0.50703125 0.1677083333333334 0.50703125 0.19062500000000007 0.5109375 0.19062500000000007
2 0.51953125 0.1645833333333334 0.5140625 0.1645833333333334 0.5140625 0.19166666666666674 0.51953125 0.19166666666666674
1 0.46640625 0.12083333333333342 0.459375 0.12083333333333342 0.459375 0.14062500000000006 0.46640625 0.14062500000000006
2 0.47265625 0.15416666666666673 0.46875 0.15416666666666673 0.46875 0.17500000000000007 0.47265625 0.17500000000000007
2 0.48125 0.1989583333333334 0.47734375 0.1989583333333334 0.47734375 0.22187500000000007 0.48125 0.22187500000000007
2 0.50625 0.23437500000000006 0.49609375 0.23437500000000006 0.49609375 0.2729166666666668 0.50625 0.2729166666666668
2 0.475 0.11666666666666675 0.471875 0.11666666666666675 0.471875 0.13750000000000007 0.475 0.13750000000000007
2 0.475 0.13750000000000007 0.4703125 0.13750000000000007 0.4703125 0.15416666666666673 0.475 0.15416666666666673
2 0.4796875 0.1354166666666667 0.47578125 0.1354166666666667 0.47578125 0.15416666666666673 0.4796875 0.15416666666666673
2 0.484375 0.13437500000000005 0.48046875 0.13437500000000005 0.48046875 0.1510416666666667 0.484375 0.1510416666666667
2 0.47734375 0.15312500000000007 0.47265625 0.15312500000000007 0.47265625 0.17395833333333338 0.47734375 0.17395833333333338
2 0.48125 0.1489583333333334 0.47734375 0.1489583333333334 0.47734375 0.1708333333333334 0.48125 0.1708333333333334
2 0.48515625 0.18750000000000006 0.48046875 0.18750000000000006 0.48046875 0.2145833333333334 0.48515625 0.2145833333333334
1 0.48359375 0.11979166666666675 0.47734375 0.11979166666666675 0.47734375 0.13437500000000005 0.48359375 0.13437500000000005
2 0.48515625 0.1510416666666667 0.48125 0.1510416666666667 0.48125 0.16562500000000005 0.48515625 0.16562500000000005
1 0.490625 0.14166666666666672 0.48515625 0.14166666666666672 0.48515625 0.1552083333333334 0.490625 0.1552083333333334
2 0.48828125 0.15625000000000006 0.48515625 0.15625000000000006 0.48515625 0.17187500000000006 0.48828125 0.17187500000000006
2 0.4921875 0.12500000000000008 0.48671875 0.12500000000000008 0.48671875 0.1458333333333334 0.4921875 0.1458333333333334
2 0.49375 0.13020833333333343 0.490625 0.13020833333333343 0.490625 0.14166666666666672 0.49375 0.14166666666666672
2 0.4984375 0.14375000000000007 0.49296875 0.14375000000000007 0.49296875 0.16250000000000006 0.4984375 0.16250000000000006
2 0.496875 0.13437500000000005 0.49375 0.13437500000000005 0.49375 0.14687500000000006 0.496875 0.14687500000000006
3 0.47890625 0.09687500000000009 0.471875 0.09687500000000009 0.471875 0.12395833333333342 0.47890625 0.12395833333333342
1 0.49921875 0.12083333333333342 0.4921875 0.12083333333333342 0.4921875 0.1354166666666667 0.49921875 0.1354166666666667
2 0.48828125 0.10833333333333342 0.484375 0.10833333333333342 0.484375 0.12916666666666676 0.48828125 0.12916666666666676
2 0.4953125 0.11041666666666676 0.4921875 0.11041666666666676 0.4921875 0.12395833333333342 0.4953125 0.12395833333333342
2 0.5015625 0.10416666666666675 0.496875 0.10416666666666675 0.496875 0.12291666666666676 0.5015625 0.12291666666666676
2 0.50390625 0.14062500000000006 0.49921875 0.14062500000000006 0.49921875 0.15937500000000007 0.50390625 0.15937500000000007
2 0.52578125 0.17291666666666672 0.52109375 0.17291666666666672 0.52109375 0.19687500000000005 0.52578125 0.19687500000000005
2 0.54296875 0.1770833333333334 0.53828125 0.1770833333333334 0.53828125 0.1958333333333334 0.54296875 0.1958333333333334
2 0.53515625 0.17291666666666672 0.53125 0.17291666666666672 0.53125 0.19062500000000007 0.53515625 0.19062500000000007
2 0.53046875 0.17187500000000006 0.52578125 0.17187500000000006 0.52578125 0.18437500000000007 0.53046875 0.18437500000000007
2 0.525 0.15833333333333338 0.52109375 0.15833333333333338 0.52109375 0.17604166666666674 0.525 0.17604166666666674
2 0.5296875 0.16250000000000006 0.52734375 0.16250000000000006 0.52734375 0.1802083333333334 0.5296875 0.1802083333333334
2 0.51953125 0.14479166666666674 0.51484375 0.14479166666666674 0.51484375 0.1677083333333334 0.51953125 0.1677083333333334
2 0.52421875 0.14479166666666674 0.5203125 0.14479166666666674 0.5203125 0.16041666666666674 0.52421875 0.16041666666666674
1 0.51484375 0.14687500000000006 0.50546875 0.14687500000000006 0.50546875 0.1666666666666667 0.51484375 0.1666666666666667
2 0.50703125 0.1364583333333334 0.503125 0.1364583333333334 0.503125 0.15625000000000006 0.50703125 0.15625000000000006
2 0.51484375 0.13437500000000005 0.51171875 0.13437500000000005 0.51171875 0.1520833333333334 0.51484375 0.1520833333333334
2 0.5109375 0.12395833333333342 0.50703125 0.12395833333333342 0.50703125 0.14479166666666674 0.5109375 0.14479166666666674
2 0.5046875 0.11979166666666675 0.50078125 0.11979166666666675 0.50078125 0.13750000000000007 0.5046875 0.13750000000000007
2 0.4890625 0.10000000000000009 0.48515625 0.10000000000000009 0.48515625 0.11562500000000009 0.4890625 0.11562500000000009
2 0.49140625 0.09479166666666676 0.4875 0.09479166666666676 0.4875 0.11145833333333342 0.49140625 0.11145833333333342
1 0.49765625 0.10208333333333343 0.49140625 0.10208333333333343 0.49140625 0.11562500000000009 0.49765625 0.11562500000000009