1 0.4757812500000001 0.7697916666666667 0.3617187500000001 0.7697916666666667 0.3617187500000001 1 0.47578125000000016 1
1 0.3062500000000001 0.8666666666666667 0.1804687500000001 0.8666666666666667 0.1804687500000001 1 0.3062500000000001 1
2 0.42734375 0.6635416666666667 0.39140625000000007 0.6635416666666667 0.39140625000000007 0.7760416666666666 0.42734375 0.7760416666666666
2 0.1710937500000001 0.8489583333333334 0.12421875000000009 0.8489583333333334 0.12421875000000009 1 0.1710937500000001 1
2 0.1429687500000001 0.7895833333333333 0.09609375000000006 0.7895833333333333 0.09609375000000007 0.9697916666666667 0.1429687500000001 0.9697916666666667
2 0.2195312500000001 0.7208333333333333 0.17031250000000003 0.7208333333333333 0.17031250000000006 0.8885416666666667 0.2195312500000001 0.8885416666666667
1 0.3632812500000001 0.6208333333333333 0.2406250000000001 0.6208333333333333 0.2406250000000001 0.8802083333333334 0.3632812500000001 0.8802083333333334
2 0.27031250000000007 0.6364583333333333 0.2390625000000001 0.6364583333333333 0.2390625000000001 0.7729166666666667 0.27031250000000007 0.7729166666666667
2 0.2968750000000001 0.5885416666666666 0.2601562500000001 0.5885416666666666 0.2601562500000001 0.6947916666666667 0.2968750000000001 0.6947916666666667
2 0.2523437500000001 0.5916666666666667 0.2171875000000001 0.5916666666666667 0.2171875000000001 0.7083333333333334 0.2523437500000001 0.7083333333333334
2 0.3398437500000001 0.53125 0.3101562500000001 0.53125 0.3101562500000001 0.6260416666666667 0.3398437500000001 0.6260416666666667
2 0.3101562500000001 0.51875 0.27812500000000007 0.51875 0.27812500000000007 0.61875 0.3101562500000001 0.61875
2 0.41953125 0.4312500000000001 0.3484375 0.43125 0.34843750000000007 0.5916666666666667 0.41953125 0.5916666666666667
2 0.34921875 0.4625 0.32265625 0.4625 0.32265625000000003 0.559375 0.3492187500000001 0.559375
2 0.31015625 0.4708333333333333 0.28046875 0.4708333333333333 0.28046875000000004 0.54375 0.3101562500000001 0.54375
2 0.50234375 0.5104166666666667 0.43359375 0.5104166666666667 0.43359375 0.678125 0.50234375 0.678125
2 0.45078125 0.49270833333333347 0.4234375 0.49270833333333347 0.4234375 0.5927083333333333 0.45078125 0.5927083333333333
2 0.4515625 0.4375000000000001 0.4296875 0.4375000000000001 0.4296875 0.5135416666666668 0.4515625 0.5135416666666668
2 0.37812500000000004 0.42500000000000004 0.35703125 0.425 0.35703125 0.48958333333333337 0.3781250000000001 0.4895833333333334
2 0.34375000000000006 0.41770833333333335 0.32578125 0.41770833333333335 0.32578125 0.4947916666666667 0.3437500000000001 0.4947916666666667
2 0.40859375 0.4135416666666668 0.3875 0.4135416666666668 0.3875 0.4562500000000001 0.40859375 0.4562500000000001
2 0.38515625 0.39791666666666675 0.36171875 0.39791666666666664 0.36171875 0.4541666666666667 0.38515625 0.4541666666666668
2 0.36328125 0.4072916666666667 0.34140625 0.40729166666666666 0.34140625 0.46875000000000006 0.36328125 0.4687500000000001
2 0.3953125 0.3604166666666668 0.37109375 0.3604166666666668 0.37109375 0.4322916666666668 0.3953125 0.4322916666666668
2 0.36640625 0.36979166666666674 0.3453125 0.3697916666666667 0.3453125 0.42187500000000006 0.36640625 0.4218750000000001
1 0.45859375 0.2947916666666668 0.415625 0.2947916666666668 0.415625 0.3854166666666668 0.45859375 0.3854166666666668
2 0.41640625 0.30104166666666676 0.403125 0.30104166666666676 0.403125 0.35833333333333345 0.41640625 0.35833333333333345
2 0.4 0.3104166666666668 0.37890625 0.3104166666666668 0.37890625 0.3729166666666668 0.4 0.3729166666666668
2 0.42890625 0.29062500000000013 0.415625 0.29062500000000013 0.415625 0.3281250000000001 0.42890625 0.3281250000000001
2 0.40703125 0.29270833333333346 0.396875 0.29270833333333346 0.396875 0.3416666666666668 0.40703125 0.3416666666666668
2 0.509375 0.33229166666666676 0.496875 0.33229166666666676 0.496875 0.36875000000000013 0.509375 0.36875000000000013
2 0.5125 0.28750000000000014 0.49921875 0.28750000000000014 0.49921875 0.33750000000000013 0.5125 0.33750000000000013
2 0.5109375 0.26250000000000007 0.4984375 0.26250000000000007 0.4984375 0.3000000000000001 0.5109375 0.3000000000000001
1 0.50078125 0.2947916666666668 0.4640625 0.2947916666666668 0.4640625 0.37916666666666676 0.50078125 0.37916666666666676
1 0.45078125 0.25729166666666675 0.41875 0.25729166666666675 0.41875 0.3020833333333334 0.45078125 0.3020833333333334
2 0.43125 0.24791666666666673 0.4203125 0.24791666666666673 0.4203125 0.2760416666666668 0.43125 0.2760416666666668
3 0.48515625 0.24375000000000005 0.44375 0.24375000000000005 0.44375 0.32187500000000013 0.48515625 0.32187500000000013
1 0.49921875 0.2270833333333334 0.47578125 0.2270833333333334 0.47578125 0.27708333333333346 0.49921875 0.27708333333333346
2 0.47421875 0.20729166666666674 0.46328125 0.20729166666666674 0.46328125 0.2447916666666667 0.47421875 0.2447916666666667
2 0.46328125 0.2020833333333334 0.4484375 0.2020833333333334 0.4484375 0.24375000000000005 0.46328125 0.24375000000000005
1 0.53359375 0.21562500000000007 0.50703125 0.21562500000000007 0.50703125 0.26354166666666673 0.53359375 0.26354166666666673
1 0.52109375 0.18750000000000006 0.496875 0.18750000000000006 0.496875 0.25000000000000006 0.52109375 0.25000000000000006
1 0.5390625 0.1802083333333334 0.5203125 0.1802083333333334 0.5203125 0.22187500000000007 0.5390625 0.22187500000000007
2 0.5234375 0.17187500000000006 0.5140625 0.17187500000000006 0.5140625 0.20000000000000007 0.5234375 0.20000000000000007
1 0.5078125 0.16979166666666673 0.48984375 0.16979166666666673 0.48984375 0.20729166666666674 0.5078125 0.20729166666666674
1 0.534375 0.1510416666666667 0.5171875 0.1510416666666667 0.5171875 0.18541666666666673 0.534375 0.18541666666666673
2 0.49140625 0.1666666666666667 0.48359375 0.1666666666666667 0.48359375 0.1989583333333334 0.49140625 0.1989583333333334
2 0.48359375 0.1770833333333334 0.47578125 0.1770833333333334 0.47578125 0.20937500000000006 0.48359375 0.20937500000000006
2 0.47890625 0.15937500000000007 0.471875 0.15937500000000007 0.471875 0.18958333333333338 0.47890625 0.18958333333333338
1 0.540625 0.1312500000000001 0.5234375 0.1312500000000001 0.5234375 0.16041666666666674 0.540625 0.16041666666666674
2 0.509375 0.13854166666666673 0.5015625 0.13854166666666673 0.5015625 0.1645833333333334 0.509375 0.1645833333333334
2 0.51171875 0.14375000000000007 0.50546875 0.14375000000000007 0.50546875 0.1708333333333334 0.51171875 0.1708333333333334
2 0.54296875 0.12291666666666676 0.53671875 0.12291666666666676 0.53671875 0.14375000000000007 0.54296875 0.14375000000000007
2 0.54375 0.11250000000000009 0.53671875 0.11250000000000009 0.53671875 0.12916666666666676 0.54375 0.12916666666666676
1 0.53515625 0.12291666666666676 0.51953125 0.12291666666666676 0.51953125 0.14479166666666674 0.53515625 0.14479166666666674
2 0.5296875 0.11250000000000009 0.5234375 0.11250000000000009 0.5234375 0.1281250000000001 0.5296875 0.1281250000000001
2 0.5234375 0.11041666666666676 0.51953125 0.11041666666666676 0.51953125 0.13229166666666675 0.5234375 0.13229166666666675
1 0.51796875 0.12604166666666675 0.50234375 0.12604166666666675 0.50234375 0.15416666666666673 0.51796875 0.15416666666666673
1 0.515625 0.10729166666666676 0.5 0.10729166666666676 0.5 0.1281250000000001 0.515625 0.1281250000000001
2 0.51953125 0.10000000000000009 0.51171875 0.10000000000000009 0.51171875 0.12604166666666675 0.51953125 0.12604166666666675
2 0.515625 0.0906250000000001 0.50703125 0.0906250000000001 0.50703125 0.11041666666666676 0.515625 0.11041666666666676
1 0.5 0.14062500000000006 0.48046875 0.14062500000000006 0.48046875 0.1666666666666667 0.5 0.1666666666666667
2 0.5015625 0.12291666666666676 0.49296875 0.12291666666666676 0.49296875 0.14166666666666672 0.5015625 0.14166666666666672
2 0.50390625 0.10416666666666675 0.49375 0.10416666666666675 0.49375 0.11979166666666675 0.50390625 0.11979166666666675
2 0.4921875 0.12916666666666676 0.48359375 0.12916666666666676 0.48359375 0.14479166666666674 0.4921875 0.14479166666666674