2 0.4085937500000001 0.8645833333333334 0.36406250000000007 0.8645833333333334 0.36406250000000007 1 0.4085937500000002 1
2 0.4492187500000001 0.928125 0.4125 0.928125 0.4125000000000001 1 0.44921875000000017 1
2 0.48125 0.42604166666666676 0.45625 0.42604166666666676 0.45625 0.5239583333333334 0.48125 0.5239583333333334
2 0.48984375 0.33020833333333344 0.465625 0.33020833333333344 0.465625 0.4114583333333334 0.48984375 0.4114583333333334
3 0.41953125 0.3916666666666667 0.34921875 0.39166666666666666 0.34921875 0.6302083333333334 0.41953125 0.6302083333333334
2 0.37109375 0.36979166666666674 0.3546875 0.3697916666666667 0.3546875 0.4239583333333334 0.37109375 0.42395833333333344
2 0.38515625 0.3333333333333334 0.37109375 0.3333333333333334 0.37109375 0.38958333333333345 0.38515625 0.38958333333333345
2 0.50390625 0.21041666666666672 0.49296875 0.21041666666666672 0.49296875 0.2489583333333334 0.50390625 0.2489583333333334
2 0.45390625 0.23437500000000006 0.44140625 0.23437500000000006 0.44140625 0.2760416666666668 0.45390625 0.2760416666666668
2 0.47421875 0.2020833333333334 0.4609375 0.2020833333333334 0.4609375 0.2427083333333334 0.47421875 0.2427083333333334
2 0.45625 0.19479166666666672 0.4453125 0.19479166666666672 0.4453125 0.23750000000000007 0.45625 0.23750000000000007
2 0.509375 0.1822916666666667 0.496875 0.1822916666666667 0.496875 0.21875000000000006 0.509375 0.21875000000000006
2 0.4796875 0.1614583333333334 0.46953125 0.1614583333333334 0.46953125 0.19479166666666672 0.4796875 0.19479166666666672
3 0.528125 0.07708333333333342 0.51640625 0.07708333333333342 0.51640625 0.1281250000000001 0.528125 0.1281250000000001
3 0.50859375 0.07291666666666675 0.49921875 0.07291666666666675 0.49921875 0.10520833333333342 0.50859375 0.10520833333333342
3 0.446875 0.29583333333333345 0.4 0.29583333333333345 0.4 0.4562500000000001 0.446875 0.4562500000000001
1 0.353125 0.43125 0.30625 0.43125 0.30625 0.5354166666666667 0.3531250000000001 0.5354166666666667
1 0.37187500000000007 0.6166666666666667 0.2968750000000001 0.6166666666666667 0.2968750000000001 0.8010416666666667 0.37187500000000007 0.8010416666666667
1 0.33281250000000007 0.778125 0.23828125000000008 0.778125 0.23828125000000008 1 0.33281250000000007 1