3 0.6234375 0.44375000000000014 0.4984375 0.44375000000000014 0.4984375 0.9020833333333333 0.6234375 0.9020833333333333
0 0.82890625 0.4500000000000001 0.6046875 0.4500000000000001 0.6046875 1.0000000000000002 0.82890625 1.0000000000000002
2 0.5570312500000001 0.871875 0.52109375 0.871875 0.5210937500000001 1 0.5570312500000002 1
2 0.909375 0.9114583333333336 0.85703125 0.9114583333333336 0.85703125 1.0000000000000002 0.909375 1.0000000000000002
2 0.846875 0.7895833333333335 0.81953125 0.7895833333333335 0.81953125 0.9520833333333336 0.846875 0.9520833333333336
1 0.75078125 0.4447916666666668 0.6890625 0.4447916666666668 0.6890625 0.5750000000000001 0.75078125 0.5750000000000003
2 0.76875 0.4562500000000001 0.74453125 0.4562500000000001 0.74453125 0.5635416666666669 0.76875 0.5635416666666669
1 0.60703125 0.39270833333333344 0.56953125 0.39270833333333344 0.56953125 0.4895833333333334 0.60703125 0.4895833333333334
1 0.68125 0.4072916666666668 0.61953125 0.4072916666666668 0.61953125 0.4666666666666668 0.68125 0.4666666666666668
1 0.63203125 0.3250000000000001 0.59296875 0.3250000000000001 0.59296875 0.4166666666666668 0.63203125 0.4166666666666668
1 0.5765625 0.3489583333333334 0.5359375 0.3489583333333334 0.5359375 0.42604166666666676 0.5765625 0.42604166666666676
1 0.53046875 0.3000000000000001 0.47578125 0.3000000000000001 0.47578125 0.4375000000000001 0.53046875 0.4375000000000001
1 0.515625 0.24791666666666673 0.46875 0.24791666666666673 0.46875 0.3354166666666668 0.515625 0.3354166666666668
2 0.59296875 0.34583333333333344 0.5765625 0.34583333333333344 0.5765625 0.3906250000000001 0.59296875 0.3906250000000001
2 0.50078125 0.41458333333333347 0.484375 0.41458333333333347 0.484375 0.4968750000000001 0.50078125 0.4968750000000001
2 0.49921875 0.40000000000000013 0.47578125 0.40000000000000013 0.47578125 0.46250000000000013 0.49921875 0.46250000000000013
2 0.63671875 0.31458333333333344 0.61796875 0.31458333333333344 0.61796875 0.3541666666666668 0.63671875 0.3541666666666668
2 0.5859375 0.2916666666666668 0.575 0.2916666666666668 0.575 0.34270833333333345 0.5859375 0.34270833333333345
2 0.60390625 0.30833333333333346 0.590625 0.30833333333333346 0.590625 0.3354166666666668 0.60390625 0.3354166666666668
2 0.61484375 0.28958333333333347 0.60234375 0.28958333333333347 0.60234375 0.33020833333333344 0.61484375 0.33020833333333344
2 0.59765625 0.2843750000000001 0.5890625 0.2843750000000001 0.5890625 0.3093750000000001 0.59765625 0.3093750000000001
3 0.57421875 0.21250000000000008 0.51171875 0.21250000000000005 0.51171875 0.3604166666666668 0.57421875 0.3604166666666668
2 0.57265625 0.2604166666666668 0.56015625 0.2604166666666668 0.56015625 0.29062500000000013 0.57265625 0.29062500000000013
2 0.58046875 0.2687500000000001 0.575 0.2687500000000001 0.575 0.29062500000000013 0.58046875 0.29062500000000013
2 0.59609375 0.2625000000000001 0.5875 0.2625000000000001 0.5875 0.29270833333333346 0.59609375 0.29270833333333346
1 0.5734375 0.23229166666666679 0.55390625 0.23229166666666679 0.55390625 0.2604166666666668 0.5734375 0.2604166666666668
2 0.584375 0.23645833333333346 0.57265625 0.23645833333333346 0.57265625 0.2687500000000001 0.584375 0.2687500000000001
2 0.50625 0.24166666666666672 0.496875 0.24166666666666672 0.496875 0.25729166666666675 0.50625 0.25729166666666675
2 0.48046875 0.1062500000000001 0.475 0.1062500000000001 0.475 0.12604166666666675 0.48046875 0.12604166666666675
2 0.50390625 0.11250000000000009 0.4984375 0.11250000000000009 0.4984375 0.13020833333333343 0.50390625 0.13020833333333343
1 0.5015625 0.09479166666666676 0.49375 0.09479166666666676 0.49375 0.11354166666666675 0.5015625 0.11354166666666675
1 0.51015625 0.08645833333333343 0.50078125 0.08645833333333343 0.50078125 0.10729166666666676 0.51015625 0.10729166666666676
1 0.48515625 0.21979166666666672 0.46640625 0.21979166666666672 0.46640625 0.25625000000000003 0.48515625 0.25625000000000003
1 0.48515625 0.1927083333333334 0.4609375 0.1927083333333334 0.4609375 0.24062500000000006 0.48515625 0.24062500000000006
1 0.4875 0.1645833333333334 0.4640625 0.1645833333333334 0.4640625 0.20000000000000007 0.4875 0.20000000000000007
2 0.50546875 0.20416666666666672 0.4984375 0.20416666666666672 0.4984375 0.24791666666666673 0.50546875 0.24791666666666673
0 0.53203125 0.1822916666666667 0.49765625 0.1822916666666667 0.49765625 0.24375000000000005 0.53203125 0.24375000000000005
1 0.55859375 0.20520833333333346 0.54609375 0.20520833333333346 0.54609375 0.2385416666666668 0.55859375 0.2385416666666668
2 0.54453125 0.20416666666666675 0.53515625 0.20416666666666672 0.53515625 0.2208333333333334 0.54453125 0.22083333333333346
2 0.57421875 0.2281250000000001 0.56640625 0.2281250000000001 0.56640625 0.24687500000000012 0.57421875 0.24687500000000012