0 0.74921875 0.5760416666666668 0.51171875 0.5760416666666667 0.5117187500000001 1.0000000000000002 0.7492187500000002 1.0000000000000002
1 0.74921875 0.7020833333333335 0.64609375 0.7020833333333333 0.64609375 0.9312500000000001 0.74921875 0.9312500000000002
1 0.51328125 0.13020833333333343 0.484375 0.13020833333333343 0.484375 0.16875000000000007 0.51328125 0.16875000000000007
3 0.8890625 0.5854166666666668 0.72109375 0.5854166666666667 0.72109375 0.9270833333333335 0.8890625 0.9270833333333336
3 0.55546875 0.3822916666666668 0.4859375 0.3822916666666668 0.4859375 0.534375 0.55546875 0.534375
2 0.68984375 0.5489583333333333 0.6390625 0.5489583333333333 0.6390625 0.653125 0.68984375 0.653125
2 0.775 0.5541666666666669 0.7265625 0.5541666666666669 0.7265625 0.6291666666666669 0.775 0.6291666666666669
2 0.69453125 0.41770833333333346 0.65546875 0.41770833333333346 0.65546875 0.4947916666666668 0.69453125 0.4947916666666668
2 0.57265625 0.3854166666666668 0.5390625 0.3854166666666668 0.5390625 0.44166666666666676 0.57265625 0.44166666666666676
2 0.58671875 0.3666666666666668 0.5546875 0.3666666666666668 0.5546875 0.42812500000000014 0.58671875 0.42812500000000014
2 0.60234375 0.33958333333333346 0.578125 0.33958333333333346 0.578125 0.4041666666666668 0.60234375 0.4041666666666668
2 0.6328125 0.3593750000000001 0.6109375 0.3593750000000001 0.6109375 0.4187500000000001 0.6328125 0.4187500000000001
2 0.58046875 0.3291666666666668 0.54453125 0.3291666666666668 0.54453125 0.37916666666666676 0.58046875 0.37916666666666676
2 0.49375 0.3093750000000001 0.47421875 0.3093750000000001 0.47421875 0.3645833333333334 0.49375 0.3645833333333334
2 0.4828125 0.17187500000000006 0.46796875 0.17187500000000006 0.46796875 0.2114583333333334 0.4828125 0.2114583333333334
2 0.51640625 0.17395833333333338 0.50234375 0.17395833333333338 0.50234375 0.2145833333333334 0.51640625 0.2145833333333334
2 0.49375 0.10833333333333342 0.484375 0.10833333333333342 0.484375 0.1312500000000001 0.49375 0.1312500000000001
2 0.51015625 0.11354166666666675 0.4984375 0.11354166666666675 0.4984375 0.13229166666666675 0.51015625 0.13229166666666675
1 0.50625 0.08333333333333343 0.49375 0.08333333333333343 0.49375 0.09687500000000009 0.50625 0.09687500000000009