2 0.039062500000000056 0.55 0.00937500000000005 0.55 0.009375000000000055 0.65625 0.039062500000000056 0.65625
2 0.04687500000000006 0.6385416666666667 0.01640625000000006 0.6385416666666667 0.016406250000000067 0.7583333333333333 0.04687500000000007 0.7583333333333333
2 0.0710937500000001 0.8958333333333334 0.014062500000000084 0.8958333333333334 0.014062500000000089 1 0.0710937500000001 1
2 0.12265625000000009 0.9083333333333333 0.06640625000000008 0.9083333333333333 0.06640625000000008 1 0.12265625000000009 1
1 0.2429687500000001 0.80625 0.11640625000000009 0.80625 0.11640625000000009 1 0.2429687500000001 1
2 0.15000000000000008 0.821875 0.11093750000000009 0.821875 0.11093750000000009 0.9635416666666666 0.15000000000000008 0.9635416666666666
2 0.2078125000000001 0.6416666666666667 0.16640625000000003 0.6416666666666667 0.16640625000000006 0.753125 0.2078125000000001 0.753125
2 0.19765625000000006 0.6989583333333333 0.16562500000000005 0.6989583333333333 0.16562500000000008 0.8166666666666667 0.1976562500000001 0.8166666666666667
2 0.17421875000000006 0.721875 0.13046875000000005 0.721875 0.13046875000000008 0.8677083333333333 0.1742187500000001 0.8677083333333333
2 0.2812500000000001 0.7729166666666667 0.23984375000000008 0.7729166666666667 0.23984375000000008 0.921875 0.2812500000000001 0.921875
2 0.3265625000000001 0.7 0.2875000000000001 0.7 0.2875000000000001 0.79375 0.3265625000000001 0.79375
2 0.38750000000000007 0.715625 0.3554687500000001 0.715625 0.3554687500000001 0.84375 0.38750000000000007 0.84375
2 0.3554687500000001 0.6916666666666667 0.3257812500000001 0.6916666666666667 0.3257812500000001 0.78125 0.3554687500000001 0.78125
2 0.3929687500000001 0.6375 0.35625000000000007 0.6375 0.35625000000000007 0.753125 0.3929687500000001 0.753125
2 0.3148437500000001 0.5864583333333333 0.2843750000000001 0.5864583333333333 0.2843750000000001 0.7041666666666667 0.3148437500000001 0.7041666666666667
1 0.29765625000000007 0.615625 0.19218750000000004 0.615625 0.19218750000000007 0.8208333333333333 0.29765625000000007 0.8208333333333333
2 0.2429687500000001 0.61875 0.2101562500000001 0.61875 0.2101562500000001 0.7 0.2429687500000001 0.7
2 0.2765625000000001 0.5427083333333333 0.2531250000000001 0.5427083333333333 0.2531250000000001 0.621875 0.2765625000000001 0.621875
2 0.2523437500000001 0.575 0.2250000000000001 0.575 0.2250000000000001 0.6364583333333333 0.2523437500000001 0.6364583333333333
1 0.3968750000000001 0.5354166666666667 0.3148437500000001 0.5354166666666667 0.3148437500000001 0.69375 0.3968750000000001 0.69375
2 0.3320312500000001 0.540625 0.3085937500000001 0.540625 0.3085937500000001 0.6270833333333333 0.3320312500000001 0.6270833333333333
2 0.29765625000000007 0.5510416666666667 0.27421875000000007 0.5510416666666667 0.27421875000000007 0.6291666666666667 0.29765625000000007 0.6291666666666667
2 0.3437500000000001 0.5114583333333333 0.3179687500000001 0.5114583333333333 0.3179687500000001 0.5927083333333333 0.3437500000000001 0.5927083333333333
2 0.3187500000000001 0.50625 0.2968750000000001 0.50625 0.2968750000000001 0.5854166666666667 0.3187500000000001 0.5854166666666667
2 0.30390625000000004 0.471875 0.2796875 0.471875 0.27968750000000003 0.5604166666666667 0.3039062500000001 0.5604166666666667
2 0.2867187500000001 0.5072916666666667 0.2679687500000001 0.5072916666666667 0.2679687500000001 0.5729166666666666 0.2867187500000001 0.5729166666666666
2 0.37734375000000003 0.4770833333333334 0.35703125 0.47708333333333336 0.35703125 0.5416666666666666 0.3773437500000001 0.5416666666666666
1 0.38671875000000006 0.37291666666666673 0.321875 0.3729166666666667 0.321875 0.5072916666666667 0.3867187500000001 0.5072916666666668
2 0.36953125000000003 0.4572916666666667 0.35078125 0.45729166666666665 0.35078125000000004 0.5125000000000001 0.3695312500000001 0.5125000000000001
2 0.32812500000000006 0.4322916666666667 0.31171875 0.4322916666666667 0.31171875000000004 0.5052083333333334 0.3281250000000001 0.5052083333333334
2 0.31250000000000006 0.453125 0.29453125 0.453125 0.29453125 0.5083333333333333 0.3125000000000001 0.5083333333333333
1 0.440625 0.4510416666666668 0.36875 0.4510416666666668 0.36875 0.5875 0.440625 0.5875
2 0.39062500000000006 0.4406250000000001 0.37109375 0.4406250000000001 0.37109375000000006 0.5104166666666667 0.3906250000000001 0.5104166666666667
2 0.3625000000000001 0.5177083333333333 0.3476562500000001 0.5177083333333333 0.3476562500000001 0.5458333333333333 0.3625000000000001 0.5458333333333333
1 0.5125 0.4562500000000001 0.44375 0.4562500000000001 0.44375 0.5822916666666667 0.5125 0.5822916666666667
2 0.4625 0.41562500000000013 0.44765625 0.41562500000000013 0.44765625 0.4947916666666668 0.4625 0.4947916666666668
2 0.44921875 0.43958333333333344 0.4328125 0.43958333333333344 0.4328125 0.5072916666666668 0.44921875 0.5072916666666668
1 0.5078125 0.4114583333333334 0.46171875 0.4114583333333334 0.46171875 0.48020833333333346 0.5078125 0.48020833333333346
2 0.47578125 0.3937500000000001 0.4609375 0.3937500000000001 0.4609375 0.4531250000000001 0.47578125 0.4531250000000001
2 0.48203125 0.3729166666666668 0.465625 0.3729166666666668 0.465625 0.4166666666666668 0.48203125 0.4166666666666668
2 0.48046875 0.3541666666666668 0.46640625 0.3541666666666668 0.46640625 0.39270833333333344 0.48046875 0.39270833333333344
2 0.3390625 0.4041666666666667 0.32421875 0.4041666666666667 0.32421875 0.453125 0.3390625 0.453125
2 0.34453125 0.38645833333333335 0.33828125 0.38645833333333335 0.33828125 0.4010416666666667 0.34453125 0.4010416666666667
2 0.37734375 0.3218750000000001 0.35546875 0.321875 0.35546875 0.37187500000000007 0.37734375 0.3718750000000001
2 0.37421875 0.3520833333333334 0.35390625 0.35208333333333336 0.35390625 0.38125000000000003 0.37421875 0.38125000000000014
1 0.4125 0.33958333333333346 0.36484375 0.33958333333333346 0.36484375 0.4385416666666668 0.4125 0.4385416666666668
2 0.390625 0.3260416666666668 0.3765625 0.3260416666666668 0.3765625 0.35520833333333346 0.390625 0.35520833333333346
3 0.4609375 0.3354166666666668 0.4 0.3354166666666668 0.4 0.46250000000000013 0.4609375 0.46250000000000013
2 0.42890625 0.3125000000000001 0.41015625 0.3125000000000001 0.41015625 0.35520833333333346 0.42890625 0.35520833333333346
2 0.40859375 0.3250000000000001 0.39296875 0.3250000000000001 0.39296875 0.3489583333333334 0.40859375 0.3489583333333334
2 0.41015625 0.3104166666666668 0.40078125 0.3104166666666668 0.40078125 0.33958333333333346 0.41015625 0.33958333333333346
2 0.39921875 0.30625000000000013 0.39296875 0.30625000000000013 0.39296875 0.33645833333333347 0.39921875 0.33645833333333347
2 0.39375 0.3125000000000001 0.384375 0.3125000000000001 0.384375 0.34583333333333344 0.39375 0.34583333333333344
1 0.521875 0.3281250000000001 0.4828125 0.3281250000000001 0.4828125 0.39479166666666676 0.521875 0.39479166666666676
2 0.49375 0.3177083333333334 0.4828125 0.3177083333333334 0.4828125 0.3718750000000001 0.49375 0.3718750000000001
2 0.48125 0.3197916666666668 0.46953125 0.3197916666666668 0.46953125 0.3572916666666668 0.48125 0.3572916666666668
2 0.46953125 0.31458333333333344 0.4609375 0.31458333333333344 0.4609375 0.3666666666666668 0.46953125 0.3666666666666668
1 0.46171875 0.3125000000000001 0.4265625 0.3125000000000001 0.4265625 0.36145833333333344 0.46171875 0.36145833333333344
2 0.4375 0.29583333333333345 0.42890625 0.29583333333333345 0.42890625 0.33020833333333344 0.4375 0.33020833333333344
2 0.43125 0.3000000000000001 0.42265625 0.3000000000000001 0.42265625 0.32395833333333346 0.43125 0.32395833333333346
2 0.4234375 0.2916666666666668 0.41171875 0.2916666666666668 0.41171875 0.3177083333333334 0.4234375 0.3177083333333334
2 0.4296875 0.27187500000000014 0.41875 0.27187500000000014 0.41875 0.3000000000000001 0.4296875 0.3000000000000001
2 0.4171875 0.26979166666666676 0.40625 0.26979166666666676 0.40625 0.3093750000000001 0.4171875 0.3093750000000001
2 0.409375 0.27500000000000013 0.3953125 0.27500000000000013 0.3953125 0.3104166666666668 0.409375 0.3104166666666668
1 0.4796875 0.28020833333333345 0.43828125 0.28020833333333345 0.43828125 0.32083333333333347 0.4796875 0.32083333333333347
2 0.45 0.27187500000000014 0.4375 0.27187500000000014 0.4375 0.31666666666666676 0.45 0.31666666666666676
2 0.43984375 0.27500000000000013 0.4296875 0.27500000000000013 0.4296875 0.30104166666666676 0.43984375 0.30104166666666676
2 0.490625 0.30104166666666676 0.47734375 0.30104166666666676 0.47734375 0.3333333333333334 0.490625 0.3333333333333334
1 0.52890625 0.29270833333333346 0.48984375 0.29270833333333346 0.48984375 0.35208333333333347 0.52890625 0.35208333333333347
2 0.503125 0.2843750000000001 0.4921875 0.2843750000000001 0.4921875 0.3177083333333334 0.503125 0.3177083333333334
2 0.49296875 0.2843750000000001 0.48046875 0.2843750000000001 0.48046875 0.31458333333333344 0.49296875 0.31458333333333344
1 0.5265625 0.2614583333333334 0.4984375 0.2614583333333334 0.4984375 0.30520833333333347 0.5265625 0.30520833333333347
2 0.50078125 0.25729166666666675 0.490625 0.25729166666666675 0.490625 0.2968750000000001 0.50078125 0.2968750000000001
2 0.490625 0.27500000000000013 0.48203125 0.27500000000000013 0.48203125 0.2979166666666668 0.490625 0.2979166666666668
1 0.4953125 0.2291666666666667 0.4671875 0.2291666666666667 0.4671875 0.2729166666666668 0.4953125 0.2729166666666668
2 0.49296875 0.25312500000000004 0.4859375 0.25312500000000004 0.4859375 0.27395833333333347 0.49296875 0.27395833333333347
1 0.53359375 0.2395833333333334 0.50703125 0.2395833333333334 0.50703125 0.29270833333333346 0.53359375 0.29270833333333346
1 0.53984375 0.22291666666666674 0.5140625 0.22291666666666674 0.5140625 0.2645833333333334 0.53984375 0.2645833333333334
1 0.54375 0.20937500000000006 0.52265625 0.20937500000000006 0.52265625 0.2510416666666667 0.54375 0.2510416666666667
2 0.51953125 0.21979166666666672 0.5078125 0.21979166666666672 0.5078125 0.2458333333333334 0.51953125 0.2458333333333334
2 0.50859375 0.22500000000000006 0.5 0.22500000000000006 0.5 0.26250000000000007 0.50859375 0.26250000000000007
1 0.48046875 0.26354166666666673 0.4515625 0.26354166666666673 0.4515625 0.3041666666666668 0.48046875 0.3041666666666668
2 0.45546875 0.25729166666666675 0.44765625 0.25729166666666675 0.44765625 0.28541666666666676 0.45546875 0.28541666666666676
2 0.46328125 0.25000000000000006 0.45546875 0.25000000000000006 0.45546875 0.2708333333333334 0.46328125 0.2708333333333334
2 0.44765625 0.2510416666666667 0.43828125 0.2510416666666667 0.43828125 0.27395833333333347 0.44765625 0.27395833333333347
2 0.43828125 0.24687500000000007 0.43046875 0.24687500000000007 0.43046875 0.2760416666666668 0.43828125 0.2760416666666668
2 0.4296875 0.2541666666666667 0.42265625 0.2541666666666667 0.42265625 0.2760416666666668 0.4296875 0.2760416666666668
2 0.4265625 0.2489583333333334 0.4171875 0.2489583333333334 0.4171875 0.27395833333333347 0.4265625 0.27395833333333347
2 0.4625 0.23125000000000007 0.45546875 0.23125000000000007 0.45546875 0.2583333333333334 0.4625 0.2583333333333334
2 0.45703125 0.23229166666666673 0.44765625 0.23229166666666673 0.44765625 0.2583333333333334 0.45703125 0.2583333333333334
2 0.453125 0.2291666666666667 0.4453125 0.2291666666666667 0.4453125 0.2510416666666667 0.453125 0.2510416666666667
2 0.44609375 0.2291666666666667 0.440625 0.2291666666666667 0.440625 0.2541666666666667 0.44609375 0.2541666666666667
2 0.44296875 0.21562500000000007 0.43515625 0.21562500000000007 0.43515625 0.24375000000000005 0.44296875 0.24375000000000005
2 0.43828125 0.22187500000000007 0.4296875 0.22187500000000007 0.4296875 0.2489583333333334 0.43828125 0.2489583333333334
2 0.4328125 0.2302083333333334 0.4234375 0.2302083333333334 0.4234375 0.25520833333333337 0.4328125 0.25520833333333337
1 0.50234375 0.20625000000000007 0.47734375 0.20625000000000007 0.47734375 0.2458333333333334 0.50234375 0.2458333333333334
2 0.48125 0.20625000000000007 0.47578125 0.20625000000000007 0.47578125 0.22812500000000005 0.48125 0.22812500000000005
2 0.4828125 0.20000000000000007 0.4765625 0.20000000000000007 0.4765625 0.21875000000000006 0.4828125 0.21875000000000006
2 0.4765625 0.20729166666666674 0.46796875 0.20729166666666674 0.46796875 0.24062500000000006 0.4765625 0.24062500000000006
1 0.5171875 0.1822916666666667 0.49375 0.1822916666666667 0.49375 0.22187500000000007 0.5171875 0.22187500000000007
2 0.48984375 0.19479166666666672 0.484375 0.19479166666666672 0.484375 0.2114583333333334 0.48984375 0.2114583333333334
2 0.4765625 0.19687500000000005 0.46953125 0.19687500000000005 0.46953125 0.2145833333333334 0.4765625 0.2145833333333334
2 0.47109375 0.2135416666666667 0.46328125 0.2135416666666667 0.46328125 0.24687500000000007 0.47109375 0.24687500000000007
2 0.46953125 0.19479166666666672 0.4625 0.19479166666666672 0.4625 0.21666666666666673 0.46953125 0.21666666666666673
2 0.465625 0.20625000000000007 0.4546875 0.20625000000000007 0.4546875 0.24166666666666672 0.465625 0.24166666666666672
2 0.46328125 0.19166666666666674 0.45546875 0.19166666666666674 0.45546875 0.2135416666666667 0.46328125 0.2135416666666667
2 0.4546875 0.2114583333333334 0.45 0.2114583333333334 0.45 0.2333333333333334 0.4546875 0.2333333333333334
2 0.4578125 0.19375000000000006 0.44921875 0.19375000000000006 0.44921875 0.2145833333333334 0.4578125 0.2145833333333334
2 0.4484375 0.20416666666666672 0.44140625 0.20416666666666672 0.44140625 0.2302083333333334 0.4484375 0.2302083333333334
2 0.4984375 0.18437500000000007 0.48984375 0.18437500000000007 0.48984375 0.20520833333333338 0.4984375 0.20520833333333338
2 0.496875 0.17187500000000006 0.490625 0.17187500000000006 0.490625 0.18437500000000007 0.496875 0.18437500000000007
2 0.490625 0.17916666666666672 0.484375 0.17916666666666672 0.484375 0.1958333333333334 0.490625 0.1958333333333334
2 0.48515625 0.18437500000000007 0.4796875 0.18437500000000007 0.4796875 0.20416666666666672 0.48515625 0.20416666666666672
2 0.4828125 0.1822916666666667 0.478125 0.1822916666666667 0.478125 0.19687500000000005 0.4828125 0.19687500000000005
1 0.47734375 0.17916666666666672 0.459375 0.17916666666666672 0.459375 0.20312500000000006 0.47734375 0.20312500000000006
1 0.49296875 0.1520833333333334 0.4765625 0.1520833333333334 0.4765625 0.18125000000000005 0.49296875 0.18125000000000005
2 0.478125 0.16562500000000005 0.471875 0.16562500000000005 0.471875 0.17916666666666672 0.478125 0.17916666666666672
2 0.47265625 0.16979166666666673 0.46796875 0.16979166666666673 0.46796875 0.17812500000000006 0.47265625 0.17812500000000006
2 0.4625 0.18125000000000005 0.45703125 0.18125000000000005 0.45703125 0.19166666666666674 0.4625 0.19166666666666674
3 0.54375 0.14687500000000006 0.51875 0.14687500000000006 0.51875 0.2020833333333334 0.54375 0.2020833333333334
1 0.54296875 0.1354166666666667 0.53046875 0.1354166666666667 0.53046875 0.14791666666666672 0.54296875 0.14791666666666672
2 0.53203125 0.1281250000000001 0.52578125 0.1281250000000001 0.52578125 0.1458333333333334 0.53203125 0.1458333333333334
1 0.54296875 0.12604166666666675 0.53359375 0.12604166666666675 0.53359375 0.1364583333333334 0.54296875 0.1364583333333334
1 0.5421875 0.11666666666666675 0.53203125 0.11666666666666675 0.53203125 0.1270833333333334 0.5421875 0.1270833333333334
2 0.53125 0.11979166666666675 0.52578125 0.11979166666666675 0.52578125 0.1281250000000001 0.53125 0.1281250000000001
1 0.5078125 0.1552083333333334 0.49375 0.1552083333333334 0.49375 0.17187500000000006 0.5078125 0.17187500000000006
1 0.51875 0.14479166666666674 0.5046875 0.14479166666666674 0.5046875 0.16562500000000005 0.51875 0.16562500000000005
2 0.50625 0.14062500000000006 0.5 0.14062500000000006 0.5 0.15312500000000007 0.50625 0.15312500000000007
2 0.49921875 0.14166666666666672 0.4953125 0.14166666666666672 0.4953125 0.15625000000000006 0.49921875 0.15625000000000006
1 0.5234375 0.13437500000000005 0.5109375 0.13437500000000005 0.5109375 0.1510416666666667 0.5234375 0.1510416666666667
1 0.525 0.1270833333333334 0.5140625 0.1270833333333334 0.5140625 0.14375000000000007 0.525 0.14375000000000007
2 0.51171875 0.13750000000000007 0.50625 0.13750000000000007 0.50625 0.14791666666666672 0.51171875 0.14791666666666672
2 0.4953125 0.14166666666666672 0.4890625 0.14166666666666672 0.4890625 0.1520833333333334 0.4953125 0.1520833333333334
1 0.50546875 0.13229166666666675 0.496875 0.13229166666666675 0.496875 0.14479166666666674 0.50546875 0.14479166666666674
2 0.4953125 0.13020833333333343 0.48671875 0.13020833333333343 0.48671875 0.14166666666666672 0.4953125 0.14166666666666672
2 0.51328125 0.12500000000000008 0.50703125 0.12500000000000008 0.50703125 0.13750000000000007 0.51328125 0.13750000000000007
1 0.50546875 0.11666666666666675 0.49296875 0.11666666666666675 0.49296875 0.13229166666666675 0.50546875 0.13229166666666675
2 0.49453125 0.12083333333333342 0.48828125 0.12083333333333342 0.48828125 0.13229166666666675 0.49453125 0.13229166666666675
1 0.52578125 0.11875000000000009 0.51484375 0.11875000000000009 0.51484375 0.1270833333333334 0.52578125 0.1270833333333334
2 0.5140625 0.11666666666666675 0.50546875 0.11666666666666675 0.50546875 0.12604166666666675 0.5140625 0.12604166666666675
1 0.52578125 0.10937500000000008 0.51484375 0.10937500000000008 0.51484375 0.11770833333333343 0.52578125 0.11770833333333343
2 0.515625 0.10520833333333342 0.51015625 0.10520833333333342 0.51015625 0.11562500000000009 0.515625 0.11562500000000009
2 0.51015625 0.10833333333333342 0.50625 0.10833333333333342 0.50625 0.11875000000000009 0.51015625 0.11875000000000009
1 0.50546875 0.10937500000000008 0.496875 0.10937500000000008 0.496875 0.11875000000000009 0.50546875 0.11875000000000009
2 0.49609375 0.10833333333333342 0.49140625 0.10833333333333342 0.49140625 0.11979166666666675 0.49609375 0.11979166666666675
2 0.4921875 0.1062500000000001 0.4875 0.1062500000000001 0.4875 0.12083333333333342 0.4921875 0.12083333333333342
2 0.4890625 0.14270833333333338 0.484375 0.14270833333333338 0.484375 0.1510416666666667 0.4890625 0.1510416666666667
1 0.5203125 0.10104166666666675 0.51171875 0.10104166666666675 0.51171875 0.10729166666666676 0.5203125 0.10729166666666676
2 0.509375 0.10208333333333343 0.50546875 0.10208333333333343 0.50546875 0.11041666666666676 0.509375 0.11041666666666676
1 0.2875000000000001 0.9625 0.20312500000000008 0.9625 0.20312500000000008 1 0.2875000000000001 1
1 0.3656250000000001 0.7697916666666667 0.25859375000000007 0.7697916666666667 0.25859375000000007 1 0.3656250000000001 1
1 0.4765625000000001 0.875 0.38359375000000007 0.875 0.38359375000000007 1 0.47656250000000017 1
1 0.484375 0.675 0.3960937500000001 0.675 0.3960937500000001 0.878125 0.484375 0.878125
1 0.4953125 0.5187500000000002 0.41875 0.5187500000000002 0.41875 0.690625 0.4953125 0.690625
1 0.52265625 0.36354166666666676 0.48046875 0.36354166666666676 0.48046875 0.4541666666666668 0.52265625 0.4541666666666668
1 0.540625 0.19687500000000005 0.51796875 0.19687500000000005 0.51796875 0.21979166666666672 0.540625 0.21979166666666672
1 0.51328125 0.16979166666666673 0.49375 0.16979166666666673 0.49375 0.1979166666666667 0.51328125 0.1979166666666667
1 0.51875 0.16250000000000006 0.503125 0.16250000000000006 0.503125 0.1864583333333334 0.51875 0.1864583333333334
1 0.53984375 0.10416666666666675 0.52890625 0.10416666666666675 0.52890625 0.11666666666666675 0.53984375 0.11666666666666675
1 0.5015625 0.09791666666666675 0.4921875 0.09791666666666675 0.4921875 0.10937500000000008 0.5015625 0.10937500000000008
1 0.52109375 0.08437500000000009 0.5125 0.08437500000000009 0.5125 0.10208333333333343 0.52109375 0.10208333333333343
1 0.5125 0.08750000000000009 0.50546875 0.08750000000000009 0.50546875 0.10104166666666675 0.5125 0.10104166666666675
1 0.50390625 0.08541666666666675 0.4953125 0.08541666666666675 0.4953125 0.10000000000000009 0.50390625 0.10000000000000009
3 0.534375 0.08229166666666675 0.5203125 0.08229166666666675 0.5203125 0.11041666666666676 0.534375 0.11041666666666676