2 0.978125 0.9291666666666669 0.92421875 0.9291666666666669 0.92421875 1.0000000000000002 0.978125 1.0000000000000002
2 0.8890625 0.8156250000000003 0.83046875 0.8156250000000003 0.83046875 0.9656250000000003 0.8890625 0.9656250000000003
2 0.821875 0.7375000000000003 0.7703125 0.7375000000000003 0.7703125 0.8822916666666669 0.821875 0.8822916666666669
2 0.77734375 0.6697916666666669 0.74296875 0.6697916666666669 0.74296875 0.8062500000000002 0.77734375 0.8062500000000002
2 0.80859375 0.6458333333333336 0.76875 0.6458333333333336 0.76875 0.7427083333333335 0.80859375 0.7427083333333335
2 0.75078125 0.5947916666666668 0.71875 0.5947916666666667 0.71875 0.7062500000000002 0.75078125 0.7062500000000003
2 0.7671875 0.5718750000000002 0.73828125 0.5718750000000002 0.73828125 0.6677083333333336 0.7671875 0.6677083333333336
2 0.70703125 0.5572916666666666 0.66484375 0.5572916666666666 0.66484375 0.6458333333333334 0.70703125 0.6458333333333334
2 0.7140625 0.49270833333333347 0.6859375 0.49270833333333347 0.6859375 0.5489583333333333 0.7140625 0.5489583333333333
2 0.73046875 0.5437500000000001 0.69375 0.54375 0.69375 0.6500000000000001 0.73046875 0.6500000000000002
2 0.67734375 0.4510416666666668 0.6453125 0.4510416666666668 0.6453125 0.534375 0.67734375 0.534375
2 0.67734375 0.4041666666666668 0.64609375 0.4041666666666668 0.64609375 0.44895833333333346 0.67734375 0.44895833333333346
2 0.65859375 0.37083333333333346 0.63671875 0.37083333333333346 0.63671875 0.44375000000000014 0.65859375 0.44375000000000014
2 0.54375 0.628125 0.50078125 0.628125 0.50078125 0.7583333333333333 0.54375 0.7583333333333333
2 0.58203125 0.34583333333333344 0.5640625 0.34583333333333344 0.5640625 0.39479166666666676 0.58203125 0.39479166666666676
2 0.56328125 0.31666666666666676 0.5484375 0.31666666666666676 0.5484375 0.3729166666666668 0.56328125 0.3729166666666668
2 0.49375 0.28020833333333345 0.48046875 0.28020833333333345 0.48046875 0.3281250000000001 0.49375 0.3281250000000001
2 0.58046875 0.29270833333333346 0.5640625 0.29270833333333346 0.5640625 0.3354166666666668 0.58046875 0.3354166666666668
2 0.63359375 0.3135416666666668 0.6125 0.3135416666666668 0.6125 0.37083333333333346 0.63359375 0.37083333333333346
2 0.58125 0.29062500000000013 0.5625 0.29062500000000013 0.5625 0.33437500000000014 0.58125 0.33437500000000014
2 0.61171875 0.2885416666666668 0.59375 0.2885416666666668 0.59375 0.3125000000000001 0.61171875 0.3125000000000001
2 0.60234375 0.27500000000000013 0.58984375 0.27500000000000013 0.58984375 0.30625000000000013 0.60234375 0.30625000000000013
2 0.5875 0.28333333333333344 0.57578125 0.28333333333333344 0.57578125 0.3156250000000001 0.5875 0.3156250000000001
2 0.5625 0.27500000000000013 0.54921875 0.27500000000000013 0.54921875 0.3156250000000001 0.5625 0.3156250000000001
2 0.53515625 0.26354166666666673 0.52734375 0.26354166666666673 0.52734375 0.2666666666666668 0.53515625 0.2666666666666668
2 0.51328125 0.2843750000000001 0.5015625 0.2843750000000001 0.5015625 0.2968750000000001 0.51328125 0.2968750000000001
2 0.509375 0.2614583333333334 0.5 0.2614583333333334 0.5 0.28333333333333344 0.509375 0.28333333333333344
2 0.5046875 0.24166666666666672 0.49375 0.24166666666666672 0.49375 0.28020833333333345 0.5046875 0.28020833333333345
2 0.5046875 0.22500000000000006 0.49296875 0.22500000000000006 0.49296875 0.23854166666666674 0.5046875 0.23854166666666674
2 0.49375 0.22187500000000007 0.48828125 0.22187500000000007 0.48828125 0.2458333333333334 0.49375 0.2458333333333334
2 0.575 0.2760416666666668 0.56640625 0.2760416666666668 0.56640625 0.29062500000000013 0.575 0.29062500000000013
2 0.5859375 0.26145833333333346 0.57421875 0.26145833333333346 0.57421875 0.2843750000000001 0.5859375 0.2843750000000001
2 0.58125 0.22708333333333344 0.56640625 0.22708333333333344 0.56640625 0.26770833333333344 0.58125 0.26770833333333344
2 0.56640625 0.2135416666666668 0.5515625 0.2135416666666668 0.5515625 0.2291666666666668 0.56640625 0.2291666666666668
2 0.553125 0.21354166666666677 0.5359375 0.2135416666666667 0.5359375 0.2312500000000001 0.553125 0.23125000000000012
2 0.546875 0.2312500000000001 0.5359375 0.23125000000000007 0.5359375 0.2583333333333334 0.546875 0.25833333333333347
2 0.55703125 0.19583333333333344 0.54453125 0.19583333333333344 0.54453125 0.20937500000000012 0.55703125 0.20937500000000012
2 0.54765625 0.18229166666666677 0.5390625 0.1822916666666667 0.5390625 0.1937500000000001 0.54765625 0.19375000000000012
2 0.50546875 0.20937500000000006 0.4875 0.20937500000000006 0.4875 0.2239583333333334 0.50546875 0.2239583333333334
1 0.65546875 0.79375 0.53359375 0.79375 0.5335937500000001 1 0.6554687500000002 1
1 0.72578125 0.6104166666666668 0.61875 0.6104166666666667 0.61875 0.8208333333333334 0.72578125 0.8208333333333335
1 0.55390625 0.44166666666666676 0.496875 0.44166666666666676 0.496875 0.5604166666666667 0.55390625 0.5604166666666667
1 0.6203125 0.4031250000000001 0.55078125 0.4031250000000001 0.55078125 0.5177083333333334 0.6203125 0.5177083333333334
1 0.52578125 0.3593750000000001 0.478125 0.3593750000000001 0.478125 0.45208333333333345 0.52578125 0.45208333333333345
1 0.52734375 0.2947916666666668 0.4859375 0.2947916666666668 0.4859375 0.3760416666666668 0.52734375 0.3760416666666668
1 0.6359375 0.33750000000000013 0.58359375 0.33750000000000013 0.58359375 0.42604166666666676 0.6359375 0.42604166666666676
1 0.61328125 0.30104166666666676 0.57578125 0.30104166666666676 0.57578125 0.3416666666666668 0.61328125 0.3416666666666668
1 0.55546875 0.26979166666666676 0.51953125 0.26979166666666676 0.51953125 0.3312500000000001 0.55546875 0.3312500000000001
1 0.49609375 0.23645833333333338 0.4640625 0.23645833333333338 0.4640625 0.2864583333333334 0.49609375 0.2864583333333334
1 0.48671875 0.2177083333333334 0.4609375 0.2177083333333334 0.4609375 0.2395833333333334 0.48671875 0.2395833333333334
1 0.4796875 0.19479166666666672 0.4578125 0.19479166666666672 0.4578125 0.2177083333333334 0.4796875 0.2177083333333334
1 0.475 0.1802083333333334 0.44921875 0.1802083333333334 0.44921875 0.22604166666666672 0.475 0.22604166666666672
3 0.53828125 0.1864583333333334 0.503125 0.1864583333333334 0.503125 0.25520833333333337 0.53828125 0.25520833333333337
1 0.5453125 0.25729166666666675 0.51484375 0.25729166666666675 0.51484375 0.2864583333333334 0.5453125 0.2864583333333334
1 0.5546875 0.27395833333333347 0.51953125 0.27395833333333347 0.51953125 0.3333333333333334 0.5546875 0.3333333333333334
2 0.49140625 0.1833333333333334 0.47578125 0.1833333333333334 0.47578125 0.2135416666666667 0.49140625 0.2135416666666667
2 0.51171875 0.16979166666666673 0.50546875 0.16979166666666673 0.50546875 0.18125000000000005 0.51171875 0.18125000000000005
2 0.5296875 0.1708333333333334 0.51953125 0.1708333333333334 0.51953125 0.18541666666666673 0.5296875 0.18541666666666673
2 0.5171875 0.1677083333333334 0.51328125 0.1677083333333334 0.51328125 0.1833333333333334 0.5171875 0.1833333333333334
2 0.5625 0.2531250000000001 0.54609375 0.2531250000000001 0.54609375 0.2708333333333334 0.5625 0.2708333333333334
1 0.56875 0.2343750000000001 0.546875 0.2343750000000001 0.546875 0.2687500000000001 0.56875 0.2687500000000001
1 0.5046875 0.18854166666666672 0.490625 0.18854166666666672 0.490625 0.2083333333333334 0.5046875 0.2083333333333334
1 0.50078125 0.17604166666666674 0.48515625 0.17604166666666674 0.48515625 0.19375000000000006 0.50078125 0.19375000000000006
1 0.471875 0.16250000000000006 0.45546875 0.16250000000000006 0.45546875 0.17812500000000006 0.471875 0.17812500000000006
1 0.4734375 0.1552083333333334 0.45703125 0.1552083333333334 0.45703125 0.1645833333333334 0.4734375 0.1645833333333334
1 0.50078125 0.1666666666666667 0.48359375 0.1666666666666667 0.48359375 0.17604166666666674 0.50078125 0.17604166666666674
1 0.47578125 0.13437500000000005 0.4609375 0.13437500000000005 0.4609375 0.1552083333333334 0.47578125 0.1552083333333334
1 0.51953125 0.14062500000000006 0.5 0.14062500000000006 0.5 0.15729166666666672 0.51953125 0.15729166666666672
1 0.46640625 0.12604166666666675 0.45703125 0.12604166666666675 0.45703125 0.13437500000000005 0.46640625 0.13437500000000005
1 0.49296875 0.1281250000000001 0.4765625 0.1281250000000001 0.4765625 0.14062500000000006 0.49296875 0.14062500000000006
1 0.5109375 0.12916666666666676 0.5 0.12916666666666676 0.5 0.1395833333333334 0.5109375 0.1395833333333334
1 0.5078125 0.12291666666666676 0.49609375 0.12291666666666676 0.49609375 0.13229166666666675 0.5078125 0.13229166666666675
1 0.50078125 0.14375000000000007 0.48203125 0.14375000000000007 0.48203125 0.1708333333333334 0.50078125 0.1708333333333334
1 0.4765625 0.11770833333333343 0.4625 0.11770833333333343 0.4625 0.1281250000000001 0.4765625 0.1281250000000001
1 0.46796875 0.11354166666666675 0.459375 0.11354166666666675 0.459375 0.12395833333333342 0.46796875 0.12395833333333342
1 0.47578125 0.10416666666666675 0.46484375 0.10416666666666675 0.46484375 0.11875000000000009 0.47578125 0.11875000000000009
1 0.48125 0.09270833333333342 0.471875 0.09270833333333342 0.471875 0.10416666666666675 0.48125 0.10416666666666675
0 0.49453125 0.10416666666666675 0.478125 0.10416666666666675 0.478125 0.12916666666666676 0.49453125 0.12916666666666676
2 0.4828125 0.1614583333333334 0.47109375 0.1614583333333334 0.47109375 0.17812500000000006 0.4828125 0.17812500000000006
2 0.4609375 0.13750000000000007 0.446875 0.13750000000000007 0.446875 0.15937500000000007 0.4609375 0.15937500000000007
2 0.52734375 0.15729166666666672 0.5 0.15729166666666672 0.5 0.1833333333333334 0.52734375 0.1833333333333334
1 0.5078125 0.09166666666666676 0.5015625 0.09166666666666676 0.5015625 0.10208333333333343 0.5078125 0.10208333333333343
1 0.50078125 0.10208333333333343 0.496875 0.10208333333333343 0.496875 0.11666666666666675 0.50078125 0.11666666666666675
2 0.5109375 0.10729166666666676 0.50546875 0.10729166666666676 0.50546875 0.1218750000000001 0.5109375 0.1218750000000001