2 0.050781250000000076 0.775 7.11825952004399e-17 0.775 7.811907121123546e-17 0.9260416666666667 0.05078125000000009 0.9260416666666667
2 0.10312500000000009 0.9020833333333333 0.04218750000000008 0.9020833333333333 0.042187500000000086 1 0.10312500000000009 1
2 0.1664062500000001 0.9083333333333333 0.10000000000000009 0.9083333333333333 0.10000000000000009 1 0.1664062500000001 1
2 0.22812500000000008 0.9416666666666667 0.1742187500000001 0.9416666666666667 0.1742187500000001 1 0.22812500000000008 1
2 0.2632812500000001 0.9364583333333333 0.2312500000000001 0.9364583333333333 0.2312500000000001 1 0.2632812500000001 1
2 0.3382812500000001 0.9125 0.2992187500000001 0.9125 0.2992187500000001 1 0.3382812500000001 1
2 0.13125000000000006 0.721875 0.07031250000000007 0.721875 0.07031250000000008 0.8520833333333333 0.1312500000000001 0.8520833333333333
2 0.1609375000000001 0.85 0.1281250000000001 0.85 0.1281250000000001 0.9614583333333333 0.1609375000000001 0.9614583333333333
2 0.14218750000000008 0.8083333333333333 0.09921875000000006 0.8083333333333333 0.09921875000000008 0.9739583333333334 0.14218750000000008 0.9739583333333334
2 0.1671875000000001 0.7375 0.12656250000000008 0.7375 0.12656250000000008 0.8625 0.1671875000000001 0.8625
3 0.3726562500000001 0.4854166666666667 0.19062500000000004 0.48541666666666666 0.19062500000000007 0.9302083333333333 0.3726562500000001 0.9302083333333333
2 0.2195312500000001 0.6927083333333334 0.18984375000000003 0.6927083333333334 0.18984375000000006 0.8270833333333333 0.2195312500000001 0.8270833333333333
2 0.20078125000000008 0.6854166666666667 0.15859375000000003 0.6854166666666667 0.15859375000000006 0.803125 0.20078125000000008 0.803125
2 0.2039062500000001 0.784375 0.1554687500000001 0.784375 0.1554687500000001 0.915625 0.2039062500000001 0.915625
1 0.4625000000000001 0.803125 0.3507812500000001 0.803125 0.3507812500000001 1 0.4625000000000002 1
2 0.3781250000000001 0.775 0.3414062500000001 0.775 0.3414062500000001 0.9395833333333333 0.3781250000000001 0.9395833333333333
2 0.3921875000000001 0.7291666666666666 0.3554687500000001 0.7291666666666666 0.3554687500000001 0.8364583333333333 0.3921875000000001 0.8364583333333333
2 0.39531250000000007 0.6552083333333333 0.3625000000000001 0.6552083333333333 0.3625000000000001 0.76875 0.39531250000000007 0.76875
2 0.515625 0.584375 0.4734375 0.584375 0.4734375 0.7229166666666667 0.515625 0.7229166666666667
2 0.521875 0.5166666666666668 0.4859375 0.5166666666666668 0.4859375 0.60625 0.521875 0.60625
2 0.4078125 0.5708333333333333 0.3687500000000001 0.5708333333333333 0.3687500000000001 0.671875 0.4078125 0.671875
2 0.409375 0.5354166666666667 0.3843750000000001 0.5354166666666667 0.3843750000000001 0.625 0.409375 0.625
1 0.47890625 0.5229166666666668 0.40703125 0.5229166666666668 0.40703125 0.6739583333333333 0.47890625 0.6739583333333333
2 0.425 0.5000000000000001 0.4015625 0.5000000000000001 0.4015625 0.5802083333333333 0.425 0.5802083333333333
2 0.4328125 0.4583333333333334 0.40859375 0.4583333333333334 0.40859375 0.5427083333333333 0.4328125 0.5427083333333333
2 0.3195312500000001 0.53125 0.29375000000000007 0.53125 0.29375000000000007 0.5916666666666667 0.3195312500000001 0.5916666666666667
2 0.3257812500000001 0.5166666666666667 0.2953125000000001 0.5166666666666667 0.2953125000000001 0.5697916666666667 0.3257812500000001 0.5697916666666667
2 0.29453125 0.446875 0.27265625 0.446875 0.27265625000000004 0.5208333333333334 0.2945312500000001 0.5208333333333334
2 0.5328125 0.2885416666666668 0.51875 0.2885416666666668 0.51875 0.3416666666666668 0.5328125 0.3416666666666668
2 0.53671875 0.1979166666666667 0.528125 0.1979166666666667 0.528125 0.2333333333333334 0.53671875 0.2333333333333334
2 0.53515625 0.17916666666666672 0.52578125 0.17916666666666672 0.52578125 0.2114583333333334 0.53515625 0.2114583333333334
0 0.46640625 0.23854166666666674 0.371875 0.23854166666666674 0.371875 0.42604166666666676 0.46640625 0.42604166666666676
2 0.38203125 0.3510416666666668 0.37421875 0.3510416666666668 0.37421875 0.4031250000000001 0.38203125 0.4031250000000001
1 0.43046875 0.4041666666666668 0.36484375 0.4041666666666668 0.36484375 0.5072916666666668 0.43046875 0.5072916666666668
2 0.375 0.37291666666666673 0.3609375 0.3729166666666667 0.3609375 0.4364583333333334 0.375 0.43645833333333345
2 0.3703125 0.4052083333333334 0.353125 0.40520833333333334 0.353125 0.45937500000000003 0.3703125 0.45937500000000014
1 0.36562500000000003 0.4260416666666667 0.2984375 0.42604166666666665 0.2984375 0.540625 0.3656250000000001 0.540625
2 0.3390625 0.40208333333333335 0.3234375 0.40208333333333335 0.3234375 0.434375 0.3390625 0.434375
1 0.52265625 0.11041666666666676 0.50859375 0.11041666666666676 0.50859375 0.1364583333333334 0.52265625 0.1364583333333334
3 0.5125 0.14791666666666672 0.46328125 0.14791666666666672 0.46328125 0.25625000000000003 0.5125 0.25625000000000003
2 0.503125 0.11666666666666675 0.496875 0.11666666666666675 0.496875 0.13229166666666675 0.503125 0.13229166666666675
2 0.50390625 0.10520833333333342 0.49609375 0.10520833333333342 0.49609375 0.11562500000000009 0.50390625 0.11562500000000009
2 0.50390625 0.09479166666666676 0.4984375 0.09479166666666676 0.4984375 0.10416666666666675 0.50390625 0.10416666666666675
2 0.49921875 0.0906250000000001 0.49453125 0.0906250000000001 0.49453125 0.10208333333333343 0.49921875 0.10208333333333343
2 0.49296875 0.13750000000000007 0.48515625 0.13750000000000007 0.48515625 0.15000000000000005 0.49296875 0.15000000000000005
2 0.51640625 0.15833333333333338 0.50859375 0.15833333333333338 0.50859375 0.17187500000000006 0.51640625 0.17187500000000006
1 0.48125 0.6364583333333333 0.3968750000000001 0.6364583333333333 0.3968750000000001 0.8458333333333333 0.48125 0.8458333333333333
1 0.49375 0.43333333333333346 0.43046875 0.43333333333333346 0.43046875 0.5645833333333333 0.49375 0.5645833333333333
1 0.5015625 0.3979166666666668 0.44609375 0.3979166666666668 0.44609375 0.4895833333333334 0.5015625 0.4895833333333334
1 0.50703125 0.30520833333333347 0.45390625 0.30520833333333347 0.45390625 0.4166666666666668 0.50703125 0.4166666666666668
1 0.521875 0.2708333333333334 0.4734375 0.2708333333333334 0.4734375 0.36770833333333347 0.521875 0.36770833333333347
0 0.48984375 0.18541666666666673 0.4328125 0.18541666666666673 0.4328125 0.2885416666666668 0.48984375 0.2885416666666668