3 0.540625 0.48333333333333345 0.38046875 0.48333333333333345 0.38046875 0.8572916666666667 0.540625 0.8572916666666667
3 0.58515625 0.1593750000000001 0.53359375 0.15937500000000007 0.53359375 0.23541666666666675 0.58515625 0.23541666666666677
3 0.52109375 0.18125000000000005 0.48515625 0.18125000000000005 0.48515625 0.25000000000000006 0.52109375 0.25000000000000006
0 0.54375 0.14062500000000006 0.50625 0.14062500000000006 0.50625 0.21250000000000005 0.54375 0.21250000000000005
3 0.546875 0.1312500000000001 0.52578125 0.1312500000000001 0.52578125 0.18125000000000008 0.546875 0.1812500000000001
3 0.55703125 0.10416666666666675 0.5296875 0.10416666666666675 0.5296875 0.15104166666666677 0.55703125 0.1510416666666668
1 0.42421875 0.5000000000000001 0.3375000000000001 0.5 0.3375000000000001 0.6697916666666667 0.42421875 0.6697916666666667
1 0.47109375 0.36354166666666676 0.41796875 0.36354166666666676 0.41796875 0.47500000000000014 0.47109375 0.47500000000000014
1 0.5453125 0.3729166666666668 0.4953125 0.3729166666666668 0.4953125 0.4791666666666668 0.5453125 0.4791666666666668
1 0.55703125 0.30520833333333347 0.509375 0.30520833333333347 0.509375 0.38333333333333347 0.55703125 0.38333333333333347
1 0.509375 0.2812500000000001 0.4734375 0.2812500000000001 0.4734375 0.35520833333333346 0.509375 0.35520833333333346
1 0.47421875 0.2447916666666667 0.440625 0.2447916666666667 0.440625 0.30520833333333347 0.47421875 0.30520833333333347
1 0.559375 0.2614583333333334 0.51953125 0.2614583333333334 0.51953125 0.31458333333333344 0.559375 0.31458333333333344
1 0.55390625 0.21979166666666675 0.515625 0.21979166666666672 0.515625 0.26458333333333345 0.55390625 0.26458333333333345
3 0.58125 0.14583333333333345 0.5484375 0.14583333333333345 0.5484375 0.18437500000000012 0.58125 0.18437500000000012
1 0.5765625 0.13229166666666675 0.55859375 0.13229166666666675 0.55859375 0.1510416666666668 0.5765625 0.1510416666666668
1 0.578125 0.12083333333333342 0.5609375 0.12083333333333342 0.5609375 0.13645833333333346 0.578125 0.13645833333333346
1 0.55390625 0.08541666666666675 0.54296875 0.08541666666666675 0.54296875 0.09791666666666675 0.55390625 0.09791666666666675
2 0.3070312500000001 0.8864583333333333 0.22421875000000008 0.8864583333333333 0.22421875000000008 1 0.3070312500000001 1