0 0.3695312500000001 0.48958333333333337 0.09609375000000005 0.4895833333333333 0.09609375000000006 1 0.3695312500000001 1
2 0.415625 0.5739583333333333 0.3882812500000001 0.5739583333333333 0.3882812500000001 0.696875 0.415625 0.696875
2 0.41640625 0.5072916666666668 0.3898437500000001 0.5072916666666668 0.3898437500000001 0.590625 0.41640625 0.590625
2 0.46171875 0.5166666666666668 0.428125 0.5166666666666668 0.428125 0.5927083333333333 0.46171875 0.5927083333333333
2 0.48515625 0.4895833333333334 0.4609375 0.4895833333333334 0.4609375 0.571875 0.48515625 0.571875
2 0.51484375 0.5000000000000001 0.4875 0.5000000000000001 0.4875 0.6041666666666666 0.51484375 0.6041666666666666
1 0.50390625 0.5760416666666667 0.42265625 0.5760416666666667 0.42265625 0.7760416666666666 0.50390625 0.7760416666666666
2 0.45625 0.4666666666666668 0.4265625 0.4666666666666668 0.4265625 0.5364583333333334 0.45625 0.5364583333333334
2 0.46171875 0.4218750000000001 0.4375 0.4218750000000001 0.4375 0.5062500000000001 0.46171875 0.5062500000000001
2 0.4515625 0.4031250000000001 0.43515625 0.4031250000000001 0.43515625 0.45520833333333344 0.4515625 0.45520833333333344
2 0.43203125 0.3697916666666668 0.41640625 0.3697916666666668 0.41640625 0.42812500000000014 0.43203125 0.42812500000000014
2 0.4078125 0.3916666666666668 0.38515625 0.3916666666666668 0.38515625 0.4343750000000001 0.4078125 0.4343750000000001
2 0.471875 0.35520833333333346 0.44609375 0.35520833333333346 0.44609375 0.4291666666666668 0.471875 0.4291666666666668
2 0.4859375 0.3406250000000001 0.4703125 0.3406250000000001 0.4703125 0.3916666666666668 0.4859375 0.3916666666666668
1 0.43125 0.41458333333333347 0.371875 0.41458333333333347 0.37187500000000007 0.5302083333333335 0.43125 0.5302083333333335
1 0.51875 0.3489583333333334 0.46875 0.3489583333333334 0.46875 0.4687500000000001 0.51875 0.4687500000000001
2 0.44375 0.3333333333333334 0.42578125 0.3333333333333334 0.42578125 0.38645833333333346 0.44375 0.38645833333333346
2 0.40703125 0.32187500000000013 0.39140625 0.32187500000000013 0.39140625 0.37395833333333345 0.40703125 0.37395833333333345
2 0.41171875 0.3093750000000001 0.396875 0.3093750000000001 0.396875 0.35000000000000014 0.41171875 0.35000000000000014
1 0.396875 0.31875000000000003 0.34375 0.31875 0.34375 0.43541666666666673 0.396875 0.4354166666666668
2 0.43671875 0.3177083333333334 0.41953125 0.3177083333333334 0.41953125 0.3666666666666668 0.43671875 0.3666666666666668
2 0.42265625 0.2781250000000001 0.40703125 0.2781250000000001 0.40703125 0.33645833333333347 0.42265625 0.33645833333333347
2 0.44375 0.2885416666666668 0.42734375 0.2885416666666668 0.42734375 0.33437500000000014 0.44375 0.33437500000000014
2 0.46796875 0.2822916666666668 0.44765625 0.2822916666666668 0.44765625 0.3416666666666668 0.46796875 0.3416666666666668
2 0.4984375 0.28750000000000014 0.4828125 0.28750000000000014 0.4828125 0.3447916666666668 0.4984375 0.3447916666666668
2 0.5109375 0.27187500000000014 0.49453125 0.27187500000000014 0.49453125 0.32395833333333346 0.5109375 0.32395833333333346
2 0.4421875 0.25625000000000003 0.42578125 0.25625000000000003 0.42578125 0.30625000000000013 0.4421875 0.30625000000000013
2 0.5109375 0.2145833333333334 0.4953125 0.2145833333333334 0.4953125 0.2583333333333334 0.5109375 0.2583333333333334
2 0.4921875 0.18854166666666672 0.47734375 0.18854166666666672 0.47734375 0.2333333333333334 0.4921875 0.2333333333333334
2 0.47421875 0.22083333333333338 0.46015625 0.22083333333333338 0.46015625 0.26041666666666674 0.47421875 0.26041666666666674
2 0.4734375 0.1958333333333334 0.4625 0.1958333333333334 0.4625 0.2270833333333334 0.4734375 0.2270833333333334
2 0.46875 0.1802083333333334 0.45859375 0.1802083333333334 0.45859375 0.21041666666666672 0.46875 0.21041666666666672
2 0.484375 0.1520833333333334 0.47265625 0.1520833333333334 0.47265625 0.1864583333333334 0.484375 0.1864583333333334
2 0.5171875 0.1666666666666667 0.5078125 0.1666666666666667 0.5078125 0.20000000000000007 0.5171875 0.20000000000000007
2 0.51640625 0.15000000000000005 0.5046875 0.15000000000000005 0.5046875 0.1770833333333334 0.51640625 0.1770833333333334
2 0.5046875 0.13020833333333343 0.49375 0.13020833333333343 0.49375 0.15833333333333338 0.5046875 0.15833333333333338
2 0.50078125 0.10208333333333343 0.4921875 0.10208333333333343 0.4921875 0.11979166666666675 0.50078125 0.11979166666666675
2 0.5015625 0.0906250000000001 0.4953125 0.0906250000000001 0.4953125 0.10937500000000008 0.5015625 0.10937500000000008
1 0.51171875 0.10312500000000009 0.4984375 0.10312500000000009 0.4984375 0.13229166666666675 0.51171875 0.13229166666666675
1 0.53828125 0.11041666666666676 0.52421875 0.11041666666666676 0.52421875 0.1364583333333334 0.53828125 0.1364583333333334
1 0.53125 0.09687500000000009 0.51796875 0.09687500000000009 0.51796875 0.12395833333333342 0.53125 0.12395833333333342