2 1 0.9437500000000002 0.95625 0.9437500000000002 0.95625 1.0000000000000002 1 1.0000000000000002
2 0.90078125 0.9343750000000003 0.86796875 0.9343750000000003 0.86796875 1.0000000000000002 0.90078125 1.0000000000000002
2 0.94140625 0.9010416666666669 0.89296875 0.9010416666666669 0.89296875 1.0000000000000002 0.94140625 1.0000000000000002
2 0.8640625 0.8718750000000003 0.828125 0.8718750000000003 0.828125 1.0000000000000002 0.8640625 1.0000000000000002
2 0.88203125 0.8114583333333336 0.84453125 0.8114583333333336 0.84453125 0.9520833333333336 0.88203125 0.9520833333333336
2 0.834375 0.7552083333333336 0.80078125 0.7552083333333336 0.80078125 0.9062500000000002 0.834375 0.9062500000000002
2 0.821875 0.6927083333333336 0.78671875 0.6927083333333336 0.78671875 0.8072916666666669 0.821875 0.8072916666666669
1 0.80625 0.6531250000000001 0.69140625 0.653125 0.69140625 0.9083333333333334 0.80625 0.9083333333333335
2 0.7828125 0.6427083333333335 0.7609375 0.6427083333333335 0.7609375 0.7375000000000003 0.7828125 0.7375000000000003
2 0.771875 0.5979166666666669 0.74609375 0.5979166666666669 0.74609375 0.6895833333333335 0.771875 0.6895833333333335
2 0.728125 0.5812500000000002 0.70546875 0.58125 0.70546875 0.6656250000000001 0.728125 0.6656250000000002
2 0.70078125 0.5854166666666667 0.67265625 0.5854166666666667 0.67265625 0.69375 0.70078125 0.69375
2 0.7140625 0.6322916666666667 0.70234375 0.6322916666666667 0.70234375 0.6614583333333334 0.7140625 0.6614583333333334
2 0.74609375 0.6291666666666669 0.7296875 0.6291666666666669 0.7296875 0.6687500000000003 0.74609375 0.6687500000000003
2 0.7421875 0.5583333333333335 0.721875 0.5583333333333333 0.721875 0.6479166666666668 0.7421875 0.6479166666666669
2 0.721875 0.49583333333333346 0.69921875 0.49583333333333346 0.69921875 0.58125 0.721875 0.58125
2 0.73828125 0.5260416666666667 0.7125 0.5260416666666667 0.7125 0.5937500000000001 0.73828125 0.5937500000000002
2 0.75 0.4968750000000001 0.73125 0.4968750000000001 0.73125 0.5947916666666669 0.75 0.5947916666666669
2 0.6859375 0.55625 0.66015625 0.55625 0.66015625 0.61875 0.6859375 0.61875
2 0.703125 0.5218750000000001 0.678125 0.5218750000000001 0.678125 0.6177083333333333 0.703125 0.6177083333333333
2 0.6671875 0.5083333333333334 0.64453125 0.5083333333333334 0.64453125 0.5958333333333333 0.6671875 0.5958333333333333
2 0.65703125 0.4739583333333334 0.63359375 0.4739583333333334 0.63359375 0.5625 0.65703125 0.5625
2 0.678125 0.4895833333333334 0.66015625 0.4895833333333334 0.66015625 0.5708333333333333 0.678125 0.5708333333333333
2 0.678125 0.4604166666666668 0.6609375 0.4604166666666668 0.6609375 0.5156250000000001 0.678125 0.5156250000000001
2 0.70546875 0.4718750000000001 0.68359375 0.4718750000000001 0.68359375 0.5395833333333333 0.70546875 0.5395833333333333
2 0.69453125 0.4500000000000001 0.678125 0.4500000000000001 0.678125 0.5052083333333335 0.69453125 0.5052083333333335
2 0.6578125 0.4218750000000001 0.63828125 0.4218750000000001 0.63828125 0.48333333333333345 0.6578125 0.48333333333333345
2 0.6671875 0.4343750000000001 0.65234375 0.4343750000000001 0.65234375 0.4812500000000001 0.6671875 0.4812500000000001
2 0.68046875 0.4187500000000001 0.6609375 0.4187500000000001 0.6609375 0.4812500000000001 0.68046875 0.4812500000000001
2 0.65 0.39895833333333347 0.634375 0.39895833333333347 0.634375 0.4427083333333334 0.65 0.4427083333333334
2 0.6734375 0.4031250000000001 0.65234375 0.4031250000000001 0.65234375 0.4531250000000001 0.6734375 0.4531250000000001
1 0.64296875 0.39479166666666676 0.58203125 0.39479166666666676 0.58203125 0.4968750000000001 0.64296875 0.4968750000000001
2 0.63515625 0.3593750000000001 0.615625 0.3593750000000001 0.615625 0.41250000000000014 0.63515625 0.41250000000000014
2 0.640625 0.38125000000000014 0.6234375 0.38125000000000014 0.6234375 0.4218750000000001 0.640625 0.4218750000000001
2 0.6546875 0.3729166666666668 0.640625 0.3729166666666668 0.640625 0.4093750000000001 0.6546875 0.4093750000000001
1 0.62109375 0.34270833333333345 0.57109375 0.34270833333333345 0.57109375 0.43125000000000013 0.62109375 0.43125000000000013
2 0.61796875 0.34583333333333344 0.61015625 0.34583333333333344 0.61015625 0.38333333333333347 0.61796875 0.38333333333333347
2 0.65078125 0.35312500000000013 0.63515625 0.35312500000000013 0.63515625 0.3916666666666668 0.65078125 0.3916666666666668
1 0.57578125 0.3104166666666668 0.53515625 0.3104166666666668 0.53515625 0.36875000000000013 0.57578125 0.36875000000000013
2 0.58125 0.30625000000000013 0.5671875 0.30625000000000013 0.5671875 0.3541666666666668 0.58125 0.3541666666666668
1 0.61484375 0.2864583333333334 0.57734375 0.2864583333333334 0.57734375 0.35312500000000013 0.61484375 0.35312500000000013
2 0.609375 0.3291666666666668 0.59296875 0.3291666666666668 0.59296875 0.3645833333333334 0.609375 0.3645833333333334
2 0.62265625 0.3250000000000001 0.6109375 0.3250000000000001 0.6109375 0.37083333333333346 0.62265625 0.37083333333333346
2 0.64140625 0.3416666666666668 0.62734375 0.3416666666666668 0.62734375 0.3781250000000001 0.64140625 0.3781250000000001
2 0.6367187500000001 0.8489583333333334 0.5984375 0.8489583333333334 0.5984375000000001 1 0.6367187500000002 1
2 0.59140625 0.803125 0.553125 0.803125 0.553125 0.909375 0.59140625 0.909375
2 0.521875 0.7989583333333333 0.490625 0.7989583333333333 0.490625 0.9604166666666667 0.521875 0.9604166666666667
2 0.63125 0.7947916666666667 0.6 0.7947916666666667 0.6 0.9052083333333333 0.63125 0.9052083333333333
2 0.61171875 0.7270833333333333 0.578125 0.7270833333333333 0.578125 0.8666666666666667 0.61171875 0.8666666666666667
2 0.62109375 0.6822916666666666 0.584375 0.6822916666666666 0.584375 0.7895833333333333 0.62109375 0.7895833333333333
2 0.60234375 0.6166666666666667 0.571875 0.6166666666666667 0.571875 0.7385416666666667 0.60234375 0.7385416666666667
2 0.590625 0.5635416666666667 0.56328125 0.5635416666666667 0.56328125 0.65 0.590625 0.65
2 0.571875 0.5218750000000001 0.55 0.5218750000000001 0.55 0.6177083333333333 0.571875 0.6177083333333333
2 0.59453125 0.5510416666666667 0.56875 0.5510416666666667 0.56875 0.625 0.59453125 0.625
2 0.56875 0.4875000000000001 0.5484375 0.4875000000000001 0.5484375 0.5520833333333334 0.56875 0.5520833333333334
2 0.55078125 0.4354166666666668 0.525 0.4354166666666668 0.525 0.5052083333333335 0.55078125 0.5052083333333335
2 0.56953125 0.46458333333333346 0.5578125 0.46458333333333346 0.5578125 0.5135416666666668 0.56953125 0.5135416666666668
2 0.56015625 0.4229166666666668 0.55 0.4229166666666668 0.55 0.48020833333333346 0.56015625 0.48020833333333346
2 0.57109375 0.4447916666666668 0.55859375 0.4447916666666668 0.55859375 0.4843750000000001 0.57109375 0.4843750000000001
1 0.640625 0.45937500000000014 0.5765625 0.45937500000000014 0.5765625 0.5885416666666666 0.640625 0.5885416666666666
2 0.5921875 0.4354166666666668 0.57421875 0.4354166666666668 0.57421875 0.4895833333333334 0.5921875 0.4895833333333334
2 0.58828125 0.4218750000000001 0.571875 0.4218750000000001 0.571875 0.4687500000000001 0.58828125 0.4687500000000001
2 0.55546875 0.40000000000000013 0.5328125 0.40000000000000013 0.5328125 0.4406250000000001 0.55546875 0.4406250000000001
2 0.57109375 0.4072916666666668 0.55625 0.4072916666666668 0.55625 0.4479166666666668 0.57109375 0.4479166666666668
2 0.553125 0.3625000000000001 0.53359375 0.3625000000000001 0.53359375 0.42083333333333345 0.553125 0.42083333333333345
2 0.5703125 0.38333333333333347 0.5546875 0.38333333333333347 0.5546875 0.4322916666666668 0.5703125 0.4322916666666668
2 0.57265625 0.36354166666666676 0.553125 0.36354166666666676 0.553125 0.4135416666666668 0.57265625 0.4135416666666668
2 0.5484375 0.3406250000000001 0.53515625 0.3406250000000001 0.53515625 0.3822916666666668 0.5484375 0.3822916666666668
2 0.53984375 0.3291666666666668 0.5296875 0.3291666666666668 0.5296875 0.3697916666666668 0.53984375 0.3697916666666668
1 0.5625 0.2708333333333334 0.52890625 0.2708333333333334 0.52890625 0.3197916666666668 0.5625 0.3197916666666668
1 0.5859375 0.24895833333333345 0.5453125 0.24895833333333345 0.5453125 0.3104166666666668 0.5859375 0.3104166666666668
2 0.54765625 0.2468750000000001 0.54140625 0.24687500000000007 0.54140625 0.28333333333333344 0.54765625 0.28333333333333344
3 0.5328125 0.21979166666666672 0.4703125 0.21979166666666672 0.4703125 0.38333333333333347 0.5328125 0.38333333333333347
1 0.5296875 0.2270833333333334 0.5140625 0.2270833333333334 0.5140625 0.26562500000000006 0.5296875 0.26562500000000006
2 0.5375 0.24166666666666672 0.53046875 0.24166666666666672 0.53046875 0.26979166666666676 0.5375 0.26979166666666676
2 0.540625 0.23125000000000007 0.5296875 0.23125000000000007 0.5296875 0.25520833333333337 0.540625 0.25520833333333337
1 0.509375 0.1927083333333334 0.490625 0.1927083333333334 0.490625 0.2239583333333334 0.509375 0.2239583333333334
1 0.51171875 0.20729166666666674 0.49375 0.20729166666666674 0.49375 0.22604166666666672 0.51171875 0.22604166666666672
2 0.52109375 0.2020833333333334 0.51328125 0.2020833333333334 0.51328125 0.23125000000000007 0.52109375 0.23125000000000007
2 0.5296875 0.21250000000000005 0.51953125 0.21250000000000005 0.51953125 0.23750000000000007 0.5296875 0.23750000000000007
2 0.5390625 0.2135416666666667 0.52578125 0.2135416666666667 0.52578125 0.24375000000000005 0.5390625 0.24375000000000005
1 0.565625 0.21458333333333343 0.5390625 0.2145833333333334 0.5390625 0.2552083333333334 0.565625 0.2552083333333334
2 0.56953125 0.23020833333333346 0.565625 0.23020833333333346 0.565625 0.26145833333333346 0.56953125 0.26145833333333346
2 0.58203125 0.23229166666666679 0.5734375 0.23229166666666679 0.5734375 0.2656250000000001 0.58203125 0.2656250000000001
1 0.53203125 0.1822916666666667 0.51171875 0.1822916666666667 0.51171875 0.21875000000000006 0.53203125 0.21875000000000006
1 0.5421875 0.1927083333333334 0.521875 0.1927083333333334 0.521875 0.2270833333333334 0.5421875 0.2270833333333334
2 0.55234375 0.19791666666666677 0.54296875 0.1979166666666667 0.54296875 0.2208333333333334 0.55234375 0.22083333333333346
1 0.49921875 0.16875000000000007 0.48046875 0.16875000000000007 0.48046875 0.2135416666666667 0.49921875 0.2135416666666667
1 0.525 0.17291666666666672 0.50546875 0.17291666666666672 0.50546875 0.1958333333333334 0.525 0.1958333333333334
1 0.496875 0.15416666666666673 0.4796875 0.15416666666666673 0.4796875 0.18750000000000006 0.496875 0.18750000000000006
2 0.52265625 0.15833333333333338 0.51328125 0.15833333333333338 0.51328125 0.1802083333333334 0.52265625 0.1802083333333334
2 0.5328125 0.1552083333333334 0.521875 0.1552083333333334 0.521875 0.1833333333333334 0.5328125 0.1833333333333334
2 0.53125 0.16875000000000007 0.521875 0.16875000000000007 0.521875 0.18854166666666672 0.53125 0.18854166666666672
2 0.5421875 0.16875000000000007 0.53046875 0.16875000000000007 0.53046875 0.1927083333333334 0.5421875 0.1927083333333334
2 0.5375 0.18541666666666673 0.52734375 0.18541666666666673 0.52734375 0.20000000000000007 0.5375 0.20000000000000007
2 0.5421875 0.18958333333333338 0.53671875 0.18958333333333338 0.53671875 0.20520833333333338 0.5421875 0.20520833333333338
1 0.46484375 0.16875000000000007 0.4515625 0.16875000000000007 0.4515625 0.1958333333333334 0.46484375 0.1958333333333334
1 0.48046875 0.16875000000000007 0.46015625 0.16875000000000007 0.46015625 0.1958333333333334 0.48046875 0.1958333333333334
1 0.47890625 0.14791666666666672 0.4609375 0.14791666666666672 0.4609375 0.17395833333333338 0.47890625 0.17395833333333338
1 0.47109375 0.14166666666666672 0.46015625 0.14166666666666672 0.46015625 0.15937500000000007 0.47109375 0.15937500000000007
1 0.49921875 0.15000000000000005 0.484375 0.15000000000000005 0.484375 0.16875000000000007 0.49921875 0.16875000000000007
1 0.4984375 0.15416666666666673 0.4859375 0.15416666666666673 0.4859375 0.16875000000000007 0.4984375 0.16875000000000007
1 0.50078125 0.13854166666666673 0.484375 0.13854166666666673 0.484375 0.15729166666666672 0.50078125 0.15729166666666672
2 0.50546875 0.1458333333333334 0.49609375 0.1458333333333334 0.49609375 0.16250000000000006 0.50546875 0.16250000000000006
2 0.51796875 0.15312500000000007 0.5078125 0.15312500000000007 0.5078125 0.16979166666666673 0.51796875 0.16979166666666673
1 0.475 0.15833333333333338 0.4578125 0.15833333333333338 0.4578125 0.1802083333333334 0.475 0.1802083333333334
2 0.4625 0.1270833333333334 0.45703125 0.1270833333333334 0.45703125 0.14375000000000007 0.4625 0.14375000000000007
1 0.46953125 0.1333333333333334 0.4625 0.1333333333333334 0.4625 0.1458333333333334 0.46953125 0.1458333333333334
2 0.503125 0.13229166666666675 0.490625 0.13229166666666675 0.490625 0.1510416666666667 0.503125 0.1510416666666667
1 0.478125 0.11666666666666675 0.46640625 0.11666666666666675 0.46640625 0.13437500000000005 0.478125 0.13437500000000005
2 0.5015625 0.12083333333333342 0.49453125 0.12083333333333342 0.49453125 0.14166666666666672 0.5015625 0.14166666666666672
1 0.484375 0.10312500000000009 0.475 0.10312500000000009 0.475 0.12291666666666676 0.484375 0.12291666666666676
2 0.5109375 0.10937500000000008 0.503125 0.10937500000000008 0.503125 0.13020833333333343 0.5109375 0.13020833333333343
2 0.46328125 0.21979166666666672 0.4546875 0.21979166666666672 0.4546875 0.25312500000000004 0.46328125 0.25312500000000004
2 0.4625 0.20625000000000007 0.453125 0.20625000000000007 0.453125 0.23541666666666672 0.4625 0.23541666666666672
2 0.4546875 0.15833333333333338 0.44921875 0.15833333333333338 0.44921875 0.1822916666666667 0.4546875 0.1822916666666667
1 0.6226562500000001 0.8958333333333334 0.52734375 0.8958333333333334 0.5273437500000001 1 0.6226562500000001 1
1 0.73046875 0.6927083333333335 0.621875 0.6927083333333334 0.621875 0.9645833333333335 0.73046875 0.9645833333333336
1 0.6734375 0.5770833333333333 0.59921875 0.5770833333333333 0.59921875 0.7145833333333333 0.6734375 0.7145833333333333
1 0.57109375 0.653125 0.49921875 0.653125 0.49921875 0.8041666666666667 0.57109375 0.8041666666666667
1 0.55625 0.5166666666666668 0.49375 0.5166666666666668 0.49375 0.6614583333333334 0.55625 0.6614583333333334
1 0.53359375 0.4406250000000001 0.4921875 0.4406250000000001 0.4921875 0.5395833333333333 0.53359375 0.5395833333333333
1 0.5359375 0.3750000000000001 0.4953125 0.3750000000000001 0.4953125 0.47083333333333344 0.5359375 0.47083333333333344
1 0.48203125 0.19166666666666674 0.4625 0.19166666666666674 0.4625 0.2239583333333334 0.48203125 0.2239583333333334
1 0.4828125 0.21041666666666672 0.46953125 0.21041666666666672 0.46953125 0.2270833333333334 0.4828125 0.2270833333333334
1 0.50625 0.09479166666666676 0.484375 0.09479166666666676 0.484375 0.10937500000000008 0.50625 0.10937500000000008