1 0.47578125 0.10833333333333342 0.46640625 0.10833333333333342 0.46640625 0.1270833333333334 0.47578125 0.1270833333333334
2 0.48515625 0.1395833333333334 0.475 0.1395833333333334 0.475 0.16250000000000006 0.48515625 0.16250000000000006
1 0.48671875 0.11354166666666675 0.4796875 0.11354166666666675 0.4796875 0.1354166666666667 0.48671875 0.1354166666666667
1 0.49765625 0.13854166666666673 0.48671875 0.13854166666666673 0.48671875 0.1666666666666667 0.49765625 0.1666666666666667
2 0.4953125 0.11562500000000009 0.48984375 0.11562500000000009 0.48984375 0.13020833333333343 0.4953125 0.13020833333333343
2 0.50234375 0.11458333333333343 0.4953125 0.11458333333333343 0.4953125 0.1312500000000001 0.50234375 0.1312500000000001
2 0.49765625 0.1062500000000001 0.49296875 0.1062500000000001 0.49296875 0.11458333333333343 0.49765625 0.11458333333333343
2 0.50546875 0.1062500000000001 0.49921875 0.1062500000000001 0.49921875 0.11666666666666675 0.50546875 0.11666666666666675
2 0.50625 0.10729166666666676 0.503125 0.10729166666666676 0.503125 0.11666666666666675 0.50625 0.11666666666666675
2 0.49453125 0.10000000000000009 0.490625 0.10000000000000009 0.490625 0.10937500000000008 0.49453125 0.10937500000000008
2 0.4984375 0.10000000000000009 0.49375 0.10000000000000009 0.49375 0.10937500000000008 0.4984375 0.10937500000000008
2 0.503125 0.10000000000000009 0.49921875 0.10000000000000009 0.49921875 0.10937500000000008 0.503125 0.10937500000000008
2 0.56171875 0.21041666666666675 0.54375 0.21041666666666672 0.54375 0.24166666666666675 0.56171875 0.24166666666666678
2 0.546875 0.22708333333333341 0.5296875 0.2270833333333334 0.5296875 0.26250000000000007 0.546875 0.2625000000000001
2 0.7265625 0.49062500000000014 0.6890625 0.49062500000000014 0.6890625 0.5812500000000002 0.7265625 0.5812500000000003