1 0.92734375 0.9177083333333336 0.83515625 0.9177083333333336 0.83515625 1.0000000000000002 0.92734375 1.0000000000000002
1 0.7976562500000001 0.8666666666666668 0.6953125 0.8666666666666667 0.6953125000000001 1.0000000000000002 0.7976562500000002 1.0000000000000002
1 0.6179687500000001 0.909375 0.5296875 0.909375 0.5296875000000001 1 0.6179687500000002 1
1 0.725 0.6833333333333333 0.63046875 0.6833333333333333 0.63046875 0.890625 0.725 0.890625
1 0.67421875 0.49062500000000014 0.61328125 0.49062500000000014 0.61328125 0.653125 0.67421875 0.653125
1 0.80234375 0.5937500000000001 0.709375 0.59375 0.709375 0.7958333333333335 0.80234375 0.7958333333333336
1 0.57421875 0.5458333333333333 0.5171875 0.5458333333333333 0.5171875 0.740625 0.57421875 0.740625
1 0.55234375 0.4322916666666668 0.5125 0.4322916666666668 0.5125 0.5875 0.55234375 0.5875
1 0.68515625 0.3916666666666668 0.63828125 0.3916666666666668 0.63828125 0.5083333333333334 0.68515625 0.5083333333333334
1 0.62265625 0.40000000000000013 0.578125 0.40000000000000013 0.578125 0.5104166666666667 0.62265625 0.5104166666666667
1 0.53125 0.3697916666666668 0.49140625 0.3697916666666668 0.49140625 0.44583333333333347 0.53125 0.44583333333333347
1 0.59375 0.32187500000000013 0.55 0.32187500000000013 0.55 0.4072916666666668 0.59375 0.4072916666666668
1 0.62265625 0.3041666666666668 0.58984375 0.3041666666666668 0.58984375 0.36145833333333344 0.62265625 0.36145833333333344
1 0.51484375 0.28750000000000014 0.4828125 0.28750000000000014 0.4828125 0.3666666666666668 0.51484375 0.3666666666666668
1 0.56171875 0.27187500000000014 0.53203125 0.27187500000000014 0.53203125 0.3406250000000001 0.56171875 0.3406250000000001
1 0.49921875 0.2395833333333334 0.46484375 0.2395833333333334 0.46484375 0.30312500000000014 0.49921875 0.30312500000000014
1 0.53359375 0.2177083333333334 0.50546875 0.2177083333333334 0.50546875 0.27395833333333347 0.53359375 0.27395833333333347
1 0.47578125 0.15625000000000006 0.45546875 0.15625000000000006 0.45546875 0.20416666666666672 0.47578125 0.20416666666666672
2 0.49140625 0.15729166666666672 0.48203125 0.15729166666666672 0.48203125 0.18125000000000005 0.49140625 0.18125000000000005
2 0.47890625 0.18854166666666672 0.47109375 0.18854166666666672 0.47109375 0.21562500000000007 0.47890625 0.21562500000000007
2 0.48671875 0.20312500000000006 0.47890625 0.20312500000000006 0.47890625 0.23229166666666673 0.48671875 0.23229166666666673
2 0.49453125 0.18750000000000006 0.4859375 0.18750000000000006 0.4859375 0.2135416666666667 0.49453125 0.2135416666666667
2 0.496875 0.1645833333333334 0.4890625 0.1645833333333334 0.4890625 0.18958333333333338 0.496875 0.18958333333333338
2 0.50078125 0.1395833333333334 0.48671875 0.1395833333333334 0.48671875 0.16250000000000006 0.50078125 0.16250000000000006
1 0.50390625 0.13020833333333343 0.48828125 0.13020833333333343 0.48828125 0.1645833333333334 0.50390625 0.1645833333333334
2 0.47265625 0.11145833333333342 0.46484375 0.11145833333333342 0.46484375 0.1354166666666667 0.47265625 0.1354166666666667
1 0.49140625 0.11041666666666676 0.47578125 0.11041666666666676 0.47578125 0.1395833333333334 0.49140625 0.1395833333333334
1 0.49453125 0.08645833333333343 0.4875 0.08645833333333343 0.4875 0.11770833333333343 0.49453125 0.11770833333333343
1 0.51171875 0.08333333333333343 0.4984375 0.08333333333333343 0.4984375 0.10833333333333342 0.51171875 0.10833333333333342
2 0.5078125 0.11145833333333342 0.49765625 0.11145833333333342 0.49765625 0.13020833333333343 0.5078125 0.13020833333333343
2 0.50859375 0.1552083333333334 0.496875 0.1552083333333334 0.496875 0.17916666666666672 0.50859375 0.17916666666666672
2 0.50859375 0.14375000000000007 0.50390625 0.14375000000000007 0.50390625 0.1677083333333334 0.50859375 0.1677083333333334
2 0.5125 0.12604166666666675 0.50546875 0.12604166666666675 0.50546875 0.15000000000000005 0.5125 0.15000000000000005
2 0.521875 0.1822916666666667 0.5109375 0.1822916666666667 0.5109375 0.2135416666666667 0.521875 0.2135416666666667
2 0.51484375 0.15312500000000007 0.509375 0.15312500000000007 0.509375 0.1927083333333334 0.51484375 0.1927083333333334
2 0.4765625 0.14375000000000007 0.4671875 0.14375000000000007 0.4671875 0.1645833333333334 0.4765625 0.1645833333333334
2 0.5390625 0.1864583333333334 0.5234375 0.1864583333333334 0.5234375 0.2239583333333334 0.5390625 0.2239583333333334
2 0.50078125 0.2302083333333334 0.4921875 0.2302083333333334 0.4921875 0.26041666666666674 0.50078125 0.26041666666666674
2 0.5484375 0.23541666666666675 0.5359375 0.23541666666666672 0.5359375 0.2666666666666668 0.5484375 0.2666666666666668
2 0.5546875 0.21041666666666675 0.53828125 0.21041666666666672 0.53828125 0.2406250000000001 0.5546875 0.24062500000000012
2 0.55390625 0.19895833333333343 0.53984375 0.1989583333333334 0.53984375 0.23333333333333342 0.55390625 0.23333333333333345
2 0.56484375 0.2229166666666668 0.55703125 0.2229166666666668 0.55703125 0.2500000000000001 0.56484375 0.2500000000000001
2 0.56640625 0.2531250000000001 0.553125 0.2531250000000001 0.553125 0.28333333333333344 0.56640625 0.28333333333333344
2 0.58203125 0.2500000000000001 0.565625 0.2500000000000001 0.565625 0.3000000000000001 0.58203125 0.3000000000000001
2 0.58515625 0.28750000000000014 0.5703125 0.28750000000000014 0.5703125 0.3260416666666668 0.58515625 0.3260416666666668
2 0.584375 0.2708333333333334 0.571875 0.2708333333333334 0.571875 0.3104166666666668 0.584375 0.3104166666666668
2 0.64765625 0.4010416666666668 0.63359375 0.4010416666666668 0.63359375 0.43125000000000013 0.64765625 0.43125000000000013
2 0.64765625 0.37395833333333345 0.6328125 0.37395833333333345 0.6328125 0.4093750000000001 0.64765625 0.4093750000000001
2 0.57109375 0.40208333333333346 0.54296875 0.40208333333333346 0.54296875 0.47291666666666676 0.57109375 0.47291666666666676
2 0.503125 0.5260416666666667 0.48125 0.5260416666666667 0.48125 0.6208333333333333 0.503125 0.6208333333333333
2 0.6 0.5229166666666668 0.571875 0.5229166666666668 0.571875 0.5822916666666667 0.6 0.5822916666666667
2 0.7421875 0.5208333333333335 0.715625 0.5208333333333335 0.715625 0.6177083333333334 0.7421875 0.6177083333333335
2 0.6046875 0.5583333333333333 0.56875 0.5583333333333333 0.56875 0.65625 0.6046875 0.65625
1 0.62265625 0.671875 0.5171875 0.671875 0.5171875 0.9385416666666667 0.62265625 0.9385416666666667
2 0.6234375 0.6177083333333333 0.5953125 0.6177083333333333 0.5953125 0.7479166666666667 0.6234375 0.7479166666666667
2 0.553125 0.3281250000000001 0.5234375 0.3281250000000001 0.5234375 0.4166666666666668 0.553125 0.4166666666666668
2 0.4953125 0.3541666666666668 0.459375 0.3541666666666668 0.459375 0.43020833333333347 0.4953125 0.43020833333333347
2 0.52109375 0.26770833333333344 0.509375 0.26770833333333344 0.509375 0.32708333333333345 0.52109375 0.32708333333333345
2 0.82109375 0.8406250000000003 0.78359375 0.8406250000000003 0.7835937500000001 0.9791666666666669 0.82109375 0.9791666666666669
2 0.9484375 0.9156250000000002 0.90859375 0.9156250000000002 0.90859375 1.0000000000000002 0.9484375 1.0000000000000002
2 1 0.9125000000000002 0.96953125 0.9125000000000002 0.96953125 1.0000000000000002 1 1.0000000000000002