2 0.8828125 0.9333333333333336 0.82109375 0.9333333333333336 0.82109375 1.0000000000000002 0.8828125 1.0000000000000002
2 0.815625 0.7802083333333336 0.759375 0.7802083333333336 0.759375 0.9666666666666669 0.815625 0.9666666666666669
2 0.73359375 0.7000000000000001 0.69375 0.7 0.69375 0.8500000000000001 0.73359375 0.8500000000000002
2 0.6046875 0.6447916666666667 0.5703125 0.6447916666666667 0.5703125 0.7927083333333333 0.6046875 0.7927083333333333
2 0.565625 0.5770833333333333 0.5390625 0.5770833333333333 0.5390625 0.7041666666666667 0.565625 0.7041666666666667
2 0.53515625 0.6291666666666667 0.5015625 0.6291666666666667 0.5015625 0.7302083333333333 0.53515625 0.7302083333333333
2 0.65703125 0.36875000000000013 0.63671875 0.36875000000000013 0.63671875 0.43958333333333344 0.65703125 0.43958333333333344
2 0.5734375 0.30520833333333347 0.55546875 0.30520833333333347 0.55546875 0.3489583333333334 0.5734375 0.3489583333333334
2 0.60546875 0.33229166666666676 0.5828125 0.33229166666666676 0.5828125 0.3854166666666668 0.60546875 0.3854166666666668
2 0.61953125 0.31666666666666676 0.6 0.31666666666666676 0.6 0.3645833333333334 0.61953125 0.3645833333333334
2 0.59453125 0.2635416666666668 0.5765625 0.2635416666666668 0.5765625 0.30833333333333346 0.59453125 0.30833333333333346
2 0.5578125 0.23958333333333343 0.5421875 0.2395833333333334 0.5421875 0.2885416666666668 0.5578125 0.2885416666666668
2 0.52734375 0.2114583333333334 0.5140625 0.2114583333333334 0.5140625 0.25625000000000003 0.52734375 0.25625000000000003
2 0.55234375 0.20416666666666675 0.53828125 0.20416666666666672 0.53828125 0.24479166666666677 0.55234375 0.2447916666666668
2 0.50625 0.15833333333333338 0.4953125 0.15833333333333338 0.4953125 0.18750000000000006 0.50625 0.18750000000000006
2 0.49453125 0.1520833333333334 0.484375 0.1520833333333334 0.484375 0.17916666666666672 0.49453125 0.17916666666666672
2 0.50703125 0.13437500000000005 0.49453125 0.13437500000000005 0.49453125 0.1614583333333334 0.50703125 0.1614583333333334
2 0.50625 0.09479166666666676 0.49765625 0.09479166666666676 0.49765625 0.11666666666666675 0.50625 0.11666666666666675
2 0.490625 0.09166666666666676 0.48359375 0.09166666666666676 0.48359375 0.11041666666666676 0.490625 0.11041666666666676
1 0.4828125 0.08750000000000009 0.46875 0.08750000000000009 0.46875 0.11770833333333343 0.4828125 0.11770833333333343
1 0.496875 0.11979166666666675 0.48515625 0.11979166666666675 0.48515625 0.14687500000000006 0.496875 0.14687500000000006
1 0.496875 0.20520833333333338 0.4703125 0.20520833333333338 0.4703125 0.2666666666666668 0.496875 0.2666666666666668
1 0.53125 0.2791666666666668 0.49453125 0.2791666666666668 0.49453125 0.34791666666666676 0.53125 0.34791666666666676
1 0.5265625 0.3260416666666668 0.478125 0.3260416666666668 0.478125 0.4291666666666668 0.5265625 0.4291666666666668
1 0.57890625 0.33229166666666676 0.53125 0.33229166666666676 0.53125 0.4250000000000001 0.57890625 0.4250000000000001
1 0.64296875 0.36354166666666676 0.590625 0.36354166666666676 0.590625 0.45937500000000014 0.64296875 0.45937500000000014
1 0.6078125 0.40520833333333345 0.5453125 0.40520833333333345 0.5453125 0.5302083333333335 0.6078125 0.5302083333333335
1 0.7203125 0.5020833333333334 0.6375 0.5020833333333334 0.6375 0.6604166666666667 0.7203125 0.6604166666666667
1 0.5390625 0.4010416666666668 0.48359375 0.4010416666666668 0.48359375 0.5291666666666668 0.5390625 0.5291666666666668
2 0.71640625 0.4739583333333334 0.6609375 0.4739583333333334 0.6609375 0.54375 0.71640625 0.54375
1 0.7320312500000001 0.7520833333333334 0.61796875 0.7520833333333333 0.6179687500000001 0.9937500000000001 0.7320312500000001 0.9937500000000002
1 0.60390625 0.70625 0.51328125 0.70625 0.51328125 0.94375 0.60390625 0.94375
3 0.4796875 0.11458333333333343 0.46015625 0.11458333333333343 0.46015625 0.1666666666666667 0.4796875 0.1666666666666667
2 0.48359375 0.11250000000000009 0.47734375 0.11250000000000009 0.47734375 0.1312500000000001 0.48359375 0.1312500000000001