1 0.4140625 0.23437500000000006 0.17343750000000005 0.234375 0.17343750000000005 0.4640625 0.4140625 0.4640625
1 0.828125 0.3671875000000001 0.6703125 0.3671875000000001 0.6703125 0.6468750000000001 0.828125 0.6468750000000002
1 0.66875 0.2609375000000001 0.4703125 0.2609375000000001 0.4703125 0.5421875 0.66875 0.5421875
1 0.4859375 0.15468750000000003 0.375 0.15468750000000003 0.375 0.2718750000000001 0.4859375 0.2718750000000001
1 0.7515625 0.2468750000000001 0.6515625 0.2468750000000001 0.6515625 0.4140625000000001 0.7515625 0.41406250000000017
1 0.8125 0.1859375000000001 0.653125 0.1859375000000001 0.653125 0.3140625000000001 0.8125 0.3140625000000001
1 0.578125 0.2593750000000001 0.4625 0.2593750000000001 0.4625 0.39531250000000007 0.578125 0.39531250000000007
1 0.70625 0.1218750000000001 0.6203125 0.1218750000000001 0.6203125 0.1859375000000001 0.70625 0.1859375000000001
1 0.8265625 0.1546875000000001 0.7484375 0.1546875000000001 0.7484375 0.23437500000000008 0.8265625 0.23437500000000008
1 0.7640625 0.08906250000000009 0.7203125 0.08906250000000009 0.7203125 0.1359375000000001 0.7640625 0.1359375000000001
1 0.7109375 0.08906250000000009 0.6578125 0.08906250000000009 0.6578125 0.14218750000000008 0.7109375 0.14218750000000008
1 0.8453125 0.0687500000000001 0.7859375 0.06875000000000009 0.7859375 0.11093750000000009 0.8453125 0.11093750000000009
3 0.34375 0.18593750000000003 0.3109375 0.18593750000000003 0.3109375 0.2359375 0.34375 0.2359375
1 0.8453125 0.15000000000000008 0.796875 0.15000000000000008 0.796875 0.2218750000000001 0.8453125 0.2218750000000001
1 0.940625 0.09218750000000012 0.903125 0.09218750000000012 0.903125 0.12187500000000011 0.940625 0.12187500000000014