1 0.7828125 0.3968750000000001 0.6265625 0.3968750000000001 0.6265625 0.6640625000000001 0.7828125 0.6640625000000002
1 0.45625 0.26875000000000004 0.2453125 0.26875 0.24531250000000004 0.5015625 0.45625 0.5015625
1 0.27656250000000004 0.315625 0.08593750000000004 0.315625 0.08593750000000006 0.5234375 0.2765625000000001 0.5234375
1 0.6140625 0.2531250000000001 0.484375 0.2531250000000001 0.484375 0.3859375000000001 0.6140625 0.3859375000000001
1 0.6203125 0.3437500000000001 0.4578125 0.3437500000000001 0.4578125 0.571875 0.6203125 0.571875
1 0.546875 0.13593750000000007 0.4359375 0.13593750000000004 0.4359375 0.2531250000000001 0.546875 0.2531250000000001
1 0.728125 0.2750000000000001 0.6078125 0.2750000000000001 0.6078125 0.4203125000000001 0.728125 0.4203125000000002
1 0.734375 0.0984375000000001 0.6890625 0.0984375000000001 0.6890625 0.14843750000000008 0.734375 0.14843750000000008
1 0.6859375 0.2156250000000001 0.5890625 0.2156250000000001 0.5890625 0.30937500000000007 0.6859375 0.30937500000000007
1 0.853125 0.2453125000000001 0.73125 0.2453125000000001 0.73125 0.44062500000000016 0.853125 0.44062500000000016
1 0.9203125 0.2078125000000001 0.83125 0.2078125000000001 0.83125 0.3468750000000001 0.9203125 0.3468750000000001
1 0.7703125 0.08750000000000009 0.725 0.08750000000000009 0.725 0.1390625000000001 0.7703125 0.1390625000000001
1 0.715625 0.1781250000000001 0.653125 0.1781250000000001 0.653125 0.2484375000000001 0.715625 0.2484375000000001
1 0.8265625 0.1984375000000001 0.6890625 0.1984375000000001 0.6890625 0.30156250000000007 0.8265625 0.30156250000000007
1 0.90625 0.1781250000000001 0.8171875 0.1781250000000001 0.8171875 0.24218750000000008 0.90625 0.24218750000000008