1 0.7203125 0.2500000000000001 0.525 0.2500000000000001 0.525 0.4734375 0.7203125 0.4734375
1 0.546875 0.13437500000000008 0.4359375 0.13437500000000005 0.4359375 0.2515625000000001 0.546875 0.2515625000000001
1 0.6546875 0.11562500000000009 0.5703125 0.11562500000000009 0.5703125 0.20312500000000008 0.6546875 0.20312500000000008
1 0.8703125 0.37187500000000007 0.7265625 0.37187500000000007 0.7265625 0.5890625000000002 0.8703125 0.5890625000000002
1 0.7234375000000001 0.4796875 0.5140625 0.4796875 0.5140625000000001 0.971875 0.7234375000000002 0.971875
1 0.734375 0.0984375000000001 0.6875 0.0984375000000001 0.6875 0.1468750000000001 0.734375 0.1468750000000001
1 0.8828125 0.25468750000000007 0.790625 0.25468750000000007 0.790625 0.3734375000000001 0.8828125 0.3734375000000001
1 0.8390625 0.15625000000000008 0.79375 0.15625000000000008 0.79375 0.2328125000000001 0.8390625 0.2328125000000001
1 0.8046875 0.1781250000000001 0.740625 0.1781250000000001 0.740625 0.2875000000000001 0.8046875 0.2875000000000001
2 0.8125 0.0906250000000001 0.765625 0.0906250000000001 0.765625 0.15625000000000008 0.8125 0.15625000000000008
1 0.86875 0.12500000000000008 0.8265625 0.12500000000000008 0.8265625 0.19687500000000008 0.86875 0.19687500000000008
1 0.7546875 0.2000000000000001 0.6625 0.2000000000000001 0.6625 0.3218750000000001 0.7546875 0.3218750000000001
1 0.7734375 0.07656250000000009 0.7265625 0.07656250000000009 0.7265625 0.1296875000000001 0.7734375 0.1296875000000001
1 0.8765625 0.11562500000000009 0.85 0.11562500000000009 0.85 0.17343750000000008 0.8765625 0.17343750000000008