1 0.665625 0.2687500000000001 0.459375 0.2687500000000001 0.459375 0.521875 0.665625 0.521875
1 0.5453125 0.13281250000000006 0.4359375 0.13281250000000006 0.4359375 0.2468750000000001 0.5453125 0.2468750000000001
1 0.853125 0.3968750000000001 0.7015625 0.3968750000000001 0.7015625 0.6468750000000001 0.853125 0.6468750000000002
1 0.653125 0.11562500000000009 0.571875 0.11562500000000009 0.571875 0.2015625000000001 0.653125 0.2015625000000001
1 0.7453125 0.20468750000000008 0.65 0.20468750000000008 0.65 0.3687500000000001 0.7453125 0.3687500000000001
1 0.7359375 0.0984375000000001 0.6875 0.0984375000000001 0.6875 0.1468750000000001 0.7359375 0.1468750000000001
1 0.875 0.2640625000000001 0.78125 0.2640625000000001 0.78125 0.40625000000000017 0.875 0.40625000000000017
1 0.825 0.5953125000000001 0.534375 0.5953125 0.534375 0.990625 0.825 0.990625
1 0.8453125 0.1609375000000001 0.7875 0.1609375000000001 0.7875 0.2328125000000001 0.8453125 0.2328125000000001
1 0.8046875 0.1859375000000001 0.7375 0.1859375000000001 0.7375 0.2968750000000001 0.8046875 0.2968750000000001
2 0.796875 0.1062500000000001 0.74375 0.1062500000000001 0.74375 0.1781250000000001 0.796875 0.1781250000000001
1 0.8640625 0.12500000000000008 0.8203125 0.12500000000000008 0.8203125 0.2000000000000001 0.8640625 0.2000000000000001
1 0.771875 0.07656250000000009 0.7265625 0.07656250000000009 0.7265625 0.12343750000000009 0.771875 0.12343750000000009
1 0.875 0.11718750000000008 0.8484375 0.11718750000000008 0.8484375 0.17187500000000008 0.875 0.17187500000000008