1 0.7125 0.4 0.5625 0.4 0.5625 0.6703125 0.7125 0.6703125
1 0.546875 0.13281250000000006 0.4375 0.13281250000000006 0.4375 0.2515625000000001 0.546875 0.2515625000000001
1 0.85625 0.2921875000000001 0.74375 0.2921875000000001 0.74375 0.47968750000000016 0.85625 0.47968750000000016
1 0.6515625 0.1140625000000001 0.56875 0.1140625000000001 0.56875 0.19687500000000008 0.6515625 0.19687500000000008
1 0.734375 0.2515625000000001 0.5953125 0.2515625000000001 0.5953125 0.4375000000000001 0.734375 0.43750000000000017
1 0.834375 0.10312500000000009 0.7859375 0.10312500000000009 0.7859375 0.1671875000000001 0.834375 0.1671875000000001
1 0.7375 0.14218750000000008 0.6609375 0.14218750000000008 0.6609375 0.22031250000000008 0.7375 0.22031250000000008
1 0.99375 0.2015625000000001 0.890625 0.2015625000000001 0.890625 0.2828125000000001 0.99375 0.2828125000000001
2 0.8828125 0.20468750000000008 0.778125 0.20468750000000008 0.778125 0.3359375000000001 0.8828125 0.3359375000000001
1 0.775 0.08593750000000008 0.7328125 0.08593750000000008 0.7328125 0.13281250000000008 0.775 0.13281250000000008
1 0.7375 0.09531250000000009 0.6875 0.09531250000000009 0.6875 0.1453125000000001 0.7375 0.1453125000000001
1 0.765625 0.1468750000000001 0.7265625 0.1468750000000001 0.7265625 0.1921875000000001 0.765625 0.1921875000000001
1 0.821875 0.1843750000000001 0.6921875 0.1843750000000001 0.6921875 0.29375000000000007 0.821875 0.29375000000000007
1 0.7234375 0.21250000000000008 0.6390625 0.21250000000000008 0.6390625 0.2765625000000001 0.7234375 0.2765625000000001