1 0.54375 0.13437500000000005 0.4359375 0.13437500000000005 0.4359375 0.2500000000000001 0.54375 0.2500000000000001
1 0.8328125 0.3500000000000001 0.696875 0.3500000000000001 0.696875 0.5625000000000001 0.8328125 0.5625000000000002
1 0.8796875 0.2453125000000001 0.790625 0.2453125000000001 0.790625 0.42187500000000017 0.8796875 0.42187500000000017
1 0.8546875 0.12031250000000009 0.8109375 0.12031250000000009 0.8109375 0.1984375000000001 0.8546875 0.1984375000000001
1 0.8390625 0.14843750000000008 0.7890625 0.14843750000000008 0.7890625 0.2328125000000001 0.8390625 0.2328125000000001
1 0.70625 0.0984375000000001 0.6421875 0.0984375000000001 0.6421875 0.1671875000000001 0.70625 0.1671875000000001
1 0.80625 0.1671875000000001 0.7765625 0.1671875000000001 0.7765625 0.2640625000000001 0.80625 0.2640625000000001
1 0.73125 0.0984375000000001 0.6984375 0.0984375000000001 0.6984375 0.1453125000000001 0.73125 0.1453125000000001
1 0.7703125 0.08593750000000008 0.7328125 0.08593750000000008 0.7328125 0.1296875000000001 0.7703125 0.1296875000000001
1 0.86875 0.12343750000000009 0.846875 0.12343750000000009 0.846875 0.18125000000000008 0.86875 0.18125000000000008
1 0.79375 0.19531250000000008 0.7734375 0.19531250000000008 0.7734375 0.3312500000000001 0.79375 0.3312500000000001
1 1 0.2000000000000001 0.9453125 0.2000000000000001 0.9453125 0.2765625000000001 1 0.2765625000000001
1 0.6140625 0.2578125000000001 0.4828125 0.2578125000000001 0.4828125 0.41875 0.6140625 0.41875
1 0.7953125 0.07031250000000008 0.7453125 0.07031250000000008 0.7453125 0.10312500000000009 0.7953125 0.10312500000000009
1 0.8234375 0.10156250000000008 0.775 0.10156250000000008 0.775 0.1609375000000001 0.8234375 0.1609375000000001