1 1 0.8625 0.8921875 0.8625 0.8921875 1 1 1
1 0.54375 0.13281250000000006 0.4328125 0.13281250000000006 0.4328125 0.2484375000000001 0.54375 0.2484375000000001
1 0.6484375 0.11250000000000009 0.5703125 0.11250000000000009 0.5703125 0.1921875000000001 0.6484375 0.1921875000000001
1 0.8375 0.3781250000000001 0.6953125 0.3781250000000001 0.6953125 0.7171875000000001 0.8375 0.7171875000000002
1 0.753125 0.22031250000000008 0.6640625 0.22031250000000008 0.6640625 0.3828125000000001 0.753125 0.3828125000000001
1 0.8671875 0.3000000000000001 0.7671875 0.3000000000000001 0.7671875 0.4671875000000002 0.8671875 0.4671875000000002
1 0.7015625 0.2843750000000001 0.5859375 0.2843750000000001 0.5859375 0.4484375 0.7015625 0.4484375
1 0.728125 0.10000000000000009 0.6859375 0.10000000000000009 0.6859375 0.1453125000000001 0.728125 0.1453125000000001
1 0.759375 0.1453125000000001 0.6953125 0.1453125000000001 0.6953125 0.22031250000000008 0.759375 0.22031250000000008
1 0.9765625 0.20312500000000008 0.890625 0.20312500000000008 0.890625 0.2796875000000001 0.9765625 0.2796875000000001
1 0.85 0.12500000000000008 0.803125 0.12500000000000008 0.803125 0.18906250000000008 0.85 0.18906250000000008
1 0.7703125 0.08593750000000008 0.7328125 0.08593750000000008 0.7328125 0.1359375000000001 0.7703125 0.1359375000000001
1 0.8328125 0.15781250000000008 0.7671875 0.15781250000000008 0.7671875 0.22812500000000008 0.8328125 0.22812500000000008
3 0.628125 0.21875000000000008 0.596875 0.21875000000000008 0.596875 0.2921875000000001 0.628125 0.2921875000000001
1 0.878125 0.18906250000000008 0.75 0.18906250000000008 0.75 0.2984375000000001 0.878125 0.2984375000000001
1 0.865625 0.12500000000000008 0.8453125 0.12500000000000008 0.8453125 0.18906250000000008 0.865625 0.18906250000000008