1 0.34375000000000006 0.315625 0.13437500000000005 0.315625 0.13437500000000005 0.515625 0.3437500000000001 0.515625
1 0.78125 0.3390625000000001 0.646875 0.3390625000000001 0.646875 0.5781250000000001 0.78125 0.5781250000000002
1 0.55 0.25000000000000006 0.3609375 0.25 0.3609375 0.4859375 0.55 0.4859375
1 0.871875 0.2593750000000001 0.7703125 0.2593750000000001 0.7703125 0.4437500000000002 0.871875 0.4437500000000002
1 0.7703125 0.2062500000000001 0.6765625 0.2062500000000001 0.6765625 0.3218750000000001 0.7703125 0.3218750000000001
1 0.7125 0.09375000000000008 0.653125 0.09375000000000008 0.653125 0.16562500000000008 0.7125 0.16562500000000008
1 0.41875 0.20937500000000003 0.2828125 0.209375 0.2828125 0.37500000000000006 0.41875 0.3750000000000001
3 0.340625 0.18437500000000004 0.3046875 0.18437500000000004 0.3046875 0.2765625 0.340625 0.2765625
1 0.9109375 0.2000000000000001 0.8328125 0.2000000000000001 0.8328125 0.29375000000000007 0.9109375 0.29375000000000007
1 0.9359375 0.09375000000000011 0.8875 0.09375000000000011 0.8875 0.1359375000000001 0.9359375 0.13593750000000013
1 0.9890625 0.1828125000000001 0.896875 0.1828125000000001 0.896875 0.2750000000000001 0.9890625 0.2750000000000001
1 0.765625 0.08593750000000008 0.7203125 0.08593750000000008 0.7203125 0.13281250000000008 0.765625 0.13281250000000008
3 0.7515625 0.2765625000000001 0.7125 0.2765625000000001 0.7125 0.3359375000000001 0.7515625 0.3359375000000001
3 0.9125 0.3109375000000001 0.8671875 0.3109375000000001 0.8671875 0.49218750000000017 0.9125 0.49218750000000017