1 0.7703125 0.0828125000000001 0.7328125 0.0828125000000001 0.7328125 0.1375000000000001 0.7703125 0.1375000000000001
1 0.728125 0.09375000000000008 0.696875 0.09375000000000008 0.696875 0.1468750000000001 0.728125 0.1468750000000001
1 0.83125 0.3421875000000001 0.69375 0.3421875000000001 0.69375 0.5671875000000001 0.83125 0.5671875000000002
1 0.8078125 0.1625000000000001 0.7734375 0.1625000000000001 0.7734375 0.2578125000000001 0.8078125 0.2578125000000001
1 0.8796875 0.24218750000000008 0.790625 0.24218750000000008 0.790625 0.4187500000000002 0.8796875 0.4187500000000002
1 0.796875 0.19531250000000008 0.7734375 0.19531250000000008 0.7734375 0.3265625000000001 0.796875 0.3265625000000001
1 0.54375 0.13125000000000003 0.4375 0.13125000000000003 0.4375 0.2484375000000001 0.54375 0.2484375000000001
1 0.840625 0.14218750000000008 0.7953125 0.14218750000000008 0.7953125 0.22812500000000008 0.840625 0.22812500000000008
1 0.865625 0.10781250000000009 0.8234375 0.10781250000000009 0.8234375 0.1843750000000001 0.865625 0.1843750000000001
1 0.7046875 0.10000000000000009 0.6390625 0.10000000000000009 0.6390625 0.17187500000000008 0.7046875 0.17187500000000008
1 0.8078125 0.11093750000000009 0.76875 0.11093750000000009 0.76875 0.1625000000000001 0.8078125 0.1625000000000001