1 0.7171875 0.3031250000000001 0.575 0.3031250000000001 0.575 0.5734375 0.7171875 0.5734375
1 0.8796875 0.2687500000000001 0.771875 0.2687500000000001 0.771875 0.45625000000000016 0.8796875 0.45625000000000016
1 0.8015625 0.1765625000000001 0.7234375 0.1765625000000001 0.7234375 0.2843750000000001 0.8015625 0.2843750000000001
1 0.4 0.33437500000000003 0.15625000000000006 0.334375 0.15625000000000006 0.6515625 0.4 0.6515625
1 0.740625 0.2578125000000001 0.64375 0.2578125000000001 0.64375 0.3906250000000001 0.740625 0.3906250000000001
1 0.8515625 0.45781250000000007 0.653125 0.4578125 0.6531250000000001 0.95 0.8515625 0.95
1 0.7125 0.0906250000000001 0.6546875 0.0906250000000001 0.6546875 0.1593750000000001 0.7125 0.1593750000000001
1 0.7453125 0.11093750000000009 0.6859375 0.11093750000000009 0.6859375 0.17343750000000008 0.7453125 0.17343750000000008
1 0.9125 0.18437500000000012 0.8109375 0.1843750000000001 0.8109375 0.2984375000000001 0.9125 0.2984375000000001
1 0.8953125 0.09843750000000011 0.8625 0.09843750000000011 0.8625 0.14218750000000008 0.8953125 0.14218750000000008
3 0.346875 0.18125000000000005 0.2984375 0.18125000000000005 0.2984375 0.2984375 0.346875 0.2984375
1 1 0.18281250000000013 0.9421875 0.18281250000000013 0.9421875 0.2718750000000001 1 0.2718750000000001
1 0.875 0.1140625000000001 0.828125 0.1140625000000001 0.828125 0.17968750000000008 0.875 0.17968750000000008
1 0.7640625 0.07968750000000009 0.7234375 0.07968750000000009 0.7234375 0.1296875000000001 0.7640625 0.1296875000000001