1 0.5609375000000001 0.415625 0.3000000000000001 0.415625 0.3000000000000001 0.7578125 0.5609375000000002 0.7578125
1 0.73125 0.17187500000000008 0.659375 0.17187500000000008 0.659375 0.2640625000000001 0.73125 0.2640625000000001
1 0.4875 0.15468750000000003 0.378125 0.15468750000000003 0.378125 0.2734375000000001 0.4875 0.2734375000000001
1 0.2296875000000001 0.3671875 4.4967499656191874e-17 0.3671875 6.218909526920152e-17 0.6484375 0.2296875000000001 0.6484375
1 0.5015625 0.2671875 0.2921875 0.2671875 0.29218750000000004 0.5015625 0.5015625 0.5015625
1 0.7125 0.0906250000000001 0.6546875 0.0906250000000001 0.6546875 0.1609375000000001 0.7125 0.1609375000000001
1 0.8546875 0.27031250000000007 0.7203125 0.27031250000000007 0.7203125 0.4875000000000001 0.8546875 0.48750000000000016
1 0.6390625 0.12500000000000008 0.571875 0.12500000000000008 0.571875 0.19687500000000008 0.6390625 0.19687500000000008
0 0.853125 0.4078125000000001 0.6484375 0.4078125 0.6484375000000001 0.9484375 0.853125 0.9484375
1 0.765625 0.08437500000000009 0.71875 0.08437500000000009 0.71875 0.1359375000000001 0.765625 0.1359375000000001
1 0.875 0.2296875000000001 0.8125 0.2296875000000001 0.8125 0.35625000000000007 0.875 0.35625000000000007
3 0.3828125000000001 0.39062500000000006 0.3312500000000001 0.390625 0.3312500000000001 0.5546875 0.3828125000000001 0.5546875