1 0.32343750000000004 0.3171875 0.11875000000000005 0.3171875 0.11875000000000005 0.5203125 0.3234375000000001 0.5203125
1 0.4921875 0.27031250000000007 0.2953125 0.2703125 0.29531250000000003 0.528125 0.4921875 0.528125
1 0.7640625000000001 0.4234375000000001 0.571875 0.4234375 0.5718750000000001 0.8203125 0.7640625000000002 0.8203125
1 0.7640625 0.2093750000000001 0.6640625 0.2093750000000001 0.6640625 0.3625000000000001 0.7640625 0.3625000000000001
1 0.4234375 0.20937500000000003 0.290625 0.209375 0.290625 0.37968750000000007 0.4234375 0.37968750000000007
1 0.7125 0.09531250000000009 0.6546875 0.09531250000000009 0.6546875 0.1593750000000001 0.7125 0.1593750000000001
1 0.8265625 0.16562500000000008 0.7625 0.16562500000000008 0.7625 0.2500000000000001 0.8265625 0.2500000000000001
1 0.86875 0.2453125000000001 0.7671875 0.2453125000000001 0.7671875 0.4421875000000002 0.86875 0.4421875000000002
1 0.659375 0.1781250000000001 0.5734375 0.1781250000000001 0.5734375 0.30156250000000007 0.659375 0.30156250000000007
1 0.9015625 0.2140625000000001 0.828125 0.2140625000000001 0.828125 0.3312500000000001 0.9015625 0.3312500000000001
1 0.8765625 0.11562500000000009 0.834375 0.11562500000000009 0.834375 0.1859375000000001 0.8765625 0.1859375000000001
3 0.871875 0.4515625000000002 0.8046875 0.4515625000000002 0.8046875 0.7375000000000002 0.871875 0.7375000000000002
3 0.721875 0.3218750000000001 0.675 0.3218750000000001 0.675 0.428125 0.721875 0.428125
3 0.3390625 0.18593750000000003 0.3046875 0.18593750000000003 0.3046875 0.278125 0.3390625 0.278125
1 0.934375 0.1796875000000001 0.865625 0.17968750000000008 0.865625 0.2734375000000001 0.934375 0.2734375000000001
1 0.7640625 0.08593750000000008 0.7203125 0.08593750000000008 0.7203125 0.1312500000000001 0.7640625 0.1312500000000001
1 0.8171875 0.0859375000000001 0.784375 0.08593750000000008 0.784375 0.13437500000000008 0.8171875 0.13437500000000008
1 1 0.18125000000000013 0.965625 0.18125000000000013 0.965625 0.27031250000000007 1 0.27031250000000007
1 0.93125 0.0953125000000001 0.8953125 0.0953125000000001 0.8953125 0.1500000000000001 0.93125 0.15000000000000013