1 0.8578125 0.3046875000000001 0.74375 0.3046875000000001 0.74375 0.47968750000000016 0.8578125 0.47968750000000016
1 0.703125 0.3937500000000001 0.5625 0.3937500000000001 0.5625 0.6765625 0.703125 0.6765625
1 0.5453125 0.13750000000000007 0.4375 0.13750000000000004 0.4375 0.2562500000000001 0.5453125 0.2562500000000001
1 0.646875 0.11093750000000009 0.56875 0.11093750000000009 0.56875 0.19687500000000008 0.646875 0.19687500000000008
1 0.8234375 0.18125000000000008 0.703125 0.18125000000000008 0.703125 0.3000000000000001 0.8234375 0.3000000000000001
2 0.88125 0.20312500000000008 0.7859375 0.20312500000000008 0.7859375 0.3375000000000001 0.88125 0.3375000000000001
1 0.7296875 0.2500000000000001 0.5921875 0.2500000000000001 0.5921875 0.4359375000000001 0.7296875 0.4359375000000002
1 0.8296875 0.10156250000000008 0.78125 0.10156250000000008 0.78125 0.1687500000000001 0.8296875 0.1687500000000001
1 0.7140625 0.2171875000000001 0.64375 0.2171875000000001 0.64375 0.2671875000000001 0.7140625 0.2671875000000001
1 0.728125 0.09687500000000009 0.6859375 0.09687500000000009 0.6859375 0.1453125000000001 0.728125 0.1453125000000001
1 0.771875 0.0828125000000001 0.7328125 0.0828125000000001 0.7328125 0.1375000000000001 0.771875 0.1375000000000001
1 0.9921875 0.1968750000000001 0.890625 0.19687500000000008 0.890625 0.2828125000000001 0.9921875 0.2828125000000001
1 0.734375 0.1390625000000001 0.6625 0.1390625000000001 0.6625 0.2171875000000001 0.734375 0.2171875000000001
1 0.7640625 0.1468750000000001 0.7296875 0.1468750000000001 0.7296875 0.1843750000000001 0.7640625 0.1843750000000001
0 0.940625 0.07812500000000011 0.8953125 0.07812500000000011 0.8953125 0.13750000000000012 0.940625 0.13750000000000012