1 0.8578125 0.3062500000000001 0.7421875 0.3062500000000001 0.7421875 0.47968750000000016 0.8578125 0.47968750000000016
1 0.5921875 0.19062500000000007 0.4515625 0.19062500000000004 0.4515625 0.34062500000000007 0.5921875 0.34062500000000007
1 0.703125 0.3906250000000001 0.5609375 0.3906250000000001 0.5609375 0.675 0.703125 0.675
1 0.5453125 0.13593750000000007 0.4359375 0.13593750000000004 0.4359375 0.2531250000000001 0.5453125 0.2531250000000001
0 0.859375 0.0843750000000001 0.803125 0.08437500000000009 0.803125 0.16562500000000008 0.859375 0.16562500000000008
2 0.8796875 0.20312500000000008 0.7921875 0.20312500000000008 0.7921875 0.3390625000000001 0.8796875 0.3390625000000001
1 0.8265625 0.12500000000000008 0.7765625 0.12500000000000008 0.7765625 0.21250000000000008 0.8265625 0.21250000000000008
1 0.728125 0.2500000000000001 0.5921875 0.2500000000000001 0.5921875 0.4468750000000001 0.728125 0.4468750000000002
1 0.771875 0.08593750000000008 0.73125 0.08593750000000008 0.73125 0.1390625000000001 0.771875 0.1390625000000001
1 0.7296875 0.0984375000000001 0.6859375 0.0984375000000001 0.6859375 0.14843750000000008 0.7296875 0.14843750000000008
1 0.646875 0.11093750000000009 0.565625 0.11093750000000009 0.565625 0.1984375000000001 0.646875 0.1984375000000001
1 0.71875 0.1515625000000001 0.6359375 0.1515625000000001 0.6359375 0.2609375000000001 0.71875 0.2609375000000001
1 0.89375 0.2000000000000001 0.771875 0.2000000000000001 0.771875 0.2890625000000001 0.89375 0.2890625000000001
1 0.71875 0.2093750000000001 0.640625 0.2093750000000001 0.640625 0.2578125000000001 0.71875 0.2578125000000001
1 0.759375 0.1531250000000001 0.715625 0.1531250000000001 0.715625 0.23437500000000008 0.759375 0.23437500000000008
1 1 0.20468750000000008 0.965625 0.20468750000000008 0.965625 0.2734375000000001 1 0.2734375000000001