1 0.5109375 0.27968750000000003 0.2828125 0.2796875 0.2828125 0.559375 0.5109375 0.559375
1 0.83125 0.3921875000000001 0.6765625 0.3921875000000001 0.6765625 0.6453125000000001 0.83125 0.6453125000000002
1 0.6515625 0.1625000000000001 0.565625 0.1625000000000001 0.565625 0.23437500000000008 0.6515625 0.23437500000000008
1 0.75625 0.24375000000000008 0.65625 0.24375000000000008 0.65625 0.42656250000000007 0.75625 0.4265625000000002
1 0.88125 0.2812500000000001 0.775 0.2812500000000001 0.775 0.43750000000000017 0.88125 0.43750000000000017
1 0.8984375 0.23437500000000008 0.81875 0.23437500000000008 0.81875 0.3421875000000001 0.8984375 0.3421875000000001
1 0.6296875 0.22031250000000008 0.540625 0.22031250000000008 0.540625 0.3046875000000001 0.6296875 0.3046875000000001
1 0.853125 0.1375000000000001 0.8125 0.1375000000000001 0.8125 0.19687500000000008 0.853125 0.19687500000000008
1 0.746875 0.057812500000000086 0.721875 0.057812500000000086 0.721875 0.09687500000000009 0.746875 0.09687500000000009
1 0.7875 0.19531250000000008 0.709375 0.19531250000000008 0.709375 0.3187500000000001 0.7875 0.3187500000000001
1 0.815625 0.1625000000000001 0.75625 0.1625000000000001 0.75625 0.2687500000000001 0.815625 0.2687500000000001
1 0.5078125 0.21250000000000008 0.421875 0.21250000000000008 0.421875 0.3750000000000001 0.5078125 0.3750000000000001
3 0.8359375 0.34843750000000007 0.8078125 0.34843750000000007 0.8078125 0.5031250000000002 0.8359375 0.5031250000000002