1 0.678125 0.2609375000000001 0.4671875 0.2609375000000001 0.4671875 0.5484375 0.678125 0.5484375
1 0.828125 0.3671875000000001 0.665625 0.3671875000000001 0.665625 0.64375 0.828125 0.6437500000000002
1 0.4875 0.15312500000000004 0.378125 0.15312500000000004 0.378125 0.27031250000000007 0.4875 0.27031250000000007
1 0.8875 0.18906250000000008 0.7515625 0.18906250000000008 0.7515625 0.3140625000000001 0.8875 0.3140625000000001
1 0.75 0.24218750000000008 0.659375 0.24218750000000008 0.659375 0.4140625000000001 0.75 0.41406250000000017
1 0.4015625 0.22968750000000004 0.18437500000000004 0.2296875 0.18437500000000004 0.475 0.4015625 0.475
1 0.5921875 0.2500000000000001 0.46875 0.2500000000000001 0.46875 0.3937500000000001 0.5921875 0.3937500000000001
1 0.7109375 0.09218750000000009 0.653125 0.09218750000000009 0.653125 0.1625000000000001 0.7109375 0.1625000000000001
1 0.84375 0.0968750000000001 0.796875 0.09687500000000009 0.796875 0.1453125000000001 0.84375 0.1453125000000001
1 0.8140625 0.1531250000000001 0.7421875 0.1531250000000001 0.7421875 0.2531250000000001 0.8140625 0.2531250000000001
1 0.846875 0.15000000000000008 0.8 0.15000000000000008 0.8 0.1921875000000001 0.846875 0.1921875000000001
1 0.80625 0.07343750000000009 0.7578125 0.07343750000000009 0.7578125 0.1062500000000001 0.80625 0.1062500000000001
3 0.346875 0.18750000000000006 0.3078125 0.18750000000000006 0.3078125 0.2359375 0.346875 0.2359375
1 0.7671875 0.0828125000000001 0.7234375 0.0828125000000001 0.7234375 0.1375000000000001 0.7671875 0.1375000000000001
1 0.8796875 0.06718750000000011 0.825 0.06718750000000011 0.825 0.10937500000000008 0.8796875 0.10937500000000008
