1 1 0.5750000000000001 0.709375 0.575 0.7093750000000001 1 1 1
0 0.4703125 0.24218750000000006 0.18437500000000004 0.2421875 0.18437500000000007 0.5984375 0.4703125 0.5984375
1 0.5421875 0.14062500000000006 0.4359375 0.14062500000000006 0.4359375 0.23437500000000008 0.5421875 0.23437500000000008
1 0.6859375 0.2953125000000001 0.5359375 0.2953125000000001 0.5359375 0.484375 0.6859375 0.484375
1 0.8390625 0.1390625000000001 0.7984375 0.1390625000000001 0.7984375 0.21093750000000008 0.8390625 0.21093750000000008
1 0.6703125 0.2218750000000001 0.5671875 0.2218750000000001 0.5671875 0.33281250000000007 0.6703125 0.33281250000000007
1 0.80625 0.1218750000000001 0.765625 0.1218750000000001 0.765625 0.1671875000000001 0.80625 0.1671875000000001
1 0.878125 0.20468750000000008 0.759375 0.20468750000000008 0.759375 0.3500000000000001 0.878125 0.3500000000000001
1 0.7703125 0.07968750000000009 0.7328125 0.07968750000000009 0.7328125 0.1390625000000001 0.7703125 0.1390625000000001
1 0.659375 0.1453125000000001 0.578125 0.1453125000000001 0.578125 0.25468750000000007 0.659375 0.25468750000000007
1 0.646875 0.1140625000000001 0.56875 0.1140625000000001 0.56875 0.18750000000000008 0.646875 0.18750000000000008
1 0.89375 0.09062500000000011 0.8484375 0.09062500000000011 0.8484375 0.14843750000000008 0.89375 0.14843750000000008
1 0.5546875 0.18437500000000007 0.4359375 0.18437500000000004 0.4359375 0.3296875000000001 0.5546875 0.3296875000000001
1 1 0.19062500000000013 0.9140625 0.19062500000000013 0.9140625 0.2734375000000001 1 0.2734375000000001
1 0.728125 0.09687500000000009 0.6953125 0.09687500000000009 0.6953125 0.1515625000000001 0.728125 0.1515625000000001