1 0.6515625 0.3312500000000001 0.4453125 0.3312500000000001 0.4453125 0.6453125 0.6515625 0.6453125
1 0.490625 0.15781250000000005 0.3796875 0.15781250000000005 0.3796875 0.2765625000000001 0.490625 0.2765625000000001
1 0.878125 0.07656250000000012 0.8296875 0.07656250000000012 0.8296875 0.11093750000000009 0.878125 0.11093750000000009
1 0.759375 0.2140625000000001 0.6078125 0.2140625000000001 0.6078125 0.3859375000000001 0.759375 0.3859375000000001
1 0.8484375 0.2953125000000001 0.69375 0.2953125000000001 0.69375 0.5281250000000001 0.8484375 0.5281250000000002
1 0.8859375 0.10468750000000009 0.853125 0.10468750000000009 0.853125 0.1546875000000001 0.8859375 0.1546875000000001
1 0.7109375 0.0906250000000001 0.6546875 0.0906250000000001 0.6546875 0.1625000000000001 0.7109375 0.1625000000000001
1 0.809375 0.08125000000000009 0.7625 0.08125000000000009 0.7625 0.12031250000000009 0.809375 0.12031250000000009
1 0.765625 0.08437500000000009 0.7234375 0.08437500000000009 0.7234375 0.13281250000000008 0.765625 0.13281250000000008
3 0.346875 0.18593750000000003 0.303125 0.18593750000000003 0.303125 0.3015625 0.346875 0.3015625
3 0.8015625 0.16406250000000008 0.7765625 0.16406250000000008 0.7765625 0.2578125000000001 0.8015625 0.2578125000000001
1 0.99375 0.4984375000000001 0.6625 0.4984375 0.6625000000000001 1 0.99375 1
1 1 0.19375000000000014 0.940625 0.19375000000000014 0.940625 0.2843750000000001 1 0.2843750000000001