1 0.4640625 0.28593750000000007 0.2484375 0.2859375 0.24843750000000003 0.559375 0.4640625 0.559375
1 0.8578125 0.3062500000000001 0.74375 0.3062500000000001 0.74375 0.4812500000000002 0.8578125 0.4812500000000002
1 0.7171875 0.403125 0.5734375 0.403125 0.5734375 0.70625 0.7171875 0.70625
1 0.5765625 0.21250000000000008 0.4484375 0.21250000000000008 0.4484375 0.4078125 0.5765625 0.4078125
1 0.7328125 0.2500000000000001 0.5921875 0.2500000000000001 0.5921875 0.4468750000000001 0.7328125 0.4468750000000002
2 0.8796875 0.20468750000000008 0.78125 0.20468750000000008 0.78125 0.3500000000000001 0.8796875 0.3500000000000001
1 0.803125 0.2296875000000001 0.7265625 0.2296875000000001 0.7265625 0.3031250000000001 0.803125 0.3031250000000001
1 0.6359375 0.2156250000000001 0.5578125 0.2156250000000001 0.5578125 0.3343750000000001 0.6359375 0.3343750000000001
0 0.7640625 0.12031250000000009 0.675 0.12031250000000009 0.675 0.2468750000000001 0.7640625 0.2468750000000001
1 0.54375 0.13593750000000004 0.434375 0.13593750000000004 0.434375 0.2500000000000001 0.54375 0.2500000000000001
1 0.696875 0.1546875000000001 0.6015625 0.1546875000000001 0.6015625 0.2562500000000001 0.696875 0.2562500000000001
1 0.721875 0.21250000000000008 0.640625 0.21250000000000008 0.640625 0.26250000000000007 0.721875 0.26250000000000007
1 0.8421875 0.1375000000000001 0.7953125 0.1375000000000001 0.7953125 0.20312500000000008 0.8421875 0.20312500000000008
1 0.865625 0.11093750000000009 0.8359375 0.11093750000000009 0.8359375 0.1625000000000001 0.865625 0.1625000000000001
3 0.5671875 0.16875000000000007 0.5421875 0.16875000000000004 0.5421875 0.22031250000000008 0.5671875 0.22031250000000008
1 0.6484375 0.10781250000000009 0.56875 0.10781250000000009 0.56875 0.19531250000000008 0.6484375 0.19531250000000008
1 0.7703125 0.08125000000000009 0.734375 0.08125000000000009 0.734375 0.1218750000000001 0.7703125 0.1218750000000001
1 0.725 0.09531250000000009 0.690625 0.09531250000000009 0.690625 0.1218750000000001 0.725 0.1218750000000001
1 0.7859375 0.06875000000000009 0.7296875 0.06875000000000009 0.7296875 0.10312500000000009 0.7859375 0.10312500000000009
1 0.99375 0.2000000000000001 0.903125 0.2000000000000001 0.903125 0.2812500000000001 0.99375 0.2812500000000001
1 0.79375 0.1296875000000001 0.759375 0.1296875000000001 0.759375 0.2000000000000001 0.79375 0.2000000000000001
1 0.7921875 0.09687500000000009 0.7484375 0.09687500000000009 0.7484375 0.15000000000000008 0.7921875 0.15000000000000008
1 0.81875 0.1750000000000001 0.7640625 0.1750000000000001 0.7640625 0.2250000000000001 0.81875 0.2250000000000001