1 0.6734375 0.26250000000000007 0.4625 0.26250000000000007 0.4625 0.5515625 0.6734375 0.5515625
1 0.565625 0.2671875000000001 0.4328125 0.2671875000000001 0.4328125 0.4171875 0.565625 0.4171875
1 0.4890625 0.15312500000000004 0.3828125 0.15312500000000004 0.3828125 0.2734375000000001 0.4890625 0.2734375000000001
1 0.4015625 0.22812500000000005 0.18437500000000004 0.228125 0.18437500000000004 0.475 0.4015625 0.475
1 0.8234375 0.3687500000000001 0.6703125 0.3687500000000001 0.6703125 0.6562500000000001 0.8234375 0.6562500000000002
1 0.753125 0.2484375000000001 0.6578125 0.2484375000000001 0.6578125 0.4156250000000001 0.753125 0.4156250000000002
1 0.7109375 0.09375000000000008 0.653125 0.09375000000000008 0.653125 0.1625000000000001 0.7109375 0.1625000000000001
1 0.7421875 0.19531250000000008 0.571875 0.19531250000000008 0.571875 0.27812500000000007 0.7421875 0.27812500000000007
1 0.84375 0.1765625000000001 0.7625 0.1765625000000001 0.7625 0.2984375000000001 0.84375 0.2984375000000001
1 0.5859375 0.18593750000000006 0.46875 0.18593750000000003 0.46875 0.28593750000000007 0.5859375 0.28593750000000007
1 0.6390625 0.12656250000000008 0.5703125 0.12656250000000008 0.5703125 0.18750000000000008 0.6390625 0.18750000000000008
1 0.7640625 0.0828125000000001 0.7234375 0.0828125000000001 0.7234375 0.1375000000000001 0.7640625 0.1375000000000001