1 0.7609375 0.28593750000000007 0.5828125 0.28593750000000007 0.5828125 0.55 0.7609375 0.5500000000000002
1 0.525 0.32656250000000003 0.3375 0.3265625 0.3375 0.54375 0.525 0.54375
1 0.4546875 0.23437500000000006 0.2734375 0.234375 0.27343750000000006 0.4296875 0.4546875 0.4296875
1 0.6125 0.18750000000000006 0.5 0.18750000000000006 0.5 0.34843750000000007 0.6125 0.34843750000000007
1 0.815625 0.1765625000000001 0.75 0.1765625000000001 0.75 0.2921875000000001 0.815625 0.2921875000000001
1 0.54375 0.13750000000000004 0.4359375 0.13750000000000004 0.4359375 0.2562500000000001 0.54375 0.2562500000000001
1 0.771875 0.0828125000000001 0.734375 0.0828125000000001 0.734375 0.13281250000000008 0.771875 0.13281250000000008
1 0.7359375 0.10000000000000009 0.6890625 0.10000000000000009 0.6890625 0.14843750000000008 0.7359375 0.14843750000000008
1 0.9671875 0.20312500000000008 0.8703125 0.20312500000000008 0.8703125 0.2890625000000001 0.9671875 0.2890625000000001
1 0.85 0.0796875000000001 0.790625 0.07968750000000009 0.790625 0.1281250000000001 0.85 0.1281250000000001
1 0.859375 0.11562500000000009 0.8171875 0.11562500000000009 0.8171875 0.1843750000000001 0.859375 0.1843750000000001
1 0.6093750000000001 0.5765625 0.3984375000000001 0.5765625 0.3984375000000001 0.9953125 0.6093750000000002 0.9953125
1 0.753125 0.1593750000000001 0.6828125 0.1593750000000001 0.6828125 0.2390625000000001 0.753125 0.2390625000000001