1 0.7078125 0.37187500000000007 0.5515625 0.37187500000000007 0.5515625 0.625 0.7078125 0.625
1 0.871875 0.2578125000000001 0.778125 0.2578125000000001 0.778125 0.39531250000000007 0.871875 0.39531250000000007
1 0.7328125 0.0984375000000001 0.6890625 0.0984375000000001 0.6890625 0.15000000000000008 0.7328125 0.15000000000000008
1 0.646875 0.11562500000000009 0.56875 0.11562500000000009 0.56875 0.1984375000000001 0.646875 0.1984375000000001
1 0.771875 0.08593750000000008 0.7328125 0.08593750000000008 0.7328125 0.1375000000000001 0.771875 0.1375000000000001
1 0.54375 0.13750000000000004 0.4359375 0.13750000000000004 0.4359375 0.2531250000000001 0.54375 0.2531250000000001
1 0.8078125 0.12031250000000009 0.7578125 0.12031250000000009 0.7578125 0.1843750000000001 0.8078125 0.1843750000000001
1 0.871875 0.13281250000000008 0.81875 0.13281250000000008 0.81875 0.20312500000000008 0.871875 0.20312500000000008
1 0.85625 0.0921875000000001 0.8125 0.09218750000000009 0.8125 0.1546875000000001 0.85625 0.1546875000000001
2 0.9453125 0.19218750000000012 0.8375 0.1921875000000001 0.8375 0.30156250000000007 0.9453125 0.30156250000000007
1 0.9 0.10156250000000008 0.85625 0.10156250000000008 0.85625 0.1437500000000001 0.9 0.1437500000000001