1 0.6296875 0.3359375000000001 0.4234375 0.3359375000000001 0.4234375 0.6359375 0.6296875 0.6359375
1 0.5625 0.26250000000000007 0.4125 0.26250000000000007 0.4125 0.425 0.5625 0.425
1 0.71875 0.2531250000000001 0.6109375 0.2531250000000001 0.6109375 0.4015625 0.71875 0.4015625
1 1 0.4593750000000001 0.6953125 0.459375 0.6953125000000001 0.99375 1 0.99375
1 0.86875 0.2671875000000001 0.746875 0.2671875000000001 0.746875 0.4750000000000002 0.86875 0.4750000000000002
1 0.91875 0.1875000000000001 0.7921875 0.18750000000000008 0.7921875 0.2875000000000001 0.91875 0.2875000000000001
1 0.709375 0.0906250000000001 0.653125 0.0906250000000001 0.653125 0.16406250000000008 0.709375 0.16406250000000008
1 0.7875 0.18750000000000008 0.6984375 0.18750000000000008 0.6984375 0.32500000000000007 0.7875 0.32500000000000007
1 0.3515625000000001 0.4390625 0.04843750000000006 0.4390625 0.04843750000000007 0.7578125 0.3515625000000001 0.7578125
1 0.7640625 0.0828125000000001 0.721875 0.0828125000000001 0.721875 0.1312500000000001 0.7640625 0.1312500000000001
3 0.3453125 0.18125000000000005 0.3046875 0.18125000000000005 0.3046875 0.3015625 0.3453125 0.3015625
1 1 0.17968750000000014 0.946875 0.17968750000000014 0.946875 0.2750000000000001 1 0.2750000000000001