1 0.5000000000000001 0.5796875 0.1921875000000001 0.5796875 0.19218750000000012 1 0.5000000000000002 1
1 0.2687500000000001 0.475 5.817072295949927e-17 0.475 8.008041960049489e-17 0.8328125 0.2687500000000001 0.8328125
2 0.84375 0.4312500000000001 0.6359375 0.43125 0.6359375 0.90625 0.84375 0.90625
1 0.54375 0.13906250000000003 0.4375 0.13906250000000003 0.4375 0.2578125000000001 0.54375 0.2578125000000001
1 0.5734375 0.20312500000000008 0.4390625 0.20312500000000008 0.4390625 0.3812500000000001 0.5734375 0.3812500000000001
1 0.896875 0.2375000000000001 0.8046875 0.2375000000000001 0.8046875 0.3906250000000001 0.896875 0.3906250000000001
0 0.7171875 0.1281250000000001 0.6125 0.1281250000000001 0.6125 0.2734375000000001 0.7171875 0.2734375000000001
1 0.684375 0.3578125000000001 0.5078125 0.3578125000000001 0.5078125 0.5859375 0.684375 0.5859375
1 0.8171875 0.17343750000000008 0.75 0.17343750000000008 0.75 0.26250000000000007 0.8171875 0.26250000000000007
1 0.715625 0.2375000000000001 0.6 0.2375000000000001 0.6 0.3765625000000001 0.715625 0.3765625000000001
1 0.9171875 0.2093750000000001 0.8234375 0.2093750000000001 0.8234375 0.2968750000000001 0.9171875 0.2968750000000001
1 0.64375 0.10937500000000008 0.5671875 0.10937500000000008 0.5671875 0.18906250000000008 0.64375 0.18906250000000008
1 0.896875 0.10000000000000009 0.8609375 0.10000000000000009 0.8609375 0.1531250000000001 0.896875 0.1531250000000001
1 0.759375 0.1437500000000001 0.715625 0.1437500000000001 0.715625 0.2328125000000001 0.759375 0.2328125000000001
1 0.640625 0.1312500000000001 0.578125 0.1312500000000001 0.578125 0.2296875000000001 0.640625 0.2296875000000001
1 0.7265625 0.09531250000000009 0.6875 0.09531250000000009 0.6875 0.11875000000000009 0.7265625 0.11875000000000009
1 0.7703125 0.0828125000000001 0.740625 0.0828125000000001 0.740625 0.10156250000000008 0.7703125 0.10156250000000008
1 0.909375 0.09218750000000012 0.8546875 0.09218750000000012 0.8546875 0.1265625000000001 0.909375 0.12656250000000013
1 0.7328125 0.11718750000000008 0.684375 0.11718750000000008 0.684375 0.15000000000000008 0.7328125 0.15000000000000008
1 1 0.19218750000000012 0.965625 0.19218750000000012 0.965625 0.2671875000000001 1 0.2671875000000001