1 0.7703125 0.0828125000000001 0.73125 0.0828125000000001 0.73125 0.1312500000000001 0.7703125 0.1312500000000001
1 0.728125 0.09375000000000008 0.696875 0.09375000000000008 0.696875 0.1468750000000001 0.728125 0.1468750000000001
1 0.83125 0.3421875000000001 0.69375 0.3421875000000001 0.69375 0.5671875000000001 0.83125 0.5671875000000002
1 0.8078125 0.1625000000000001 0.7734375 0.1625000000000001 0.7734375 0.2578125000000001 0.8078125 0.2578125000000001
1 0.8828125 0.24375000000000008 0.790625 0.24375000000000008 0.790625 0.4203125000000002 0.8828125 0.4203125000000002
1 0.796875 0.19531250000000008 0.7734375 0.19531250000000008 0.7734375 0.3265625000000001 0.796875 0.3265625000000001
1 0.54375 0.13593750000000004 0.4375 0.13593750000000004 0.4375 0.2531250000000001 0.54375 0.2531250000000001
1 0.840625 0.15000000000000008 0.790625 0.15000000000000008 0.790625 0.23593750000000008 0.840625 0.23593750000000008
1 0.8515625 0.1218750000000001 0.8078125 0.1218750000000001 0.8078125 0.2000000000000001 0.8515625 0.2000000000000001
1 0.7046875 0.10000000000000009 0.6390625 0.10000000000000009 0.6390625 0.17187500000000008 0.7046875 0.17187500000000008
1 0.865625 0.12656250000000008 0.846875 0.12656250000000008 0.846875 0.1843750000000001 0.865625 0.1843750000000001
1 0.7640625 0.10156250000000008 0.7015625 0.10156250000000008 0.7015625 0.1531250000000001 0.7640625 0.1531250000000001
1 0.5609375 0.2968750000000001 0.3984375 0.2968750000000001 0.39843750000000006 0.4875 0.5609375 0.4875
1 0.878125 0.10156250000000008 0.8375 0.10156250000000008 0.8375 0.1453125000000001 0.878125 0.1453125000000001
1 0.9125 0.2234375000000001 0.85 0.2234375000000001 0.85 0.3421875000000001 0.9125 0.3421875000000001
1 0.5046875 0.21250000000000005 0.35625 0.2125 0.35625000000000007 0.37500000000000006 0.5046875 0.3750000000000001
1 0.9859375 0.1875000000000001 0.89375 0.18750000000000008 0.89375 0.2765625000000001 0.9859375 0.2765625000000001
1 0.9375 0.08125000000000011 0.896875 0.08125000000000011 0.896875 0.1187500000000001 0.9375 0.11875000000000013