1 0.875 0.27031250000000007 0.771875 0.27031250000000007 0.771875 0.41718750000000016 0.875 0.41718750000000016
1 0.7109375 0.3671875000000001 0.5515625 0.3671875000000001 0.5515625 0.621875 0.7109375 0.621875
1 0.5453125 0.13750000000000007 0.4359375 0.13750000000000004 0.4359375 0.2562500000000001 0.5453125 0.2562500000000001
2 0.93125 0.18593750000000012 0.821875 0.1859375000000001 0.821875 0.3062500000000001 0.93125 0.3062500000000001
1 0.7296875 0.0984375000000001 0.684375 0.0984375000000001 0.684375 0.15000000000000008 0.7296875 0.15000000000000008
1 0.646875 0.11093750000000009 0.5671875 0.11093750000000009 0.5671875 0.19687500000000008 0.646875 0.19687500000000008
1 0.8015625 0.12500000000000008 0.746875 0.12500000000000008 0.746875 0.19687500000000008 0.8015625 0.19687500000000008
1 1 0.18593750000000014 0.95 0.18593750000000014 0.95 0.2734375000000001 1 0.2734375000000001
1 0.771875 0.08437500000000009 0.7328125 0.08437500000000009 0.7328125 0.13281250000000008 0.771875 0.13281250000000008
1 0.8625 0.1390625000000001 0.809375 0.1390625000000001 0.809375 0.2140625000000001 0.8625 0.2140625000000001
1 0.890625 0.09843750000000011 0.846875 0.09843750000000011 0.846875 0.14843750000000008 0.890625 0.14843750000000008
1 0.846875 0.0937500000000001 0.80625 0.09375000000000008 0.80625 0.1546875000000001 0.846875 0.1546875000000001