1 0.7078125 0.3734375000000001 0.5515625 0.3734375000000001 0.5515625 0.625 0.7078125 0.625
1 0.859375 0.2921875000000001 0.753125 0.2921875000000001 0.753125 0.45312500000000017 0.859375 0.45312500000000017
2 0.8875 0.19531250000000008 0.784375 0.19531250000000008 0.784375 0.33281250000000007 0.8875 0.33281250000000007
1 0.54375 0.13750000000000004 0.4375 0.13750000000000004 0.4375 0.2562500000000001 0.54375 0.2562500000000001
1 0.734375 0.10000000000000009 0.6890625 0.10000000000000009 0.6890625 0.14843750000000008 0.734375 0.14843750000000008
1 0.646875 0.11562500000000009 0.5671875 0.11562500000000009 0.5671875 0.1984375000000001 0.646875 0.1984375000000001
1 0.7796875 0.19531250000000008 0.684375 0.19531250000000008 0.684375 0.3437500000000001 0.7796875 0.3437500000000001
1 0.74375 0.1593750000000001 0.68125 0.1593750000000001 0.68125 0.2500000000000001 0.74375 0.2500000000000001
1 0.771875 0.08437500000000009 0.734375 0.08437500000000009 0.734375 0.12656250000000008 0.771875 0.12656250000000008
1 0.7796875 0.12500000000000008 0.725 0.12500000000000008 0.725 0.21250000000000008 0.7796875 0.21250000000000008
1 0.7984375 0.1296875000000001 0.775 0.1296875000000001 0.775 0.19531250000000008 0.7984375 0.19531250000000008