1 0.5203125000000001 0.45 0.2296875000000001 0.45 0.2296875000000001 0.8390625 0.5203125000000002 0.8390625
1 0.7171875 0.17968750000000008 0.6390625 0.17968750000000008 0.6390625 0.2796875000000001 0.7171875 0.2796875000000001
1 0.4859375 0.15156250000000004 0.3765625 0.15156250000000004 0.3765625 0.27031250000000007 0.4859375 0.27031250000000007
1 0.15000000000000008 0.4203125 5.147343577666219e-17 0.4203125 6.821665373375491e-17 0.69375 0.15000000000000008 0.69375
1 0.5015625 0.2671875 0.2921875 0.2671875 0.29218750000000004 0.5015625 0.5015625 0.5015625
1 0.7125 0.0906250000000001 0.6546875 0.0906250000000001 0.6546875 0.1609375000000001 0.7125 0.1609375000000001
1 0.846875 0.28593750000000007 0.696875 0.28593750000000007 0.696875 0.4875000000000001 0.846875 0.48750000000000016
1 0.6390625 0.12500000000000008 0.571875 0.12500000000000008 0.571875 0.19687500000000008 0.6390625 0.19687500000000008
0 0.9015625 0.43437500000000007 0.6515625 0.434375 0.6515625 1 0.9015625 1
1 0.765625 0.08437500000000009 0.71875 0.08437500000000009 0.71875 0.1359375000000001 0.765625 0.1359375000000001
1 0.8765625 0.23593750000000008 0.8109375 0.23593750000000008 0.8109375 0.37187500000000007 0.8765625 0.37187500000000007
3 0.3828125000000001 0.39062500000000006 0.3312500000000001 0.390625 0.3312500000000001 0.4921875 0.3828125000000001 0.4921875