1 0.825 0.37187500000000007 0.6390625 0.37187500000000007 0.6390625000000001 0.7578125000000001 0.825 0.7578125000000002
1 0.4875 0.15781250000000005 0.3796875 0.15781250000000005 0.3796875 0.2734375000000001 0.4875 0.2734375000000001
1 0.9234375 0.2078125000000001 0.8328125 0.2078125000000001 0.8328125 0.3187500000000001 0.9234375 0.3187500000000001
1 0.7109375 0.09218750000000009 0.6546875 0.09218750000000009 0.6546875 0.1625000000000001 0.7109375 0.1625000000000001
1 0.815625 0.1609375000000001 0.7546875 0.1609375000000001 0.7546875 0.24218750000000008 0.815625 0.24218750000000008
1 0.83125 0.10468750000000009 0.79375 0.10468750000000009 0.79375 0.15625000000000008 0.83125 0.15625000000000008
1 0.775 0.06406250000000009 0.7296875 0.06406250000000009 0.7296875 0.10156250000000008 0.775 0.10156250000000008
3 0.3484375 0.19687500000000005 0.3046875 0.19687500000000005 0.3046875 0.3 0.3484375 0.3
3 0.6625 0.31718750000000007 0.609375 0.31718750000000007 0.609375 0.50625 0.6625 0.50625
1 0.2812500000000001 0.4328125 5.300424427559639e-17 0.4328125 8.534257381558118e-17 0.9609375 0.2812500000000001 0.9609375
1 0.7984375000000001 0.7500000000000001 0.41406250000000017 0.75 0.41406250000000017 0.9984375 0.7984375000000001 0.9984375
1 1 0.16875000000000012 0.9375 0.16875000000000012 0.9375 0.2671875000000001 1 0.2671875000000001
1 0.7671875 0.0828125000000001 0.721875 0.0828125000000001 0.721875 0.13437500000000008 0.7671875 0.13437500000000008