1 0.525 0.30468750000000006 0.29375 0.3046875 0.29375000000000007 0.5921875 0.525 0.5921875
1 0.7828125000000001 0.6953125000000001 0.4203125 0.6953125 0.4203125000000001 1 0.7828125000000001 1
1 1 0.7812500000000002 0.8125 0.7812500000000002 0.8125 1 1 1
1 0.0906250000000001 0.546875 6.697287182837088e-17 0.546875 8.352473872309682e-17 0.8171875 0.09062500000000011 0.8171875
1 0.54375 0.13906250000000003 0.4359375 0.13906250000000003 0.4359375 0.25468750000000007 0.54375 0.25468750000000007
1 0.8078125 0.3734375000000001 0.65625 0.3734375000000001 0.65625 0.628125 0.8078125 0.6281250000000002
1 0.73125 0.10000000000000009 0.6859375 0.10000000000000009 0.6859375 0.1515625000000001 0.73125 0.1515625000000001
1 0.78125 0.21093750000000008 0.678125 0.21093750000000008 0.678125 0.3515625000000001 0.78125 0.3515625000000001
1 0.7734375 0.08593750000000008 0.7328125 0.08593750000000008 0.7328125 0.1359375000000001 0.7734375 0.1359375000000001
1 0.646875 0.11562500000000009 0.56875 0.11562500000000009 0.56875 0.1984375000000001 0.646875 0.1984375000000001
1 0.81875 0.1437500000000001 0.7546875 0.1437500000000001 0.7546875 0.2593750000000001 0.81875 0.2593750000000001
3 0.4875000000000001 0.4875 0.4203125 0.4875 0.4203125000000001 0.7859375 0.48750000000000016 0.7859375
1 0.84375 0.1437500000000001 0.809375 0.1437500000000001 0.809375 0.21250000000000008 0.84375 0.21250000000000008
1 0.90625 0.2078125000000001 0.8171875 0.2078125000000001 0.8171875 0.3500000000000001 0.90625 0.3500000000000001