1 0.7703125 0.0828125000000001 0.73125 0.0828125000000001 0.73125 0.1312500000000001 0.7703125 0.1312500000000001
1 0.728125 0.09375000000000008 0.696875 0.09375000000000008 0.696875 0.1468750000000001 0.728125 0.1468750000000001
1 0.83125 0.3421875000000001 0.69375 0.3421875000000001 0.69375 0.5671875000000001 0.83125 0.5671875000000002
1 0.8078125 0.1625000000000001 0.7734375 0.1625000000000001 0.7734375 0.2578125000000001 0.8078125 0.2578125000000001
1 0.8828125 0.24375000000000008 0.790625 0.24375000000000008 0.790625 0.4203125000000002 0.8828125 0.4203125000000002
1 0.796875 0.19531250000000008 0.7734375 0.19531250000000008 0.7734375 0.3265625000000001 0.796875 0.3265625000000001
1 0.54375 0.13593750000000004 0.4375 0.13593750000000004 0.4375 0.2531250000000001 0.54375 0.2531250000000001
1 0.840625 0.15000000000000008 0.790625 0.15000000000000008 0.790625 0.23593750000000008 0.840625 0.23593750000000008
1 0.8546875 0.11875000000000009 0.8125 0.11875000000000009 0.8125 0.2015625000000001 0.8546875 0.2015625000000001
1 0.7046875 0.10000000000000009 0.6390625 0.10000000000000009 0.6390625 0.17187500000000008 0.7046875 0.17187500000000008
1 0.8703125 0.12031250000000009 0.8453125 0.12031250000000009 0.8453125 0.17968750000000008 0.8703125 0.17968750000000008
1 0.7921875 0.11093750000000009 0.740625 0.11093750000000009 0.740625 0.1687500000000001 0.7921875 0.1687500000000001
1 0.575 0.2890625000000001 0.4171875 0.2890625000000001 0.4171875 0.478125 0.575 0.478125
1 0.8765625 0.08593750000000011 0.8203125 0.08593750000000011 0.8203125 0.13281250000000008 0.8765625 0.13281250000000008
1 0.9328125 0.2078125000000001 0.8625 0.2078125000000001 0.8625 0.2968750000000001 0.9328125 0.2968750000000001
1 0.8234375 0.0734375000000001 0.778125 0.07343750000000009 0.778125 0.10781250000000009 0.8234375 0.10781250000000009
1 0.7890625 0.0750000000000001 0.7421875 0.0750000000000001 0.7421875 0.1140625000000001 0.7890625 0.1140625000000001
1 1 0.19062500000000013 0.9625 0.19062500000000013 0.9625 0.2656250000000001 1 0.2656250000000001