1 0.65625 0.2750000000000001 0.4359375 0.2750000000000001 0.4359375 0.5796875 0.65625 0.5796875
1 0.34062500000000007 0.253125 0.09375000000000003 0.253125 0.09375000000000004 0.51875 0.34062500000000007 0.51875
1 0.8265625 0.37187500000000007 0.665625 0.37187500000000007 0.665625 0.6421875000000001 0.8265625 0.6421875000000001
1 0.5375 0.28593750000000007 0.3953125 0.28593750000000007 0.39531250000000007 0.4515625 0.5375 0.4515625
1 0.73125 0.2593750000000001 0.634375 0.2593750000000001 0.634375 0.4406250000000001 0.73125 0.44062500000000016
1 0.7 0.19531250000000006 0.5375 0.19531250000000006 0.5375 0.2906250000000001 0.7 0.2906250000000001
1 0.7078125 0.09375000000000008 0.653125 0.09375000000000008 0.653125 0.16406250000000008 0.7078125 0.16406250000000008
1 0.8359375 0.11250000000000009 0.796875 0.11250000000000009 0.796875 0.1625000000000001 0.8359375 0.1625000000000001
1 0.4890625 0.15312500000000004 0.3765625 0.15312500000000004 0.3765625 0.2640625000000001 0.4890625 0.2640625000000001
1 0.5234375 0.2234375000000001 0.3828125 0.2234375000000001 0.3828125 0.3453125000000001 0.5234375 0.3453125000000001
1 0.85625 0.2078125000000001 0.7703125 0.2078125000000001 0.7703125 0.2828125000000001 0.85625 0.2828125000000001
1 0.765625 0.0828125000000001 0.721875 0.0828125000000001 0.721875 0.1312500000000001 0.765625 0.1312500000000001
1 0.640625 0.12343750000000009 0.5671875 0.12343750000000009 0.5671875 0.19687500000000008 0.640625 0.19687500000000008
1 0.8390625 0.1828125000000001 0.771875 0.1828125000000001 0.771875 0.22031250000000008 0.8390625 0.22031250000000008
3 0.36406250000000007 0.24531250000000004 0.3296875 0.2453125 0.3296875 0.403125 0.36406250000000007 0.403125