1 0.5046875 0.27968750000000003 0.2828125 0.2796875 0.2828125 0.5609375 0.5046875 0.5609375
1 0.834375 0.3968750000000001 0.6828125 0.3968750000000001 0.6828125 0.6453125000000001 0.834375 0.6453125000000002
1 0.88125 0.2812500000000001 0.7734375 0.2812500000000001 0.7734375 0.43750000000000017 0.88125 0.43750000000000017
1 0.8828125 0.0796875000000001 0.828125 0.0796875000000001 0.828125 0.11250000000000009 0.8828125 0.11250000000000009
1 0.75625 0.2390625000000001 0.65625 0.2390625000000001 0.65625 0.4234375000000001 0.75625 0.4234375000000002
1 0.9 0.2250000000000001 0.821875 0.2250000000000001 0.821875 0.3359375000000001 0.9 0.3359375000000001
1 0.63125 0.21875000000000008 0.540625 0.21875000000000008 0.540625 0.3125000000000001 0.63125 0.3125000000000001
1 0.7875 0.19687500000000008 0.709375 0.19687500000000008 0.709375 0.3125000000000001 0.7875 0.3125000000000001
1 0.8046875 0.10468750000000009 0.7546875 0.10468750000000009 0.7546875 0.15625000000000008 0.8046875 0.15625000000000008
1 0.8140625 0.1609375000000001 0.75625 0.1609375000000001 0.75625 0.2671875000000001 0.8140625 0.2671875000000001
1 0.91875 0.1031250000000001 0.8765625 0.10312500000000009 0.8765625 0.1437500000000001 0.91875 0.14375000000000013
1 0.840625 0.0687500000000001 0.7921875 0.06875000000000009 0.7921875 0.10781250000000009 0.840625 0.10781250000000009
1 0.5125 0.21250000000000008 0.4265625 0.21250000000000008 0.4265625 0.3703125000000001 0.5125 0.3703125000000001
3 0.8359375 0.34843750000000007 0.803125 0.34843750000000007 0.803125 0.5015625000000001 0.8359375 0.5015625000000001