2 0.27421875000000007 0.5888888888888889 0.203125 0.5888888888888889 0.20312500000000006 0.8 0.27421875000000007 0.8
0 0.44375 0.41111111111111126 0.3703125 0.41111111111111126 0.3703125 0.5486111111111113 0.44375 0.5486111111111113
0 0.6765625 0.41111111111111126 0.5859375 0.41111111111111126 0.5859375 0.5444444444444446 0.6765625 0.5444444444444446
2 0.75078125 0.43750000000000017 0.71015625 0.43750000000000017 0.71015625 0.5597222222222223 0.75078125 0.5597222222222223
2 0.93359375 0.5972222222222224 0.875 0.5972222222222224 0.875 0.7777777777777781 0.93359375 0.7777777777777781
0 0.6640625 0.2805555555555557 0.6 0.2805555555555557 0.6 0.37500000000000017 0.6640625 0.37500000000000017
3 0.578125 0.15138888888888902 0.51484375 0.15138888888888902 0.51484375 0.27361111111111125 0.578125 0.27361111111111125
2 0.10468750000000004 0.35694444444444445 0.04453125000000002 0.35694444444444445 0.04453125000000003 0.43472222222222223 0.10468750000000004 0.43472222222222223
2 0.13125000000000003 0.5597222222222222 0.06562500000000004 0.5597222222222222 0.06562500000000004 0.7611111111111111 0.13125000000000003 0.7611111111111111
0 0.46484375 0.25694444444444453 0.4234375 0.25694444444444453 0.4234375 0.3347222222222223 0.46484375 0.3347222222222223
2 0.6390625 0.21527777777777793 0.62109375 0.21527777777777793 0.62109375 0.2708333333333335 0.6390625 0.2708333333333335