2 0.15546875 0.21388888888888888 0.13359375 0.21388888888888888 0.13359375 0.2777777777777778 0.15546875 0.2777777777777778
2 0.19296875 0.22500000000000003 0.171875 0.225 0.171875 0.27916666666666673 0.19296875 0.27916666666666673
0 0.959375 0.7486111111111114 0.7484375 0.7486111111111114 0.7484375 0.9986111111111114 0.959375 0.9986111111111114
0 0.7484375 0.48888888888888904 0.62734375 0.48888888888888904 0.62734375 0.6861111111111112 0.7484375 0.6861111111111112
0 0.621875 0.36111111111111127 0.559375 0.36111111111111127 0.559375 0.47361111111111126 0.621875 0.47361111111111126
0 0.60390625 0.2819444444444446 0.553125 0.2819444444444446 0.553125 0.3583333333333335 0.60390625 0.3583333333333335
0 0.7328125 0.21250000000000016 0.69296875 0.21250000000000016 0.69296875 0.26527777777777795 0.7328125 0.26527777777777795
0 0.69296875 0.2069444444444446 0.65625 0.2069444444444446 0.65625 0.2444444444444446 0.69296875 0.2444444444444446
3 0.5109375 0.17222222222222233 0.38359375 0.1722222222222223 0.38359375 0.27777777777777785 0.5109375 0.27777777777777785
3 0.6625 0.22777777777777794 0.62421875 0.22777777777777794 0.62421875 0.28611111111111126 0.6625 0.28611111111111126
1 0.546875 0.22500000000000012 0.503125 0.2250000000000001 0.503125 0.3194444444444446 0.546875 0.3194444444444446