0 0.69296875 0.4847222222222224 0.5859375 0.4847222222222224 0.5859375 0.6958333333333335 0.69296875 0.6958333333333335
2 0.56875 0.3291666666666668 0.53984375 0.3291666666666667 0.53984375 0.39861111111111125 0.56875 0.39861111111111125
2 0.346875 0.34583333333333344 0.30859375 0.34583333333333344 0.30859375 0.4638888888888889 0.346875 0.4638888888888889
2 0.28828125000000004 0.4638888888888889 0.2359375 0.4638888888888889 0.23593750000000005 0.6611111111111111 0.2882812500000001 0.6611111111111111
2 0.11406250000000004 0.3625 0.039843750000000025 0.3625 0.039843750000000025 0.42916666666666664 0.11406250000000004 0.42916666666666664
2 0.33671875 0.26388888888888895 0.31015625 0.26388888888888895 0.31015625 0.3500000000000001 0.33671875 0.3500000000000001
2 0.35625 0.2472222222222223 0.33359375 0.2472222222222223 0.33359375 0.34583333333333344 0.35625 0.34583333333333344
2 0.37421875 0.26388888888888895 0.34609375 0.26388888888888895 0.34609375 0.3347222222222223 0.37421875 0.3347222222222223
0 0.4828125 0.2111111111111112 0.43671875 0.2111111111111112 0.43671875 0.288888888888889 0.4828125 0.288888888888889
2 0.3875 0.22361111111111118 0.36796875 0.22361111111111118 0.36796875 0.29166666666666674 0.3875 0.29166666666666674
2 0.40234375 0.20555555555555563 0.3859375 0.20555555555555563 0.3859375 0.2666666666666667 0.40234375 0.2666666666666667
2 0.4328125 0.18888888888888897 0.4140625 0.18888888888888897 0.4140625 0.25416666666666676 0.4328125 0.25416666666666676
2 0.359375 0.19444444444444453 0.3421875 0.19444444444444453 0.3421875 0.2472222222222223 0.359375 0.2472222222222223