2 0.15546875000000004 0.5333333333333333 0.10234375000000004 0.5333333333333333 0.10234375000000004 0.6694444444444444 0.15546875000000004 0.6694444444444444
2 0.2859375 0.3333333333333334 0.24765625 0.3333333333333334 0.24765625 0.4361111111111111 0.2859375 0.4361111111111111
2 0.34765625 0.26388888888888895 0.32109375 0.26388888888888895 0.32109375 0.3361111111111112 0.34765625 0.3361111111111112
2 0.371875 0.2250000000000001 0.34765625 0.2250000000000001 0.34765625 0.2958333333333334 0.371875 0.2958333333333334
2 0.59375 0.4444444444444446 0.55703125 0.4444444444444446 0.55703125 0.5611111111111112 0.59375 0.5611111111111112
2 0.8796875 0.45277777777777795 0.8375 0.45277777777777795 0.8375 0.6208333333333335 0.8796875 0.6208333333333335
2 0.959375 0.7500000000000003 0.88125 0.7500000000000003 0.88125 0.9638888888888892 0.959375 0.9638888888888892
2 0.59921875 0.1500000000000001 0.58671875 0.1500000000000001 0.58671875 0.20138888888888903 0.59921875 0.20138888888888903
2 0.41640625 0.13888888888888898 0.403125 0.13888888888888898 0.403125 0.17916666666666675 0.41640625 0.17916666666666675
0 0.28515625000000006 0.5416666666666666 0.14921875000000004 0.5416666666666666 0.14921875000000004 0.7430555555555556 0.2851562500000001 0.7430555555555556
3 0.8359375 0.7083333333333335 0.5640625 0.7083333333333335 0.5640625 1.0000000000000002 0.8359375 1.0000000000000002
1 0.41953125 0.5680555555555556 0.05859375000000004 0.5680555555555555 0.058593750000000056 1 0.41953125 1
1 0.4765625 0.13472222222222233 0.4328125 0.1347222222222223 0.4328125 0.24305555555555564 0.4765625 0.24305555555555564
1 0.6078125 0.24722222222222234 0.54296875 0.2472222222222223 0.54296875 0.45138888888888906 0.6078125 0.45138888888888906
3 0.57421875 0.14722222222222234 0.51328125 0.14722222222222234 0.51328125 0.25416666666666676 0.57421875 0.2541666666666668