0 0.67421875 0.5208333333333335 0.55234375 0.5208333333333335 0.55234375 0.7277777777777777 0.67421875 0.7277777777777777
0 0.615625 0.1500000000000001 0.56015625 0.1500000000000001 0.56015625 0.25972222222222235 0.615625 0.25972222222222235
2 0.64609375 0.1930555555555557 0.625 0.1930555555555557 0.625 0.24305555555555572 0.64609375 0.24305555555555572
2 0.24843750000000003 0.5083333333333333 0.2 0.5083333333333333 0.20000000000000004 0.675 0.2484375000000001 0.675
2 0.30546875 0.49166666666666664 0.275 0.49166666666666664 0.275 0.5958333333333333 0.30546875 0.5958333333333333
2 0.3625 0.3597222222222222 0.325 0.3597222222222222 0.325 0.4652777777777778 0.3625 0.4652777777777778
2 0.41953125 0.4194444444444446 0.36953125 0.4194444444444446 0.36953125 0.613888888888889 0.41953125 0.613888888888889
2 0.40625 0.313888888888889 0.38046875 0.313888888888889 0.38046875 0.4055555555555557 0.40625 0.4055555555555557
2 0.44453125 0.31250000000000006 0.41640625 0.31250000000000006 0.41640625 0.41111111111111126 0.44453125 0.41111111111111126
2 0.31796875 0.35416666666666674 0.27890625 0.35416666666666674 0.27890625 0.45 0.31796875 0.45
2 0.27421875 0.3333333333333334 0.2453125 0.3333333333333334 0.2453125 0.42916666666666664 0.27421875 0.42916666666666664
2 0.17421875000000003 0.5777777777777777 0.09140625000000005 0.5777777777777777 0.09140625000000005 0.7527777777777778 0.17421875000000003 0.7527777777777778
2 0.11171875000000005 0.37777777777777777 0.04687500000000002 0.37777777777777777 0.04687500000000003 0.4444444444444444 0.11171875000000005 0.4444444444444444
2 0.3390625 0.29027777777777786 0.31796875 0.29027777777777786 0.31796875 0.36666666666666664 0.3390625 0.36666666666666664
2 0.37265625 0.23333333333333342 0.3484375 0.23333333333333342 0.3484375 0.3083333333333334 0.37265625 0.3083333333333334
2 0.39375 0.2361111111111112 0.36875 0.2361111111111112 0.36875 0.2930555555555556 0.39375 0.2930555555555556
2 0.42265625 0.2208333333333334 0.39765625 0.2208333333333334 0.39765625 0.2958333333333334 0.42265625 0.2958333333333334
2 0.2515625 0.4166666666666667 0.2234375 0.4166666666666667 0.2234375 0.5236111111111111 0.2515625 0.5236111111111111
2 0.371875 0.16666666666666674 0.35625 0.16666666666666674 0.35625 0.2208333333333334 0.371875 0.2208333333333334
2 0.3921875 0.1736111111111112 0.37734375 0.1736111111111112 0.37734375 0.2250000000000001 0.3921875 0.2250000000000001