2 0.50625 0.8375 0.453125 0.8375 0.453125 0.9763888888888889 0.50625 0.9763888888888889
2 0.5453125 0.6708333333333335 0.4921875 0.6708333333333335 0.4921875 0.8055555555555556 0.5453125 0.8055555555555556
2 0.5890625 0.5055555555555558 0.55625 0.5055555555555558 0.55625 0.5902777777777779 0.5890625 0.5902777777777779
2 0.43125 0.651388888888889 0.38750000000000007 0.651388888888889 0.38750000000000007 0.7722222222222223 0.43125 0.7722222222222223
2 0.79453125 0.626388888888889 0.75859375 0.626388888888889 0.75859375 0.7180555555555559 0.79453125 0.7180555555555559
2 0.7875 0.4347222222222224 0.76484375 0.4347222222222224 0.76484375 0.4944444444444446 0.7875 0.4944444444444446
2 0.865625 0.40416666666666684 0.8421875 0.40416666666666684 0.8421875 0.4638888888888891 0.865625 0.4638888888888891
2 0.82265625 0.7736111111111115 0.7796875 0.7736111111111115 0.7796875 0.8986111111111115 0.82265625 0.8986111111111115
2 0.8203125 0.4347222222222224 0.796875 0.4347222222222224 0.796875 0.4916666666666668 0.8203125 0.4916666666666668
2 0.71171875 0.6819444444444446 0.66640625 0.6819444444444446 0.66640625 0.7958333333333333 0.71171875 0.7958333333333333
2 0.75703125 0.4819444444444446 0.73046875 0.4819444444444446 0.73046875 0.551388888888889 0.75703125 0.551388888888889
2 0.7390625 0.3666666666666668 0.71875 0.3666666666666668 0.71875 0.41666666666666685 0.7390625 0.41666666666666685
2 0.7171875 0.4583333333333335 0.6921875 0.4583333333333335 0.6921875 0.5236111111111112 0.7171875 0.5236111111111112
2 0.69296875 0.47361111111111126 0.66875 0.47361111111111126 0.66875 0.5416666666666669 0.69296875 0.5416666666666669
2 0.80234375 0.44722222222222235 0.78515625 0.44722222222222235 0.78515625 0.5097222222222224 0.80234375 0.5097222222222224
2 0.76953125 0.3569444444444446 0.7515625 0.3569444444444446 0.7515625 0.40416666666666684 0.76953125 0.40416666666666684
2 0.16250000000000006 0.9 0.09453125000000007 0.9 0.09453125000000007 1 0.1625000000000001 1
2 0.846875 0.38333333333333347 0.82890625 0.38333333333333347 0.82890625 0.4305555555555557 0.846875 0.4305555555555557
2 0.74921875 0.44722222222222235 0.72734375 0.44722222222222235 0.72734375 0.5041666666666669 0.74921875 0.5041666666666669
2 0.80078125 0.36111111111111127 0.7828125 0.36111111111111127 0.7828125 0.4069444444444446 0.80078125 0.4069444444444446
0 0.840625 0.5444444444444446 0.71328125 0.5444444444444446 0.71328125 0.6611111111111113 0.840625 0.6611111111111113
0 0.5921875 0.36388888888888904 0.55234375 0.36388888888888904 0.55234375 0.42638888888888904 0.5921875 0.42638888888888904
0 0.728125 0.41111111111111126 0.6875 0.41111111111111126 0.6875 0.4694444444444446 0.728125 0.4694444444444446
0 0.6234375 0.32916666666666683 0.58671875 0.32916666666666683 0.58671875 0.38333333333333347 0.6234375 0.38333333333333347
0 0.48359375 0.4694444444444446 0.428125 0.4694444444444446 0.428125 0.5430555555555557 0.48359375 0.5430555555555557
3 0.43984375 0.46388888888888896 0.20625 0.4638888888888889 0.20625000000000004 0.7388888888888889 0.43984375 0.7388888888888889