3 0.6453125 0.23611111111111127 0.5734375 0.23611111111111127 0.5734375 0.37777777777777793 0.6453125 0.37777777777777793
2 0.71484375 0.36250000000000016 0.68515625 0.36250000000000016 0.68515625 0.4500000000000002 0.71484375 0.4500000000000002
2 0.76484375 0.35416666666666685 0.734375 0.35416666666666685 0.734375 0.44583333333333347 0.76484375 0.44583333333333347
2 0.240625 0.49444444444444446 0.209375 0.49444444444444446 0.209375 0.5944444444444444 0.240625 0.5944444444444444
2 0.234375 0.4361111111111111 0.18906250000000005 0.4361111111111111 0.18906250000000005 0.5347222222222222 0.234375 0.5347222222222222
2 0.3296875 0.3819444444444444 0.2953125 0.3819444444444444 0.2953125 0.4875 0.3296875 0.4875
2 0.31328125 0.3333333333333334 0.284375 0.3333333333333334 0.284375 0.4263888888888889 0.31328125 0.4263888888888889
2 0.290625 0.313888888888889 0.27109375 0.313888888888889 0.27109375 0.39166666666666666 0.290625 0.39166666666666666
2 0.3359375 0.2861111111111112 0.3140625 0.2861111111111112 0.3140625 0.3680555555555556 0.3359375 0.3680555555555556
2 0.3625 0.2958333333333334 0.33984375 0.2958333333333334 0.33984375 0.37222222222222223 0.3625 0.37222222222222223
2 0.40234375 0.2750000000000001 0.38515625 0.2750000000000001 0.38515625 0.3569444444444446 0.40234375 0.3569444444444446
2 0.4453125 0.2722222222222223 0.4234375 0.2722222222222223 0.4234375 0.3236111111111112 0.4453125 0.3236111111111112
2 0.378125 0.25000000000000006 0.359375 0.25000000000000006 0.359375 0.31944444444444453 0.378125 0.31944444444444453
2 0.40625 0.2250000000000001 0.384375 0.2250000000000001 0.384375 0.2805555555555556 0.40625 0.2805555555555556
2 0.11171875000000005 0.3611111111111111 0.04843750000000002 0.3611111111111111 0.04843750000000003 0.44027777777777777 0.11171875000000005 0.44027777777777777
2 0.66640625 0.24166666666666684 0.64609375 0.24166666666666684 0.64609375 0.3097222222222224 0.66640625 0.3097222222222224
2 0.10703125000000005 0.6875 0.034375000000000044 0.6875 0.03437500000000005 0.8791666666666667 0.10703125000000005 0.8791666666666667
2 0.20625 0.39861111111111114 0.17421875000000003 0.39861111111111114 0.17421875000000003 0.5055555555555555 0.20625 0.5055555555555555