2 0.20703125000000006 0.5694444444444444 0.14531250000000004 0.5694444444444444 0.14531250000000004 0.7666666666666667 0.20703125000000008 0.7666666666666667
2 0.09062500000000005 0.6694444444444444 0.027343750000000045 0.6694444444444444 0.02734375000000005 0.8819444444444444 0.09062500000000007 0.8819444444444444
2 0.11953125000000006 0.75 0.05703125000000005 0.75 0.057031250000000054 0.9791666666666666 0.11953125000000009 0.9791666666666666
2 0.98828125 0.6236111111111112 0.9203125 0.6236111111111112 0.9203125 0.8305555555555558 0.98828125 0.8305555555555558
2 0.7359375 0.32083333333333347 0.71015625 0.32083333333333347 0.71015625 0.4444444444444446 0.7359375 0.4444444444444446
2 0.575 0.34583333333333344 0.5421875 0.34583333333333344 0.5421875 0.4486111111111113 0.575 0.4486111111111113
2 0.571875 0.24722222222222237 0.55390625 0.24722222222222237 0.55390625 0.32777777777777795 0.571875 0.32777777777777795
2 0.62890625 0.22777777777777794 0.6078125 0.22777777777777794 0.6078125 0.3055555555555557 0.62890625 0.3055555555555557
2 0.3375 0.26527777777777783 0.30859375 0.26527777777777783 0.30859375 0.3597222222222222 0.3375 0.3597222222222222
2 0.38984375 0.22777777777777786 0.36015625 0.22777777777777786 0.36015625 0.3083333333333334 0.38984375 0.3083333333333334
2 0.58359375 0.15833333333333346 0.55859375 0.15833333333333346 0.55859375 0.20416666666666683 0.58359375 0.20416666666666683
1 0.4609375 0.12361111111111121 0.4125 0.12361111111111119 0.4125 0.20138888888888898 0.4609375 0.20138888888888898