2 0.609375 0.6833333333333335 0.5671875 0.6833333333333335 0.5671875 0.8027777777777778 0.609375 0.8027777777777778
2 0.4859375 0.6555555555555557 0.44296875 0.6555555555555557 0.44296875 0.7777777777777778 0.4859375 0.7777777777777778
2 0.55234375 0.6555555555555557 0.5125 0.6555555555555557 0.5125 0.7708333333333334 0.55234375 0.7708333333333334
2 0.6234375 0.4333333333333335 0.59921875 0.4333333333333335 0.59921875 0.4972222222222224 0.6234375 0.4972222222222224
2 0.746875 0.3805555555555557 0.72421875 0.3805555555555557 0.72421875 0.43888888888888905 0.746875 0.43888888888888905
2 0.3382812500000001 0.7680555555555556 0.28203125000000007 0.7680555555555556 0.28203125000000007 0.9166666666666666 0.3382812500000001 0.9166666666666666
2 0.83515625 0.3791666666666668 0.8140625 0.3791666666666668 0.8140625 0.4347222222222224 0.83515625 0.4347222222222224
2 0.60234375 0.4916666666666668 0.57421875 0.4916666666666668 0.57421875 0.5694444444444446 0.60234375 0.5694444444444446
2 0.7421875 0.6708333333333335 0.7 0.6708333333333335 0.7 0.7805555555555557 0.7421875 0.7805555555555559
2 0.82734375 0.4569444444444446 0.8 0.4569444444444446 0.8 0.5291666666666668 0.82734375 0.5291666666666668
2 0.57578125 0.5805555555555557 0.54375 0.5805555555555557 0.54375 0.6750000000000002 0.57578125 0.6750000000000002
2 0.50234375 0.5972222222222224 0.46875 0.5972222222222224 0.46875 0.6944444444444446 0.50234375 0.6944444444444446
2 0.40625 0.8972222222222223 0.3500000000000001 0.8972222222222223 0.3500000000000001 1 0.40625 1
2 0.67109375 0.4833333333333335 0.64296875 0.4833333333333335 0.64296875 0.5597222222222223 0.67109375 0.5597222222222223
2 0.98203125 0.7930555555555558 0.93359375 0.7930555555555558 0.93359375 0.9694444444444448 0.98203125 0.9694444444444448
2 0.62890625 0.565277777777778 0.5953125 0.565277777777778 0.5953125 0.6597222222222224 0.62890625 0.6597222222222224
2 0.85859375 0.5194444444444446 0.82109375 0.5194444444444446 0.82109375 0.6097222222222224 0.85859375 0.6097222222222224
2 0.60390625 0.6166666666666668 0.57109375 0.6166666666666668 0.57109375 0.7055555555555557 0.60390625 0.7055555555555557
2 0.66484375 0.41250000000000014 0.6453125 0.41250000000000014 0.6453125 0.46527777777777796 0.66484375 0.46527777777777796
2 0.7125 0.3708333333333335 0.690625 0.3708333333333335 0.690625 0.42638888888888904 0.7125 0.42638888888888904
2 0.7171875 0.6180555555555557 0.69140625 0.6180555555555557 0.69140625 0.6972222222222224 0.7171875 0.6972222222222224
2 0.8046875 0.3819444444444446 0.78359375 0.3819444444444446 0.78359375 0.43888888888888905 0.8046875 0.43888888888888905
2 0.86953125 0.48055555555555574 0.85625 0.48055555555555574 0.85625 0.551388888888889 0.86953125 0.551388888888889
2 0.89296875 0.5180555555555557 0.8671875 0.5180555555555557 0.8671875 0.5944444444444446 0.89296875 0.5944444444444446
2 0.74296875 0.5819444444444446 0.715625 0.5819444444444446 0.715625 0.6611111111111113 0.74296875 0.6611111111111113
2 0.8546875 0.3527777777777779 0.83359375 0.3527777777777779 0.83359375 0.4069444444444446 0.8546875 0.4069444444444446
2 0.77578125 0.3583333333333335 0.759375 0.3583333333333335 0.759375 0.4055555555555557 0.77578125 0.4055555555555557
2 0.7703125 0.5597222222222223 0.73359375 0.5597222222222223 0.73359375 0.6430555555555557 0.7703125 0.6430555555555557
0 0.25078125000000007 0.5930555555555556 0.12968750000000004 0.5930555555555556 0.12968750000000004 0.7194444444444444 0.25078125000000007 0.7194444444444444
0 0.803125 0.5138888888888891 0.7171875 0.5138888888888891 0.7171875 0.6125000000000002 0.803125 0.6125000000000002
0 0.48828125 0.4847222222222224 0.40625 0.4847222222222224 0.40625 0.588888888888889 0.48828125 0.588888888888889
0 0.7234375 0.4291666666666668 0.6703125 0.4291666666666668 0.6703125 0.5069444444444446 0.7234375 0.5069444444444446
0 0.6546875 0.35555555555555574 0.61640625 0.35555555555555574 0.61640625 0.41388888888888903 0.6546875 0.41388888888888903
0 0.61875 0.32916666666666683 0.58671875 0.32916666666666683 0.58671875 0.3791666666666668 0.61875 0.3791666666666668
2 0.3773437500000001 0.8263888888888888 0.3421875000000001 0.8263888888888888 0.3421875000000001 0.9833333333333333 0.3773437500000001 0.9833333333333333
2 0.8828125 0.45138888888888906 0.8671875 0.45138888888888906 0.8671875 0.5138888888888891 0.8828125 0.5138888888888891