0 0.4359375 0.49305555555555564 0.3546875 0.4930555555555556 0.3546875 0.6097222222222223 0.4359375 0.6097222222222224
0 0.50859375 0.4291666666666668 0.44375 0.4291666666666668 0.44375 0.5250000000000001 0.50859375 0.5250000000000001
0 0.55625 0.3875000000000002 0.51328125 0.3875000000000002 0.51328125 0.4708333333333335 0.55625 0.4708333333333335
0 0.6015625 0.46111111111111125 0.540625 0.46111111111111125 0.540625 0.5666666666666669 0.6015625 0.5666666666666669
0 0.64296875 0.35000000000000014 0.6046875 0.35000000000000014 0.6046875 0.4333333333333335 0.64296875 0.4333333333333335
0 0.71015625 0.36388888888888904 0.659375 0.36388888888888904 0.659375 0.45416666666666683 0.71015625 0.45416666666666683
0 0.71328125 0.45277777777777795 0.6609375 0.45277777777777795 0.6609375 0.5527777777777779 0.71328125 0.5527777777777779
0 0.725 0.7208333333333333 0.609375 0.7208333333333333 0.609375 0.9208333333333333 0.725 0.9208333333333333
2 0.3984375000000001 0.6736111111111112 0.33671875000000007 0.6736111111111112 0.33671875000000007 0.7986111111111112 0.3984375000000001 0.7986111111111112
2 0.3226562500000001 0.7805555555555556 0.2804687500000001 0.7805555555555556 0.2804687500000001 0.9402777777777778 0.3226562500000001 0.9402777777777778
2 0.4296875 0.7236111111111111 0.3898437500000001 0.7236111111111111 0.3898437500000001 0.8111111111111111 0.4296875 0.8111111111111111
2 0.475 0.6500000000000001 0.453125 0.6500000000000001 0.453125 0.7527777777777778 0.475 0.7527777777777778
2 0.49375 0.665277777777778 0.46640625 0.665277777777778 0.46640625 0.8027777777777778 0.49375 0.8027777777777778
2 0.5359375 0.7055555555555557 0.48828125 0.7055555555555557 0.48828125 0.8097222222222222 0.5359375 0.8097222222222222
2 0.61328125 0.6069444444444446 0.57421875 0.6069444444444446 0.57421875 0.7388888888888889 0.61328125 0.7388888888888889
2 0.6625 0.6208333333333335 0.61328125 0.6208333333333335 0.61328125 0.7277777777777777 0.6625 0.7277777777777777
2 0.66796875 0.5166666666666668 0.63671875 0.5166666666666668 0.63671875 0.5875000000000001 0.66796875 0.5875000000000001
2 0.80703125 0.5250000000000001 0.75703125 0.5250000000000001 0.75703125 0.6222222222222223 0.80703125 0.6222222222222223
2 0.83046875 0.6250000000000001 0.7890625 0.6250000000000001 0.7890625 0.741666666666667 0.83046875 0.741666666666667
2 0.853125 0.5930555555555557 0.82109375 0.5930555555555557 0.82109375 0.7000000000000002 0.853125 0.7000000000000002
2 0.87421875 0.5430555555555557 0.8453125 0.5430555555555557 0.8453125 0.6638888888888891 0.87421875 0.6638888888888891
2 0.83203125 0.5500000000000002 0.8078125 0.5500000000000002 0.8078125 0.6472222222222224 0.83203125 0.6472222222222224
2 0.83984375 0.502777777777778 0.80859375 0.502777777777778 0.80859375 0.5861111111111112 0.83984375 0.5861111111111112
2 0.8640625 0.4680555555555557 0.82734375 0.4680555555555557 0.82734375 0.5527777777777779 0.8640625 0.5527777777777779
2 0.72890625 0.3722222222222224 0.70546875 0.3722222222222224 0.70546875 0.45972222222222237 0.72890625 0.45972222222222237
2 0.75234375 0.4055555555555557 0.73359375 0.4055555555555557 0.73359375 0.48611111111111127 0.75234375 0.48611111111111127
2 0.77890625 0.40277777777777796 0.75390625 0.40277777777777796 0.75390625 0.4722222222222224 0.77890625 0.4722222222222224
2 0.80859375 0.40416666666666684 0.7765625 0.40416666666666684 0.7765625 0.47500000000000014 0.80859375 0.47500000000000014
2 0.83046875 0.41250000000000014 0.815625 0.41250000000000014 0.815625 0.4708333333333335 0.83046875 0.4708333333333335
2 0.67265625 0.4083333333333335 0.6390625 0.4083333333333335 0.6390625 0.48888888888888904 0.67265625 0.48888888888888904
2 0.709375 0.4208333333333335 0.678125 0.4208333333333335 0.678125 0.5069444444444446 0.709375 0.5069444444444446
2 0.5640625 0.8388888888888889 0.48515625 0.8388888888888889 0.48515625 1 0.5640625 1
2 0.45234375 0.8777777777777778 0.3789062500000001 0.8777777777777778 0.3789062500000001 0.9958333333333333 0.45234375 0.9958333333333333
2 0.73515625 0.8611111111111113 0.66953125 0.8611111111111112 0.66953125 1.0000000000000002 0.73515625 1.0000000000000002