2 0.35859375 0.21944444444444453 0.3390625 0.21944444444444453 0.3390625 0.28333333333333344 0.35859375 0.28333333333333344
2 0.39140625 0.18750000000000008 0.3734375 0.18750000000000008 0.3734375 0.2486111111111112 0.39140625 0.2486111111111112
2 0.35 0.19027777777777785 0.3375 0.19027777777777785 0.3375 0.22638888888888897 0.35 0.22638888888888897
2 0.45078125 0.22916666666666674 0.425 0.22916666666666674 0.425 0.2972222222222223 0.45078125 0.2972222222222223
2 0.4828125 0.1833333333333334 0.465625 0.1833333333333334 0.465625 0.22638888888888897 0.4828125 0.22638888888888897
2 0.93828125 0.6736111111111113 0.8703125 0.6736111111111113 0.8703125 0.8638888888888892 0.93828125 0.8638888888888892
2 0.66328125 0.2208333333333335 0.64765625 0.2208333333333335 0.64765625 0.2847222222222224 0.66328125 0.2847222222222224
2 0.60234375 0.15833333333333346 0.5921875 0.15833333333333346 0.5921875 0.20416666666666683 0.60234375 0.20416666666666683
2 0.6265625 0.15972222222222235 0.61640625 0.15972222222222235 0.61640625 0.2097222222222224 0.6265625 0.2097222222222224
0 0.440625 0.13333333333333341 0.39296875 0.13333333333333341 0.39296875 0.1833333333333334 0.440625 0.1833333333333334
1 0.59140625 0.10694444444444456 0.55234375 0.10694444444444456 0.55234375 0.18750000000000017 0.59140625 0.18750000000000017
1 0.4875 0.12916666666666676 0.4421875 0.12916666666666674 0.4421875 0.19583333333333341 0.4875 0.19583333333333341