2 0.253125 0.34166666666666673 0.22109375 0.34166666666666673 0.22109375 0.4444444444444444 0.253125 0.4444444444444444
2 0.76875 0.35416666666666685 0.7359375 0.35416666666666685 0.7359375 0.4638888888888891 0.76875 0.4638888888888891
2 0.69375 0.2694444444444446 0.67109375 0.2694444444444446 0.67109375 0.3458333333333335 0.69375 0.3458333333333335
2 0.33359375 0.2347222222222223 0.31484375 0.2347222222222223 0.31484375 0.2986111111111112 0.33359375 0.2986111111111112
2 0.31015625 0.2597222222222223 0.290625 0.2597222222222223 0.290625 0.3291666666666667 0.31015625 0.3291666666666667
2 0.83359375 0.41388888888888903 0.796875 0.41388888888888903 0.796875 0.5375000000000002 0.83359375 0.5375000000000002
2 0.3125 0.31944444444444453 0.284375 0.31944444444444453 0.284375 0.4166666666666667 0.3125 0.4166666666666667
2 0.5953125 0.23750000000000016 0.57578125 0.23750000000000016 0.57578125 0.3083333333333335 0.5953125 0.3083333333333335
2 0.728125 0.2958333333333335 0.7015625 0.2958333333333335 0.7015625 0.3861111111111113 0.728125 0.3861111111111113
2 0.6359375 0.2333333333333335 0.61640625 0.2333333333333335 0.61640625 0.29861111111111127 0.6359375 0.29861111111111127
2 0.3625 0.1847222222222223 0.346875 0.1847222222222223 0.346875 0.23888888888888896 0.3625 0.23888888888888896
2 0.7984375 0.32916666666666683 0.7703125 0.32916666666666683 0.7703125 0.42638888888888904 0.7984375 0.42638888888888904
2 0.6609375 0.2194444444444446 0.64296875 0.2194444444444446 0.64296875 0.2902777777777779 0.6609375 0.2902777777777779
2 0.39375 0.19583333333333341 0.37578125 0.19583333333333341 0.37578125 0.251388888888889 0.39375 0.251388888888889
2 0.36953125 0.23333333333333342 0.35 0.23333333333333342 0.35 0.3000000000000001 0.36953125 0.3000000000000001
2 0.56171875 0.3708333333333335 0.52578125 0.3708333333333335 0.52578125 0.4944444444444446 0.56171875 0.4944444444444446
0 0.43203125 0.3597222222222223 0.32421875 0.3597222222222222 0.32421875 0.5416666666666667 0.43203125 0.5416666666666669
0 0.68203125 0.3166666666666668 0.62109375 0.3166666666666668 0.62109375 0.4194444444444446 0.68203125 0.4194444444444446
0 0.5875 0.3125000000000001 0.5234375 0.31250000000000006 0.5234375 0.41805555555555574 0.5875 0.41805555555555574
0 0.440625 0.1597222222222223 0.40703125 0.1597222222222223 0.40703125 0.21666666666666676 0.440625 0.21666666666666676
0 0.53828125 0.16944444444444456 0.50234375 0.16944444444444456 0.50234375 0.23194444444444454 0.53828125 0.23194444444444454
0 0.5625 0.22083333333333346 0.5203125 0.2208333333333334 0.5203125 0.2861111111111112 0.5625 0.28611111111111126
2 0.58046875 0.2069444444444446 0.56484375 0.2069444444444446 0.56484375 0.2694444444444446 0.58046875 0.2694444444444446
1 0.4875 0.12361111111111121 0.4515625 0.12361111111111119 0.4515625 0.22638888888888897 0.4875 0.22638888888888897