2 0.38515625 0.32500000000000007 0.36484375 0.32500000000000007 0.36484375 0.40277777777777796 0.38515625 0.40277777777777796
0 0.9515625 0.7097222222222224 0.728125 0.7097222222222224 0.728125 0.9986111111111114 0.9515625 0.9986111111111114
0 0.58046875 0.39166666666666683 0.5 0.39166666666666683 0.5 0.5388888888888891 0.58046875 0.5388888888888891
0 0.71640625 0.6125000000000002 0.559375 0.6125000000000002 0.559375 0.9 0.71640625 0.9
0 0.64375 0.3388888888888891 0.58125 0.3388888888888891 0.58125 0.42638888888888904 0.64375 0.42638888888888904
0 0.71953125 0.4194444444444446 0.61640625 0.4194444444444446 0.61640625 0.5666666666666669 0.71953125 0.5666666666666669
0 0.5609375 0.30833333333333346 0.50703125 0.3083333333333334 0.50703125 0.3958333333333335 0.5609375 0.3958333333333335
3 0.71484375 0.1819444444444446 0.63046875 0.1819444444444446 0.63046875 0.2763888888888891 0.71484375 0.2763888888888891
3 0.60546875 0.1916666666666668 0.521875 0.19166666666666674 0.521875 0.29722222222222233 0.60546875 0.2972222222222224
1 0.64296875 0.25138888888888905 0.57890625 0.25138888888888905 0.57890625 0.3430555555555557 0.64296875 0.3430555555555557
2 0.26953125000000006 0.5208333333333334 0.21640625 0.5208333333333334 0.21640625000000005 0.6708333333333333 0.2695312500000001 0.6708333333333333