2 0.43125 0.7416666666666667 0.37578125000000007 0.7416666666666667 0.37578125000000007 0.8875 0.43125 0.8875
2 0.4921875 0.7694444444444445 0.43984375 0.7694444444444445 0.43984375 0.9125 0.4921875 0.9125
2 0.69375 0.8069444444444445 0.64453125 0.8069444444444445 0.64453125 0.9486111111111111 0.69375 0.9486111111111111
2 0.70625 0.5430555555555557 0.67421875 0.5430555555555557 0.67421875 0.6319444444444446 0.70625 0.6319444444444446
2 0.8859375 0.5041666666666669 0.853125 0.5041666666666669 0.853125 0.5875000000000001 0.8859375 0.5875000000000001
2 0.68046875 0.6361111111111113 0.63984375 0.6361111111111113 0.63984375 0.7416666666666667 0.68046875 0.7416666666666667
2 0.575 0.5819444444444446 0.54296875 0.5819444444444446 0.54296875 0.6777777777777779 0.575 0.6777777777777779
2 0.5453125 0.5555555555555557 0.5109375 0.5555555555555557 0.5109375 0.6527777777777779 0.5453125 0.6527777777777779
2 0.73671875 0.4222222222222224 0.709375 0.4222222222222224 0.709375 0.48750000000000016 0.73671875 0.48750000000000016
2 0.6046875 0.6166666666666668 0.56875 0.6166666666666668 0.56875 0.7236111111111111 0.6046875 0.7236111111111111
2 0.63671875 0.5111111111111113 0.6015625 0.5111111111111113 0.6015625 0.6055555555555557 0.63671875 0.6055555555555557
2 0.75859375 0.5555555555555557 0.72109375 0.5555555555555557 0.72109375 0.6500000000000001 0.75859375 0.6500000000000001
2 0.38359375000000007 0.6208333333333335 0.33515625 0.6208333333333333 0.33515625000000004 0.7458333333333333 0.38359375000000007 0.7458333333333333
2 0.7140625 0.46111111111111125 0.6875 0.46111111111111125 0.6875 0.5291666666666668 0.7140625 0.5291666666666668
2 0.815625 0.4583333333333335 0.790625 0.4583333333333335 0.790625 0.526388888888889 0.815625 0.526388888888889
2 0.84765625 0.45972222222222237 0.81953125 0.45972222222222237 0.81953125 0.5319444444444446 0.84765625 0.5319444444444446
2 0.81015625 0.42638888888888904 0.78671875 0.42638888888888904 0.78671875 0.4777777777777779 0.81015625 0.4777777777777779
2 0.8765625 0.3819444444444446 0.853125 0.3819444444444446 0.853125 0.4416666666666668 0.8765625 0.4416666666666668
2 0.58984375 0.5375000000000002 0.565625 0.5375000000000002 0.565625 0.6041666666666669 0.58984375 0.6041666666666669
2 0.78984375 0.37777777777777793 0.7671875 0.37777777777777793 0.7671875 0.4333333333333335 0.78984375 0.4333333333333335
2 0.85078125 0.35555555555555574 0.83203125 0.35555555555555574 0.83203125 0.4097222222222224 0.85078125 0.4097222222222224
2 0.81796875 0.36388888888888904 0.79765625 0.36388888888888904 0.79765625 0.4152777777777779 0.81796875 0.4152777777777779
0 0.9421875 0.577777777777778 0.79765625 0.577777777777778 0.79765625 0.7055555555555557 0.9421875 0.7055555555555557
0 0.646875 0.36250000000000016 0.6078125 0.36250000000000016 0.6078125 0.4194444444444446 0.646875 0.4194444444444446
0 0.61953125 0.33472222222222237 0.58984375 0.33472222222222237 0.58984375 0.37638888888888905 0.61953125 0.37638888888888905
0 0.7203125 0.3875000000000002 0.6734375 0.3875000000000002 0.6734375 0.4638888888888891 0.7203125 0.4638888888888891
0 0.79140625 0.4902777777777779 0.7328125 0.4902777777777779 0.7328125 0.5805555555555557 0.79140625 0.5805555555555557
0 0.67890625 0.3250000000000002 0.6421875 0.3250000000000002 0.6421875 0.3875000000000002 0.67890625 0.3875000000000002
0 0.5953125 0.35555555555555574 0.55703125 0.35555555555555574 0.55703125 0.41388888888888903 0.5953125 0.41388888888888903
0 0.64140625 0.31388888888888905 0.6140625 0.31388888888888905 0.6140625 0.3569444444444446 0.64140625 0.3569444444444446