2 0.28984375 0.4638888888888889 0.26171875 0.4638888888888889 0.26171875 0.6083333333333333 0.28984375 0.6083333333333333
2 0.32500000000000007 0.5805555555555556 0.2890625 0.5805555555555556 0.28906250000000006 0.7388888888888889 0.32500000000000007 0.7388888888888889
2 0.765625 0.6222222222222223 0.72109375 0.6222222222222223 0.72109375 0.7777777777777779 0.765625 0.7777777777777781
2 0.78515625 0.5583333333333335 0.75234375 0.5583333333333335 0.75234375 0.7069444444444446 0.78515625 0.7069444444444446
2 0.3296875 0.36944444444444446 0.2984375 0.36944444444444446 0.2984375 0.4777777777777778 0.3296875 0.4777777777777778
2 0.68828125 0.41805555555555574 0.65703125 0.41805555555555574 0.65703125 0.5305555555555557 0.68828125 0.5305555555555557
2 0.03437500000000004 0.5111111111111111 3.5208595475486407e-17 0.5111111111111111 3.96575076755139e-17 0.6402777777777777 0.034375000000000044 0.6402777777777777
2 0.68046875 0.3055555555555557 0.65625 0.3055555555555557 0.65625 0.40000000000000013 0.68046875 0.40000000000000013
2 0.6203125 0.2694444444444446 0.5984375 0.2694444444444446 0.5984375 0.36111111111111127 0.6203125 0.36111111111111127
2 0.5765625 0.28611111111111126 0.54921875 0.28611111111111126 0.54921875 0.3736111111111113 0.5765625 0.3736111111111113
2 0.99609375 0.8291666666666669 0.9484375 0.8291666666666669 0.9484375 0.9875000000000003 0.99609375 0.9875000000000003
2 0.32109375 0.2708333333333334 0.3 0.2708333333333334 0.3 0.3486111111111112 0.32109375 0.3486111111111112
2 0.6125 0.22361111111111126 0.5953125 0.22361111111111126 0.5953125 0.28750000000000014 0.6125 0.28750000000000014
2 0.41953125 0.26944444444444454 0.40234375 0.26944444444444454 0.40234375 0.3583333333333335 0.41953125 0.3583333333333335
2 0.296875 0.4027777777777778 0.2734375 0.4027777777777778 0.2734375 0.5222222222222223 0.296875 0.5222222222222223
2 0.041406250000000026 0.35138888888888886 0.013281250000000022 0.35138888888888886 0.013281250000000026 0.43333333333333335 0.04140625000000003 0.43333333333333335
2 0.5640625 0.21250000000000016 0.55078125 0.21250000000000016 0.55078125 0.2944444444444446 0.5640625 0.2944444444444446
2 0.83046875 0.4430555555555557 0.76640625 0.4430555555555557 0.76640625 0.5388888888888891 0.83046875 0.5388888888888891
2 0.66328125 0.2819444444444446 0.6421875 0.2819444444444446 0.6421875 0.3708333333333335 0.66328125 0.3708333333333335
0 0.57890625 0.6944444444444446 0.4421875 0.6944444444444446 0.4421875 0.9277777777777778 0.57890625 0.9277777777777778
0 0.18671875000000004 0.3527777777777778 0.03750000000000002 0.3527777777777778 0.037500000000000026 0.4597222222222222 0.18671875000000004 0.4597222222222222
1 0.49453125 0.46111111111111125 0.375 0.46111111111111125 0.375 0.627777777777778 0.49453125 0.627777777777778
0 0.525 0.15555555555555567 0.49609375 0.15555555555555567 0.49609375 0.21527777777777785 0.525 0.21527777777777785
0 0.396875 0.288888888888889 0.3484375 0.288888888888889 0.3484375 0.4222222222222223 0.396875 0.4222222222222224
0 0.49453125 0.2722222222222223 0.44921875 0.2722222222222223 0.44921875 0.35555555555555574 0.49453125 0.35555555555555574
0 0.4625 0.20277777777777786 0.4203125 0.20277777777777786 0.4203125 0.30277777777777787 0.4625 0.30277777777777787