2 0.10468750000000004 0.3958333333333333 0.043750000000000025 0.3958333333333333 0.043750000000000025 0.5013888888888889 0.10468750000000004 0.5013888888888889
2 0.08906250000000007 0.8194444444444444 0.007031250000000056 0.8194444444444444 0.007031250000000063 0.9972222222222222 0.08906250000000007 0.9972222222222222
2 0.559375 0.7416666666666667 0.52421875 0.7416666666666667 0.52421875 0.9333333333333333 0.559375 0.9333333333333333
2 0.6265625 0.5430555555555557 0.5953125 0.5430555555555557 0.5953125 0.688888888888889 0.6265625 0.688888888888889
2 0.51796875 0.2972222222222223 0.49453125 0.2972222222222223 0.49453125 0.3819444444444446 0.51796875 0.3819444444444446
2 0.31562500000000004 0.6194444444444445 0.2828125 0.6194444444444445 0.2828125 0.7847222222222222 0.3156250000000001 0.7847222222222222
2 0.2359375 0.46805555555555556 0.2078125 0.46805555555555556 0.2078125 0.6069444444444444 0.2359375 0.6069444444444444
2 0.27421875000000007 0.5791666666666667 0.2421875 0.5791666666666667 0.24218750000000006 0.7361111111111112 0.27421875000000007 0.7361111111111112
2 0.96328125 0.7041666666666668 0.91328125 0.7041666666666668 0.91328125 0.8652777777777781 0.96328125 0.8652777777777781
2 0.36640625 0.3958333333333334 0.33671875 0.3958333333333333 0.33671875 0.5055555555555556 0.36640625 0.5055555555555558
2 0.2578125 0.4097222222222222 0.23125 0.4097222222222222 0.23125 0.5236111111111111 0.2578125 0.5236111111111111
2 0.28203125 0.3361111111111112 0.25703125 0.3361111111111112 0.25703125 0.4361111111111111 0.28203125 0.4361111111111111
2 0.3109375 0.4666666666666667 0.278125 0.4666666666666667 0.278125 0.6013888888888889 0.3109375 0.6013888888888889
2 0.6796875 0.26666666666666683 0.6578125 0.26666666666666683 0.6578125 0.3333333333333335 0.6796875 0.3333333333333335
2 0.628125 0.27361111111111125 0.61328125 0.27361111111111125 0.61328125 0.3527777777777779 0.628125 0.3527777777777779
2 0.21796875 0.32500000000000007 0.17343750000000005 0.325 0.17343750000000005 0.4222222222222222 0.21796875 0.4222222222222222
2 0.32421875 0.2597222222222223 0.303125 0.2597222222222223 0.303125 0.33888888888888896 0.32421875 0.33888888888888896
2 0.35 0.2347222222222223 0.32578125 0.2347222222222223 0.32578125 0.3000000000000001 0.35 0.3000000000000001
2 0.63671875 0.25277777777777793 0.61875 0.25277777777777793 0.61875 0.3180555555555557 0.63671875 0.3180555555555557
0 0.4609375 0.3722222222222224 0.409375 0.3722222222222224 0.409375 0.4972222222222224 0.4609375 0.4972222222222224
0 0.54453125 0.20972222222222234 0.50546875 0.2097222222222223 0.50546875 0.276388888888889 0.54453125 0.2763888888888891
0 0.42890625 0.21805555555555564 0.39453125 0.21805555555555564 0.39453125 0.29166666666666674 0.42890625 0.29166666666666674
0 0.47578125 0.2583333333333334 0.4390625 0.2583333333333334 0.4390625 0.36250000000000016 0.47578125 0.36250000000000016
0 0.37421875 0.29027777777777786 0.321875 0.29027777777777786 0.321875 0.38888888888888895 0.37421875 0.38888888888888906
0 0.596875 0.25000000000000017 0.5515625 0.25000000000000017 0.5515625 0.32083333333333347 0.596875 0.32083333333333347
3 0.91875 0.36388888888888904 0.646875 0.36388888888888904 0.646875 0.8444444444444446 0.91875 0.8444444444444448
1 0.48125 0.17638888888888898 0.4421875 0.17638888888888896 0.4421875 0.2750000000000001 0.48125 0.2750000000000001
1 0.58125 0.28888888888888903 0.5359375 0.288888888888889 0.5359375 0.38333333333333347 0.58125 0.38333333333333347
0 0.44140625 0.5208333333333334 0.3453125 0.5208333333333334 0.3453125 0.7861111111111111 0.44140625 0.7861111111111111
1 0.59921875 0.3819444444444446 0.54296875 0.3819444444444446 0.54296875 0.5055555555555558 0.59921875 0.5055555555555558