2 0.15390625000000005 0.3402777777777778 0.11875000000000005 0.3402777777777778 0.11875000000000005 0.43333333333333335 0.15390625000000005 0.43333333333333335
3 0.32265625 0.15138888888888896 0.20859375 0.15138888888888893 0.20859375 0.2458333333333334 0.32265625 0.2458333333333334
1 0.4 0.413888888888889 0.040625000000000036 0.41388888888888886 0.04062500000000005 1 0.4 1
1 1 0.29305555555555574 0.50625 0.2930555555555556 0.50625 1.0000000000000002 1 1.0000000000000002
1 0.57421875 0.20416666666666677 0.49765625 0.20416666666666675 0.49765625 0.40000000000000013 0.57421875 0.40000000000000013
1 0.6515625 0.17638888888888904 0.56171875 0.176388888888889 0.56171875 0.2680555555555557 0.6515625 0.2680555555555557
2 0.72109375 0.2958333333333335 0.69765625 0.2958333333333335 0.69765625 0.3666666666666668 0.72109375 0.3666666666666668
2 0.653125 0.2625000000000002 0.60859375 0.2625000000000002 0.60859375 0.3166666666666668 0.653125 0.3166666666666668
2 0.67109375 0.23611111111111127 0.6375 0.23611111111111127 0.6375 0.2902777777777779 0.67109375 0.2902777777777779
0 0.78671875 0.2166666666666668 0.7296875 0.2166666666666668 0.7296875 0.25972222222222235 0.78671875 0.25972222222222235
1 0.753125 0.15000000000000016 0.68203125 0.15000000000000016 0.68203125 0.2458333333333335 0.753125 0.2458333333333335