2 0.10468750000000004 0.5055555555555555 0.04921875000000003 0.5055555555555555 0.04921875000000004 0.6638888888888889 0.10468750000000004 0.6638888888888889
2 0.03046875000000005 0.6597222222222222 4.544587731210881e-17 0.6597222222222222 5.152127354225388e-17 0.8361111111111111 0.030468750000000055 0.8361111111111111
2 0.65 0.40277777777777796 0.6015625 0.40277777777777796 0.6015625 0.5361111111111113 0.65 0.5361111111111113
2 0.8421875 0.4722222222222224 0.79140625 0.4722222222222224 0.79140625 0.6013888888888891 0.8421875 0.6013888888888891
2 0.63203125 0.19444444444444461 0.61796875 0.19444444444444461 0.61796875 0.2458333333333335 0.63203125 0.2458333333333335
2 0.52109375 0.2347222222222223 0.50859375 0.2347222222222223 0.50859375 0.288888888888889 0.52109375 0.288888888888889
2 0.603125 0.16527777777777788 0.59140625 0.16527777777777788 0.59140625 0.21805555555555572 0.603125 0.21805555555555572
0 0.36015625 0.2472222222222223 0.3078125 0.2472222222222223 0.3078125 0.35694444444444445 0.36015625 0.35694444444444445
0 0.78359375 0.6638888888888891 0.6171875 0.6638888888888891 0.6171875 0.9430555555555558 0.78359375 0.9430555555555559
0 0.4265625 0.1847222222222223 0.38359375 0.1847222222222223 0.38359375 0.2486111111111112 0.4265625 0.2486111111111112
1 0.47734375 0.06805555555555566 0.43515625 0.06805555555555566 0.43515625 0.1972222222222223 0.47734375 0.1972222222222223
1 0.45 0.25555555555555565 0.30546875 0.25555555555555565 0.30546875 0.6236111111111112 0.45 0.6236111111111112
1 0.5390625 0.16250000000000012 0.51171875 0.16250000000000012 0.51171875 0.24027777777777787 0.5390625 0.24027777777777787