0 0.6984375 0.640277777777778 0.54140625 0.640277777777778 0.54140625 0.9055555555555556 0.6984375 0.9055555555555556
0 0.99609375 0.7958333333333336 0.78046875 0.7958333333333336 0.78046875 0.9930555555555559 0.99609375 0.9930555555555559
0 0.69140625 0.42361111111111127 0.61328125 0.42361111111111127 0.61328125 0.5361111111111113 0.69140625 0.5361111111111113
0 0.63125 0.2902777777777779 0.5828125 0.2902777777777779 0.5828125 0.36250000000000016 0.63125 0.36250000000000016
0 0.63671875 0.24722222222222237 0.603125 0.24722222222222237 0.603125 0.29166666666666685 0.63671875 0.29166666666666685
0 0.7046875 0.22638888888888906 0.659375 0.22638888888888906 0.659375 0.2833333333333335 0.7046875 0.2833333333333335
1 0.25859375 0.1569444444444445 0.16640625 0.1569444444444445 0.16640625 0.23194444444444448 0.25859375 0.23194444444444454
1 0.28203125 0.2611111111111112 0.2234375 0.2611111111111112 0.2234375 0.42083333333333334 0.28203125 0.42083333333333334
1 0.5078125 0.17916666666666675 0.43828125 0.17916666666666675 0.43828125 0.2486111111111112 0.5078125 0.2486111111111112
1 0.64140625 0.16805555555555568 0.546875 0.16805555555555568 0.546875 0.26666666666666683 0.64140625 0.26666666666666683
2 0.459375 0.2708333333333334 0.44453125 0.2708333333333334 0.44453125 0.3236111111111112 0.459375 0.3236111111111112
3 0.56484375 0.19861111111111124 0.49921875 0.19861111111111118 0.49921875 0.3861111111111113 0.56484375 0.3861111111111113