2 0.2757812500000001 0.7666666666666667 0.2179687500000001 0.7666666666666667 0.2179687500000001 0.9111111111111111 0.2757812500000001 0.9111111111111111
2 0.56015625 0.7208333333333333 0.509375 0.7208333333333333 0.509375 0.8486111111111111 0.56015625 0.8486111111111111
2 0.43828125 0.7000000000000002 0.3812500000000001 0.7000000000000002 0.3812500000000001 0.8361111111111111 0.43828125 0.8361111111111111
2 0.7921875 0.6847222222222223 0.7484375 0.6847222222222223 0.7484375 0.8013888888888892 0.7921875 0.8013888888888892
2 0.81015625 0.4208333333333335 0.7875 0.4208333333333335 0.7875 0.48055555555555574 0.81015625 0.48055555555555574
2 0.7765625 0.47916666666666685 0.74765625 0.47916666666666685 0.74765625 0.5555555555555557 0.7765625 0.5555555555555557
2 0.4796875 0.5208333333333335 0.446875 0.5208333333333335 0.446875 0.602777777777778 0.4796875 0.602777777777778
2 0.38828125 0.6444444444444445 0.34140625 0.6444444444444445 0.34140625 0.7583333333333333 0.3882812500000001 0.7583333333333333
2 0.62265625 0.8375 0.56640625 0.8375 0.56640625 0.9736111111111111 0.62265625 0.9736111111111111
2 0.83984375 0.42500000000000016 0.815625 0.42500000000000016 0.815625 0.4916666666666668 0.83984375 0.4916666666666668
2 0.72890625 0.46527777777777796 0.70078125 0.46527777777777796 0.70078125 0.5416666666666669 0.72890625 0.5416666666666669
2 0.625 0.45416666666666683 0.59765625 0.45416666666666683 0.59765625 0.5250000000000001 0.625 0.5250000000000001
2 0.67421875 0.6930555555555558 0.6296875 0.6930555555555558 0.6296875 0.8111111111111111 0.67421875 0.8111111111111111
2 0.79296875 0.5583333333333335 0.7578125 0.5583333333333335 0.7578125 0.6527777777777779 0.79296875 0.6527777777777779
2 0.746875 0.5986111111111113 0.71171875 0.5986111111111113 0.71171875 0.6944444444444446 0.746875 0.6944444444444446
2 0.5578125 0.588888888888889 0.52734375 0.588888888888889 0.52734375 0.6722222222222224 0.5578125 0.6722222222222224
2 0.78828125 0.4444444444444446 0.7640625 0.4444444444444446 0.7640625 0.5083333333333335 0.78828125 0.5083333333333335
2 0.3554687500000001 0.7527777777777778 0.3046875000000001 0.7527777777777778 0.3046875000000001 0.8722222222222222 0.3554687500000001 0.8722222222222222
2 0.525 0.6750000000000002 0.4859375 0.6750000000000002 0.4859375 0.7819444444444444 0.525 0.7819444444444444
2 0.67109375 0.6000000000000002 0.6359375 0.6000000000000002 0.6359375 0.690277777777778 0.67109375 0.690277777777778
2 0.49921875 0.6416666666666668 0.45703125 0.6416666666666668 0.45703125 0.7638888888888888 0.49921875 0.7638888888888888
2 0.3703125000000001 0.8555555555555555 0.30546875000000007 0.8555555555555555 0.30546875000000007 0.9888888888888889 0.3703125000000001 0.9888888888888889
2 0.65078125 0.5847222222222224 0.61953125 0.5847222222222224 0.61953125 0.6736111111111113 0.65078125 0.6736111111111113
2 0.67109375 0.46111111111111125 0.64375 0.46111111111111125 0.64375 0.5277777777777779 0.67109375 0.5277777777777779
2 0.8359375 0.3652777777777779 0.815625 0.3652777777777779 0.815625 0.41666666666666685 0.8359375 0.41666666666666685
2 0.590625 0.6458333333333335 0.55078125 0.6458333333333335 0.55078125 0.7486111111111111 0.590625 0.7486111111111111
2 0.77265625 0.3527777777777779 0.75703125 0.3527777777777779 0.75703125 0.40416666666666684 0.77265625 0.40416666666666684
2 0.8484375 0.3444444444444446 0.83125 0.3444444444444446 0.83125 0.3930555555555557 0.8484375 0.3930555555555557
2 0.815625 0.34027777777777796 0.7984375 0.34027777777777796 0.7984375 0.38888888888888906 0.815625 0.38888888888888906
2 0.76015625 0.3527777777777779 0.74765625 0.3527777777777779 0.74765625 0.39027777777777795 0.76015625 0.39027777777777795
0 0.5953125 0.5083333333333335 0.51953125 0.5083333333333335 0.51953125 0.6125000000000002 0.5953125 0.6125000000000002
0 0.7203125 0.3861111111111113 0.6734375 0.3861111111111113 0.6734375 0.45972222222222237 0.7203125 0.45972222222222237
0 0.55703125 0.4361111111111113 0.49921875 0.4361111111111113 0.49921875 0.5180555555555557 0.55703125 0.5180555555555557
0 0.69765625 0.5166666666666668 0.63359375 0.5166666666666668 0.63359375 0.613888888888889 0.69765625 0.613888888888889
0 0.65625 0.36388888888888904 0.61640625 0.36388888888888904 0.61640625 0.4277777777777779 0.65625 0.4277777777777779
0 0.64765625 0.4222222222222224 0.61171875 0.4222222222222224 0.61171875 0.4847222222222224 0.64765625 0.4847222222222224