0 0.659375 0.45138888888888906 0.61171875 0.45138888888888906 0.61171875 0.5194444444444446 0.659375 0.5194444444444446
3 0.20078125 2.1856543568115958e-17 0 0 4.640263262394269e-18 0.13472222222222224 0.20078125 0.13472222222222227
2 0.88203125 0.4222222222222224 0.86796875 0.4222222222222224 0.86796875 0.4916666666666668 0.88203125 0.4916666666666668
2 0.8484375 0.4833333333333335 0.83359375 0.4833333333333335 0.83359375 0.5541666666666668 0.8484375 0.5541666666666668
2 0.5234375 0.5541666666666668 0.49453125 0.5541666666666668 0.49453125 0.6569444444444446 0.5234375 0.6569444444444446
2 0.91015625 0.5430555555555557 0.87578125 0.5430555555555557 0.87578125 0.6097222222222224 0.91015625 0.6097222222222224
2 0.61015625 0.5555555555555557 0.5796875 0.5555555555555557 0.5796875 0.6583333333333334 0.61015625 0.6583333333333334
2 0.81328125 0.501388888888889 0.78203125 0.501388888888889 0.78203125 0.5958333333333334 0.81328125 0.5958333333333334
2 0.76796875 0.5736111111111113 0.75078125 0.5736111111111113 0.75078125 0.6680555555555557 0.76796875 0.6680555555555557
2 0.6984375 0.5138888888888891 0.67265625 0.5138888888888891 0.67265625 0.613888888888889 0.6984375 0.613888888888889
2 0.615625 0.6944444444444446 0.57734375 0.6944444444444446 0.57734375 0.8069444444444445 0.615625 0.8069444444444445
2 0.571875 0.626388888888889 0.53359375 0.626388888888889 0.53359375 0.7541666666666667 0.571875 0.7541666666666667
2 0.3218750000000001 0.7986111111111112 0.2578125000000001 0.7986111111111112 0.2578125000000001 0.9972222222222222 0.3218750000000001 0.9972222222222222
2 0.73203125 0.5763888888888891 0.69921875 0.5763888888888891 0.69921875 0.688888888888889 0.73203125 0.688888888888889
2 0.5875 0.8097222222222222 0.54453125 0.8097222222222222 0.54453125 0.9708333333333333 0.5875 0.9708333333333333
2 0.5109375 0.8180555555555555 0.4625 0.8180555555555555 0.4625 0.9722222222222222 0.5109375 0.9722222222222222
0 0.46328125 0.5305555555555557 0.3734375 0.5305555555555557 0.3734375 0.6388888888888891 0.46328125 0.6388888888888891
2 0.44296875 0.7833333333333333 0.3945312500000001 0.7833333333333333 0.3945312500000001 0.9722222222222222 0.44296875 0.9722222222222222
2 0.6546875 0.515277777777778 0.63203125 0.515277777777778 0.63203125 0.6013888888888891 0.6546875 0.6013888888888891
2 0.6296875 0.502777777777778 0.60546875 0.502777777777778 0.60546875 0.5805555555555557 0.6296875 0.5805555555555557
2 0.74375 0.4902777777777779 0.725 0.4902777777777779 0.725 0.5694444444444446 0.74375 0.5694444444444446
2 0.7265625 0.4847222222222224 0.703125 0.4847222222222224 0.703125 0.5694444444444446 0.7265625 0.5694444444444446
2 0.58671875 0.45277777777777795 0.565625 0.45277777777777795 0.565625 0.5333333333333334 0.58671875 0.5333333333333334
2 0.76640625 0.4902777777777779 0.74921875 0.4902777777777779 0.74921875 0.5625000000000001 0.76640625 0.5625000000000001
0 0.60546875 0.4069444444444446 0.5609375 0.4069444444444446 0.5609375 0.4722222222222224 0.60546875 0.4722222222222224
2 0.67421875 0.4833333333333335 0.65859375 0.4833333333333335 0.65859375 0.5666666666666669 0.67421875 0.5666666666666669
0 0.72265625 0.3875000000000002 0.69453125 0.3875000000000002 0.69453125 0.44583333333333347 0.72265625 0.44583333333333347
0 0.66015625 0.3583333333333335 0.62578125 0.3583333333333335 0.62578125 0.4097222222222224 0.66015625 0.4097222222222224
3 0.61328125 0.31388888888888905 0.5546875 0.31388888888888905 0.5546875 0.41111111111111126 0.61328125 0.41111111111111126
0 0.696875 0.33472222222222237 0.67109375 0.33472222222222237 0.67109375 0.3791666666666668 0.696875 0.3791666666666668
2 0.76328125 0.41666666666666685 0.74921875 0.41666666666666685 0.74921875 0.4777777777777779 0.76328125 0.4777777777777779
2 0.7984375 0.46527777777777796 0.78359375 0.46527777777777796 0.78359375 0.5194444444444446 0.7984375 0.5194444444444446
2 0.73359375 0.4069444444444446 0.71796875 0.4069444444444446 0.71796875 0.46527777777777796 0.73359375 0.46527777777777796
2 0.78046875 0.41388888888888903 0.765625 0.41388888888888903 0.765625 0.46527777777777796 0.78046875 0.46527777777777796
2 0.79921875 0.40000000000000013 0.7859375 0.40000000000000013 0.7859375 0.45416666666666683 0.79921875 0.45416666666666683
2 0.8359375 0.46111111111111125 0.8203125 0.46111111111111125 0.8203125 0.5319444444444446 0.8359375 0.5319444444444446
2 0.83203125 0.41666666666666685 0.81640625 0.41666666666666685 0.81640625 0.47361111111111126 0.83203125 0.47361111111111126
2 0.81171875 0.41805555555555574 0.796875 0.41805555555555574 0.796875 0.48888888888888904 0.81171875 0.48888888888888904