1 0.41328125 0.2666666666666667 0.28125 0.2666666666666667 0.28125000000000006 0.6583333333333334 0.41328125 0.6583333333333334
1 0.62421875 0.32083333333333347 0.5015625 0.3208333333333334 0.5015625 0.5750000000000002 0.62421875 0.5750000000000002
1 0.6453125 0.18055555555555572 0.55 0.18055555555555572 0.55 0.27777777777777796 0.6453125 0.27777777777777796
3 0.45859375 0.17777777777777787 0.33515625 0.17777777777777787 0.33515625 0.26388888888888895 0.45859375 0.26388888888888895
1 0.99140625 0.4444444444444446 0.55703125 0.4444444444444446 0.55703125 1.0000000000000002 0.99140625 1.0000000000000002
0 0.30703125 0.29166666666666674 0.24765625 0.29166666666666674 0.24765625 0.37777777777777777 0.30703125 0.37777777777777777
0 0.6609375 0.2555555555555557 0.61640625 0.2555555555555557 0.61640625 0.3041666666666668 0.6609375 0.3041666666666668
0 0.69140625 0.24166666666666684 0.6390625 0.24166666666666684 0.6390625 0.28611111111111126 0.69140625 0.28611111111111126
0 0.76015625 0.2208333333333335 0.7109375 0.2208333333333335 0.7109375 0.25277777777777793 0.76015625 0.25277777777777793
0 0.2125 0.17777777777777787 0.1859375 0.17777777777777787 0.1859375 0.21527777777777785 0.2125 0.21527777777777785
0 0.18203125 0.16527777777777783 0.1546875 0.16527777777777783 0.1546875 0.2069444444444445 0.18203125 0.20694444444444451
0 0.87109375 0.48055555555555574 0.834375 0.48055555555555574 0.834375 0.6097222222222224 0.87109375 0.6097222222222224
0 0.71640625 0.27222222222222237 0.7 0.27222222222222237 0.7 0.32638888888888906 0.71640625 0.32638888888888906
1 0.15 0.14583333333333337 0.1171875 0.14583333333333337 0.1171875 0.2013888888888889 0.15 0.2013888888888889