0 0.43671875 0.49166666666666675 0.3421875 0.49166666666666664 0.3421875 0.5972222222222223 0.43671875 0.5972222222222224
0 0.26484375000000004 0.5805555555555556 0.10312500000000005 0.5805555555555556 0.10312500000000005 0.7375 0.2648437500000001 0.7375
2 0.471875 0.6458333333333335 0.42734375 0.6458333333333335 0.42734375 0.7763888888888889 0.471875 0.7763888888888889
2 0.58125 0.48888888888888904 0.54609375 0.48888888888888904 0.54609375 0.5819444444444446 0.58125 0.5819444444444446
2 0.6390625 0.4958333333333335 0.60390625 0.4958333333333335 0.60390625 0.5944444444444446 0.6390625 0.5944444444444446
2 0.67421875 0.3805555555555557 0.646875 0.3805555555555557 0.646875 0.43888888888888905 0.67421875 0.43888888888888905
2 0.6796875 0.4291666666666668 0.6453125 0.4291666666666668 0.6453125 0.5083333333333335 0.6796875 0.5083333333333335
2 0.7046875 0.4486111111111113 0.684375 0.4486111111111113 0.684375 0.5347222222222224 0.7046875 0.5347222222222224
2 0.69296875 0.5180555555555557 0.66875 0.5180555555555557 0.66875 0.5833333333333335 0.69296875 0.5833333333333335
2 0.7234375 0.5333333333333334 0.69140625 0.5333333333333334 0.69140625 0.6180555555555557 0.7234375 0.6180555555555557
2 0.7765625 0.526388888888889 0.73671875 0.526388888888889 0.73671875 0.6180555555555557 0.7765625 0.6180555555555557
2 0.75078125 0.4680555555555557 0.725 0.4680555555555557 0.725 0.5347222222222224 0.75078125 0.5347222222222224
2 0.78984375 0.46527777777777796 0.75625 0.46527777777777796 0.75625 0.526388888888889 0.78984375 0.526388888888889
2 0.840625 0.44583333333333347 0.8125 0.44583333333333347 0.8125 0.5208333333333335 0.840625 0.5208333333333335
2 0.89140625 0.39166666666666683 0.8640625 0.39166666666666683 0.8640625 0.4500000000000002 0.89140625 0.4500000000000002
2 0.80234375 0.4069444444444446 0.778125 0.4069444444444446 0.778125 0.46666666666666684 0.80234375 0.46666666666666684
2 0.81953125 0.3958333333333335 0.8015625 0.3958333333333335 0.8015625 0.4305555555555557 0.81953125 0.4305555555555557
2 0.78203125 0.4152777777777779 0.75234375 0.4152777777777779 0.75234375 0.48750000000000016 0.78203125 0.48750000000000016
2 0.73828125 0.4291666666666668 0.709375 0.4291666666666668 0.709375 0.4847222222222224 0.73828125 0.4847222222222224