2 0.17421875 0.21666666666666667 0.1578125 0.21666666666666667 0.1578125 0.2652777777777778 0.17421875 0.2652777777777778
2 0.60234375 0.8666666666666667 0.54140625 0.8666666666666667 0.54140625 1 0.60234375 1
2 0.296875 0.19861111111111118 0.275 0.19861111111111118 0.275 0.2361111111111112 0.296875 0.2361111111111112
2 0.34453125 0.19861111111111118 0.32109375 0.19861111111111118 0.32109375 0.23888888888888896 0.34453125 0.23888888888888896
2 0.4 0.20833333333333343 0.3734375 0.20833333333333343 0.3734375 0.2472222222222223 0.4 0.2472222222222223
2 0.45390625 0.20138888888888898 0.42890625 0.20138888888888898 0.42890625 0.24166666666666675 0.45390625 0.24166666666666675
0 0.703125 0.38888888888888906 0.615625 0.38888888888888906 0.615625 0.5125000000000002 0.703125 0.5125000000000002
1 0.58671875 0.18611111111111123 0.49140625 0.1861111111111112 0.49140625 0.46527777777777796 0.58671875 0.46527777777777796
1 0.615625 0.15972222222222235 0.51796875 0.15972222222222235 0.51796875 0.26944444444444454 0.615625 0.2694444444444446
0 0.65546875 0.16388888888888903 0.58359375 0.163888888888889 0.58359375 0.25138888888888905 0.65546875 0.25138888888888905
3 0.74296875 0.17638888888888904 0.66015625 0.17638888888888904 0.66015625 0.2541666666666668 0.74296875 0.2541666666666668
1 0.21484375 0.12500000000000003 0.16015625 0.12500000000000003 0.16015625 0.2055555555555556 0.21484375 0.20555555555555563