2 0.84765625 0.5194444444444446 0.81875 0.5194444444444446 0.81875 0.6041666666666669 0.84765625 0.6041666666666669
2 0.68828125 0.48888888888888904 0.66015625 0.48888888888888904 0.66015625 0.5722222222222224 0.68828125 0.5722222222222224
2 0.3890625000000001 0.6777777777777778 0.3398437500000001 0.6777777777777778 0.3398437500000001 0.8083333333333333 0.3890625000000001 0.8083333333333333
2 0.7828125 0.501388888888889 0.75625 0.501388888888889 0.75625 0.5875000000000001 0.7828125 0.5875000000000001
2 0.73046875 0.501388888888889 0.70703125 0.501388888888889 0.70703125 0.5819444444444446 0.73046875 0.5819444444444446
2 0.81484375 0.5041666666666669 0.78828125 0.5041666666666669 0.78828125 0.5861111111111112 0.81484375 0.5861111111111112
2 0.76015625 0.4194444444444446 0.73515625 0.4194444444444446 0.73515625 0.4847222222222224 0.76015625 0.4847222222222224
2 0.56328125 0.7125 0.5171875 0.7125 0.5171875 0.8541666666666666 0.56328125 0.8541666666666666
2 0.17578125000000006 0.7916666666666666 0.09921875000000005 0.7916666666666666 0.09921875000000005 0.9430555555555555 0.17578125000000006 0.9430555555555555
2 0.49140625 0.6527777777777779 0.4421875 0.6527777777777779 0.4421875 0.7819444444444444 0.49140625 0.7819444444444444
2 0.72421875 0.3652777777777779 0.7046875 0.3652777777777779 0.7046875 0.42500000000000016 0.72421875 0.42500000000000016
2 0.82734375 0.4208333333333335 0.8046875 0.4208333333333335 0.8046875 0.4833333333333335 0.82734375 0.4833333333333335
2 0.86640625 0.45416666666666683 0.84140625 0.45416666666666683 0.84140625 0.5208333333333335 0.86640625 0.5208333333333335
2 0.84296875 0.3930555555555557 0.8234375 0.3930555555555557 0.8234375 0.45416666666666683 0.84296875 0.45416666666666683
2 0.80078125 0.40000000000000013 0.78203125 0.40000000000000013 0.78203125 0.4583333333333335 0.80078125 0.4583333333333335
2 0.871875 0.4069444444444446 0.85 0.4069444444444446 0.85 0.46666666666666684 0.871875 0.46666666666666684
2 0.73515625 0.38333333333333347 0.721875 0.38333333333333347 0.721875 0.4347222222222224 0.73515625 0.4347222222222224
2 0.78203125 0.38333333333333347 0.7609375 0.38333333333333347 0.7609375 0.4430555555555557 0.78203125 0.4430555555555557
0 0.56953125 0.5805555555555557 0.48828125 0.5805555555555557 0.48828125 0.7055555555555557 0.56953125 0.7055555555555557
0 0.72421875 0.7680555555555556 0.59921875 0.7680555555555556 0.59921875 0.9875 0.72421875 0.9875
0 0.6984375 0.5833333333333335 0.621875 0.5833333333333335 0.621875 0.7305555555555555 0.6984375 0.7305555555555555
0 0.53203125 0.4347222222222224 0.47734375 0.4347222222222224 0.47734375 0.5166666666666668 0.53203125 0.5166666666666668
0 0.45546875 0.7972222222222223 0.3460937500000001 0.7972222222222223 0.3460937500000001 0.9875 0.45546875 0.9875
0 0.71875 0.4500000000000002 0.6734375 0.4500000000000002 0.6734375 0.5277777777777779 0.71875 0.5277777777777779
0 0.66484375 0.36111111111111127 0.6265625 0.36111111111111127 0.6265625 0.4208333333333335 0.66484375 0.4208333333333335
0 0.565625 0.3930555555555557 0.52421875 0.3930555555555557 0.52421875 0.4486111111111113 0.565625 0.4486111111111113
2 0.765625 0.35138888888888903 0.7515625 0.35138888888888903 0.7515625 0.40000000000000013 0.765625 0.40000000000000013
2 0.82109375 0.3694444444444446 0.80859375 0.3694444444444446 0.80859375 0.41666666666666685 0.82109375 0.41666666666666685
2 0.87109375 0.3569444444444446 0.85625 0.3569444444444446 0.85625 0.4055555555555557 0.87109375 0.4055555555555557
2 0.85390625 0.3527777777777779 0.840625 0.3527777777777779 0.840625 0.40000000000000013 0.85390625 0.40000000000000013
2 0.74296875 0.3708333333333335 0.73046875 0.3708333333333335 0.73046875 0.41666666666666685 0.74296875 0.41666666666666685