2 0.5390625 0.7680555555555556 0.48671875 0.7680555555555556 0.48671875 0.9111111111111111 0.5390625 0.9111111111111111
2 0.51640625 0.6152777777777779 0.475 0.6152777777777779 0.475 0.7291666666666666 0.51640625 0.7291666666666666
2 0.79609375 0.4833333333333335 0.771875 0.4833333333333335 0.771875 0.5555555555555557 0.79609375 0.5555555555555557
2 0.69765625 0.5250000000000001 0.67109375 0.5250000000000001 0.67109375 0.6000000000000002 0.69765625 0.6000000000000002
2 0.43828125 0.6291666666666669 0.3921875 0.6291666666666669 0.3921875 0.75 0.43828125 0.75
2 0.66875 0.8638888888888889 0.62421875 0.8638888888888889 0.62421875 0.9791666666666666 0.66875 0.9791666666666666
2 0.80234375 0.42361111111111127 0.78046875 0.42361111111111127 0.78046875 0.47916666666666685 0.80234375 0.47916666666666685
2 0.65 0.46666666666666684 0.62421875 0.46666666666666684 0.62421875 0.5375000000000002 0.65 0.5375000000000002
2 0.63984375 0.6347222222222224 0.603125 0.6347222222222224 0.603125 0.7444444444444445 0.63984375 0.7444444444444445
2 0.7765625 0.5972222222222224 0.740625 0.5972222222222224 0.740625 0.688888888888889 0.7765625 0.688888888888889
2 0.2179687500000001 0.8833333333333333 0.14921875000000004 0.8833333333333333 0.14921875000000007 0.9944444444444445 0.2179687500000001 0.9944444444444445
2 0.7125 0.6069444444444446 0.67421875 0.6069444444444446 0.67421875 0.7083333333333335 0.7125 0.7083333333333335
2 0.715625 0.4708333333333335 0.69140625 0.4708333333333335 0.69140625 0.5388888888888891 0.715625 0.5388888888888891
2 0.778125 0.40000000000000013 0.759375 0.40000000000000013 0.759375 0.45138888888888906 0.778125 0.45138888888888906
2 0.678125 0.4972222222222224 0.6515625 0.4972222222222224 0.6515625 0.5708333333333335 0.678125 0.5708333333333335
2 0.7328125 0.4569444444444446 0.7109375 0.4569444444444446 0.7109375 0.5194444444444446 0.7328125 0.5194444444444446
2 0.60078125 0.5902777777777779 0.56640625 0.5902777777777779 0.56640625 0.6944444444444446 0.60078125 0.6944444444444446
2 0.7765625 0.6986111111111113 0.73515625 0.6986111111111113 0.73515625 0.8055555555555559 0.7765625 0.8055555555555559
2 0.77109375 0.47361111111111126 0.74609375 0.47361111111111126 0.74609375 0.5444444444444446 0.77109375 0.5444444444444446
2 0.6109375 0.5472222222222224 0.5796875 0.5472222222222224 0.5796875 0.6319444444444446 0.6109375 0.6319444444444446
2 0.703125 0.4333333333333335 0.68203125 0.4333333333333335 0.68203125 0.48888888888888904 0.703125 0.48888888888888904
2 0.85703125 0.3708333333333335 0.83515625 0.3708333333333335 0.83515625 0.42361111111111127 0.85703125 0.42361111111111127
2 0.87421875 0.46666666666666684 0.84609375 0.46666666666666684 0.84609375 0.5444444444444446 0.87421875 0.5444444444444446
2 0.84140625 0.4444444444444446 0.8171875 0.4444444444444446 0.8171875 0.5069444444444446 0.84140625 0.5069444444444446
2 0.66875 0.44583333333333347 0.64765625 0.44583333333333347 0.64765625 0.5083333333333335 0.66875 0.5083333333333335
2 0.55078125 0.9097222222222222 0.5015625 0.9097222222222222 0.5015625 0.9944444444444445 0.55078125 0.9944444444444445
2 0.8234375 0.48611111111111127 0.803125 0.48611111111111127 0.803125 0.563888888888889 0.8234375 0.563888888888889
2 0.7421875 0.3666666666666668 0.72265625 0.3666666666666668 0.72265625 0.41388888888888903 0.7421875 0.41388888888888903
2 0.76875 0.43888888888888905 0.74765625 0.43888888888888905 0.74765625 0.48888888888888904 0.76875 0.48888888888888904
2 0.83125 0.4055555555555557 0.81171875 0.4055555555555557 0.81171875 0.4583333333333335 0.83125 0.4583333333333335
2 0.684375 0.46250000000000013 0.66484375 0.46250000000000013 0.66484375 0.5208333333333335 0.684375 0.5208333333333335
2 0.9140625 0.5458333333333335 0.875 0.5458333333333335 0.875 0.6361111111111113 0.9140625 0.6361111111111113
2 0.79609375 0.3666666666666668 0.78203125 0.3666666666666668 0.78203125 0.41111111111111126 0.79609375 0.41111111111111126
2 0.7578125 0.3708333333333335 0.7421875 0.3708333333333335 0.7421875 0.41388888888888903 0.7578125 0.41388888888888903
2 0.8234375 0.3694444444444446 0.80625 0.3694444444444446 0.80625 0.41388888888888903 0.8234375 0.41388888888888903
0 0.09921875000000005 0.7 4.8220467716427034e-17 0.7 5.281289321322961e-17 0.8333333333333334 0.09921875000000006 0.8333333333333334
0 0.64140625 0.3958333333333335 0.59453125 0.3958333333333335 0.59453125 0.4708333333333335 0.64140625 0.4708333333333335
0 0.72109375 0.3958333333333335 0.678125 0.3958333333333335 0.678125 0.4555555555555557 0.72109375 0.4555555555555557
0 0.71796875 0.32777777777777795 0.6828125 0.32777777777777795 0.6828125 0.38333333333333347 0.71796875 0.38333333333333347
0 0.64765625 0.3527777777777779 0.61328125 0.3527777777777779 0.61328125 0.40277777777777796 0.64765625 0.40277777777777796
0 0.66796875 0.34166666666666684 0.6359375 0.34166666666666684 0.6359375 0.3875000000000002 0.66796875 0.3875000000000002