2 0.9828125 0.5805555555555557 0.91953125 0.5805555555555557 0.91953125 0.7361111111111114 0.9828125 0.7361111111111114
2 0.7171875 0.2972222222222224 0.69765625 0.2972222222222224 0.69765625 0.3597222222222224 0.7171875 0.3597222222222224
2 0.67578125 0.22916666666666682 0.64921875 0.22916666666666682 0.64921875 0.27361111111111125 0.67578125 0.27361111111111125
0 0.35078125 0.2736111111111112 0.30390625 0.2736111111111112 0.30390625 0.37222222222222223 0.35078125 0.37222222222222223
0 0.86171875 0.6291666666666669 0.70078125 0.6291666666666669 0.70078125 0.8402777777777779 0.86171875 0.8402777777777781
1 0.27109375 0.33472222222222225 0.17109375000000004 0.3347222222222222 0.17109375000000004 0.5208333333333334 0.27109375 0.5208333333333334
1 0.58828125 0.21111111111111122 0.4953125 0.2111111111111112 0.4953125 0.4013888888888891 0.58828125 0.4013888888888891
1 0.66875 0.2694444444444446 0.5921875 0.2694444444444446 0.5921875 0.39027777777777795 0.66875 0.39027777777777795
1 0.68046875 0.16250000000000014 0.58984375 0.16250000000000012 0.58984375 0.23888888888888904 0.68046875 0.23888888888888904
1 0.76640625 0.35555555555555574 0.5078125 0.35555555555555574 0.5078125 1.0000000000000002 0.76640625 1.0000000000000002
3 0.3875 0.1722222222222223 0.2765625 0.1722222222222223 0.2765625 0.2458333333333334 0.3875 0.2458333333333334