2 0.7984375 0.4847222222222224 0.771875 0.4847222222222224 0.771875 0.5555555555555557 0.7984375 0.5555555555555557
2 0.51328125 0.6791666666666668 0.46640625 0.6791666666666668 0.46640625 0.8069444444444445 0.51328125 0.8069444444444445
2 0.7765625 0.5333333333333334 0.7484375 0.5333333333333334 0.7484375 0.6166666666666668 0.7765625 0.6166666666666668
2 0.721875 0.5472222222222224 0.690625 0.5472222222222224 0.690625 0.6333333333333335 0.721875 0.6333333333333335
2 0.74296875 0.5222222222222224 0.71484375 0.5222222222222224 0.71484375 0.602777777777778 0.74296875 0.602777777777778
2 0.76796875 0.8305555555555557 0.725 0.8305555555555556 0.725 0.9583333333333335 0.76796875 0.9583333333333337
2 0.76015625 0.4194444444444446 0.73515625 0.4194444444444446 0.73515625 0.4819444444444446 0.76015625 0.4819444444444446
2 0.778125 0.3958333333333335 0.7578125 0.3958333333333335 0.7578125 0.45277777777777795 0.778125 0.45277777777777795
2 0.40390625 0.8291666666666667 0.34062500000000007 0.8291666666666667 0.34062500000000007 0.9833333333333333 0.40390625 0.9833333333333333
2 0.828125 0.3944444444444446 0.809375 0.3944444444444446 0.809375 0.45138888888888906 0.828125 0.45138888888888906
2 0.778125 0.6458333333333335 0.74140625 0.6458333333333335 0.74140625 0.7513888888888892 0.778125 0.7513888888888892
2 0.85234375 0.4069444444444446 0.83046875 0.4069444444444446 0.83046875 0.46527777777777796 0.85234375 0.46527777777777796
2 0.809375 0.37777777777777793 0.7890625 0.37777777777777793 0.7890625 0.4319444444444446 0.809375 0.4319444444444446
2 0.82265625 0.5611111111111112 0.790625 0.5611111111111112 0.790625 0.6500000000000001 0.82265625 0.6500000000000001
2 0.721875 0.4069444444444446 0.69609375 0.4069444444444446 0.69609375 0.47361111111111126 0.721875 0.47361111111111126
2 0.89765625 0.8597222222222225 0.84296875 0.8597222222222225 0.84296875 0.979166666666667 0.89765625 0.979166666666667
2 0.6953125 0.825 0.6515625 0.825 0.6515625 0.9666666666666667 0.6953125 0.9666666666666667
2 0.61328125 0.6722222222222224 0.57578125 0.6722222222222224 0.57578125 0.7875 0.61328125 0.7875
2 0.81484375 0.6847222222222223 0.77265625 0.6847222222222223 0.77265625 0.7972222222222225 0.81484375 0.7972222222222225
2 0.75859375 0.4902777777777779 0.74609375 0.4902777777777779 0.74609375 0.540277777777778 0.75859375 0.540277777777778
2 0.7578125 0.3569444444444446 0.74296875 0.3569444444444446 0.74296875 0.4083333333333335 0.7578125 0.4083333333333335
2 0.56640625 0.5875000000000001 0.528125 0.5875000000000001 0.528125 0.6986111111111113 0.56640625 0.6986111111111113
2 0.6828125 0.4083333333333335 0.65703125 0.4083333333333335 0.65703125 0.4722222222222224 0.6828125 0.4722222222222224
2 0.59140625 0.4972222222222224 0.5609375 0.4972222222222224 0.5609375 0.577777777777778 0.59140625 0.577777777777778
2 0.8015625 0.7805555555555559 0.7640625 0.7805555555555559 0.7640625 0.8972222222222226 0.8015625 0.8972222222222226
2 0.8375 0.4361111111111113 0.81484375 0.4361111111111113 0.81484375 0.5000000000000001 0.8375 0.5000000000000001
2 0.77578125 0.43750000000000017 0.75078125 0.43750000000000017 0.75078125 0.5000000000000001 0.77578125 0.5000000000000001
2 0.8296875 0.3430555555555557 0.81171875 0.3430555555555557 0.81171875 0.38888888888888906 0.8296875 0.38888888888888906
2 0.72890625 0.3708333333333335 0.70546875 0.3708333333333335 0.70546875 0.42638888888888904 0.72890625 0.42638888888888904
2 0.846875 0.32638888888888906 0.83203125 0.32638888888888906 0.83203125 0.3694444444444446 0.846875 0.3694444444444446
2 0.77890625 0.3722222222222224 0.76171875 0.3722222222222224 0.76171875 0.41666666666666685 0.77890625 0.41666666666666685
0 0.09687500000000006 0.7611111111111111 0.0015625000000000528 0.7611111111111111 0.0015625000000000586 0.9416666666666667 0.09687500000000007 0.9416666666666667
0 0.67734375 0.31388888888888905 0.6453125 0.31388888888888905 0.6453125 0.36250000000000016 0.67734375 0.36250000000000016
2 0.7484375 0.4777777777777779 0.7359375 0.4777777777777779 0.7359375 0.5277777777777779 0.7484375 0.5277777777777779