2 0.52890625 0.2347222222222223 0.5125 0.2347222222222223 0.5125 0.2972222222222223 0.52890625 0.2972222222222223
2 0.5484375 0.2125000000000001 0.52890625 0.21250000000000008 0.52890625 0.27500000000000013 0.5484375 0.27500000000000013
2 0.7046875 0.2819444444444446 0.6703125 0.2819444444444446 0.6703125 0.37500000000000017 0.7046875 0.37500000000000017
2 0.725 0.3680555555555557 0.696875 0.3680555555555557 0.696875 0.46527777777777796 0.725 0.46527777777777796
2 0.76875 0.4944444444444446 0.73359375 0.4944444444444446 0.73359375 0.627777777777778 0.76875 0.627777777777778
2 0.63125 0.15694444444444455 0.61640625 0.15694444444444455 0.61640625 0.19722222222222238 0.63125 0.19722222222222238
2 0.69453125 0.22777777777777794 0.671875 0.22777777777777794 0.671875 0.27500000000000013 0.69453125 0.27500000000000013
0 0.77421875 0.7541666666666669 0.584375 0.7541666666666667 0.584375 1.0000000000000002 0.77421875 1.0000000000000002
1 0.4421875 0.24305555555555564 0.2546875 0.24305555555555564 0.25468750000000007 0.7652777777777777 0.4421875 0.7652777777777777
1 0.47890625 0.10138888888888899 0.44375 0.10138888888888897 0.44375 0.20138888888888898 0.47890625 0.20138888888888898
1 0.54765625 0.09861111111111123 0.509375 0.09861111111111123 0.509375 0.18333333333333346 0.54765625 0.1833333333333335
2 0.64453125 0.1833333333333335 0.62890625 0.1833333333333335 0.62890625 0.2569444444444446 0.64453125 0.2569444444444446