2 0.30078125 0.4513888888888889 0.2359375 0.4513888888888889 0.2359375 0.5611111111111111 0.30078125 0.5611111111111111
2 0.2132812500000001 0.65 0.14843750000000006 0.65 0.14843750000000006 0.7986111111111112 0.2132812500000001 0.7986111111111112
2 0.73515625 0.7888888888888891 0.6734375 0.7888888888888889 0.6734375 0.940277777777778 0.73515625 0.9402777777777781
2 0.7171875 0.5722222222222224 0.68046875 0.5722222222222224 0.68046875 0.7152777777777778 0.7171875 0.7152777777777778
2 0.2906250000000001 0.7888888888888889 0.2351562500000001 0.7888888888888889 0.2351562500000001 0.975 0.2906250000000001 0.975
2 0.06328125000000004 0.44027777777777777 0.0031250000000000305 0.44027777777777777 0.003125000000000034 0.5416666666666666 0.06328125000000004 0.5416666666666666
2 0.30546875000000007 0.6138888888888889 0.265625 0.6138888888888889 0.26562500000000006 0.7875 0.30546875000000007 0.7875
2 0.21953125 0.3875 0.16093750000000004 0.3875 0.16093750000000004 0.4777777777777778 0.21953125 0.4777777777777778
2 0.3140625 0.3638888888888889 0.26640625 0.3638888888888889 0.26640625 0.4486111111111111 0.3140625 0.4486111111111111
2 0.16328125000000004 0.5430555555555555 0.07812500000000004 0.5430555555555555 0.07812500000000004 0.6597222222222222 0.16328125000000004 0.6597222222222222
2 0.37421875 0.3972222222222223 0.334375 0.3972222222222222 0.334375 0.4944444444444445 0.37421875 0.4944444444444446
2 0.38125 0.251388888888889 0.36171875 0.251388888888889 0.36171875 0.3291666666666667 0.38125 0.3291666666666667
2 0.290625 0.3152777777777779 0.2578125 0.3152777777777779 0.2578125 0.3958333333333333 0.290625 0.3958333333333333
2 0.18515625000000005 0.47638888888888886 0.11875000000000005 0.47638888888888886 0.11875000000000005 0.5902777777777778 0.18515625000000005 0.5902777777777778
2 0.5890625 0.21111111111111128 0.5734375 0.21111111111111128 0.5734375 0.27222222222222237 0.5890625 0.27222222222222237
2 0.87578125 0.5444444444444446 0.8375 0.5444444444444446 0.8375 0.6611111111111113 0.87578125 0.6611111111111113
2 0.8421875 0.4819444444444446 0.80234375 0.4819444444444446 0.80234375 0.5902777777777779 0.8421875 0.5902777777777779
2 0.12812500000000004 0.46805555555555556 0.06484375000000002 0.46805555555555556 0.06484375000000003 0.5680555555555555 0.12812500000000004 0.5680555555555555
2 0.15781250000000005 0.42083333333333334 0.09843750000000002 0.42083333333333334 0.09843750000000004 0.5069444444444444 0.15781250000000005 0.5069444444444444
2 0.78828125 0.46666666666666684 0.7625 0.46666666666666684 0.7625 0.5736111111111113 0.78828125 0.5736111111111113
2 0.6125 0.21388888888888904 0.5984375 0.21388888888888904 0.5984375 0.2763888888888891 0.6125 0.2763888888888891
2 0.82890625 0.5430555555555557 0.7875 0.5430555555555557 0.7875 0.6583333333333334 0.82890625 0.6583333333333334
2 0.78828125 0.602777777777778 0.7328125 0.602777777777778 0.7328125 0.741666666666667 0.78828125 0.741666666666667
2 0.4765625 0.32777777777777783 0.45078125 0.32777777777777783 0.45078125 0.41111111111111126 0.4765625 0.41111111111111126
0 0.5671875 0.201388888888889 0.53203125 0.20138888888888898 0.53203125 0.2625000000000001 0.5671875 0.2625000000000002
0 0.58515625 0.3708333333333335 0.528125 0.3708333333333335 0.528125 0.4930555555555557 0.58515625 0.4930555555555557
1 0.76328125 0.3444444444444446 0.6171875 0.3444444444444446 0.6171875 0.6152777777777779 0.76328125 0.6152777777777779
1 0.47890625 0.19305555555555565 0.43046875 0.19305555555555565 0.43046875 0.313888888888889 0.47890625 0.313888888888889
1 0.51875 0.3958333333333334 0.34921875 0.3958333333333333 0.34921875 0.8694444444444445 0.51875 0.8694444444444445
1 0.9453125 0.6541666666666668 0.74765625 0.6541666666666668 0.74765625 0.9944444444444448 0.9453125 0.9944444444444448
0 0.4109375 0.1847222222222223 0.37578125 0.1847222222222223 0.37578125 0.26527777777777783 0.4109375 0.26527777777777783