0 0.72734375 0.8069444444444446 0.54765625 0.8069444444444445 0.54765625 0.9986111111111112 0.72734375 0.9986111111111114
0 0.7453125 0.48611111111111127 0.63203125 0.48611111111111127 0.63203125 0.6583333333333334 0.7453125 0.6583333333333334
0 0.57421875 0.3541666666666668 0.50546875 0.35416666666666674 0.50546875 0.4555555555555557 0.57421875 0.4555555555555557
0 0.6578125 0.3722222222222224 0.59453125 0.3722222222222224 0.59453125 0.4708333333333335 0.6578125 0.4708333333333335
0 0.3796875 0.18750000000000008 0.3296875 0.18750000000000008 0.3296875 0.23888888888888896 0.3796875 0.23888888888888896
0 0.6109375 0.4500000000000002 0.51484375 0.4500000000000002 0.51484375 0.6444444444444446 0.6109375 0.6444444444444446
0 0.73125 0.21527777777777793 0.69609375 0.21527777777777793 0.69609375 0.2625000000000002 0.73125 0.2625000000000002
0 0.6296875 0.2763888888888891 0.59140625 0.2763888888888891 0.59140625 0.3458333333333335 0.6296875 0.3458333333333335
0 0.59296875 0.31250000000000017 0.55 0.31250000000000017 0.55 0.38333333333333347 0.59296875 0.38333333333333347
3 0.70390625 0.16805555555555568 0.5609375 0.16805555555555568 0.5609375 0.27777777777777796 0.70390625 0.27777777777777796
0 0.553125 0.25416666666666676 0.50703125 0.25416666666666676 0.50703125 0.33055555555555566 0.553125 0.3305555555555557