2 0.25625 0.33888888888888896 0.2296875 0.33888888888888896 0.2296875 0.44305555555555554 0.25625 0.44305555555555554
2 0.05546875000000005 0.7888888888888889 5.43437017121638e-17 0.7888888888888889 6.161504208210122e-17 1 0.05546875000000007 1
2 0.3453125 0.2819444444444445 0.31484375 0.2819444444444445 0.31484375 0.3680555555555556 0.3453125 0.3680555555555556
2 0.71953125 0.3111111111111113 0.6984375 0.3111111111111113 0.6984375 0.39166666666666683 0.71953125 0.39166666666666683
2 0.759375 0.31388888888888905 0.7375 0.31388888888888905 0.7375 0.40416666666666684 0.759375 0.40416666666666684
2 0.740625 0.565277777777778 0.7015625 0.565277777777778 0.7015625 0.7444444444444446 0.740625 0.7444444444444448
2 0.5234375 0.17916666666666675 0.50859375 0.17916666666666675 0.50859375 0.23750000000000007 0.5234375 0.23750000000000007
2 0.621875 0.17222222222222233 0.6125 0.17222222222222233 0.6125 0.21527777777777793 0.621875 0.21527777777777793
2 0.634375 0.18472222222222237 0.621875 0.18472222222222237 0.621875 0.2458333333333335 0.634375 0.2458333333333335
2 0.690625 0.2166666666666668 0.675 0.2166666666666668 0.675 0.2708333333333335 0.690625 0.2708333333333335
0 0.33984375 0.3958333333333333 0.2265625 0.3958333333333333 0.2265625 0.6138888888888889 0.33984375 0.6138888888888889
0 0.63359375 0.3472222222222224 0.5578125 0.3472222222222224 0.5578125 0.4722222222222224 0.63359375 0.4722222222222224
0 0.41328125 0.19166666666666674 0.35625 0.19166666666666674 0.35625 0.2875000000000001 0.41328125 0.2875000000000001
1 0.4765625 0.15555555555555564 0.43203125 0.15555555555555564 0.43203125 0.2861111111111112 0.4765625 0.2861111111111112
1 0.59921875 0.10972222222222235 0.55078125 0.10972222222222235 0.55078125 0.21388888888888904 0.59921875 0.21388888888888904