2 0.12734375000000003 0.3972222222222222 0.10000000000000005 0.3972222222222222 0.10000000000000005 0.5152777777777777 0.12734375000000003 0.5152777777777777
2 0.37109375 0.19583333333333341 0.3484375 0.19583333333333341 0.3484375 0.2361111111111112 0.37109375 0.2361111111111112
2 0.428125 0.19444444444444453 0.40078125 0.19444444444444453 0.40078125 0.251388888888889 0.428125 0.251388888888889
0 0.49921875 0.19861111111111118 0.43984375 0.19861111111111118 0.43984375 0.2527777777777779 0.49921875 0.2527777777777779
0 0.63515625 0.626388888888889 0.51015625 0.626388888888889 0.51015625 0.8291666666666667 0.63515625 0.8291666666666667
0 0.5609375 0.39166666666666683 0.4890625 0.39166666666666683 0.4890625 0.5291666666666668 0.5609375 0.5291666666666668
0 0.65546875 0.40000000000000013 0.590625 0.40000000000000013 0.590625 0.5125000000000002 0.65546875 0.5125000000000002
0 0.6375 0.34166666666666684 0.5890625 0.34166666666666684 0.5890625 0.41111111111111126 0.6375 0.41111111111111126
0 0.5765625 0.2930555555555557 0.53203125 0.2930555555555556 0.53203125 0.3805555555555557 0.5765625 0.3805555555555557
0 0.62421875 0.2847222222222224 0.58671875 0.2847222222222224 0.58671875 0.3472222222222224 0.62421875 0.3472222222222224
3 0.64453125 0.22777777777777794 0.59765625 0.22777777777777794 0.59765625 0.3055555555555557 0.64453125 0.3055555555555557
0 0.7578125 0.5222222222222224 0.61875 0.5222222222222224 0.61875 0.7222222222222224 0.7578125 0.7222222222222225
3 0.99609375 0.6875000000000001 0.80625 0.6875000000000001 0.80625 0.9972222222222226 0.99609375 0.9972222222222226
3 0.71171875 0.19166666666666682 0.64765625 0.19166666666666682 0.64765625 0.27361111111111125 0.71171875 0.27361111111111125
2 0.71171875 0.2569444444444446 0.696875 0.2569444444444446 0.696875 0.31388888888888905 0.71171875 0.31388888888888905
1 0.57578125 0.19305555555555567 0.503125 0.19305555555555565 0.503125 0.3055555555555557 0.57578125 0.3055555555555557
1 0.215625 0.14722222222222225 0.1578125 0.14722222222222225 0.1578125 0.26527777777777783 0.215625 0.26527777777777783