0 0.3796875 0.5152777777777778 0.28125 0.5152777777777777 0.28125 0.6180555555555556 0.3796875 0.6180555555555557
0 0.496875 0.515277777777778 0.3890625 0.515277777777778 0.3890625 0.6055555555555557 0.496875 0.6055555555555557
0 0.56171875 0.41666666666666685 0.51328125 0.41666666666666685 0.51328125 0.501388888888889 0.56171875 0.501388888888889
0 0.634375 0.32916666666666683 0.603125 0.32916666666666683 0.603125 0.3652777777777779 0.634375 0.3652777777777779
0 0.72890625 0.3666666666666668 0.6859375 0.3666666666666668 0.6859375 0.4291666666666668 0.72890625 0.4291666666666668
2 0.684375 0.4555555555555557 0.66328125 0.4555555555555557 0.66328125 0.5208333333333335 0.684375 0.5208333333333335
2 0.66328125 0.4152777777777779 0.63046875 0.4152777777777779 0.63046875 0.501388888888889 0.66328125 0.501388888888889
2 0.7328125 0.44583333333333347 0.709375 0.44583333333333347 0.709375 0.5069444444444446 0.7328125 0.5069444444444446
2 0.7203125 0.41111111111111126 0.69140625 0.41111111111111126 0.69140625 0.4569444444444446 0.7203125 0.4569444444444446
2 0.60859375 0.4583333333333335 0.575 0.4583333333333335 0.575 0.5041666666666669 0.60859375 0.5041666666666669
2 0.7390625 0.5347222222222224 0.7140625 0.5347222222222224 0.7140625 0.6180555555555557 0.7390625 0.6180555555555557
2 0.77421875 0.5458333333333335 0.7453125 0.5458333333333335 0.7453125 0.6319444444444446 0.77421875 0.6319444444444446
2 0.84140625 0.5597222222222223 0.79296875 0.5597222222222223 0.79296875 0.6527777777777779 0.84140625 0.6527777777777779
2 0.88359375 0.47916666666666685 0.84765625 0.47916666666666685 0.84765625 0.577777777777778 0.88359375 0.577777777777778
2 0.796875 0.4444444444444446 0.775 0.4444444444444446 0.775 0.5000000000000001 0.796875 0.5000000000000001
2 0.8265625 0.42638888888888904 0.7984375 0.42638888888888904 0.7984375 0.4819444444444446 0.8265625 0.4819444444444446
2 0.6625 0.5444444444444446 0.63203125 0.5444444444444446 0.63203125 0.6430555555555557 0.6625 0.6430555555555557
2 0.69921875 0.5791666666666668 0.65625 0.5791666666666668 0.65625 0.690277777777778 0.69921875 0.690277777777778
2 0.63203125 0.5291666666666668 0.6 0.5291666666666668 0.6 0.6430555555555557 0.63203125 0.6430555555555557
2 0.6046875 0.5472222222222224 0.57421875 0.5472222222222224 0.57421875 0.627777777777778 0.6046875 0.627777777777778
2 0.6203125 0.4569444444444446 0.60703125 0.4569444444444446 0.60703125 0.5083333333333335 0.6203125 0.5083333333333335
2 0.6453125 0.47638888888888903 0.61953125 0.47638888888888903 0.61953125 0.5611111111111112 0.6453125 0.5611111111111112
2 0.68125 0.7097222222222224 0.640625 0.7097222222222224 0.640625 0.8527777777777777 0.68125 0.8527777777777777
2 0.584375 0.690277777777778 0.528125 0.690277777777778 0.528125 0.8319444444444445 0.584375 0.8319444444444445
2 0.5171875 0.6986111111111113 0.44140625 0.6986111111111113 0.44140625 0.85 0.5171875 0.85
2 0.47265625 0.7888888888888889 0.40390625 0.7888888888888889 0.40390625 0.9125 0.47265625 0.9125
2 0.4 0.6875000000000001 0.3570312500000001 0.6875 0.3570312500000001 0.7986111111111112 0.4 0.7986111111111112
2 0.3632812500000001 0.825 0.3007812500000001 0.825 0.3007812500000001 0.9777777777777777 0.3632812500000001 0.9777777777777777
2 0.25078125000000007 0.7055555555555556 0.19062500000000004 0.7055555555555556 0.19062500000000004 0.8541666666666666 0.25078125000000007 0.8541666666666666
2 0.2234375000000001 0.8180555555555555 0.16640625000000003 0.8180555555555555 0.16640625000000003 0.9277777777777778 0.2234375000000001 0.9277777777777778
2 0.13437500000000008 0.8458333333333333 0.05468750000000007 0.8458333333333333 0.05468750000000007 0.9791666666666666 0.13437500000000008 0.9791666666666666
0 0.80234375 0.48750000000000016 0.71171875 0.48750000000000016 0.71171875 0.6041666666666669 0.80234375 0.6041666666666669