2 0.3625 0.18888888888888897 0.34453125 0.18888888888888897 0.34453125 0.24444444444444452 0.3625 0.24444444444444452
2 0.76484375 0.34027777777777796 0.73984375 0.34027777777777796 0.73984375 0.41805555555555574 0.76484375 0.41805555555555574
2 0.69765625 0.24027777777777792 0.678125 0.24027777777777792 0.678125 0.3027777777777779 0.69765625 0.3027777777777779
2 0.384375 0.16111111111111118 0.36875 0.16111111111111118 0.36875 0.20694444444444451 0.384375 0.20694444444444451
2 0.5390625 0.10972222222222235 0.52578125 0.10972222222222235 0.52578125 0.15138888888888902 0.5390625 0.15138888888888902
0 0.76328125 0.3680555555555557 0.67890625 0.3680555555555557 0.67890625 0.4958333333333335 0.76328125 0.4958333333333335
3 0.7640625 0.35555555555555574 0.678125 0.35555555555555574 0.678125 0.4930555555555557 0.7640625 0.4930555555555557
1 0.5875 0.2027777777777779 0.53515625 0.20277777777777786 0.53515625 0.29583333333333345 0.5875 0.2958333333333335
1 0.6546875 0.31388888888888905 0.56953125 0.31388888888888905 0.56953125 0.5180555555555557 0.6546875 0.5180555555555557
1 0.6796875 0.14305555555555569 0.58828125 0.14305555555555569 0.58828125 0.3194444444444446 0.6796875 0.3194444444444446
0 0.58203125 0.28888888888888903 0.53046875 0.288888888888889 0.53046875 0.39027777777777795 0.58203125 0.39027777777777795
1 0.48203125 0.126388888888889 0.415625 0.12638888888888897 0.415625 0.30416666666666675 0.48203125 0.30416666666666675
3 1 0.4222222222222224 0.76171875 0.4222222222222224 0.76171875 1.0000000000000002 1 1.0000000000000002