2 0.8578125 0.8236111111111114 0.80546875 0.8236111111111114 0.80546875 0.9680555555555559 0.8578125 0.9680555555555559
2 0.3429687500000001 0.7638888888888888 0.2843750000000001 0.7638888888888888 0.2843750000000001 0.9138888888888889 0.3429687500000001 0.9138888888888889
2 0.7875 0.4055555555555557 0.7671875 0.4055555555555557 0.7671875 0.46527777777777796 0.7875 0.46527777777777796
2 0.69296875 0.6083333333333335 0.65546875 0.6083333333333335 0.65546875 0.7152777777777778 0.69296875 0.7152777777777778
2 0.740625 0.44027777777777793 0.71484375 0.44027777777777793 0.71484375 0.5097222222222224 0.740625 0.5097222222222224
2 0.75078125 0.6458333333333335 0.71328125 0.6458333333333335 0.71328125 0.7555555555555558 0.75078125 0.7555555555555559
2 0.78125 0.5236111111111112 0.75390625 0.5236111111111112 0.75390625 0.602777777777778 0.78125 0.602777777777778
2 0.52265625 0.7083333333333335 0.4828125 0.7083333333333335 0.4828125 0.8277777777777777 0.52265625 0.8277777777777777
2 0.7078125 0.3805555555555557 0.6875 0.3805555555555557 0.6875 0.43750000000000017 0.7078125 0.43750000000000017
2 0.865625 0.6680555555555557 0.8234375 0.6680555555555557 0.8234375 0.7888888888888892 0.865625 0.7888888888888892
2 0.6390625 0.5930555555555557 0.6 0.5930555555555557 0.6 0.7013888888888891 0.6390625 0.7013888888888891
2 0.8265625 0.41805555555555574 0.803125 0.41805555555555574 0.803125 0.4777777777777779 0.8265625 0.4777777777777779
2 0.44296875 0.6041666666666669 0.40234375 0.6041666666666669 0.40234375 0.7138888888888889 0.44296875 0.7138888888888889
2 0.5453125 0.5805555555555557 0.50859375 0.5805555555555557 0.50859375 0.6833333333333335 0.5453125 0.6833333333333335
2 0.5796875 0.7138888888888889 0.5328125 0.7138888888888889 0.5328125 0.8472222222222222 0.5796875 0.8472222222222222
2 0.3765625000000001 0.6500000000000001 0.3281250000000001 0.65 0.3281250000000001 0.7708333333333334 0.3765625000000001 0.7708333333333334
2 0.56640625 0.6111111111111113 0.53046875 0.6111111111111113 0.53046875 0.7069444444444446 0.56640625 0.7069444444444446
2 0.86484375 0.4305555555555557 0.83984375 0.4305555555555557 0.83984375 0.4930555555555557 0.86484375 0.4930555555555557
2 0.84921875 0.39722222222222237 0.8296875 0.39722222222222237 0.8296875 0.45138888888888906 0.84921875 0.45138888888888906
2 0.87265625 0.4833333333333335 0.84296875 0.4833333333333335 0.84296875 0.5625000000000001 0.87265625 0.5625000000000001
2 0.72421875 0.38472222222222235 0.70390625 0.38472222222222235 0.70390625 0.4416666666666668 0.72421875 0.4416666666666668
2 0.765625 0.41388888888888903 0.74296875 0.41388888888888903 0.74296875 0.47638888888888903 0.765625 0.47638888888888903
2 0.79453125 0.4958333333333335 0.771875 0.4958333333333335 0.771875 0.563888888888889 0.79453125 0.563888888888889
2 0.809375 0.4500000000000002 0.7859375 0.4500000000000002 0.7859375 0.5138888888888891 0.809375 0.5138888888888891
2 0.771875 0.3861111111111113 0.75390625 0.3861111111111113 0.75390625 0.4347222222222224 0.771875 0.4347222222222224
2 0.75390625 0.36250000000000016 0.7375 0.36250000000000016 0.7375 0.4083333333333335 0.75390625 0.4083333333333335
2 0.81015625 0.37777777777777793 0.79296875 0.37777777777777793 0.79296875 0.4291666666666668 0.81015625 0.4291666666666668
2 0.79140625 0.3694444444444446 0.775 0.3694444444444446 0.775 0.41805555555555574 0.79140625 0.41805555555555574
2 0.83125 0.3791666666666668 0.8140625 0.3791666666666668 0.8140625 0.4319444444444446 0.83125 0.4319444444444446
0 0.70546875 0.526388888888889 0.6421875 0.526388888888889 0.6421875 0.6166666666666668 0.70546875 0.6166666666666668
0 0.29765625000000007 0.5708333333333333 0.19687500000000005 0.5708333333333333 0.19687500000000005 0.6833333333333333 0.29765625000000007 0.6833333333333333
0 0.61640625 0.4986111111111113 0.5484375 0.4986111111111113 0.5484375 0.602777777777778 0.61640625 0.602777777777778
0 0.61953125 0.3861111111111113 0.575 0.3861111111111113 0.575 0.4569444444444446 0.61953125 0.4569444444444446
0 0.6875 0.42500000000000016 0.6421875 0.42500000000000016 0.6421875 0.4986111111111113 0.6875 0.4986111111111113
0 0.46953125 0.5138888888888891 0.38203125 0.5138888888888891 0.38203125 0.6125000000000002 0.46953125 0.6125000000000002
0 0.47421875 0.4416666666666668 0.4078125 0.4416666666666668 0.4078125 0.5222222222222224 0.47421875 0.5222222222222224