2 0.3703125 0.3500000000000001 0.3390625 0.3500000000000001 0.3390625 0.44305555555555565 0.3703125 0.4430555555555557
2 0.45390625 0.26805555555555566 0.428125 0.26805555555555566 0.428125 0.3291666666666667 0.45390625 0.3291666666666667
2 0.703125 0.26527777777777795 0.6875 0.26527777777777795 0.6875 0.3333333333333335 0.703125 0.3333333333333335
0 0.81640625 0.5944444444444446 0.6765625 0.5944444444444446 0.6765625 0.7986111111111113 0.81640625 0.7986111111111114
0 0.78046875 0.815277777777778 0.56875 0.8152777777777778 0.56875 0.9986111111111112 0.78046875 0.9986111111111114
0 0.66484375 0.3597222222222224 0.59375 0.3597222222222224 0.59375 0.47500000000000014 0.66484375 0.47500000000000014
0 0.659375 0.5208333333333335 0.546875 0.5208333333333335 0.546875 0.7333333333333333 0.659375 0.7333333333333333
0 0.5546875 0.32361111111111124 0.4875 0.3236111111111112 0.4875 0.4430555555555557 0.5546875 0.4430555555555557
0 0.6296875 0.3083333333333335 0.57578125 0.3083333333333335 0.57578125 0.38888888888888906 0.6296875 0.38888888888888906
0 0.55546875 0.28750000000000014 0.51171875 0.2875000000000001 0.51171875 0.35555555555555574 0.55546875 0.35555555555555574
3 0.74609375 0.1680555555555557 0.64921875 0.1680555555555557 0.64921875 0.26527777777777795 0.74609375 0.26527777777777795
3 0.6296875 0.18888888888888905 0.546875 0.18888888888888905 0.546875 0.2708333333333335 0.6296875 0.2708333333333335
1 0.63828125 0.22361111111111126 0.5859375 0.22361111111111126 0.5859375 0.3250000000000002 0.63828125 0.3250000000000002