2 0.18359375000000006 0.8347222222222223 0.11328125000000004 0.8347222222222223 0.11328125000000007 1 0.18359375000000008 1
2 0.2648437500000001 0.7708333333333334 0.20078125000000008 0.7708333333333334 0.20078125000000008 0.925 0.2648437500000001 0.925
2 0.3898437500000001 0.7652777777777777 0.3343750000000001 0.7652777777777777 0.3343750000000001 0.9111111111111111 0.3898437500000001 0.9111111111111111
2 0.46328125 0.6152777777777779 0.4296875 0.6152777777777779 0.4296875 0.725 0.46328125 0.725
2 0.5484375 0.8222222222222222 0.49453125 0.8222222222222222 0.49453125 1 0.5484375 1
2 0.5734375 0.7180555555555556 0.53125 0.7180555555555556 0.53125 0.8555555555555555 0.5734375 0.8555555555555555
2 0.63046875 0.7222222222222222 0.59140625 0.7222222222222222 0.59140625 0.8666666666666667 0.63046875 0.8666666666666667
2 0.74296875 0.713888888888889 0.70703125 0.7138888888888889 0.70703125 0.8583333333333335 0.74296875 0.8583333333333336
2 0.8015625 0.8083333333333337 0.7546875 0.8083333333333337 0.7546875 0.9763888888888892 0.8015625 0.9763888888888892
2 0.85703125 0.791666666666667 0.8109375 0.791666666666667 0.8109375 0.9444444444444448 0.85703125 0.9444444444444448
2 0.846875 0.688888888888889 0.80859375 0.688888888888889 0.80859375 0.7972222222222225 0.846875 0.7972222222222225
2 0.7921875 0.6694444444444446 0.75390625 0.6694444444444446 0.75390625 0.8027777777777781 0.7921875 0.8027777777777781
2 0.85078125 0.6180555555555557 0.81015625 0.6180555555555557 0.81015625 0.7194444444444448 0.85078125 0.7194444444444448
2 0.7734375 0.4819444444444446 0.74765625 0.4819444444444446 0.74765625 0.5569444444444446 0.7734375 0.5569444444444446
2 0.840625 0.47638888888888903 0.815625 0.47638888888888903 0.815625 0.5569444444444446 0.840625 0.5569444444444446
2 0.63515625 0.45277777777777795 0.61484375 0.45277777777777795 0.61484375 0.5291666666666668 0.63515625 0.5291666666666668
2 0.69453125 0.43888888888888905 0.67265625 0.43888888888888905 0.67265625 0.501388888888889 0.69453125 0.501388888888889
2 0.81171875 0.45416666666666683 0.7953125 0.45416666666666683 0.7953125 0.526388888888889 0.81171875 0.526388888888889
2 0.740625 0.4430555555555557 0.7140625 0.4430555555555557 0.7140625 0.515277777777778 0.740625 0.515277777777778
2 0.775 0.38888888888888906 0.75625 0.38888888888888906 0.75625 0.43888888888888905 0.775 0.43888888888888905
2 0.8015625 0.4069444444444446 0.784375 0.4069444444444446 0.784375 0.46250000000000013 0.8015625 0.46250000000000013
2 0.8265625 0.41805555555555574 0.8140625 0.41805555555555574 0.8140625 0.4708333333333335 0.8265625 0.4708333333333335
2 0.84765625 0.3597222222222224 0.83359375 0.3597222222222224 0.83359375 0.40000000000000013 0.84765625 0.40000000000000013
2 0.74140625 0.3722222222222224 0.72578125 0.3722222222222224 0.72578125 0.4222222222222224 0.74140625 0.4222222222222224
2 0.721875 0.40000000000000013 0.709375 0.40000000000000013 0.709375 0.4500000000000002 0.721875 0.4500000000000002
2 0.7328125 0.36250000000000016 0.721875 0.36250000000000016 0.721875 0.4055555555555557 0.7328125 0.4055555555555557
2 0.80078125 0.36250000000000016 0.78515625 0.36250000000000016 0.78515625 0.40416666666666684 0.80078125 0.40416666666666684
2 0.82109375 0.3583333333333335 0.8078125 0.3583333333333335 0.8078125 0.4013888888888891 0.82109375 0.4013888888888891
0 0.31328125000000007 0.6472222222222223 0.17734375000000005 0.6472222222222223 0.17734375000000005 0.7638888888888888 0.31328125000000007 0.7638888888888888
0 0.25859375000000007 0.6111111111111112 0.13750000000000004 0.6111111111111112 0.13750000000000004 0.7111111111111111 0.25859375000000007 0.7111111111111111
0 0.63671875 0.6152777777777779 0.5453125 0.6152777777777779 0.5453125 0.7611111111111111 0.63671875 0.7611111111111111
0 0.70859375 0.5708333333333335 0.64453125 0.5708333333333335 0.64453125 0.6722222222222224 0.70859375 0.6722222222222224
0 0.596875 0.5347222222222224 0.5171875 0.5347222222222224 0.5171875 0.6458333333333335 0.596875 0.6458333333333335
0 0.60625 0.4152777777777779 0.55859375 0.4152777777777779 0.55859375 0.47361111111111126 0.60625 0.47361111111111126
0 0.61171875 0.36250000000000016 0.58046875 0.36250000000000016 0.58046875 0.40416666666666684 0.61171875 0.40416666666666684
0 0.659375 0.35555555555555574 0.6328125 0.35555555555555574 0.6328125 0.3958333333333335 0.659375 0.3958333333333335
0 0.63359375 0.3333333333333335 0.6078125 0.3333333333333335 0.6078125 0.36388888888888904 0.63359375 0.36388888888888904
0 0.67578125 0.30000000000000016 0.65625 0.30000000000000016 0.65625 0.3305555555555557 0.67578125 0.3305555555555557
0 0.7125 0.2763888888888891 0.69140625 0.2763888888888891 0.69140625 0.3097222222222224 0.7125 0.3097222222222224
0 0.6453125 0.28888888888888903 0.6296875 0.28888888888888903 0.6296875 0.3194444444444446 0.6453125 0.3194444444444446