2 0.19921875000000006 0.44305555555555554 0.15859375000000003 0.44305555555555554 0.15859375000000003 0.5958333333333333 0.19921875000000006 0.5958333333333333
2 0.28046875 0.28333333333333344 0.2546875 0.28333333333333344 0.2546875 0.375 0.28046875 0.375
2 0.8703125 0.4444444444444446 0.82265625 0.4444444444444446 0.82265625 0.5861111111111112 0.8703125 0.5861111111111112
2 0.67109375 0.22222222222222238 0.65078125 0.22222222222222238 0.65078125 0.28888888888888903 0.67109375 0.28888888888888903
2 0.640625 0.18611111111111128 0.62734375 0.18611111111111128 0.62734375 0.2444444444444446 0.640625 0.2444444444444446
2 0.5171875 0.2111111111111112 0.5 0.2111111111111112 0.5 0.2805555555555556 0.5171875 0.2805555555555556
1 0.3765625 0.19027777777777785 0.31875 0.19027777777777785 0.31875 0.31805555555555565 0.3765625 0.31805555555555565
1 0.47265625 0.10277777777777787 0.41484375 0.10277777777777786 0.41484375 0.2722222222222223 0.47265625 0.2722222222222223
0 0.32031250000000006 0.5263888888888889 0.2125 0.5263888888888889 0.21250000000000005 0.7666666666666667 0.3203125000000001 0.7666666666666667
0 0.4375 0.29027777777777786 0.37890625 0.29027777777777786 0.37890625 0.4208333333333335 0.4375 0.4208333333333335
0 0.57578125 0.24166666666666678 0.52734375 0.24166666666666675 0.52734375 0.326388888888889 0.57578125 0.32638888888888906
0 0.61640625 0.21805555555555572 0.578125 0.21805555555555572 0.578125 0.2833333333333335 0.61640625 0.2833333333333335
0 0.66796875 0.27361111111111125 0.60546875 0.27361111111111125 0.60546875 0.3708333333333335 0.66796875 0.3708333333333335
0 0.41640625 0.16666666666666674 0.3875 0.16666666666666674 0.3875 0.2250000000000001 0.41640625 0.2250000000000001