2 0.7046875 0.5194444444444446 0.65234375 0.5194444444444446 0.65234375 0.7055555555555557 0.7046875 0.7055555555555557
2 0.80390625 0.3861111111111113 0.759375 0.3861111111111113 0.759375 0.5208333333333335 0.80390625 0.5208333333333335
0 0.6 0.2527777777777779 0.53203125 0.2527777777777779 0.53203125 0.3527777777777779 0.6 0.3527777777777779
2 0.33125 0.3972222222222222 0.29765625 0.3972222222222222 0.29765625 0.5111111111111111 0.33125 0.5111111111111111
2 0.371875 0.2861111111111112 0.3453125 0.2861111111111112 0.3453125 0.376388888888889 0.371875 0.37638888888888905
2 0.2765625 0.3763888888888889 0.2453125 0.3763888888888889 0.2453125 0.48194444444444445 0.2765625 0.48194444444444445
2 0.21718750000000003 0.5680555555555555 0.16015625000000006 0.5680555555555555 0.16015625000000006 0.7416666666666667 0.2171875000000001 0.7416666666666667
2 0.12734375000000003 0.36527777777777776 0.050000000000000024 0.36527777777777776 0.050000000000000024 0.4388888888888889 0.12734375000000003 0.4388888888888889
2 0.31171875 0.23055555555555562 0.284375 0.23055555555555562 0.284375 0.31250000000000006 0.31171875 0.31250000000000006
2 0.41171875 0.24166666666666675 0.38515625 0.24166666666666675 0.38515625 0.31805555555555565 0.41171875 0.31805555555555565
2 0.38359375 0.20138888888888898 0.3578125 0.20138888888888898 0.3578125 0.2736111111111112 0.38359375 0.2736111111111112
2 0.246875 0.3611111111111111 0.2140625 0.3611111111111111 0.2140625 0.47638888888888886 0.246875 0.47638888888888886
2 0.44453125 0.23194444444444454 0.4296875 0.23194444444444454 0.4296875 0.2958333333333334 0.44453125 0.2958333333333334
2 0.40859375 0.17500000000000007 0.38828125 0.17500000000000007 0.38828125 0.23333333333333342 0.40859375 0.23333333333333342
2 0.628125 0.1819444444444446 0.6046875 0.1819444444444446 0.6046875 0.24305555555555572 0.628125 0.24305555555555572
2 0.60078125 0.19861111111111127 0.584375 0.19861111111111127 0.584375 0.2611111111111113 0.60078125 0.2611111111111113