2 0.43203125 0.4083333333333335 0.40546875 0.4083333333333335 0.40546875 0.515277777777778 0.43203125 0.515277777777778
0 0.64765625 0.5430555555555557 0.528125 0.5430555555555557 0.528125 0.7708333333333334 0.64765625 0.7708333333333334
0 0.9578125 0.6986111111111113 0.71953125 0.6986111111111113 0.71953125 0.9986111111111112 0.9578125 0.9986111111111114
0 0.725 0.4819444444444446 0.62265625 0.4819444444444446 0.62265625 0.6333333333333335 0.725 0.6333333333333335
0 0.55390625 0.36388888888888904 0.49453125 0.36388888888888904 0.49453125 0.47638888888888903 0.55390625 0.47638888888888903
0 0.5390625 0.288888888888889 0.49453125 0.288888888888889 0.49453125 0.35416666666666674 0.5390625 0.35416666666666674
0 0.35703125 0.31250000000000006 0.30390625 0.31250000000000006 0.30390625 0.41388888888888886 0.35703125 0.41388888888888886
0 0.6234375 0.3319444444444446 0.5734375 0.3319444444444446 0.5734375 0.4208333333333335 0.6234375 0.4208333333333335
0 0.57109375 0.23611111111111122 0.53125 0.2361111111111112 0.53125 0.2916666666666668 0.57109375 0.29166666666666685
0 0.71328125 0.21250000000000016 0.66796875 0.21250000000000016 0.66796875 0.26527777777777795 0.71328125 0.26527777777777795
1 0.61796875 0.16527777777777788 0.51015625 0.16527777777777788 0.51015625 0.238888888888889 0.61796875 0.23888888888888904
0 0.625 0.24861111111111128 0.584375 0.24861111111111128 0.584375 0.32222222222222235 0.625 0.32222222222222235