2 0.15937500000000004 0.4305555555555556 0.09531250000000002 0.4305555555555556 0.09531250000000004 0.5861111111111111 0.15937500000000004 0.5861111111111111
2 0.29609375 0.4263888888888889 0.246875 0.4263888888888889 0.246875 0.5972222222222222 0.29609375 0.5972222222222222
2 0.353125 0.3208333333333334 0.32109375 0.3208333333333334 0.32109375 0.4486111111111111 0.353125 0.4486111111111111
2 0.33125 0.26944444444444454 0.2890625 0.26944444444444454 0.2890625 0.36944444444444446 0.33125 0.36944444444444446
2 0.39140625 0.2527777777777779 0.36953125 0.2527777777777779 0.36953125 0.33888888888888896 0.39140625 0.33888888888888896
2 0.3640625 0.23888888888888896 0.3421875 0.23888888888888896 0.3421875 0.3069444444444445 0.3640625 0.3069444444444445
3 0.7140625 0.23888888888888904 0.5578125 0.23888888888888904 0.5578125 0.5597222222222223 0.7140625 0.5597222222222223
2 0.85546875 0.41111111111111126 0.79921875 0.41111111111111126 0.79921875 0.5388888888888891 0.85546875 0.5388888888888891
2 0.7140625 0.2305555555555557 0.67578125 0.2305555555555557 0.67578125 0.32916666666666683 0.7140625 0.32916666666666683
2 0.5859375 0.20277777777777795 0.5625 0.20277777777777795 0.5625 0.2625000000000002 0.5859375 0.2625000000000002
0 0.5546875 0.20000000000000012 0.509375 0.20000000000000007 0.509375 0.28333333333333344 0.5546875 0.2833333333333335
2 0.40625 0.19027777777777785 0.38125 0.19027777777777785 0.38125 0.2527777777777779 0.40625 0.2527777777777779
2 0.10312500000000005 0.3527777777777778 0.051562500000000025 0.3527777777777778 0.051562500000000025 0.44166666666666665 0.10312500000000005 0.44166666666666665
2 0.234375 0.25694444444444453 0.1859375 0.25694444444444453 0.1859375 0.313888888888889 0.234375 0.313888888888889
2 0.36484375 0.18194444444444452 0.34453125 0.18194444444444452 0.34453125 0.2458333333333334 0.36484375 0.2458333333333334
2 0.421875 0.25555555555555565 0.39765625 0.25555555555555565 0.39765625 0.33888888888888896 0.421875 0.33888888888888896
2 0.26796875 0.3638888888888889 0.24296875 0.3638888888888889 0.24296875 0.4777777777777778 0.26796875 0.4777777777777778