2 0.18593750000000003 0.5402777777777777 0.13281250000000006 0.5402777777777777 0.13281250000000006 0.6819444444444445 0.18593750000000003 0.6819444444444445
2 0.2890625 0.36527777777777776 0.24921875 0.36527777777777776 0.24921875 0.49027777777777776 0.2890625 0.49027777777777776
2 0.3390625 0.33888888888888896 0.3140625 0.33888888888888896 0.3140625 0.4527777777777778 0.3390625 0.4527777777777778
2 0.3953125 0.25694444444444453 0.3734375 0.25694444444444453 0.3734375 0.34583333333333344 0.3953125 0.34583333333333344
2 0.36640625 0.26527777777777783 0.34375 0.26527777777777783 0.34375 0.3361111111111112 0.36640625 0.3361111111111112
2 0.10937500000000004 0.36666666666666664 0.04843750000000002 0.36666666666666664 0.04843750000000003 0.43333333333333335 0.10937500000000004 0.43333333333333335
2 0.22890625 0.2555555555555556 0.17890625 0.25555555555555554 0.17890625 0.31111111111111117 0.22890625 0.31111111111111117
2 0.61171875 0.2972222222222224 0.578125 0.2972222222222224 0.578125 0.3861111111111113 0.61171875 0.3861111111111113
2 0.23671875 0.3472222222222223 0.20078125 0.3472222222222223 0.20078125 0.45416666666666666 0.23671875 0.45416666666666666
0 0.45859375 0.25416666666666676 0.39921875 0.25416666666666676 0.39921875 0.3708333333333335 0.45859375 0.3708333333333335
2 0.17187500000000006 0.6777777777777778 0.13515625000000003 0.6777777777777778 0.13515625000000003 0.8277777777777777 0.17187500000000006 0.8277777777777777
2 0.3046875 0.2875000000000001 0.2875 0.2875000000000001 0.2875 0.36666666666666664 0.3046875 0.36666666666666664
2 0.32890625 0.2875000000000001 0.31015625 0.2875000000000001 0.31015625 0.35555555555555557 0.32890625 0.35555555555555557
2 0.38046875 0.17638888888888896 0.3640625 0.17638888888888896 0.3640625 0.22777777777777786 0.38046875 0.22777777777777786