2 0.85234375 0.7875000000000003 0.7953125 0.7875000000000003 0.7953125 0.9486111111111114 0.85234375 0.9486111111111114
2 0.7890625 0.41666666666666685 0.7640625 0.41666666666666685 0.7640625 0.47916666666666685 0.7890625 0.47916666666666685
2 0.56640625 0.665277777777778 0.5203125 0.665277777777778 0.5203125 0.7888888888888889 0.56640625 0.7888888888888889
2 0.42265625 0.702777777777778 0.36406250000000007 0.702777777777778 0.36406250000000007 0.8444444444444444 0.42265625 0.8444444444444444
2 0.76640625 0.46527777777777796 0.7375 0.46527777777777796 0.7375 0.5430555555555557 0.76640625 0.5430555555555557
2 0.71171875 0.4194444444444446 0.6875 0.4194444444444446 0.6875 0.48611111111111127 0.71171875 0.48611111111111127
2 0.8765625 0.39166666666666683 0.85078125 0.39166666666666683 0.85078125 0.45138888888888906 0.8765625 0.45138888888888906
2 0.7421875 0.4416666666666668 0.71640625 0.4416666666666668 0.71640625 0.5097222222222224 0.7421875 0.5097222222222224
2 0.690625 0.4430555555555557 0.66171875 0.4430555555555557 0.66171875 0.5194444444444446 0.690625 0.5194444444444446
2 0.64921875 0.6375000000000002 0.60546875 0.6375000000000002 0.60546875 0.7583333333333333 0.64921875 0.7583333333333333
2 0.7578125 0.3652777777777779 0.73515625 0.3652777777777779 0.73515625 0.4194444444444446 0.7578125 0.4194444444444446
2 0.728125 0.6666666666666669 0.684375 0.6666666666666669 0.684375 0.7930555555555557 0.728125 0.7930555555555558
2 0.64453125 0.46666666666666684 0.615625 0.46666666666666684 0.615625 0.5430555555555557 0.64453125 0.5430555555555557
2 0.7265625 0.39722222222222237 0.7109375 0.39722222222222237 0.7109375 0.45416666666666683 0.7265625 0.45416666666666683
2 0.59296875 0.5944444444444446 0.553125 0.5944444444444446 0.553125 0.6986111111111113 0.59296875 0.6986111111111113
2 0.8625 0.4319444444444446 0.83515625 0.4319444444444446 0.83515625 0.4986111111111113 0.8625 0.4986111111111113
2 0.77578125 0.6388888888888891 0.73203125 0.6388888888888891 0.73203125 0.7666666666666669 0.77578125 0.7666666666666669
2 0.8203125 0.5472222222222224 0.784375 0.5472222222222224 0.784375 0.6361111111111113 0.8203125 0.6361111111111113
2 0.615625 0.5444444444444446 0.58203125 0.5444444444444446 0.58203125 0.6333333333333335 0.615625 0.6333333333333335
2 0.66171875 0.5166666666666668 0.63671875 0.5166666666666668 0.63671875 0.5972222222222224 0.66171875 0.5972222222222224
2 0.8296875 0.6194444444444446 0.79765625 0.6194444444444446 0.79765625 0.7305555555555558 0.8296875 0.7305555555555558
2 0.7203125 0.5597222222222223 0.6890625 0.5597222222222223 0.6890625 0.6444444444444446 0.7203125 0.6444444444444446
2 0.73046875 0.5222222222222224 0.7 0.5222222222222224 0.7 0.6013888888888891 0.73046875 0.6013888888888891
2 0.875 0.5180555555555557 0.8515625 0.5180555555555557 0.8515625 0.5819444444444446 0.875 0.5819444444444446
2 0.80234375 0.3861111111111113 0.78359375 0.3861111111111113 0.78359375 0.43750000000000017 0.80234375 0.43750000000000017
2 0.81875 0.4097222222222224 0.79375 0.4097222222222224 0.79375 0.4722222222222224 0.81875 0.4722222222222224
2 0.5390625 0.6069444444444446 0.50234375 0.6069444444444446 0.50234375 0.7083333333333335 0.5390625 0.7083333333333335
2 0.8609375 0.48611111111111127 0.83125 0.48611111111111127 0.83125 0.5555555555555557 0.8609375 0.5555555555555557
2 0.5921875 0.5180555555555557 0.559375 0.5180555555555557 0.559375 0.6013888888888891 0.5921875 0.6013888888888891
2 0.734375 0.6222222222222223 0.696875 0.6222222222222223 0.696875 0.7208333333333334 0.734375 0.7208333333333337
2 0.78671875 0.3652777777777779 0.765625 0.3652777777777779 0.765625 0.41805555555555574 0.78671875 0.41805555555555574
2 0.84140625 0.35416666666666685 0.8234375 0.35416666666666685 0.8234375 0.40416666666666684 0.84140625 0.40416666666666684
2 0.34453125000000007 0.8958333333333334 0.27031250000000007 0.8958333333333334 0.27031250000000007 1 0.34453125000000007 1
0 0.5984375 0.3652777777777779 0.553125 0.3652777777777779 0.553125 0.42638888888888904 0.5984375 0.42638888888888904