2 0.77734375 0.8472222222222225 0.73359375 0.8472222222222225 0.73359375 1.0000000000000002 0.77734375 1.0000000000000002
2 0.85078125 0.44583333333333347 0.83125 0.44583333333333347 0.83125 0.5083333333333335 0.85078125 0.5083333333333335
2 0.80078125 0.42638888888888904 0.7828125 0.42638888888888904 0.7828125 0.48750000000000016 0.80078125 0.48750000000000016
3 0.171875 0.004166666666666685 2.870265935501609e-19 0.004166666666666667 4.975127621536123e-18 0.1402777777777778 0.171875 0.1402777777777778
2 0.7171875 0.4944444444444446 0.68984375 0.4944444444444446 0.68984375 0.5666666666666669 0.7171875 0.5666666666666669
2 0.65390625 0.7708333333333334 0.61328125 0.7708333333333334 0.61328125 0.9097222222222222 0.65390625 0.9097222222222222
2 0.57265625 0.5055555555555558 0.5421875 0.5055555555555558 0.5421875 0.6388888888888891 0.57265625 0.6388888888888891
2 0.725 0.7430555555555556 0.696875 0.7430555555555556 0.696875 0.9097222222222222 0.725 0.9097222222222222
2 0.8265625 0.46527777777777796 0.80625 0.46527777777777796 0.80625 0.5277777777777779 0.8265625 0.5277777777777779
2 0.55546875 0.551388888888889 0.52421875 0.551388888888889 0.52421875 0.688888888888889 0.55546875 0.688888888888889
2 0.73671875 0.46250000000000013 0.709375 0.46250000000000013 0.709375 0.5597222222222223 0.73671875 0.5597222222222223
2 0.5765625 0.6013888888888891 0.55 0.6013888888888891 0.55 0.7430555555555556 0.5765625 0.7430555555555556
2 0.80546875 0.6083333333333335 0.7765625 0.6083333333333335 0.7765625 0.7111111111111115 0.80546875 0.7111111111111115
2 0.52109375 0.8763888888888889 0.4640625 0.8763888888888889 0.4640625 1 0.52109375 1
2 0.2257812500000001 0.7430555555555556 0.16015625000000006 0.7430555555555556 0.16015625000000006 0.9208333333333333 0.2257812500000001 0.9208333333333333
2 0.840625 0.5166666666666668 0.8171875 0.5166666666666668 0.8171875 0.6097222222222224 0.840625 0.6097222222222224
2 0.80546875 0.6930555555555558 0.775 0.6930555555555558 0.775 0.8347222222222226 0.80546875 0.8347222222222226
2 0.60859375 0.5486111111111113 0.5859375 0.5486111111111113 0.5859375 0.6430555555555557 0.60859375 0.6430555555555557
2 0.64140625 0.8055555555555556 0.5921875 0.8055555555555556 0.5921875 1 0.64140625 1
2 0.4859375 0.5500000000000002 0.46640625 0.5500000000000002 0.46640625 0.6388888888888891 0.4859375 0.6388888888888891
2 0.6515625 0.5291666666666668 0.628125 0.5291666666666668 0.628125 0.6180555555555557 0.6515625 0.6180555555555557
2 0.9 0.754166666666667 0.86328125 0.754166666666667 0.86328125 0.9361111111111114 0.9 0.9361111111111114
2 0.759375 0.6472222222222224 0.73359375 0.6472222222222224 0.73359375 0.7611111111111114 0.759375 0.7611111111111114
2 0.88828125 0.651388888888889 0.85390625 0.651388888888889 0.85390625 0.7722222222222226 0.88828125 0.7722222222222226
2 0.759375 0.8000000000000002 0.7125 0.8 0.7125 1.0000000000000002 0.759375 1.0000000000000002
2 0.77265625 0.47916666666666685 0.753125 0.47916666666666685 0.753125 0.5597222222222223 0.77265625 0.5597222222222223
2 0.44296875 0.6541666666666668 0.40703125 0.6541666666666668 0.40703125 0.7958333333333333 0.44296875 0.7958333333333333
2 0.2867187500000001 0.8847222222222222 0.2296875000000001 0.8847222222222222 0.2296875000000001 1 0.2867187500000001 1
0 0.30781250000000004 0.6444444444444445 0.15625000000000006 0.6444444444444445 0.15625000000000006 0.7986111111111112 0.3078125000000001 0.7986111111111112
0 0.41875 0.5402777777777779 0.34609375 0.5402777777777777 0.34609375 0.6402777777777778 0.41875 0.640277777777778
2 0.3921875000000001 0.8319444444444445 0.3164062500000001 0.8319444444444445 0.3164062500000001 1 0.3921875000000001 1
0 0.56484375 0.7055555555555557 0.45703125 0.7055555555555557 0.45703125 0.8736111111111111 0.56484375 0.8736111111111111
0 0.56796875 0.43888888888888905 0.5125 0.43888888888888905 0.5125 0.5111111111111113 0.56796875 0.5111111111111113
0 0.515625 0.4277777777777779 0.4796875 0.4277777777777779 0.4796875 0.4847222222222224 0.515625 0.4847222222222224
0 0.73125 0.5736111111111113 0.66484375 0.5736111111111113 0.66484375 0.6958333333333335 0.73125 0.6958333333333335
2 0.88203125 0.540277777777778 0.85703125 0.540277777777778 0.85703125 0.6430555555555557 0.88203125 0.6430555555555557
0 0.68125 0.4638888888888891 0.63359375 0.4638888888888891 0.63359375 0.5361111111111113 0.68125 0.5361111111111113
3 0.74765625 0.3458333333333335 0.69765625 0.3458333333333335 0.69765625 0.4555555555555557 0.74765625 0.4555555555555557
2 0.63359375 0.44722222222222235 0.615625 0.44722222222222235 0.615625 0.5125000000000002 0.63359375 0.5125000000000002
0 0.62109375 0.39027777777777795 0.5796875 0.39027777777777795 0.5796875 0.44722222222222235 0.62109375 0.44722222222222235
0 0.6828125 0.3652777777777779 0.64375 0.3652777777777779 0.64375 0.41250000000000014 0.6828125 0.41250000000000014
2 0.878125 0.37777777777777793 0.86328125 0.37777777777777793 0.86328125 0.4347222222222224 0.878125 0.4347222222222224
2 0.83984375 0.3569444444444446 0.82265625 0.3569444444444446 0.82265625 0.40416666666666684 0.83984375 0.40416666666666684
2 0.8109375 0.3527777777777779 0.796875 0.3527777777777779 0.796875 0.39861111111111125 0.8109375 0.39861111111111125
2 0.825 0.41666666666666685 0.81015625 0.41666666666666685 0.81015625 0.4694444444444446 0.825 0.4694444444444446
2 0.7703125 0.4347222222222224 0.75703125 0.4347222222222224 0.75703125 0.48750000000000016 0.7703125 0.48750000000000016
0 0.61953125 0.3388888888888891 0.59375 0.3388888888888891 0.59375 0.37777777777777793 0.61953125 0.37777777777777793
2 0.59296875 0.4833333333333335 0.5703125 0.4833333333333335 0.5703125 0.577777777777778 0.59296875 0.577777777777778
2 0.484375 0.640277777777778 0.459375 0.640277777777778 0.459375 0.7430555555555556 0.484375 0.7430555555555556
2 0.51328125 0.577777777777778 0.48359375 0.577777777777778 0.48359375 0.6680555555555557 0.51328125 0.6680555555555557
0 0.65625 0.4097222222222224 0.6109375 0.4097222222222224 0.6109375 0.47361111111111126 0.65625 0.47361111111111126