2 0.56484375 0.6736111111111113 0.51953125 0.6736111111111113 0.51953125 0.8597222222222223 0.56484375 0.8597222222222223
2 0.65 0.7527777777777778 0.60078125 0.7527777777777778 0.60078125 0.9458333333333333 0.65 0.9458333333333333
2 0.53515625 0.2861111111111112 0.50703125 0.2861111111111112 0.50703125 0.3722222222222224 0.53515625 0.3722222222222224
2 0.31796875 0.2708333333333334 0.29921875 0.2708333333333334 0.29921875 0.3625 0.31796875 0.3625
2 0.28828125 0.45694444444444443 0.24609375 0.45694444444444443 0.24609375 0.5736111111111111 0.28828125 0.5736111111111111
2 0.4 0.36388888888888904 0.37265625 0.36388888888888904 0.37265625 0.47500000000000014 0.4 0.47500000000000014
2 0.89140625 0.4500000000000002 0.815625 0.4500000000000002 0.815625 0.5583333333333335 0.89140625 0.5583333333333335
2 0.06562500000000004 0.5805555555555556 0.0023437500000000402 0.5805555555555556 0.0023437500000000454 0.7333333333333333 0.06562500000000004 0.7333333333333333
2 0.2375 0.45 0.20703125 0.45 0.20703125 0.5694444444444444 0.2375 0.5694444444444444
2 0.36484375 0.43750000000000006 0.33828125 0.4375 0.33828125 0.5736111111111112 0.36484375 0.5736111111111113
2 0.34765625 0.25694444444444453 0.33125 0.25694444444444453 0.33125 0.3333333333333334 0.34765625 0.3333333333333334
2 0.2921875 0.2958333333333334 0.26328125 0.2958333333333334 0.26328125 0.39166666666666666 0.2921875 0.39166666666666666
2 0.38125 0.3222222222222223 0.34140625 0.3222222222222223 0.34140625 0.3916666666666667 0.38125 0.39166666666666683
2 0.9390625 0.48055555555555574 0.878125 0.48055555555555574 0.878125 0.5805555555555557 0.9390625 0.5805555555555557
2 0.71015625 0.2958333333333335 0.68671875 0.2958333333333335 0.68671875 0.38472222222222235 0.71015625 0.38472222222222235
2 0.36640625 0.38055555555555565 0.3421875 0.38055555555555554 0.3421875 0.49027777777777787 0.36640625 0.4902777777777779
2 0.390625 0.2708333333333334 0.375 0.2708333333333334 0.375 0.33055555555555566 0.390625 0.33055555555555566
2 0.67890625 0.2625000000000002 0.6578125 0.2625000000000002 0.6578125 0.3430555555555557 0.67890625 0.3430555555555557
0 0.41953125 0.23333333333333342 0.3859375 0.23333333333333342 0.3859375 0.2972222222222223 0.41953125 0.2972222222222223
3 0.61015625 0.1875000000000001 0.5390625 0.18750000000000008 0.5390625 0.3402777777777779 0.61015625 0.34027777777777796
3 0.31093750000000003 0.5527777777777778 3.807886141098801e-17 0.5527777777777778 5.348262193151332e-17 1 0.3109375000000001 1
3 0.4953125 0.6097222222222223 0.33828125 0.6097222222222223 0.33828125000000003 1 0.4953125 1
1 0.47421875 0.21388888888888896 0.4328125 0.21388888888888896 0.4328125 0.3083333333333334 0.47421875 0.3083333333333334
2 0.15703125000000004 0.5527777777777778 0.12187500000000004 0.5527777777777778 0.12187500000000004 0.6333333333333333 0.15703125000000004 0.6333333333333333