2 0.246875 0.3333333333333334 0.2265625 0.3333333333333334 0.2265625 0.425 0.246875 0.425
2 0.25546875 0.4861111111111111 0.2203125 0.4861111111111111 0.2203125 0.6333333333333333 0.25546875 0.6333333333333333
2 0.07343750000000006 0.6708333333333333 0.015625000000000045 0.6708333333333333 0.015625000000000052 0.8833333333333333 0.07343750000000007 0.8833333333333333
2 0.2734375 0.39305555555555555 0.246875 0.39305555555555555 0.246875 0.5055555555555555 0.2734375 0.5055555555555555
2 0.55703125 0.251388888888889 0.54140625 0.251388888888889 0.54140625 0.31805555555555565 0.55703125 0.3180555555555557
2 0.3875 0.2222222222222223 0.371875 0.2222222222222223 0.371875 0.28333333333333344 0.3875 0.28333333333333344
2 0.290625 0.3472222222222223 0.26796875 0.3472222222222223 0.26796875 0.44027777777777777 0.290625 0.44027777777777777
2 0.33671875 0.2666666666666667 0.3234375 0.2666666666666667 0.3234375 0.32500000000000007 0.33671875 0.32500000000000007
2 0.4046875 0.18194444444444452 0.39296875 0.18194444444444452 0.39296875 0.23333333333333342 0.4046875 0.23333333333333342
2 0.07968750000000005 0.5722222222222222 0.03671875000000004 0.5722222222222222 0.03671875000000005 0.7416666666666667 0.07968750000000005 0.7416666666666667
2 0.36015625 0.22638888888888897 0.34921875 0.22638888888888897 0.34921875 0.2819444444444445 0.36015625 0.2819444444444445
2 0.3171875 0.26944444444444454 0.29921875 0.26944444444444454 0.29921875 0.3291666666666667 0.3171875 0.3291666666666667
1 0.6625 0.2458333333333335 0.59453125 0.2458333333333335 0.59453125 0.4013888888888891 0.6625 0.4013888888888891
1 0.4125 0.3083333333333334 0.30546875 0.3083333333333334 0.30546875 0.5791666666666667 0.4125 0.5791666666666668
1 0.52890625 0.16527777777777788 0.50234375 0.16527777777777788 0.50234375 0.2250000000000001 0.52890625 0.2250000000000001
2 0.425 0.1861111111111112 0.41328125 0.1861111111111112 0.41328125 0.23055555555555562 0.425 0.23055555555555562
2 0.36640625 0.20694444444444451 0.35625 0.20694444444444451 0.35625 0.2458333333333334 0.36640625 0.2458333333333334
0 0.5671875 0.17361111111111122 0.5453125 0.17361111111111122 0.5453125 0.2069444444444446 0.5671875 0.2069444444444446