2 0.25468750000000007 0.7208333333333333 0.19765625000000003 0.7208333333333333 0.19765625000000003 0.9486111111111111 0.25468750000000007 0.9486111111111111
2 0.27421875000000007 0.5763888888888888 0.2421875 0.5763888888888888 0.24218750000000006 0.7208333333333333 0.27421875000000007 0.7208333333333333
2 0.43671875 0.5680555555555558 0.396875 0.5680555555555558 0.39687500000000003 0.7208333333333333 0.43671875 0.7208333333333333
2 0.525 0.6444444444444446 0.47890625 0.6444444444444446 0.47890625 0.8097222222222222 0.525 0.8097222222222222
2 0.590625 0.8180555555555555 0.54375 0.8180555555555555 0.54375 1 0.590625 1
2 0.484375 0.4416666666666668 0.45703125 0.4416666666666668 0.45703125 0.5416666666666669 0.484375 0.5416666666666669
2 0.53359375 0.4333333333333335 0.509375 0.4333333333333335 0.509375 0.540277777777778 0.53359375 0.540277777777778
2 0.41796875 0.2847222222222223 0.40390625 0.2847222222222223 0.40390625 0.351388888888889 0.41796875 0.351388888888889
2 0.496875 0.26388888888888895 0.48203125 0.26388888888888895 0.48203125 0.3222222222222223 0.496875 0.3222222222222223
2 0.52890625 0.23055555555555562 0.515625 0.23055555555555562 0.515625 0.27777777777777785 0.52890625 0.27777777777777785
2 0.50625 0.24027777777777787 0.49609375 0.24027777777777787 0.49609375 0.2750000000000001 0.50625 0.2750000000000001
2 0.51484375 0.21527777777777785 0.5046875 0.21527777777777785 0.5046875 0.2486111111111112 0.51484375 0.2486111111111112
2 0.45546875 0.21527777777777785 0.44375 0.21527777777777785 0.44375 0.25694444444444453 0.45546875 0.25694444444444453
0 0.51015625 0.1861111111111112 0.49140625 0.1861111111111112 0.49140625 0.22361111111111118 0.51015625 0.22361111111111118