2 0.74375 0.30138888888888904 0.7171875 0.30138888888888904 0.7171875 0.39722222222222237 0.74375 0.39722222222222237
2 0.68515625 0.2347222222222224 0.66484375 0.2347222222222224 0.66484375 0.30138888888888904 0.68515625 0.30138888888888904
2 0.64296875 0.32916666666666683 0.6125 0.32916666666666683 0.6125 0.4291666666666668 0.64296875 0.4291666666666668
2 0.71484375 0.2569444444444446 0.69375 0.2569444444444446 0.69375 0.3319444444444446 0.71484375 0.3319444444444446
2 0.6625 0.24027777777777792 0.6421875 0.24027777777777792 0.6421875 0.2958333333333335 0.6625 0.2958333333333335
0 0.68359375 0.4777777777777779 0.5515625 0.4777777777777779 0.5515625 0.6986111111111113 0.68359375 0.6986111111111113
0 0.6984375 0.3180555555555557 0.63515625 0.3180555555555557 0.63515625 0.41250000000000014 0.6984375 0.41250000000000014
0 0.590625 0.32083333333333347 0.52265625 0.3208333333333334 0.52265625 0.4416666666666668 0.590625 0.4416666666666668
0 0.6546875 0.24305555555555572 0.603125 0.24305555555555572 0.603125 0.32222222222222235 0.6546875 0.32222222222222235
3 0.4140625 0.18194444444444452 0.32890625 0.18194444444444452 0.32890625 0.34166666666666673 0.4140625 0.34166666666666673
1 0.5984375 0.19305555555555567 0.5328125 0.19305555555555565 0.5328125 0.3486111111111112 0.5984375 0.34861111111111126