2 0.70546875 0.8444444444444444 0.66015625 0.8444444444444444 0.66015625 0.9694444444444444 0.70546875 0.9694444444444444
2 0.83984375 0.8180555555555559 0.7921875 0.8180555555555559 0.7921875 0.941666666666667 0.83984375 0.941666666666667
2 0.56640625 0.6972222222222224 0.51953125 0.6972222222222224 0.51953125 0.8125 0.56640625 0.8125
2 0.43671875 0.7833333333333333 0.3843750000000001 0.7833333333333333 0.3843750000000001 0.9208333333333333 0.43671875 0.9208333333333333
2 0.5765625 0.627777777777778 0.5390625 0.627777777777778 0.5390625 0.7166666666666667 0.5765625 0.7166666666666667
2 0.84765625 0.665277777777778 0.81171875 0.665277777777778 0.81171875 0.7625000000000003 0.84765625 0.7625000000000003
2 0.6140625 0.5611111111111112 0.5796875 0.5611111111111112 0.5796875 0.6444444444444446 0.6140625 0.6444444444444446
2 0.68359375 0.6555555555555557 0.64921875 0.6555555555555557 0.64921875 0.7430555555555556 0.68359375 0.7430555555555556
2 0.821875 0.48750000000000016 0.7921875 0.48750000000000016 0.7921875 0.5555555555555557 0.821875 0.5555555555555557
2 0.8375 0.5625000000000001 0.80625 0.5625000000000001 0.80625 0.6430555555555557 0.8375 0.6430555555555557
2 0.41796875 0.6875000000000001 0.37187500000000007 0.6875000000000001 0.37187500000000007 0.7986111111111112 0.41796875 0.7986111111111112
2 0.81875 0.42361111111111127 0.796875 0.42361111111111127 0.796875 0.47361111111111126 0.81875 0.47361111111111126
2 0.75703125 0.44583333333333347 0.72890625 0.44583333333333347 0.72890625 0.5138888888888891 0.75703125 0.5138888888888891
2 0.890625 0.4305555555555557 0.86171875 0.4305555555555557 0.86171875 0.5000000000000001 0.890625 0.5000000000000001
2 0.665625 0.551388888888889 0.6375 0.551388888888889 0.6375 0.627777777777778 0.665625 0.627777777777778
2 0.8609375 0.4013888888888891 0.8359375 0.4013888888888891 0.8359375 0.46527777777777796 0.8609375 0.46527777777777796
2 0.80078125 0.5847222222222224 0.76875 0.5847222222222224 0.76875 0.6722222222222224 0.80078125 0.6722222222222224
2 0.784375 0.6666666666666669 0.74921875 0.6666666666666669 0.74921875 0.7611111111111114 0.784375 0.7611111111111114
2 0.7609375 0.626388888888889 0.728125 0.626388888888889 0.728125 0.7152777777777781 0.7609375 0.7152777777777781
2 0.69453125 0.48611111111111127 0.66796875 0.48611111111111127 0.66796875 0.5541666666666668 0.69453125 0.5541666666666668
2 0.79453125 0.3791666666666668 0.77421875 0.3791666666666668 0.77421875 0.4319444444444446 0.79453125 0.4319444444444446
2 0.809375 0.4444444444444446 0.78671875 0.4444444444444446 0.78671875 0.5041666666666669 0.809375 0.5041666666666669
2 0.8609375 0.5333333333333334 0.8296875 0.5333333333333334 0.8296875 0.6125000000000002 0.8609375 0.6125000000000002
2 0.76171875 0.35555555555555574 0.7421875 0.35555555555555574 0.7421875 0.4055555555555557 0.76171875 0.4055555555555557
2 0.678125 0.7847222222222222 0.640625 0.7847222222222222 0.640625 0.8916666666666667 0.678125 0.8916666666666667
2 0.70859375 0.515277777777778 0.684375 0.515277777777778 0.684375 0.5805555555555557 0.70859375 0.5805555555555557
2 0.7046875 0.6000000000000002 0.675 0.6000000000000002 0.675 0.6833333333333335 0.7046875 0.6833333333333335
2 0.3265625000000001 0.9013888888888889 0.2601562500000001 0.9013888888888889 0.2601562500000001 1 0.3265625000000001 1
0 0.4578125 0.4680555555555557 0.3734375 0.4680555555555557 0.3734375 0.565277777777778 0.4578125 0.565277777777778
0 0.5859375 0.42361111111111127 0.52734375 0.42361111111111127 0.52734375 0.5041666666666669 0.5859375 0.5041666666666669
0 0.609375 0.35416666666666685 0.58125 0.35416666666666685 0.58125 0.40416666666666684 0.609375 0.40416666666666684
0 0.634375 0.3166666666666668 0.60625 0.3166666666666668 0.60625 0.3597222222222224 0.634375 0.3597222222222224
0 0.57578125 0.3861111111111113 0.53671875 0.3861111111111113 0.53671875 0.4347222222222224 0.57578125 0.4347222222222224
0 0.715625 0.31388888888888905 0.68359375 0.31388888888888905 0.68359375 0.36250000000000016 0.715625 0.36250000000000016
3 0.665625 0.3722222222222224 0.58359375 0.3722222222222224 0.58359375 0.5486111111111113 0.665625 0.5486111111111113