3 0.39062500000000006 0.44444444444444453 0.253125 0.4444444444444444 0.25312500000000004 0.7236111111111111 0.3906250000000001 0.7236111111111111
2 0.17031250000000003 0.3013888888888889 0.15078125 0.3013888888888889 0.15078125000000003 0.36527777777777776 0.17031250000000003 0.36527777777777776
2 0.221875 0.2875000000000001 0.2 0.2875000000000001 0.2 0.36944444444444446 0.221875 0.36944444444444446
2 0.44765625 0.25555555555555565 0.42109375 0.25555555555555565 0.42109375 0.2944444444444445 0.44765625 0.2944444444444445
2 0.37578125 0.24305555555555564 0.34296875 0.24305555555555564 0.34296875 0.27638888888888896 0.37578125 0.27638888888888896
0 0.32578125 0.23333333333333342 0.2828125 0.23333333333333342 0.2828125 0.2944444444444445 0.32578125 0.2944444444444445
0 0.2 0.22083333333333338 0.16328125 0.22083333333333333 0.16328125 0.2666666666666667 0.2 0.2666666666666667
0 0.31171875 0.18888888888888897 0.26953125 0.18888888888888897 0.26953125 0.23888888888888896 0.31171875 0.23888888888888896
0 0.2296875 0.1833333333333334 0.19921875 0.1833333333333334 0.19921875 0.22361111111111118 0.2296875 0.22361111111111118
2 0.71328125 0.2763888888888891 0.69140625 0.2763888888888891 0.69140625 0.32916666666666683 0.71328125 0.32916666666666683
2 0.51953125 0.2111111111111112 0.4984375 0.2111111111111112 0.4984375 0.2472222222222223 0.51953125 0.2472222222222223
2 0.62890625 0.2069444444444446 0.60390625 0.2069444444444446 0.60390625 0.2444444444444446 0.62890625 0.2444444444444446
1 1 0.27777777777777796 0.5078125 0.27777777777777785 0.5078125 0.9694444444444446 1 0.9694444444444448