2 0.06250000000000006 0.6513888888888889 0.009375000000000045 0.6513888888888889 0.009375000000000052 0.8541666666666666 0.06250000000000007 0.8541666666666666
2 0.23046875 0.4638888888888889 0.19687500000000005 0.4638888888888889 0.19687500000000005 0.6 0.23046875 0.6
2 0.2890625 0.3888888888888889 0.2625 0.3888888888888889 0.2625 0.5041666666666667 0.2890625 0.5041666666666667
2 0.19765625000000003 0.6027777777777777 0.15156250000000004 0.6027777777777777 0.15156250000000004 0.7916666666666666 0.19765625000000003 0.7916666666666666
2 0.62265625 0.20277777777777795 0.60859375 0.20277777777777795 0.60859375 0.26388888888888906 0.62265625 0.26388888888888906
2 0.32890625 0.2722222222222223 0.309375 0.2722222222222223 0.309375 0.34027777777777785 0.32890625 0.34027777777777785
2 0.41953125 0.21388888888888896 0.4078125 0.21388888888888896 0.4078125 0.2750000000000001 0.41953125 0.2750000000000001
2 0.37890625 0.21388888888888896 0.36640625 0.21388888888888896 0.36640625 0.26805555555555566 0.37890625 0.26805555555555566
2 0.43125 0.16111111111111118 0.4203125 0.16111111111111118 0.4203125 0.21527777777777785 0.43125 0.21527777777777785
0 0.4515625 0.3236111111111112 0.40078125 0.3236111111111112 0.40078125 0.4361111111111113 0.4515625 0.4361111111111113
0 0.4 0.28333333333333344 0.3578125 0.28333333333333344 0.3578125 0.34583333333333344 0.4 0.34583333333333344
0 0.47265625 0.19583333333333341 0.440625 0.19583333333333341 0.440625 0.2583333333333334 0.47265625 0.2583333333333334
1 0.83671875 0.5805555555555557 0.5859375 0.5805555555555557 0.5859375 1.0000000000000002 0.83671875 1.0000000000000002
1 0.60546875 0.25833333333333347 0.53046875 0.2583333333333334 0.53046875 0.4333333333333335 0.60546875 0.4333333333333335
1 0.5609375 0.14722222222222234 0.50859375 0.14722222222222234 0.50859375 0.2527777777777779 0.5609375 0.25277777777777793