2 0.7390625 0.34861111111111126 0.71875 0.34861111111111126 0.71875 0.43750000000000017 0.7390625 0.43750000000000017
2 0.415625 0.23055555555555562 0.4015625 0.23055555555555562 0.4015625 0.3000000000000001 0.415625 0.3000000000000001
2 0.3859375 0.25694444444444453 0.36796875 0.25694444444444453 0.36796875 0.3333333333333334 0.3859375 0.3333333333333334
2 0.33515625 0.2583333333333334 0.31796875 0.2583333333333334 0.31796875 0.3361111111111112 0.33515625 0.3361111111111112
2 0.39453125 0.20694444444444451 0.3828125 0.20694444444444451 0.3828125 0.26527777777777783 0.39453125 0.26527777777777783
2 0.66796875 0.28750000000000014 0.65234375 0.28750000000000014 0.65234375 0.35416666666666685 0.66796875 0.35416666666666685
2 0.64296875 0.24722222222222237 0.63203125 0.24722222222222237 0.63203125 0.30000000000000016 0.64296875 0.30000000000000016
2 0.41015625 0.16805555555555562 0.39921875 0.16805555555555562 0.39921875 0.2111111111111112 0.41015625 0.2111111111111112
0 0.79140625 0.4777777777777779 0.68359375 0.4777777777777779 0.68359375 0.627777777777778 0.79140625 0.627777777777778
1 0.6578125 0.28750000000000014 0.5234375 0.2875000000000001 0.5234375 0.6013888888888891 0.6578125 0.6013888888888891
3 0.62109375 0.22361111111111126 0.5796875 0.22361111111111126 0.5796875 0.3041666666666668 0.62109375 0.3041666666666668