2 0.43359375 0.3486111111111112 0.384375 0.3486111111111112 0.384375 0.4430555555555557 0.43359375 0.4430555555555557
2 0.37500000000000006 0.5361111111111112 0.29921875 0.5361111111111111 0.29921875000000003 0.6625000000000001 0.3750000000000001 0.6625000000000002
2 0.76484375 0.40000000000000013 0.696875 0.40000000000000013 0.696875 0.5069444444444446 0.76484375 0.5069444444444446
2 0.6765625 0.4083333333333335 0.615625 0.4083333333333335 0.615625 0.515277777777778 0.6765625 0.515277777777778
2 0.5921875 0.2958333333333335 0.56953125 0.2958333333333335 0.56953125 0.39027777777777795 0.5921875 0.39027777777777795
2 0.3875 0.426388888888889 0.32578125 0.4263888888888889 0.32578125 0.5277777777777779 0.3875 0.5277777777777779
2 0.84921875 0.5347222222222224 0.78203125 0.5347222222222224 0.78203125 0.6430555555555557 0.84921875 0.6430555555555557
2 0.8921875 0.4958333333333335 0.81875 0.4958333333333335 0.81875 0.5972222222222224 0.8921875 0.5972222222222224
2 0.6984375 0.3250000000000002 0.66875 0.3250000000000002 0.66875 0.4194444444444446 0.6984375 0.4194444444444446
2 0.440625 0.2736111111111112 0.421875 0.2736111111111112 0.421875 0.351388888888889 0.440625 0.351388888888889
2 0.84921875 0.43750000000000017 0.78203125 0.43750000000000017 0.78203125 0.5388888888888891 0.84921875 0.5388888888888891
2 0.33515625 0.4152777777777778 0.28046875 0.4152777777777778 0.28046875 0.5111111111111111 0.33515625 0.5111111111111111
2 0.38671875 0.3361111111111112 0.34296875 0.3361111111111112 0.34296875 0.4194444444444445 0.38671875 0.4194444444444446
2 0.55390625 0.37500000000000017 0.496875 0.37500000000000017 0.496875 0.47638888888888903 0.55390625 0.47638888888888903
2 0.46484375 0.2583333333333334 0.446875 0.2583333333333334 0.446875 0.33194444444444454 0.46484375 0.33194444444444454
2 0.049218750000000026 0.35694444444444445 2.458861151413045e-17 0.35694444444444445 2.702833755930682e-17 0.42777777777777776 0.04921875000000003 0.42777777777777776
2 0.5515625 0.25972222222222235 0.5265625 0.2597222222222223 0.5265625 0.33194444444444454 0.5515625 0.3319444444444446
2 0.353125 0.251388888888889 0.3328125 0.251388888888889 0.3328125 0.3222222222222223 0.353125 0.3222222222222223
2 0.28046875 0.32638888888888895 0.24140625 0.32638888888888895 0.24140625 0.39166666666666666 0.28046875 0.39166666666666666
2 0.5484375 0.3486111111111112 0.52265625 0.3486111111111112 0.52265625 0.4083333333333335 0.5484375 0.4083333333333335
2 0.5171875 0.37777777777777793 0.45546875 0.37777777777777793 0.45546875 0.46527777777777796 0.5171875 0.46527777777777796
2 0.56953125 0.26666666666666683 0.55390625 0.26666666666666683 0.55390625 0.32916666666666683 0.56953125 0.32916666666666683
2 0.50703125 0.313888888888889 0.4640625 0.313888888888889 0.4640625 0.39166666666666683 0.50703125 0.39166666666666683
0 0.2093750000000001 0.8305555555555556 0.06796875000000006 0.8305555555555556 0.06796875000000006 0.9972222222222222 0.2093750000000001 0.9972222222222222
0 0.07031250000000004 0.5486111111111112 3.7791834817437855e-17 0.5486111111111112 4.381939328199123e-17 0.7236111111111111 0.07031250000000004 0.7236111111111111
0 0.41953125 0.2472222222222223 0.38125 0.2472222222222223 0.38125 0.3222222222222223 0.41953125 0.3222222222222223
0 0.29609375 0.37777777777777777 0.13828125000000005 0.37777777777777777 0.13828125000000005 0.4986111111111111 0.29609375 0.4986111111111111
1 0.4828125 0.13611111111111124 0.4546875 0.13611111111111124 0.4546875 0.2111111111111112 0.4828125 0.2111111111111112
2 0.4140625 0.31805555555555565 0.371875 0.31805555555555565 0.371875 0.37777777777777793 0.4140625 0.37777777777777793
2 0.503125 0.29027777777777786 0.47890625 0.29027777777777786 0.47890625 0.3430555555555556 0.503125 0.3430555555555556
2 0.80390625 0.3944444444444446 0.76015625 0.3944444444444446 0.76015625 0.47638888888888903 0.80390625 0.47638888888888903