2 0.11562500000000005 0.3680555555555556 0.04921875000000002 0.3680555555555556 0.049218750000000026 0.4375 0.11562500000000005 0.4375
2 0.23828125 0.26527777777777783 0.18125 0.2652777777777778 0.18125 0.3027777777777778 0.23828125 0.30277777777777787
2 0.73046875 0.39166666666666683 0.69140625 0.39166666666666683 0.69140625 0.5041666666666669 0.73046875 0.5041666666666669
0 0.4671875 0.2875000000000001 0.403125 0.2875000000000001 0.403125 0.42361111111111127 0.4671875 0.42361111111111127
2 0.31015625 0.3222222222222223 0.25703125 0.3222222222222223 0.25703125 0.43472222222222223 0.31015625 0.43472222222222223
2 0.3359375 0.2361111111111112 0.29921875 0.2361111111111112 0.29921875 0.31805555555555565 0.3359375 0.31805555555555565
2 0.40625 0.19166666666666674 0.38828125 0.19166666666666674 0.38828125 0.25694444444444453 0.40625 0.25694444444444453
2 0.53828125 0.2347222222222223 0.50234375 0.2347222222222223 0.50234375 0.3083333333333334 0.53828125 0.3083333333333334
0 0.46875 0.1972222222222223 0.4296875 0.1972222222222223 0.4296875 0.2750000000000001 0.46875 0.2750000000000001
2 0.43203125 0.17916666666666675 0.4125 0.17916666666666675 0.4125 0.23055555555555562 0.43203125 0.23055555555555562
2 0.634375 0.2208333333333335 0.615625 0.2208333333333335 0.615625 0.28611111111111126 0.634375 0.28611111111111126
2 0.66875 0.21388888888888904 0.65234375 0.21388888888888904 0.65234375 0.27361111111111125 0.66875 0.27361111111111125