2 0.325 0.32777777777777783 0.29453125 0.32777777777777783 0.29453125 0.42916666666666664 0.325 0.42916666666666664
2 0.26875 0.3361111111111112 0.2390625 0.3361111111111112 0.2390625 0.4236111111111111 0.26875 0.4236111111111111
2 0.22421875 0.4861111111111111 0.17656250000000004 0.4861111111111111 0.17656250000000004 0.6069444444444444 0.22421875 0.6069444444444444
0 0.63671875 0.32222222222222235 0.575 0.32222222222222235 0.575 0.42638888888888904 0.63671875 0.42638888888888904
2 0.7203125 0.3708333333333335 0.68828125 0.3708333333333335 0.68828125 0.48055555555555574 0.7203125 0.48055555555555574
2 0.66015625 0.25277777777777793 0.63828125 0.25277777777777793 0.63828125 0.3166666666666668 0.66015625 0.3166666666666668
2 0.5640625 0.27500000000000013 0.5421875 0.2750000000000001 0.5421875 0.33611111111111125 0.5640625 0.33611111111111125
2 0.5765625 0.24722222222222237 0.56171875 0.24722222222222237 0.56171875 0.2847222222222224 0.5765625 0.2847222222222224
0 0.57421875 0.17361111111111122 0.53984375 0.17361111111111122 0.53984375 0.22777777777777788 0.57421875 0.22777777777777794
2 0.5953125 0.16527777777777788 0.58515625 0.16527777777777788 0.58515625 0.21111111111111128 0.5953125 0.21111111111111128
2 0.36953125 0.2111111111111112 0.353125 0.2111111111111112 0.353125 0.2708333333333334 0.36953125 0.2708333333333334
2 0.4 0.18194444444444452 0.3859375 0.18194444444444452 0.3859375 0.23750000000000007 0.4 0.23750000000000007
1 0.47890625 0.10833333333333343 0.41875 0.1083333333333334 0.41875 0.2527777777777779 0.47890625 0.2527777777777779