2 0.34609375 0.24444444444444452 0.33046875 0.24444444444444452 0.33046875 0.31805555555555565 0.34609375 0.31805555555555565
2 0.63515625 0.22638888888888906 0.62265625 0.22638888888888906 0.62265625 0.2847222222222224 0.63515625 0.2847222222222224
2 0.15937500000000004 0.5166666666666667 0.12421875000000004 0.5166666666666667 0.12421875000000004 0.6541666666666667 0.15937500000000004 0.6541666666666667
2 0.6921875 0.3027777777777779 0.671875 0.3027777777777779 0.671875 0.3819444444444446 0.6921875 0.3819444444444446
2 0.36640625 0.2805555555555556 0.3484375 0.2805555555555556 0.3484375 0.3625000000000001 0.36640625 0.36250000000000016
2 0.43046875 0.17777777777777787 0.41796875 0.17777777777777787 0.41796875 0.22777777777777786 0.43046875 0.22777777777777786
0 0.41484375 0.23333333333333342 0.38359375 0.23333333333333342 0.38359375 0.301388888888889 0.41484375 0.301388888888889
0 0.46953125 0.22777777777777786 0.43046875 0.22777777777777786 0.43046875 0.30277777777777787 0.46953125 0.30277777777777787
0 0.6109375 0.22361111111111126 0.5796875 0.22361111111111126 0.5796875 0.29166666666666685 0.6109375 0.29166666666666685
3 0.32656250000000003 0.4486111111111111 0.16406250000000006 0.4486111111111111 0.16406250000000006 0.8083333333333333 0.3265625000000001 0.8083333333333333
1 0.934375 0.4097222222222224 0.53359375 0.4097222222222224 0.53359375 1.0000000000000002 0.934375 1.0000000000000002
1 0.578125 0.25416666666666676 0.5265625 0.25416666666666676 0.5265625 0.3791666666666668 0.578125 0.3791666666666668
1 0.48359375 0.1291666666666668 0.4578125 0.1291666666666668 0.4578125 0.1847222222222223 0.48359375 0.1847222222222223