2 0.16484375 0.19583333333333333 0.14765625 0.19583333333333333 0.14765625 0.24305555555555555 0.16484375 0.24305555555555555
2 0.14140625 0.15833333333333338 0.12734375 0.15833333333333338 0.12734375 0.20277777777777778 0.14140625 0.20277777777777778
2 0.9109375 0.5180555555555557 0.8734375 0.5180555555555557 0.8734375 0.6472222222222224 0.9109375 0.6472222222222224
2 0.48828125 0.20555555555555563 0.46015625 0.20555555555555563 0.46015625 0.24166666666666675 0.48828125 0.24166666666666675
1 0.403125 0.16666666666666674 0.3109375 0.16666666666666674 0.3109375 0.2472222222222223 0.403125 0.2472222222222223
0 0.25546875 0.20000000000000007 0.2203125 0.20000000000000007 0.2203125 0.24444444444444452 0.25546875 0.24444444444444452
3 0.78515625 0.713888888888889 0.53515625 0.7138888888888889 0.53515625 1.0000000000000002 0.78515625 1.0000000000000002
0 0.634375 0.48888888888888904 0.54375 0.48888888888888904 0.54375 0.6694444444444446 0.634375 0.6694444444444446
3 0.60234375 0.23472222222222233 0.5125 0.2347222222222223 0.5125 0.5041666666666669 0.60234375 0.5041666666666669
3 0.68359375 0.25833333333333347 0.60234375 0.25833333333333347 0.60234375 0.45416666666666683 0.68359375 0.45416666666666683
3 0.7015625 0.18472222222222237 0.62578125 0.18472222222222237 0.62578125 0.27500000000000013 0.7015625 0.27500000000000013