2 0.55703125 0.8 0.49921875 0.8 0.49921875 0.9861111111111112 0.55703125 0.9861111111111112
2 0.9421875 0.6930555555555558 0.8921875 0.6930555555555558 0.8921875 0.879166666666667 0.9421875 0.879166666666667
2 0.2625 0.3638888888888889 0.2328125 0.3638888888888889 0.2328125 0.4486111111111111 0.2625 0.4486111111111111
2 0.346875 0.3819444444444444 0.31953125 0.3819444444444444 0.31953125 0.49027777777777776 0.346875 0.49027777777777776
2 0.8671875 0.6305555555555558 0.82109375 0.6305555555555558 0.82109375 0.804166666666667 0.8671875 0.804166666666667
2 0.20234375 0.37222222222222223 0.14375000000000004 0.37222222222222223 0.14375000000000004 0.4791666666666667 0.20234375 0.4791666666666667
2 0.30781250000000004 0.5458333333333333 0.27265625 0.5458333333333333 0.27265625000000004 0.7208333333333333 0.3078125000000001 0.7208333333333333
2 0.7296875 0.3861111111111113 0.70234375 0.3861111111111113 0.70234375 0.4902777777777779 0.7296875 0.4902777777777779
2 0.74609375 0.5958333333333334 0.71171875 0.5958333333333334 0.71171875 0.7458333333333335 0.74609375 0.7458333333333337
2 0.25546875 0.5652777777777778 0.22109375 0.5652777777777778 0.22109375000000003 0.7194444444444444 0.2554687500000001 0.7194444444444444
2 0.30390625 0.3097222222222223 0.28125 0.3097222222222223 0.28125 0.3972222222222222 0.30390625 0.3972222222222222
2 0.6359375 0.36111111111111127 0.6 0.36111111111111127 0.6 0.4583333333333335 0.6359375 0.4583333333333335
2 0.67890625 0.38888888888888906 0.65 0.38888888888888906 0.65 0.48611111111111127 0.67890625 0.48611111111111127
2 0.309375 0.47638888888888886 0.27890625 0.47638888888888886 0.27890625 0.5944444444444444 0.309375 0.5944444444444444
2 0.6984375 0.32222222222222235 0.6703125 0.32222222222222235 0.6703125 0.41388888888888903 0.6984375 0.41388888888888903
2 0.3375 0.34166666666666673 0.3234375 0.34166666666666673 0.3234375 0.3958333333333333 0.3375 0.3958333333333333
0 0.43359375 0.651388888888889 0.32500000000000007 0.6513888888888889 0.32500000000000007 0.9180555555555555 0.43359375 0.9180555555555555
0 0.68984375 0.3236111111111113 0.5953125 0.3236111111111113 0.5953125 0.39861111111111125 0.68984375 0.39861111111111125
0 0.39609375 0.26250000000000007 0.359375 0.26250000000000007 0.359375 0.33194444444444454 0.39609375 0.33194444444444454
1 0.71015625 0.4486111111111113 0.56015625 0.4486111111111113 0.56015625 0.8138888888888889 0.71015625 0.8138888888888889
1 0.5796875 0.25972222222222235 0.509375 0.2597222222222223 0.509375 0.4097222222222224 0.5796875 0.4097222222222224
1 0.46328125 0.2805555555555556 0.421875 0.2805555555555556 0.421875 0.3666666666666668 0.46328125 0.3666666666666668
2 0.61328125 0.2166666666666668 0.5625 0.2166666666666668 0.5625 0.3166666666666668 0.61328125 0.3166666666666668
2 0.2421875 0.3486111111111112 0.21328125 0.3486111111111112 0.21328125 0.425 0.2421875 0.425