0 0.684375 0.526388888888889 0.56875 0.526388888888889 0.56875 0.7361111111111112 0.684375 0.7361111111111112
2 0.8328125 0.676388888888889 0.7625 0.676388888888889 0.7625 0.8152777777777781 0.8328125 0.8152777777777781
2 0.8109375 0.41250000000000014 0.7703125 0.41250000000000014 0.7703125 0.515277777777778 0.8109375 0.515277777777778
2 0.72890625 0.32083333333333347 0.696875 0.32083333333333347 0.696875 0.4222222222222224 0.72890625 0.4222222222222224
2 0.7625 0.3305555555555557 0.728125 0.3305555555555557 0.728125 0.41111111111111126 0.7625 0.41111111111111126
0 0.35625000000000007 0.49444444444444446 0.246875 0.49444444444444446 0.24687500000000004 0.7180555555555556 0.35625000000000007 0.7180555555555556
2 0.2054687500000001 0.7 0.15078125000000003 0.7 0.15078125000000003 0.8875 0.2054687500000001 0.8875
2 0.13281250000000006 0.6 0.08593750000000004 0.6 0.08593750000000004 0.7194444444444444 0.13281250000000006 0.7194444444444444
2 0.18515625000000005 0.45694444444444443 0.15156250000000004 0.45694444444444443 0.15156250000000004 0.5291666666666667 0.18515625000000005 0.5291666666666667
2 0.27734375 0.32777777777777783 0.24921875 0.32777777777777783 0.24921875 0.40555555555555556 0.27734375 0.40555555555555556
2 0.3453125 0.3083333333333334 0.31875 0.3083333333333334 0.31875 0.3972222222222222 0.3453125 0.3972222222222222
0 0.44765625 0.3152777777777779 0.38203125 0.3152777777777779 0.38203125 0.44027777777777793 0.44765625 0.44027777777777793
2 0.10703125000000005 0.37777777777777777 0.04921875000000002 0.37777777777777777 0.049218750000000026 0.4388888888888889 0.10703125000000005 0.4388888888888889
2 0.22890625 0.26250000000000007 0.18984375 0.26250000000000007 0.18984375 0.31250000000000006 0.22890625 0.31250000000000006
2 0.32578125 0.25416666666666676 0.30546875 0.25416666666666676 0.30546875 0.33055555555555566 0.32578125 0.33055555555555566
0 0.41640625 0.2361111111111112 0.36953125 0.2361111111111112 0.36953125 0.3083333333333334 0.41640625 0.3083333333333334
2 0.6453125 0.21388888888888904 0.6203125 0.21388888888888904 0.6203125 0.29861111111111127 0.6453125 0.29861111111111127
2 0.68359375 0.2305555555555557 0.6625 0.2305555555555557 0.6625 0.3180555555555557 0.68359375 0.3180555555555557
2 0.271875 0.4083333333333333 0.2484375 0.4083333333333333 0.2484375 0.4986111111111111 0.271875 0.4986111111111111
2 0.35859375 0.22638888888888897 0.34140625 0.22638888888888897 0.34140625 0.2986111111111112 0.35859375 0.2986111111111112
2 0.340625 0.23055555555555562 0.3203125 0.23055555555555562 0.3203125 0.3000000000000001 0.340625 0.3000000000000001