2 0.21640625000000008 0.6486111111111111 0.16406250000000006 0.6486111111111111 0.16406250000000006 0.8069444444444445 0.21640625000000008 0.8069444444444445
2 0.2906250000000001 0.825 0.2312500000000001 0.825 0.2312500000000001 0.9861111111111112 0.2906250000000001 0.9861111111111112
2 0.86171875 0.5583333333333335 0.8171875 0.5583333333333335 0.8171875 0.7083333333333335 0.86171875 0.7083333333333335
2 0.36640625000000004 0.5541666666666667 0.3296875 0.5541666666666667 0.3296875 0.7097222222222223 0.3664062500000001 0.7097222222222224
2 0.98984375 0.7250000000000003 0.9390625 0.7250000000000003 0.9390625 0.8902777777777781 0.98984375 0.8902777777777781
2 0.6390625 0.3736111111111113 0.61796875 0.3736111111111113 0.61796875 0.4819444444444446 0.6390625 0.4819444444444446
2 0.27734375000000006 0.5375 0.228125 0.5375 0.22812500000000005 0.6638888888888889 0.2773437500000001 0.6638888888888889
2 0.86640625 0.7097222222222224 0.81328125 0.7097222222222224 0.81328125 0.8861111111111114 0.86640625 0.8861111111111114
2 0.35 0.43472222222222223 0.3234375 0.43472222222222223 0.3234375 0.55 0.35 0.55
2 0.56484375 0.3722222222222224 0.5171875 0.3722222222222224 0.5171875 0.46527777777777796 0.56484375 0.46527777777777796
2 0.04687500000000004 0.5666666666666667 0.015625000000000038 0.5666666666666667 0.015625000000000045 0.7208333333333333 0.04687500000000004 0.7208333333333333
2 0.15859375000000003 0.3486111111111111 0.10859375000000004 0.3486111111111111 0.10859375000000004 0.43333333333333335 0.15859375000000003 0.43333333333333335
2 0.6984375 0.4347222222222224 0.671875 0.4347222222222224 0.671875 0.551388888888889 0.6984375 0.551388888888889
2 0.5828125 0.25138888888888905 0.5625 0.25138888888888905 0.5625 0.32083333333333347 0.5828125 0.32083333333333347
2 0.640625 0.31527777777777793 0.61953125 0.31527777777777793 0.61953125 0.39722222222222237 0.640625 0.39722222222222237
2 0.20468750000000005 0.5638888888888889 0.16562500000000005 0.5638888888888889 0.16562500000000005 0.6944444444444444 0.20468750000000008 0.6944444444444444
2 0.93125 0.7194444444444448 0.8734375 0.7194444444444448 0.8734375 0.8750000000000003 0.93125 0.8750000000000003
2 0.37578125 0.3722222222222223 0.35546875 0.37222222222222223 0.35546875 0.47777777777777786 0.37578125 0.4777777777777779
2 0.7296875 0.41111111111111126 0.70234375 0.41111111111111126 0.70234375 0.5138888888888891 0.7296875 0.5138888888888891
2 0.79375 0.44027777777777793 0.759375 0.44027777777777793 0.759375 0.5472222222222224 0.79375 0.5472222222222224
2 0.5921875 0.3166666666666668 0.56484375 0.3166666666666668 0.56484375 0.39027777777777795 0.5921875 0.39027777777777795
2 0.3171875 0.4527777777777778 0.29296875 0.4527777777777778 0.29296875 0.5819444444444445 0.3171875 0.5819444444444445
2 0.5265625 0.20277777777777786 0.50859375 0.20277777777777786 0.50859375 0.25694444444444453 0.5265625 0.25694444444444453
2 0.7609375 0.5569444444444446 0.715625 0.5569444444444446 0.715625 0.7083333333333335 0.7609375 0.7083333333333335
2 0.7 0.3527777777777779 0.66484375 0.3527777777777779 0.66484375 0.43750000000000017 0.7 0.43750000000000017
2 0.7765625 0.5958333333333334 0.74296875 0.5958333333333334 0.74296875 0.7486111111111114 0.7765625 0.7486111111111114
2 0.375 0.4736111111111112 0.3515625 0.4736111111111111 0.3515625 0.5958333333333334 0.375 0.5958333333333334
2 0.27734375 0.4027777777777778 0.2484375 0.4027777777777778 0.2484375 0.5055555555555555 0.27734375 0.5055555555555555
2 0.18359375000000006 0.5041666666666667 0.14843750000000006 0.5041666666666667 0.14843750000000006 0.6208333333333333 0.18359375000000006 0.6208333333333333
2 0.61328125 0.27777777777777796 0.59609375 0.27777777777777796 0.59609375 0.3444444444444446 0.61328125 0.3444444444444446
2 0.671875 0.28888888888888903 0.65078125 0.28888888888888903 0.65078125 0.36388888888888904 0.671875 0.36388888888888904
2 0.9296875 0.8861111111111114 0.87109375 0.8861111111111114 0.87109375 1.0000000000000002 0.9296875 1.0000000000000002
2 0.55078125 0.2152777777777779 0.534375 0.21527777777777785 0.534375 0.27222222222222237 0.55078125 0.27222222222222237
2 0.4046875 0.3680555555555557 0.384375 0.3680555555555557 0.384375 0.47916666666666685 0.4046875 0.47916666666666685
2 0.017187500000000026 0.3541666666666667 2.4397260451763677e-17 0.3541666666666667 2.7219688621673595e-17 0.4361111111111111 0.01718750000000003 0.4361111111111111
2 0.7953125 0.5083333333333335 0.75625 0.5083333333333335 0.75625 0.6375000000000002 0.7953125 0.6375000000000002
0 0.28515625 0.46111111111111114 0.14453125000000006 0.46111111111111114 0.14453125000000006 0.5861111111111111 0.28515625 0.5861111111111111
0 0.8171875 0.7222222222222224 0.6578125 0.7222222222222222 0.6578125 0.9819444444444446 0.8171875 0.9819444444444447
0 0.46328125 0.23194444444444454 0.421875 0.23194444444444454 0.421875 0.3333333333333334 0.46328125 0.3333333333333334
3 0.36953125 0.2819444444444445 0.290625 0.2819444444444445 0.290625 0.3972222222222223 0.36953125 0.39722222222222237
1 0.49375 0.3680555555555557 0.3734375 0.3680555555555557 0.37343750000000003 0.7069444444444446 0.49375 0.7069444444444446
1 0.40546875 0.1486111111111112 0.378125 0.1486111111111112 0.378125 0.2208333333333334 0.40546875 0.2208333333333334