2 0.8671875 0.45972222222222237 0.815625 0.45972222222222237 0.815625 0.5763888888888891 0.8671875 0.5763888888888891
1 0.58125 0.19722222222222235 0.49375 0.1972222222222223 0.49375 0.4680555555555557 0.58125 0.4680555555555557
3 0.64765625 0.20000000000000015 0.590625 0.20000000000000015 0.590625 0.33611111111111125 0.64765625 0.33611111111111125
3 0.715625 0.17916666666666684 0.63515625 0.17916666666666684 0.63515625 0.2763888888888891 0.715625 0.2763888888888891
2 0.715625 0.26527777777777795 0.6984375 0.26527777777777795 0.6984375 0.3305555555555557 0.715625 0.3305555555555557
1 0.45546875 0.16805555555555565 0.37265625 0.16805555555555562 0.37265625 0.251388888888889 0.45546875 0.251388888888889
2 0.4734375 0.20416666666666675 0.4515625 0.20416666666666675 0.4515625 0.2472222222222223 0.4734375 0.2472222222222223
2 0.16484375 0.25972222222222224 0.13125 0.25972222222222224 0.13125 0.3111111111111111 0.16484375 0.3111111111111111
0 0.28203125 0.23750000000000007 0.24140625 0.23750000000000007 0.24140625 0.30555555555555564 0.28203125 0.30555555555555564
1 0.246875 0.19166666666666674 0.20703125 0.19166666666666674 0.20703125 0.26805555555555566 0.246875 0.26805555555555566
1 0.20859375 0.12777777777777782 0.1265625 0.12777777777777782 0.1265625 0.21805555555555559 0.20859375 0.21805555555555564