2 0.89140625 0.7361111111111114 0.834375 0.7361111111111114 0.834375 0.9180555555555558 0.89140625 0.9180555555555558
2 0.2578125000000001 0.6861111111111111 0.18750000000000006 0.6861111111111111 0.18750000000000006 0.85 0.2578125000000001 0.85
2 0.11328125000000004 0.475 0.06562500000000002 0.475 0.06562500000000003 0.5930555555555556 0.11328125000000004 0.5930555555555556
2 0.31171875 0.38055555555555554 0.28671875 0.38055555555555554 0.28671875 0.49027777777777776 0.31171875 0.49027777777777776
2 0.09765625000000004 0.5652777777777778 0.04687500000000004 0.5652777777777778 0.04687500000000004 0.6972222222222222 0.09765625000000004 0.6972222222222222
2 0.265625 0.48194444444444445 0.2390625 0.48194444444444445 0.2390625 0.6152777777777778 0.265625 0.6152777777777778
2 0.63671875 0.2333333333333335 0.61953125 0.2333333333333335 0.61953125 0.31388888888888905 0.63671875 0.31388888888888905
2 0.7703125 0.7000000000000002 0.7171875 0.7000000000000002 0.7171875 0.8666666666666668 0.7703125 0.866666666666667
2 0.76171875 0.4097222222222224 0.73125 0.4097222222222224 0.73125 0.5236111111111112 0.76171875 0.5236111111111112
2 0.7359375 0.5722222222222224 0.703125 0.5722222222222224 0.703125 0.713888888888889 0.7359375 0.7138888888888892
2 0.70234375 0.4486111111111113 0.675 0.4486111111111113 0.675 0.5708333333333335 0.70234375 0.5708333333333335
2 0.80546875 0.8513888888888892 0.7359375 0.8513888888888892 0.7359375 0.9930555555555559 0.80546875 0.9930555555555559
2 0.31718750000000007 0.5138888888888888 0.28515625 0.5138888888888888 0.28515625000000006 0.6611111111111111 0.31718750000000007 0.6611111111111111
2 0.428125 0.44027777777777793 0.4015625 0.44027777777777793 0.4015625 0.5708333333333335 0.428125 0.5708333333333335
2 0.21953125000000004 0.5763888888888888 0.16562500000000005 0.5763888888888888 0.16562500000000005 0.7194444444444444 0.2195312500000001 0.7194444444444444
2 0.85546875 0.5472222222222224 0.82109375 0.5472222222222224 0.82109375 0.6916666666666669 0.85546875 0.6916666666666669
2 0.68203125 0.3708333333333335 0.653125 0.3708333333333335 0.653125 0.47500000000000014 0.68203125 0.47500000000000014
2 0.41171875 0.2972222222222223 0.39140625 0.2972222222222223 0.39140625 0.38472222222222235 0.41171875 0.38472222222222235
2 0.3921875 0.4208333333333335 0.36796875 0.4208333333333335 0.36796875 0.5333333333333334 0.3921875 0.5333333333333334
2 0.659375 0.31527777777777793 0.63828125 0.31527777777777793 0.63828125 0.3944444444444446 0.659375 0.3944444444444446
2 0.63984375 0.4333333333333335 0.6109375 0.4333333333333335 0.6109375 0.5597222222222223 0.63984375 0.5597222222222223
2 0.5890625 0.22222222222222238 0.5734375 0.22222222222222238 0.5734375 0.28750000000000014 0.5890625 0.28750000000000014
2 0.65625 0.3736111111111113 0.63046875 0.3736111111111113 0.63046875 0.4777777777777779 0.65625 0.4777777777777779
2 0.9453125 0.8958333333333337 0.87109375 0.8958333333333337 0.87109375 1.0000000000000002 0.9453125 1.0000000000000002
2 0.3515625 0.34027777777777785 0.3265625 0.34027777777777785 0.3265625 0.4013888888888889 0.3515625 0.4013888888888889
2 0.29140625 0.30277777777777787 0.271875 0.30277777777777787 0.271875 0.38472222222222224 0.29140625 0.38472222222222224
2 0.39453125 0.36250000000000016 0.36953125 0.36250000000000016 0.36953125 0.45277777777777795 0.39453125 0.45277777777777795
2 0.83046875 0.6208333333333335 0.79765625 0.6208333333333335 0.79765625 0.7763888888888892 0.83046875 0.7763888888888892
2 0.80390625 0.6430555555555557 0.76640625 0.6430555555555557 0.76640625 0.8111111111111114 0.80390625 0.8111111111111114
2 0.36953125 0.35277777777777786 0.34765625 0.35277777777777786 0.34765625 0.4236111111111112 0.36953125 0.42361111111111127
2 0.43671875 0.3861111111111113 0.41640625 0.3861111111111113 0.41640625 0.48611111111111127 0.43671875 0.48611111111111127
2 0.8015625 0.6694444444444446 0.76796875 0.6694444444444446 0.76796875 0.8375000000000004 0.8015625 0.8375000000000004
2 0.31875 0.2958333333333334 0.2984375 0.2958333333333334 0.2984375 0.3611111111111111 0.31875 0.3611111111111111
0 0.41953125 0.19305555555555565 0.3859375 0.19305555555555565 0.3859375 0.26388888888888895 0.41953125 0.26388888888888895
0 0.4734375 0.25694444444444453 0.43359375 0.25694444444444453 0.43359375 0.34027777777777785 0.4734375 0.34027777777777785
0 0.58125 0.18611111111111128 0.55078125 0.18611111111111128 0.55078125 0.23888888888888904 0.58125 0.23888888888888904
1 0.5265625 0.11805555555555568 0.4921875 0.11805555555555568 0.4921875 0.20555555555555563 0.5265625 0.20555555555555563
1 0.4796875 0.16944444444444454 0.4375 0.16944444444444454 0.4375 0.28333333333333344 0.4796875 0.28333333333333344
2 0.2765625 0.3291666666666667 0.2578125 0.3291666666666667 0.2578125 0.4027777777777778 0.2765625 0.4027777777777778