2 0.56015625 0.7791666666666667 0.51640625 0.7791666666666667 0.51640625 0.9875 0.56015625 0.9875
2 0.321875 0.5805555555555556 0.28671875 0.5805555555555556 0.28671875 0.7513888888888889 0.3218750000000001 0.7513888888888889
2 0.3234375 0.5 0.29375 0.5 0.29375 0.6083333333333333 0.3234375 0.6083333333333333
2 0.46875 0.6430555555555557 0.434375 0.6430555555555557 0.434375 0.7902777777777777 0.46875 0.7902777777777777
2 0.41328125 0.35277777777777786 0.39140625 0.35277777777777786 0.39140625 0.4444444444444446 0.41328125 0.4444444444444446
2 0.4375 0.33055555555555566 0.42109375 0.33055555555555566 0.42109375 0.41666666666666685 0.4375 0.41666666666666685
2 0.39296875 0.3097222222222223 0.37734375 0.3097222222222223 0.37734375 0.37638888888888905 0.39296875 0.37638888888888905
2 0.46875 0.42500000000000016 0.4453125 0.42500000000000016 0.4453125 0.5222222222222224 0.46875 0.5222222222222224
2 0.4921875 0.5000000000000001 0.46328125 0.5000000000000001 0.46328125 0.6180555555555557 0.4921875 0.6180555555555557
2 0.54140625 0.47500000000000014 0.5203125 0.47500000000000014 0.5203125 0.5847222222222224 0.54140625 0.5847222222222224
2 0.5328125 0.288888888888889 0.5171875 0.288888888888889 0.5171875 0.36250000000000016 0.5328125 0.36250000000000016