2 0.94140625 0.7222222222222225 0.84140625 0.7222222222222225 0.84140625 0.9305555555555559 0.94140625 0.9305555555555559
2 0.80859375 0.48750000000000016 0.76328125 0.48750000000000016 0.76328125 0.6250000000000001 0.80859375 0.6250000000000001
2 0.78515625 0.4083333333333335 0.7453125 0.4083333333333335 0.7453125 0.4986111111111113 0.78515625 0.4986111111111113
2 0.753125 0.3027777777777779 0.72265625 0.3027777777777779 0.72265625 0.3805555555555557 0.753125 0.3805555555555557
2 0.09062500000000002 0.35694444444444445 0.04140625000000002 0.35694444444444445 0.041406250000000026 0.43333333333333335 0.09062500000000002 0.43333333333333335
2 0.35390625 0.2458333333333334 0.334375 0.2458333333333334 0.334375 0.31250000000000006 0.35390625 0.31250000000000006
2 0.40078125 0.21666666666666676 0.37265625 0.21666666666666676 0.37265625 0.33194444444444454 0.40078125 0.33194444444444454
2 0.45625 0.2472222222222223 0.4359375 0.2472222222222223 0.4359375 0.31111111111111117 0.45625 0.31111111111111117
2 0.6796875 0.23611111111111127 0.66015625 0.23611111111111127 0.66015625 0.30138888888888904 0.6796875 0.30138888888888904
0 0.696875 0.5916666666666668 0.5390625 0.5916666666666668 0.5390625 0.8541666666666666 0.696875 0.8541666666666666
0 0.63359375 0.4194444444444446 0.53359375 0.4194444444444446 0.53359375 0.5666666666666669 0.63359375 0.5666666666666669
0 0.71015625 0.3236111111111113 0.640625 0.3236111111111113 0.640625 0.4319444444444446 0.71015625 0.4319444444444446
1 0.609375 0.2666666666666668 0.53046875 0.2666666666666667 0.53046875 0.41666666666666685 0.609375 0.41666666666666685
0 0.64765625 0.22500000000000014 0.57890625 0.22500000000000014 0.57890625 0.30138888888888904 0.64765625 0.30138888888888904
0 0.56640625 0.21944444444444455 0.50859375 0.21944444444444453 0.50859375 0.3055555555555557 0.56640625 0.3055555555555557
2 0.25703125 0.48194444444444445 0.21328125 0.48194444444444445 0.21328125 0.6194444444444445 0.25703125 0.6194444444444445