2 0.97734375 0.6916666666666669 0.92421875 0.6916666666666669 0.92421875 0.866666666666667 0.97734375 0.866666666666667
2 0.80625 0.4708333333333335 0.7765625 0.4708333333333335 0.7765625 0.5916666666666668 0.80625 0.5916666666666668
2 0.7703125 0.3875000000000002 0.74921875 0.3875000000000002 0.74921875 0.4777777777777779 0.7703125 0.4777777777777779
2 0.71953125 0.3250000000000002 0.69921875 0.3250000000000002 0.69921875 0.40416666666666684 0.71953125 0.40416666666666684
2 0.6765625 0.26388888888888906 0.66015625 0.26388888888888906 0.66015625 0.3305555555555557 0.6765625 0.3305555555555557
0 0.75234375 0.42638888888888904 0.66328125 0.42638888888888904 0.66328125 0.5527777777777779 0.75234375 0.5527777777777779
0 0.6671875 0.32777777777777795 0.6078125 0.32777777777777795 0.6078125 0.42500000000000016 0.6671875 0.42500000000000016
1 0.7125 0.4430555555555557 0.55546875 0.4430555555555557 0.55546875 0.7972222222222223 0.7125 0.7972222222222223
1 0.58984375 0.1777777777777779 0.5234375 0.17777777777777787 0.5234375 0.33194444444444454 0.58984375 0.3319444444444446
1 0.6046875 0.29583333333333345 0.52265625 0.2958333333333334 0.52265625 0.4638888888888891 0.6046875 0.4638888888888891
1 0.48671875 0.138888888888889 0.4578125 0.138888888888889 0.4578125 0.20138888888888898 0.48671875 0.20138888888888898
0 0.6359375 0.28611111111111126 0.60234375 0.28611111111111126 0.60234375 0.32916666666666683 0.6359375 0.32916666666666683
2 0.6359375 0.21805555555555572 0.6203125 0.21805555555555572 0.6203125 0.26527777777777795 0.6359375 0.26527777777777795
0 0.6296875 0.25138888888888905 0.584375 0.25138888888888905 0.584375 0.29166666666666685 0.6296875 0.29166666666666685