2 0.71171875 0.41388888888888903 0.6875 0.41388888888888903 0.6875 0.4833333333333335 0.71171875 0.4833333333333335
2 0.79921875 0.45277777777777795 0.77109375 0.45277777777777795 0.77109375 0.5277777777777779 0.79921875 0.5277777777777779
2 0.8453125 0.5083333333333335 0.81796875 0.5083333333333335 0.81796875 0.5847222222222224 0.8453125 0.5847222222222224
2 0.45 0.6333333333333335 0.40234375 0.6333333333333335 0.40234375 0.7625 0.45 0.7625
2 0.84765625 0.7180555555555559 0.803125 0.7180555555555559 0.803125 0.8513888888888892 0.84765625 0.8513888888888892
2 0.3648437500000001 0.6527777777777779 0.3179687500000001 0.6527777777777778 0.3179687500000001 0.7805555555555556 0.3648437500000001 0.7805555555555556
2 0.66328125 0.43888888888888905 0.63515625 0.43888888888888905 0.63515625 0.515277777777778 0.66328125 0.515277777777778
2 0.86484375 0.48055555555555574 0.83984375 0.48055555555555574 0.83984375 0.5555555555555557 0.86484375 0.5555555555555557
2 0.7828125 0.6958333333333335 0.7421875 0.6958333333333335 0.7421875 0.8236111111111114 0.7828125 0.8236111111111114
2 0.57890625 0.6500000000000001 0.5359375 0.6500000000000001 0.5359375 0.7708333333333334 0.57890625 0.7708333333333334
2 0.88203125 0.4194444444444446 0.85703125 0.4194444444444446 0.85703125 0.48611111111111127 0.88203125 0.48611111111111127
2 0.75859375 0.4013888888888891 0.73671875 0.4013888888888891 0.73671875 0.4638888888888891 0.75859375 0.4638888888888891
2 0.71875 0.7041666666666668 0.6796875 0.7041666666666668 0.6796875 0.8291666666666667 0.71875 0.8291666666666667
2 0.2617187500000001 0.8555555555555555 0.18203125000000003 0.8555555555555555 0.18203125000000006 0.9833333333333333 0.2617187500000001 0.9833333333333333
2 0.84453125 0.4416666666666668 0.82578125 0.4416666666666668 0.82578125 0.502777777777778 0.84453125 0.502777777777778
2 0.90546875 0.8583333333333336 0.85078125 0.8583333333333336 0.85078125 0.9847222222222225 0.90546875 0.9847222222222225
2 0.8359375 0.39722222222222237 0.81875 0.39722222222222237 0.81875 0.44722222222222235 0.8359375 0.44722222222222235
2 0.590625 0.46666666666666684 0.56875 0.46666666666666684 0.56875 0.5472222222222224 0.590625 0.5472222222222224
2 0.7984375 0.4069444444444446 0.7765625 0.4069444444444446 0.7765625 0.46250000000000013 0.7984375 0.46250000000000013
2 0.803125 0.8861111111111114 0.75 0.8861111111111114 0.75 0.991666666666667 0.803125 0.991666666666667
2 0.73828125 0.41388888888888903 0.72109375 0.41388888888888903 0.72109375 0.47916666666666685 0.73828125 0.47916666666666685
2 0.87265625 0.37777777777777793 0.8515625 0.37777777777777793 0.8515625 0.4319444444444446 0.87265625 0.4319444444444446
2 0.525 0.6458333333333335 0.4859375 0.6458333333333335 0.4859375 0.7486111111111111 0.525 0.7486111111111111
2 0.778125 0.3722222222222224 0.759375 0.3722222222222224 0.759375 0.42638888888888904 0.778125 0.42638888888888904
2 0.73828125 0.3527777777777779 0.72265625 0.3527777777777779 0.72265625 0.4069444444444446 0.73828125 0.4069444444444446
2 0.86171875 0.9013888888888892 0.81640625 0.9013888888888892 0.81640625 0.9944444444444448 0.86171875 0.9944444444444448
2 0.73046875 0.3791666666666668 0.7125 0.3791666666666668 0.7125 0.4305555555555557 0.73046875 0.4305555555555557
2 0.85625 0.5750000000000002 0.825 0.5750000000000002 0.825 0.6569444444444446 0.85625 0.6569444444444446
2 0.2953125000000001 0.8791666666666667 0.22265625000000008 0.8791666666666667 0.22265625000000008 0.9875 0.2953125000000001 0.9875
2 0.63359375 0.5291666666666668 0.6078125 0.5291666666666668 0.6078125 0.6166666666666668 0.63359375 0.6166666666666668
2 0.7609375 0.3694444444444446 0.74375 0.3694444444444446 0.74375 0.41666666666666685 0.7609375 0.41666666666666685
0 0.5328125 0.7347222222222223 0.4265625 0.7347222222222223 0.4265625 0.9111111111111111 0.5328125 0.9111111111111111
0 0.26953125000000006 0.5833333333333334 0.15546875000000004 0.5833333333333334 0.15546875000000004 0.7013888888888888 0.2695312500000001 0.7013888888888888
0 0.62265625 0.8291666666666667 0.52421875 0.8291666666666667 0.52421875 0.9861111111111112 0.62265625 0.9861111111111112
0 0.08828125000000006 0.7958333333333333 5.482207936808073e-17 0.7958333333333333 6.051477347349226e-17 0.9611111111111111 0.08828125000000006 0.9611111111111111
0 0.53984375 0.5500000000000002 0.4640625 0.5500000000000002 0.4640625 0.676388888888889 0.53984375 0.676388888888889
0 0.6921875 0.5763888888888891 0.61484375 0.5763888888888891 0.61484375 0.7069444444444446 0.6921875 0.7069444444444446
0 0.47578125 0.44583333333333347 0.40703125 0.44583333333333347 0.40703125 0.5333333333333334 0.47578125 0.5333333333333334
0 0.61328125 0.39166666666666683 0.56953125 0.39166666666666683 0.56953125 0.4555555555555557 0.61328125 0.4555555555555557
0 0.4953125 0.48750000000000016 0.4359375 0.48750000000000016 0.4359375 0.5763888888888891 0.4953125 0.5763888888888891
0 0.58046875 0.3666666666666668 0.5390625 0.3666666666666668 0.5390625 0.4291666666666668 0.58046875 0.4291666666666668
0 0.64296875 0.4902777777777779 0.5859375 0.4902777777777779 0.5859375 0.577777777777778 0.64296875 0.577777777777778