2 0.61953125 0.5333333333333334 0.56953125 0.5333333333333334 0.56953125 0.6916666666666669 0.61953125 0.6916666666666669
2 0.71953125 0.3708333333333335 0.68046875 0.3708333333333335 0.68046875 0.48055555555555574 0.71953125 0.48055555555555574
2 0.73984375 0.33750000000000013 0.71328125 0.33750000000000013 0.71328125 0.40416666666666684 0.73984375 0.40416666666666684
2 0.73359375 0.2819444444444446 0.70546875 0.2819444444444446 0.70546875 0.3527777777777779 0.73359375 0.3527777777777779
2 0.70546875 0.2819444444444446 0.6875 0.2819444444444446 0.6875 0.33750000000000013 0.70546875 0.33750000000000013
2 0.68828125 0.2694444444444446 0.665625 0.2694444444444446 0.665625 0.3250000000000002 0.68828125 0.3250000000000002
2 0.64375 0.24722222222222237 0.6234375 0.24722222222222237 0.6234375 0.3069444444444446 0.64375 0.3069444444444446
2 0.62578125 0.24861111111111128 0.6 0.24861111111111128 0.6 0.2972222222222224 0.62578125 0.2972222222222224
2 0.675 0.2611111111111113 0.6453125 0.2611111111111113 0.6453125 0.3236111111111113 0.675 0.3236111111111113
0 0.59140625 0.24166666666666678 0.528125 0.24166666666666675 0.528125 0.34444444444444455 0.59140625 0.3444444444444446
2 0.26953125 0.3958333333333333 0.23359375 0.3958333333333333 0.23359375 0.5125 0.26953125 0.5125
2 0.346875 0.2666666666666667 0.303125 0.2666666666666667 0.303125 0.3430555555555556 0.346875 0.3430555555555556
2 0.10781250000000005 0.3680555555555556 0.05234375000000002 0.3680555555555556 0.05234375000000002 0.44583333333333336 0.10781250000000005 0.44583333333333336
2 0.228125 0.2666666666666667 0.1875 0.2666666666666667 0.1875 0.30555555555555564 0.228125 0.30555555555555564
2 0.59765625 0.24166666666666684 0.58125 0.24166666666666684 0.58125 0.30000000000000016 0.59765625 0.30000000000000016
2 0.38515625 0.1625000000000001 0.37109375 0.1625000000000001 0.37109375 0.21527777777777785 0.38515625 0.21527777777777785