2 0.08671875000000004 0.40694444444444444 0.05078125000000002 0.40694444444444444 0.050781250000000035 0.5194444444444445 0.08671875000000004 0.5194444444444445
2 0.91015625 0.5333333333333334 0.86328125 0.5333333333333334 0.86328125 0.6597222222222224 0.91015625 0.6597222222222224
0 0.7296875 0.4958333333333335 0.62265625 0.4958333333333335 0.62265625 0.6638888888888891 0.7296875 0.6638888888888891
0 0.55859375 0.31666666666666676 0.51015625 0.31666666666666676 0.51015625 0.41388888888888903 0.55859375 0.41388888888888903
0 0.64140625 0.3527777777777779 0.58984375 0.3527777777777779 0.58984375 0.4444444444444446 0.64140625 0.4444444444444446
0 0.60625 0.27222222222222237 0.57109375 0.27222222222222237 0.57109375 0.3444444444444446 0.60625 0.3444444444444446
3 0.64453125 0.2305555555555557 0.596875 0.2305555555555557 0.596875 0.31527777777777793 0.64453125 0.31527777777777793
2 0.70859375 0.24722222222222237 0.6921875 0.24722222222222237 0.6921875 0.29861111111111127 0.70859375 0.29861111111111127
0 0.58203125 0.20000000000000012 0.51875 0.20000000000000007 0.51875 0.24861111111111123 0.58203125 0.24861111111111128
1 0.41796875 0.14166666666666675 0.28671875 0.14166666666666675 0.28671875 0.25555555555555565 0.41796875 0.25555555555555565
2 0.46015625 0.21666666666666676 0.4375 0.21666666666666676 0.4375 0.2597222222222223 0.46015625 0.2597222222222223
2 0.20703125 0.23750000000000004 0.17890625 0.2375 0.17890625 0.28472222222222227 0.20703125 0.2847222222222223