2 0.15156250000000004 0.6888888888888889 0.10625000000000004 0.6888888888888889 0.10625000000000004 0.8819444444444444 0.15156250000000004 0.8819444444444444
2 0.3140625 0.5513888888888889 0.28515625 0.5513888888888889 0.28515625000000006 0.7166666666666667 0.3140625000000001 0.7166666666666667
2 0.31171875 0.4013888888888889 0.2875 0.4013888888888889 0.2875 0.5291666666666667 0.31171875 0.5291666666666667
2 0.965625 0.6777777777777779 0.9171875 0.6777777777777779 0.9171875 0.8319444444444447 0.965625 0.8319444444444447
2 0.8671875 0.6416666666666668 0.81171875 0.6416666666666668 0.81171875 0.7847222222222225 0.8671875 0.7847222222222225
2 0.846875 0.515277777777778 0.815625 0.515277777777778 0.815625 0.6347222222222224 0.846875 0.6347222222222224
2 0.3765625 0.4805555555555556 0.35078125 0.48055555555555557 0.35078125 0.6152777777777778 0.3765625 0.6152777777777779
2 0.775 0.5944444444444446 0.73515625 0.5944444444444446 0.73515625 0.7305555555555558 0.775 0.7305555555555558
2 0.81953125 0.5527777777777779 0.7828125 0.5527777777777779 0.7828125 0.6833333333333335 0.81953125 0.6833333333333335
2 0.71171875 0.3861111111111113 0.684375 0.3861111111111113 0.684375 0.48888888888888904 0.71171875 0.48888888888888904
2 0.25390625000000006 0.5472222222222223 0.21875 0.5472222222222223 0.21875000000000006 0.7125 0.2539062500000001 0.7125
2 0.92578125 0.41666666666666685 0.86328125 0.41666666666666685 0.86328125 0.515277777777778 0.92578125 0.515277777777778
2 0.790625 0.48611111111111127 0.76328125 0.48611111111111127 0.76328125 0.6083333333333335 0.790625 0.6083333333333335
2 0.6 0.21111111111111128 0.5828125 0.21111111111111128 0.5828125 0.27500000000000013 0.6 0.27500000000000013
2 0.3109375 0.3236111111111112 0.28515625 0.3236111111111112 0.28515625 0.4152777777777778 0.3109375 0.4152777777777778
2 0.76875 0.37777777777777793 0.7328125 0.37777777777777793 0.7328125 0.4680555555555557 0.76875 0.4680555555555557
2 0.99375 0.8597222222222225 0.9453125 0.8597222222222225 0.9453125 1.0000000000000002 0.99375 1.0000000000000002
2 0.3640625 0.39305555555555566 0.34296875 0.39305555555555555 0.34296875 0.5083333333333334 0.3640625 0.5083333333333335
2 0.30234375 0.4722222222222222 0.27734375 0.4722222222222222 0.27734375 0.5944444444444444 0.30234375 0.5944444444444444
2 0.64140625 0.3083333333333335 0.61875 0.3083333333333335 0.61875 0.39861111111111125 0.64140625 0.39861111111111125
2 0.2625 0.33194444444444454 0.23203125 0.33194444444444454 0.23203125 0.43333333333333335 0.2625 0.43333333333333335
2 0.6890625 0.33750000000000013 0.665625 0.33750000000000013 0.665625 0.4305555555555557 0.6890625 0.4305555555555557
2 0.4046875 0.3666666666666668 0.38203125 0.3666666666666668 0.38203125 0.47361111111111126 0.4046875 0.47361111111111126
2 0.7265625 0.31527777777777793 0.69765625 0.31527777777777793 0.69765625 0.40000000000000013 0.7265625 0.40000000000000013
2 0.225 0.3763888888888889 0.19609375000000004 0.3763888888888889 0.19609375000000004 0.475 0.225 0.475
2 0.371875 0.3597222222222223 0.35 0.3597222222222222 0.35 0.4583333333333334 0.371875 0.4583333333333335
2 0.24609375 0.4486111111111111 0.2171875 0.4486111111111111 0.2171875 0.5652777777777778 0.24609375 0.5652777777777778
2 0.6796875 0.27222222222222237 0.659375 0.27222222222222237 0.659375 0.3444444444444446 0.6796875 0.3444444444444446
2 0.7828125 0.44027777777777793 0.7515625 0.44027777777777793 0.7515625 0.540277777777778 0.7828125 0.540277777777778
2 0.54140625 0.176388888888889 0.52421875 0.176388888888889 0.52421875 0.22916666666666674 0.54140625 0.22916666666666674
2 0.6171875 0.32638888888888906 0.596875 0.32638888888888906 0.596875 0.4152777777777779 0.6171875 0.4152777777777779
2 0.33203125 0.2611111111111112 0.3140625 0.2611111111111112 0.3140625 0.3375000000000001 0.33203125 0.3375000000000001
0 0.3703125 0.2972222222222223 0.32578125 0.2972222222222223 0.32578125 0.38194444444444453 0.3703125 0.3819444444444446
0 0.753125 0.4722222222222224 0.65625 0.4722222222222224 0.65625 0.6041666666666669 0.753125 0.6041666666666669
0 0.459375 0.22638888888888897 0.425 0.22638888888888897 0.425 0.2930555555555556 0.459375 0.2930555555555556
0 0.475 0.16527777777777788 0.44765625 0.16527777777777786 0.44765625 0.23333333333333342 0.475 0.23333333333333342
1 0.65546875 0.41388888888888903 0.55 0.41388888888888903 0.55 0.651388888888889 0.65546875 0.651388888888889
1 0.47421875 0.2944444444444445 0.4078125 0.2944444444444445 0.4078125 0.5208333333333335 0.47421875 0.5208333333333335
2 0.6890625 0.8347222222222223 0.68828125 0.8347222222222223 0.68828125 0.8472222222222222 0.6890625 0.8472222222222222