2 0.23046875 0.33611111111111114 0.18046875000000004 0.33611111111111114 0.18046875000000004 0.425 0.23046875 0.425
2 0.2539062500000001 0.6486111111111111 0.2101562500000001 0.6486111111111111 0.2101562500000001 0.8333333333333334 0.2539062500000001 0.8333333333333334
2 0.940625 0.8458333333333337 0.86640625 0.8458333333333337 0.86640625 0.9958333333333337 0.940625 0.9958333333333337
2 0.2375 0.4736111111111111 0.2046875 0.4736111111111111 0.2046875 0.6152777777777778 0.2375 0.6152777777777778
2 0.7265625 0.46250000000000013 0.6984375 0.46250000000000013 0.6984375 0.6000000000000002 0.7265625 0.6000000000000002
2 0.40390625 0.4902777777777779 0.37109375 0.4902777777777779 0.37109375 0.6333333333333335 0.40390625 0.6333333333333335
2 0.62421875 0.32916666666666683 0.60078125 0.32916666666666683 0.60078125 0.42638888888888904 0.62421875 0.42638888888888904
2 0.76171875 0.5833333333333335 0.72265625 0.5833333333333335 0.72265625 0.727777777777778 0.76171875 0.7277777777777781
2 0.9015625 0.4152777777777779 0.8375 0.4152777777777779 0.8375 0.5138888888888891 0.9015625 0.5138888888888891
2 0.4390625 0.2222222222222223 0.42421875 0.2222222222222223 0.42421875 0.2861111111111112 0.4390625 0.2861111111111112
2 0.325 0.2722222222222223 0.3046875 0.2722222222222223 0.3046875 0.35277777777777786 0.325 0.35277777777777786
2 0.66796875 0.2958333333333335 0.6484375 0.2958333333333335 0.6484375 0.38333333333333347 0.66796875 0.38333333333333347
2 0.575 0.24861111111111128 0.55390625 0.24861111111111128 0.55390625 0.3250000000000002 0.575 0.3250000000000002
2 0.33828125 0.4083333333333333 0.2875 0.4083333333333333 0.2875 0.5125 0.33828125 0.5125
2 0.48046875 0.251388888888889 0.4609375 0.251388888888889 0.4609375 0.3236111111111112 0.48046875 0.3236111111111112
2 0.415625 0.19861111111111118 0.4 0.19861111111111118 0.4 0.25416666666666676 0.415625 0.25416666666666676
2 0.3546875 0.26805555555555566 0.3359375 0.26805555555555566 0.3359375 0.3486111111111112 0.3546875 0.3486111111111112
2 0.5828125 0.20138888888888903 0.56640625 0.20138888888888903 0.56640625 0.25833333333333347 0.5828125 0.25833333333333347
2 0.37421875 0.2208333333333334 0.36328125 0.2208333333333334 0.36328125 0.2750000000000001 0.37421875 0.2750000000000001
2 0.59296875 0.2611111111111113 0.57265625 0.2611111111111113 0.57265625 0.32916666666666683 0.59296875 0.32916666666666683
2 0.68046875 0.26388888888888906 0.65859375 0.26388888888888906 0.65859375 0.33750000000000013 0.68046875 0.33750000000000013
2 0.7203125 0.4097222222222224 0.69453125 0.4097222222222224 0.69453125 0.5138888888888891 0.7203125 0.5138888888888891
2 0.6109375 0.23750000000000016 0.5953125 0.23750000000000016 0.5953125 0.29861111111111127 0.6109375 0.29861111111111127
0 0.54453125 0.18055555555555566 0.50859375 0.18055555555555564 0.50859375 0.2500000000000001 0.54453125 0.25000000000000017
0 0.15078125000000003 0.43333333333333335 0.018750000000000027 0.43333333333333335 0.018750000000000034 0.55 0.15078125000000003 0.55
0 0.5875 0.5611111111111112 0.42578125 0.5611111111111112 0.42578125 0.7861111111111111 0.5875 0.7861111111111111