0 0.7328125 0.7263888888888891 0.55234375 0.7263888888888889 0.55234375 0.9986111111111112 0.7328125 0.9986111111111114
0 0.721875 0.45416666666666683 0.6265625 0.45416666666666683 0.6265625 0.6125000000000002 0.721875 0.6125000000000002
0 0.565625 0.36111111111111127 0.490625 0.36111111111111127 0.490625 0.48750000000000016 0.565625 0.48750000000000016
0 0.62421875 0.2763888888888891 0.58125 0.2763888888888891 0.58125 0.3472222222222224 0.62421875 0.3472222222222224
0 0.9921875 0.540277777777778 0.884375 0.540277777777778 0.884375 0.7180555555555559 0.9921875 0.7180555555555559
0 0.62578125 0.32083333333333347 0.58203125 0.32083333333333347 0.58203125 0.3805555555555557 0.62578125 0.3805555555555557
0 0.63125 0.3569444444444446 0.57578125 0.3569444444444446 0.57578125 0.4555555555555557 0.63125 0.4555555555555557
0 0.62578125 0.2541666666666668 0.58515625 0.2541666666666668 0.58515625 0.3097222222222224 0.62578125 0.3097222222222224
3 0.875 0.5208333333333335 0.66484375 0.5208333333333335 0.66484375 0.8805555555555558 0.875 0.8805555555555559
3 0.63125 0.3583333333333335 0.5765625 0.3583333333333335 0.5765625 0.4555555555555557 0.63125 0.4555555555555557
3 0.70859375 0.20138888888888903 0.659375 0.20138888888888903 0.659375 0.2625000000000002 0.70859375 0.2625000000000002
1 0.63046875 0.15138888888888902 0.53125 0.15138888888888902 0.53125 0.25416666666666676 0.63046875 0.2541666666666668