1 0.65546875 0.3472222222222223 0.53515625 0.3472222222222223 0.53515625 0.6361111111111113 0.65546875 0.6361111111111113
2 0.7671875 0.3041666666666668 0.73046875 0.3041666666666668 0.73046875 0.3930555555555557 0.7671875 0.3930555555555557
2 0.70859375 0.2680555555555557 0.68203125 0.2680555555555557 0.68203125 0.3444444444444446 0.70859375 0.3444444444444446
2 0.67421875 0.24027777777777792 0.65390625 0.24027777777777792 0.65390625 0.3166666666666668 0.67421875 0.3166666666666668
0 0.57421875 0.27222222222222237 0.51953125 0.2722222222222223 0.51953125 0.36388888888888904 0.57421875 0.36388888888888904
2 0.18828125000000004 0.6513888888888889 0.12578125000000004 0.6513888888888889 0.12578125000000004 0.8194444444444444 0.18828125000000004 0.8194444444444444
2 0.10000000000000005 0.375 0.04687500000000002 0.375 0.04687500000000003 0.41944444444444445 0.10000000000000005 0.41944444444444445
2 0.225 0.27222222222222225 0.17734375 0.2722222222222222 0.17734375 0.2972222222222223 0.225 0.2972222222222223
2 0.28515625 0.32500000000000007 0.24765625 0.32500000000000007 0.24765625 0.3875 0.28515625 0.3875
2 0.3421875 0.30277777777777787 0.31015625 0.30277777777777787 0.31015625 0.36944444444444446 0.3421875 0.36944444444444446
2 0.3765625 0.2583333333333334 0.353125 0.2583333333333334 0.353125 0.34027777777777785 0.3765625 0.34027777777777785
2 0.61015625 0.26388888888888906 0.5859375 0.26388888888888906 0.5859375 0.32638888888888906 0.61015625 0.32638888888888906
2 0.6171875 0.19722222222222238 0.58515625 0.19722222222222238 0.58515625 0.25138888888888905 0.6171875 0.25138888888888905
2 0.54296875 0.19305555555555565 0.52421875 0.19305555555555565 0.52421875 0.2486111111111112 0.54296875 0.2486111111111112