1 0.6734375 0.19027777777777793 0.61171875 0.19027777777777793 0.61171875 0.2569444444444446 0.6734375 0.2569444444444446
0 0.6328125 0.5055555555555558 0.52578125 0.5055555555555558 0.52578125 0.7222222222222222 0.6328125 0.7222222222222222
0 0.7546875 0.8430555555555557 0.5703125 0.8430555555555556 0.5703125 0.9986111111111112 0.7546875 0.9986111111111114
0 0.96328125 0.7111111111111115 0.73828125 0.7111111111111115 0.73828125 0.9986111111111114 0.96328125 0.9986111111111114
0 0.56875 0.35000000000000014 0.5078125 0.3500000000000001 0.5078125 0.4708333333333335 0.56875 0.4708333333333335
0 0.5640625 0.26805555555555566 0.5140625 0.26805555555555566 0.5140625 0.3541666666666668 0.5640625 0.35416666666666685
0 0.62578125 0.27361111111111125 0.584375 0.27361111111111125 0.584375 0.34027777777777796 0.62578125 0.34027777777777796
0 0.584375 0.2444444444444446 0.54609375 0.2444444444444446 0.54609375 0.3027777777777779 0.584375 0.3027777777777779
3 0.7609375 0.3250000000000002 0.6015625 0.3250000000000002 0.6015625 0.6208333333333335 0.7609375 0.6208333333333335
2 0.940625 0.5055555555555558 0.896875 0.5055555555555558 0.896875 0.6250000000000001 0.940625 0.6250000000000001
2 0.12265625000000005 0.44166666666666665 0.07500000000000002 0.44166666666666665 0.07500000000000004 0.5652777777777778 0.12265625000000005 0.5652777777777778