2 0.07578125000000005 0.6305555555555555 0.027343750000000045 0.6305555555555555 0.02734375000000005 0.7944444444444444 0.07578125000000005 0.7944444444444444
2 0.21953125 0.42083333333333334 0.19062500000000004 0.42083333333333334 0.19062500000000004 0.5361111111111111 0.21953125 0.5361111111111111
2 0.2828125 0.5680555555555555 0.24921875 0.5680555555555555 0.24921875000000004 0.7263888888888889 0.2828125000000001 0.7263888888888889
2 0.28203125 0.40555555555555556 0.25078125 0.40555555555555556 0.25078125 0.5180555555555556 0.28203125 0.5180555555555556
2 0.58125 0.8180555555555555 0.53515625 0.8180555555555555 0.53515625 1 0.58125 1
2 0.3453125000000001 0.7041666666666667 0.3039062500000001 0.7041666666666667 0.3039062500000001 0.8916666666666667 0.3453125000000001 0.8916666666666667
2 0.53203125 0.5236111111111112 0.5015625 0.5236111111111112 0.5015625 0.6583333333333334 0.53203125 0.6583333333333334
2 0.28984375000000007 0.6958333333333333 0.24765625000000008 0.6958333333333333 0.24765625000000008 0.875 0.28984375000000007 0.875
2 0.57109375 0.3125000000000001 0.54140625 0.31250000000000006 0.54140625 0.39861111111111125 0.57109375 0.39861111111111125
2 0.19609375000000004 0.5916666666666667 0.15078125000000003 0.5916666666666667 0.15078125000000003 0.7541666666666667 0.19609375000000004 0.7541666666666667
2 0.471875 0.3236111111111112 0.440625 0.3236111111111112 0.440625 0.40416666666666684 0.471875 0.40416666666666684
2 0.53203125 0.41111111111111126 0.50625 0.41111111111111126 0.50625 0.5166666666666668 0.53203125 0.5166666666666668
2 0.540625 0.875 0.48203125 0.875 0.48203125 1 0.540625 1
2 0.35703125 0.5833333333333334 0.325 0.5833333333333334 0.32500000000000007 0.7361111111111112 0.3570312500000001 0.7361111111111112
2 0.33281250000000007 0.8805555555555555 0.28593750000000007 0.8805555555555555 0.28593750000000007 0.9972222222222222 0.33281250000000007 0.9972222222222222
2 0.61171875 0.20138888888888903 0.59453125 0.20138888888888903 0.59453125 0.26388888888888906 0.61171875 0.26388888888888906
2 0.5171875 0.43750000000000017 0.484375 0.43750000000000017 0.484375 0.5458333333333335 0.5171875 0.5458333333333335
2 0.2671875000000001 0.8736111111111111 0.20703125000000008 0.8736111111111111 0.20703125000000008 0.9986111111111111 0.2671875000000001 0.9986111111111111
2 0.6453125 0.20833333333333348 0.625 0.20833333333333348 0.625 0.2847222222222224 0.6453125 0.2847222222222224
2 0.2328125000000001 0.7625 0.17890625000000004 0.7625 0.17890625000000004 0.9416666666666667 0.2328125000000001 0.9416666666666667
2 0.35625 0.21944444444444453 0.33984375 0.21944444444444453 0.33984375 0.29027777777777786 0.35625 0.29027777777777786
2 0.19140625000000006 0.7208333333333333 0.14218750000000005 0.7208333333333333 0.14218750000000005 0.9 0.19140625000000006 0.9
2 0.35 0.2486111111111112 0.33203125 0.2486111111111112 0.33203125 0.31250000000000006 0.35 0.31250000000000006
0 0.46953125 0.39861111111111125 0.3984375 0.39861111111111125 0.3984375 0.5347222222222224 0.46953125 0.5347222222222224
0 0.784375 0.6944444444444446 0.56875 0.6944444444444446 0.56875 0.952777777777778 0.784375 0.9527777777777781
0 0.35546875 0.3097222222222223 0.27578125 0.3097222222222223 0.27578125 0.3972222222222222 0.35546875 0.3972222222222222
0 0.4703125 0.5763888888888891 0.38046875 0.5763888888888891 0.38046875 0.7972222222222223 0.4703125 0.7972222222222223
0 0.41015625 0.21805555555555564 0.3765625 0.21805555555555564 0.3765625 0.29027777777777786 0.41015625 0.29027777777777786
0 0.99296875 0.7888888888888892 0.92265625 0.7888888888888892 0.92265625 0.9972222222222226 0.99296875 0.9972222222222226
0 0.47109375 0.1250000000000001 0.44375 0.12500000000000008 0.44375 0.19027777777777785 0.47109375 0.19027777777777785
1 0.77109375 0.32916666666666683 0.6390625 0.32916666666666683 0.6390625 0.5763888888888891 0.77109375 0.5763888888888891
1 0.5484375 0.17361111111111122 0.50390625 0.17361111111111122 0.50390625 0.28055555555555567 0.5484375 0.2805555555555557
2 0.50078125 0.39722222222222237 0.4796875 0.39722222222222237 0.4796875 0.46250000000000013 0.50078125 0.46250000000000013