2 0.7859375 0.4972222222222224 0.765625 0.4972222222222224 0.765625 0.5750000000000002 0.7859375 0.5750000000000002
2 0.81015625 0.4069444444444446 0.78984375 0.4069444444444446 0.78984375 0.46666666666666684 0.81015625 0.46666666666666684
2 0.4 0.6138888888888889 0.35625 0.6138888888888889 0.35625000000000007 0.7361111111111112 0.4 0.7361111111111112
2 0.44296875 0.5625000000000001 0.4046875 0.5625000000000001 0.4046875 0.6680555555555557 0.44296875 0.6680555555555557
2 0.40078125 0.8486111111111111 0.3421875000000001 0.8486111111111111 0.3421875000000001 0.9930555555555556 0.40078125 0.9930555555555556
2 0.67265625 0.5319444444444446 0.64453125 0.5319444444444446 0.64453125 0.6194444444444446 0.67265625 0.6194444444444446
2 0.6625 0.4583333333333335 0.640625 0.4583333333333335 0.640625 0.5236111111111112 0.6625 0.5236111111111112
2 0.2492187500000001 0.7361111111111112 0.19062500000000004 0.7361111111111112 0.19062500000000004 0.8916666666666667 0.2492187500000001 0.8916666666666667
2 0.3421875000000001 0.8041666666666667 0.2843750000000001 0.8041666666666667 0.2843750000000001 0.9597222222222223 0.3421875000000001 0.9597222222222223
2 0.70859375 0.45972222222222237 0.6875 0.45972222222222237 0.6875 0.5277777777777779 0.70859375 0.5277777777777779
2 0.8625 0.7972222222222225 0.8140625 0.7972222222222225 0.8140625 0.966666666666667 0.8625 0.966666666666667
2 0.68515625 0.4944444444444446 0.66171875 0.4944444444444446 0.66171875 0.5680555555555558 0.68515625 0.5680555555555558
2 0.8421875 0.4777777777777779 0.81484375 0.4777777777777779 0.81484375 0.5597222222222223 0.8421875 0.5597222222222223
2 0.7640625 0.4347222222222224 0.740625 0.4347222222222224 0.740625 0.5000000000000001 0.7640625 0.5000000000000001
2 0.79140625 0.41111111111111126 0.77109375 0.41111111111111126 0.77109375 0.4694444444444446 0.79140625 0.4694444444444446
2 0.47734375 0.8222222222222222 0.425 0.8222222222222222 0.425 0.9736111111111111 0.47734375 0.9736111111111111
2 0.83984375 0.4347222222222224 0.81796875 0.4347222222222224 0.81796875 0.4916666666666668 0.83984375 0.4916666666666668
2 0.59609375 0.5694444444444446 0.5640625 0.5694444444444446 0.5640625 0.6708333333333335 0.59609375 0.6708333333333335
2 0.73203125 0.48888888888888904 0.70703125 0.48888888888888904 0.70703125 0.5694444444444446 0.73203125 0.5694444444444446
2 0.7546875 0.4972222222222224 0.73046875 0.4972222222222224 0.73046875 0.5791666666666668 0.7546875 0.5791666666666668
2 0.60390625 0.5180555555555557 0.575 0.5180555555555557 0.575 0.5986111111111113 0.60390625 0.5986111111111113
2 0.71953125 0.44027777777777793 0.7046875 0.44027777777777793 0.7046875 0.4958333333333335 0.71953125 0.4958333333333335
2 0.83203125 0.38333333333333347 0.81328125 0.38333333333333347 0.81328125 0.4361111111111113 0.83203125 0.4361111111111113
2 0.621875 0.5444444444444446 0.59375 0.5444444444444446 0.59375 0.6388888888888891 0.621875 0.6388888888888891
2 0.78359375 0.4583333333333335 0.76640625 0.4583333333333335 0.76640625 0.5125000000000002 0.78359375 0.5125000000000002
2 0.7671875 0.3458333333333335 0.75078125 0.3458333333333335 0.75078125 0.39027777777777795 0.7671875 0.39027777777777795
2 0.16171875000000008 0.9180555555555555 0.09609375000000006 0.9180555555555555 0.09609375000000006 1 0.16171875000000008 1
2 0.86875 0.33750000000000013 0.85234375 0.33750000000000013 0.85234375 0.3861111111111113 0.86875 0.3861111111111113
0 0.70546875 0.7569444444444444 0.596875 0.7569444444444444 0.596875 0.9486111111111111 0.70546875 0.9486111111111111
0 0.69140625 0.6097222222222224 0.5984375 0.6097222222222224 0.5984375 0.7611111111111111 0.69140625 0.7611111111111111
0 0.5015625 0.688888888888889 0.39921875000000007 0.688888888888889 0.39921875000000007 0.8430555555555556 0.5015625 0.8430555555555556
0 0.503125 0.43750000000000017 0.4375 0.43750000000000017 0.4375 0.5236111111111112 0.503125 0.5236111111111112
0 0.65703125 0.42500000000000016 0.6140625 0.42500000000000016 0.6140625 0.4958333333333335 0.65703125 0.4958333333333335
0 0.67109375 0.38333333333333347 0.6375 0.38333333333333347 0.6375 0.4361111111111113 0.67109375 0.4361111111111113
0 0.64375 0.3666666666666668 0.60859375 0.3666666666666668 0.60859375 0.41805555555555574 0.64375 0.41805555555555574
0 0.7390625 0.37638888888888905 0.703125 0.37638888888888905 0.703125 0.4305555555555557 0.7390625 0.4305555555555557