0 0.67734375 0.6611111111111113 0.5296875 0.6611111111111113 0.5296875 0.9125 0.67734375 0.9125
0 0.784375 0.5055555555555558 0.6515625 0.5055555555555558 0.6515625 0.690277777777778 0.784375 0.690277777777778
0 0.65234375 0.3583333333333335 0.590625 0.3583333333333335 0.590625 0.45277777777777795 0.65234375 0.45277777777777795
0 0.5765625 0.33194444444444454 0.51796875 0.33194444444444454 0.51796875 0.42500000000000016 0.5765625 0.42500000000000016
0 0.540625 0.2861111111111112 0.490625 0.2861111111111112 0.490625 0.3569444444444446 0.540625 0.3569444444444446
0 0.62421875 0.3083333333333335 0.5734375 0.3083333333333335 0.5734375 0.3680555555555557 0.62421875 0.3680555555555557
0 0.56953125 0.24166666666666678 0.52734375 0.24166666666666675 0.52734375 0.2930555555555557 0.56953125 0.29305555555555574
1 0.50703125 0.15416666666666676 0.36328125 0.15416666666666676 0.36328125 0.2472222222222223 0.50703125 0.2472222222222223
1 0.28125 0.23055555555555562 0.21015625 0.23055555555555562 0.21015625 0.3597222222222222 0.28125 0.3597222222222222
1 0.12265625 0.16250000000000003 0.06875000000000002 0.1625 0.06875000000000002 0.24305555555555555 0.12265625 0.24305555555555555
1 0.40078125 0.1722222222222223 0.29609375 0.1722222222222223 0.29609375 0.39305555555555566 0.40078125 0.3930555555555557
3 0.65390625 0.1930555555555557 0.57421875 0.1930555555555557 0.57421875 0.3055555555555557 0.65390625 0.3055555555555557