2 0.69765625 0.3166666666666668 0.6578125 0.3166666666666668 0.6578125 0.4291666666666668 0.69765625 0.4291666666666668
2 0.41484375 0.4555555555555557 0.36328125 0.4555555555555557 0.36328125 0.6361111111111113 0.41484375 0.6361111111111113
2 0.7390625 0.2805555555555557 0.70390625 0.2805555555555557 0.70390625 0.3680555555555557 0.7390625 0.3680555555555557
2 0.78203125 0.37638888888888905 0.7515625 0.37638888888888905 0.7515625 0.4680555555555557 0.78203125 0.4680555555555557
3 0.59765625 0.17222222222222233 0.50859375 0.17222222222222233 0.50859375 0.32361111111111124 0.59765625 0.3236111111111113
2 0.32578125 0.4013888888888889 0.2828125 0.4013888888888889 0.2828125 0.5222222222222223 0.32578125 0.5222222222222223
2 0.35625 0.33194444444444454 0.31953125 0.33194444444444454 0.31953125 0.4222222222222222 0.35625 0.4222222222222222
2 0.37421875 0.2972222222222223 0.35234375 0.2972222222222223 0.35234375 0.36805555555555564 0.37421875 0.3680555555555557
2 0.4265625 0.288888888888889 0.38828125 0.288888888888889 0.38828125 0.3805555555555557 0.4265625 0.3805555555555557
2 0.290625 0.34583333333333344 0.26640625 0.34583333333333344 0.26640625 0.45 0.290625 0.45
2 0.2734375 0.3083333333333334 0.2484375 0.3083333333333334 0.2484375 0.3819444444444444 0.2734375 0.3819444444444444
2 0.22812500000000005 0.5694444444444444 0.19140625000000006 0.5694444444444444 0.19140625000000006 0.7486111111111111 0.22812500000000008 0.7486111111111111
2 0.14843750000000006 0.49444444444444446 0.06796875000000005 0.49444444444444446 0.06796875000000005 0.6708333333333333 0.14843750000000006 0.6708333333333333
2 0.12109375000000004 0.3611111111111111 0.05234375000000002 0.3611111111111111 0.05234375000000002 0.45416666666666666 0.12109375000000004 0.45416666666666666
2 0.07265625000000005 0.6152777777777778 0.010156250000000042 0.6152777777777778 0.010156250000000049 0.8013888888888889 0.07265625000000005 0.8013888888888889
2 0.3296875 0.49583333333333335 0.2921875 0.49583333333333335 0.2921875 0.6277777777777778 0.3296875 0.6277777777777778
2 0.3578125 0.251388888888889 0.334375 0.251388888888889 0.334375 0.3236111111111112 0.3578125 0.3236111111111112
2 0.3875 0.1833333333333334 0.3703125 0.1833333333333334 0.3703125 0.24027777777777787 0.3875 0.24027777777777787
2 0.421875 0.2347222222222223 0.4 0.2347222222222223 0.4 0.3083333333333334 0.421875 0.3083333333333334
2 0.66328125 0.19444444444444461 0.64765625 0.19444444444444461 0.64765625 0.2541666666666668 0.66328125 0.2541666666666668