0 0.66953125 0.38333333333333347 0.596875 0.38333333333333347 0.596875 0.4972222222222224 0.66953125 0.4972222222222224
0 0.678125 0.5916666666666668 0.53515625 0.5916666666666668 0.53515625 0.8180555555555555 0.678125 0.8180555555555555
0 0.94921875 0.7138888888888892 0.746875 0.7138888888888892 0.746875 0.9583333333333337 0.94921875 0.9583333333333337
0 0.62890625 0.27916666666666684 0.58671875 0.27916666666666684 0.58671875 0.36388888888888904 0.62890625 0.36388888888888904
0 0.66328125 0.2333333333333335 0.61640625 0.2333333333333335 0.61640625 0.29166666666666685 0.66328125 0.29166666666666685
0 0.7203125 0.21805555555555572 0.678125 0.21805555555555572 0.678125 0.2819444444444446 0.7203125 0.2819444444444446
1 0.2734375 0.31250000000000006 0.1859375 0.31250000000000006 0.18593750000000003 0.5 0.2734375 0.5
1 0.51640625 0.18194444444444452 0.4453125 0.18194444444444452 0.4453125 0.2472222222222223 0.51640625 0.2472222222222223
1 0.65859375 0.1666666666666668 0.56171875 0.1666666666666668 0.56171875 0.25138888888888905 0.65859375 0.25138888888888905
1 0.27578125 0.15416666666666673 0.1828125 0.1541666666666667 0.1828125 0.23888888888888896 0.27578125 0.23888888888888896
2 0.4671875 0.26944444444444454 0.44453125 0.26944444444444454 0.44453125 0.33055555555555566 0.4671875 0.33055555555555566
3 0.559375 0.19861111111111124 0.49921875 0.19861111111111118 0.49921875 0.3666666666666668 0.559375 0.3666666666666668