2 0.18359375 0.2402777777777778 0.16328125 0.24027777777777778 0.16328125 0.31388888888888894 0.18359375 0.313888888888889
0 0.61953125 0.502777777777778 0.5125 0.502777777777778 0.5125 0.6805555555555557 0.61953125 0.6805555555555557
0 0.8125 0.5819444444444446 0.67578125 0.5819444444444446 0.67578125 0.752777777777778 0.8125 0.7527777777777781
1 0.99609375 0.7138888888888892 0.76328125 0.7138888888888892 0.76328125 1.0000000000000002 0.99609375 1.0000000000000002
2 0.88359375 0.5333333333333334 0.84375 0.5333333333333334 0.84375 0.6388888888888891 0.88359375 0.6388888888888891
2 0.87734375 0.4847222222222224 0.83046875 0.4847222222222224 0.83046875 0.5902777777777779 0.87734375 0.5902777777777779
0 0.5609375 0.3472222222222223 0.49140625 0.3472222222222223 0.49140625 0.4500000000000002 0.5609375 0.4500000000000002
0 0.59375 0.2347222222222224 0.54765625 0.2347222222222224 0.54765625 0.2819444444444446 0.59375 0.2819444444444446
0 0.6390625 0.22638888888888906 0.59296875 0.22638888888888906 0.59296875 0.26666666666666683 0.6390625 0.26666666666666683
0 0.68203125 0.24305555555555572 0.63828125 0.24305555555555572 0.63828125 0.29305555555555574 0.68203125 0.29305555555555574
0 0.71328125 0.22916666666666682 0.67890625 0.22916666666666682 0.67890625 0.2694444444444446 0.71328125 0.2694444444444446
1 0.646875 0.27500000000000013 0.5828125 0.27500000000000013 0.5828125 0.3958333333333335 0.646875 0.3958333333333335
3 0.49453125 0.16527777777777788 0.3546875 0.16527777777777786 0.3546875 0.2611111111111112 0.49453125 0.2611111111111112