2 0.33593750000000006 0.6347222222222222 0.29296875 0.6347222222222222 0.29296875000000006 0.825 0.3359375000000001 0.825
2 0.2515625000000001 0.7222222222222222 0.20468750000000008 0.7222222222222222 0.20468750000000008 0.925 0.2515625000000001 0.925
2 0.32578125 0.33055555555555566 0.30546875 0.33055555555555566 0.30546875 0.43333333333333335 0.32578125 0.43333333333333335
2 0.3382812500000001 0.8486111111111111 0.2796875000000001 0.8486111111111111 0.2796875000000001 0.9986111111111111 0.3382812500000001 0.9986111111111111
2 0.91171875 0.6291666666666669 0.8609375 0.6291666666666669 0.8609375 0.7708333333333337 0.91171875 0.7708333333333337
2 0.8296875 0.6166666666666668 0.7890625 0.6166666666666668 0.7890625 0.7611111111111114 0.8296875 0.7611111111111114
2 0.621875 0.6847222222222223 0.57109375 0.6847222222222223 0.57109375 0.8541666666666666 0.621875 0.8541666666666666
2 0.996875 0.8458333333333337 0.93046875 0.8458333333333337 0.93046875 1.0000000000000002 0.996875 1.0000000000000002
2 0.75234375 0.5291666666666668 0.721875 0.5291666666666668 0.721875 0.6722222222222224 0.75234375 0.6722222222222224
2 0.59921875 0.3027777777777779 0.5796875 0.3027777777777779 0.5796875 0.3680555555555557 0.59921875 0.3680555555555557
2 0.7140625 0.5944444444444446 0.678125 0.5944444444444446 0.678125 0.7444444444444445 0.7140625 0.7444444444444445
2 0.59609375 0.8222222222222222 0.53515625 0.8222222222222222 0.53515625 0.9958333333333333 0.59609375 0.9958333333333333
2 0.878125 0.5569444444444446 0.84609375 0.5569444444444446 0.84609375 0.6805555555555557 0.878125 0.6805555555555557
2 0.8 0.44027777777777793 0.771875 0.44027777777777793 0.771875 0.5472222222222224 0.8 0.5472222222222224
2 0.71796875 0.33611111111111125 0.69375 0.33611111111111125 0.69375 0.4097222222222224 0.71796875 0.4097222222222224
2 0.3109375 0.44166666666666665 0.28359375 0.44166666666666665 0.28359375 0.5763888888888888 0.3109375 0.5763888888888888
2 0.5078125 0.2847222222222223 0.4875 0.2847222222222223 0.4875 0.3722222222222224 0.5078125 0.3722222222222224
2 0.371875 0.36666666666666675 0.346875 0.36666666666666664 0.346875 0.4847222222222223 0.371875 0.4847222222222224
2 0.79765625 0.5236111111111112 0.765625 0.5236111111111112 0.765625 0.651388888888889 0.79765625 0.651388888888889
2 0.9203125 0.8944444444444447 0.8515625 0.8944444444444447 0.8515625 1.0000000000000002 0.9203125 1.0000000000000002
2 0.64453125 0.7986111111111112 0.60078125 0.7986111111111112 0.60078125 0.9875 0.64453125 0.9875
2 0.54765625 0.2527777777777779 0.53125 0.2527777777777779 0.53125 0.32222222222222235 0.54765625 0.32222222222222235
2 0.41640625 0.28333333333333344 0.4 0.28333333333333344 0.4 0.3666666666666668 0.41640625 0.3666666666666668
2 0.2953125 0.351388888888889 0.27109375 0.351388888888889 0.27109375 0.46111111111111114 0.2953125 0.46111111111111114
2 0.35859375 0.3222222222222223 0.33515625 0.3222222222222223 0.33515625 0.41388888888888886 0.35859375 0.41388888888888886
2 0.63828125 0.27361111111111125 0.621875 0.27361111111111125 0.621875 0.3472222222222224 0.63828125 0.3472222222222224
2 0.45390625 0.2819444444444445 0.4375 0.2819444444444445 0.4375 0.3694444444444446 0.45390625 0.3694444444444446
2 0.75859375 0.43750000000000017 0.7359375 0.43750000000000017 0.7359375 0.5194444444444446 0.75859375 0.5194444444444446
2 0.018750000000000024 0.29583333333333334 0.0007812500000000204 0.29583333333333334 0.0007812500000000235 0.3819444444444444 0.018750000000000027 0.3819444444444444
2 0.7359375 0.39722222222222237 0.71484375 0.39722222222222237 0.71484375 0.4819444444444446 0.7359375 0.4819444444444446
2 0.62265625 0.25000000000000017 0.6046875 0.25000000000000017 0.6046875 0.3166666666666668 0.62265625 0.3166666666666668
2 0.66953125 0.32083333333333347 0.646875 0.32083333333333347 0.646875 0.4055555555555557 0.66953125 0.4055555555555557
0 0.15546875000000004 0.37222222222222223 0.03906250000000002 0.37222222222222223 0.03906250000000003 0.4791666666666667 0.15546875000000004 0.4791666666666667
0 0.509375 0.6916666666666669 0.39921875000000007 0.6916666666666669 0.39921875000000007 0.9888888888888889 0.509375 0.9888888888888889
0 0.60234375 0.3944444444444446 0.53984375 0.3944444444444446 0.53984375 0.5277777777777779 0.60234375 0.5277777777777779
0 0.5890625 0.23888888888888904 0.55390625 0.23888888888888904 0.55390625 0.29861111111111127 0.5890625 0.29861111111111127
0 0.4484375 0.3347222222222223 0.40703125 0.3347222222222223 0.40703125 0.4500000000000002 0.4484375 0.4500000000000002
0 0.47890625 0.23055555555555562 0.44375 0.23055555555555562 0.44375 0.3083333333333334 0.47890625 0.3083333333333334
3 0.38046875 0.24027777777777787 0.33359375 0.24027777777777787 0.33359375 0.3500000000000001 0.38046875 0.3500000000000001
1 0.53984375 0.18194444444444452 0.50390625 0.18194444444444452 0.50390625 0.25694444444444453 0.53984375 0.25694444444444453
1 0.47890625 0.23055555555555562 0.44375 0.23055555555555562 0.44375 0.3083333333333334 0.47890625 0.3083333333333334
2 0.296875 0.3152777777777779 0.2796875 0.3152777777777779 0.2796875 0.37916666666666665 0.296875 0.37916666666666665
2 0.73984375 0.46111111111111125 0.7125 0.46111111111111125 0.7125 0.5486111111111113 0.73984375 0.5486111111111113
0 0.703125 0.3930555555555557 0.62890625 0.3930555555555557 0.62890625 0.4986111111111113 0.703125 0.4986111111111113