2 0.30937500000000007 0.5736111111111111 0.2703125 0.5736111111111111 0.27031250000000007 0.7180555555555556 0.30937500000000007 0.7180555555555556
2 0.475 0.4430555555555557 0.4484375 0.4430555555555557 0.4484375 0.5583333333333335 0.475 0.5583333333333335
2 0.50703125 0.41250000000000014 0.48515625 0.41250000000000014 0.48515625 0.5111111111111113 0.50703125 0.5111111111111113
2 0.55390625 0.3541666666666668 0.53671875 0.35416666666666674 0.53671875 0.43888888888888905 0.55390625 0.43888888888888905
2 0.48671875 0.33194444444444454 0.471875 0.33194444444444454 0.471875 0.40416666666666684 0.48671875 0.40416666666666684
2 0.5265625 0.31666666666666676 0.5109375 0.31666666666666676 0.5109375 0.3805555555555557 0.5265625 0.3805555555555557
2 0.42890625 0.26805555555555566 0.41328125 0.26805555555555566 0.41328125 0.3236111111111112 0.42890625 0.3236111111111112
2 0.48828125 0.2666666666666667 0.47265625 0.2666666666666667 0.47265625 0.31805555555555565 0.48828125 0.31805555555555565
2 0.50625 0.24444444444444452 0.49296875 0.24444444444444452 0.49296875 0.2944444444444445 0.50625 0.2944444444444445
2 0.52265625 0.2722222222222223 0.50859375 0.2722222222222223 0.50859375 0.3083333333333334 0.52265625 0.3083333333333334
2 0.45625 0.2250000000000001 0.446875 0.2250000000000001 0.446875 0.2736111111111112 0.45625 0.2736111111111112
2 0.43828125 0.2250000000000001 0.42890625 0.2250000000000001 0.42890625 0.26805555555555566 0.43828125 0.26805555555555566