1 0.7929687500000001 0.8052083333333334 0.6796875 0.8052083333333333 0.6796875000000001 1.0000000000000002 0.7929687500000002 1.0000000000000002
1 0.715625 0.5333333333333333 0.61953125 0.5333333333333333 0.61953125 0.6979166666666666 0.715625 0.6979166666666666
1 0.5703125 0.49583333333333346 0.50078125 0.49583333333333346 0.50078125 0.625 0.5703125 0.625
1 0.59765625 0.3802083333333334 0.55546875 0.3802083333333334 0.55546875 0.46458333333333346 0.59765625 0.46458333333333346
1 0.54765625 0.39687500000000014 0.4984375 0.39687500000000014 0.4984375 0.4979166666666668 0.54765625 0.4979166666666668
1 0.509375 0.29062500000000013 0.47890625 0.29062500000000013 0.47890625 0.35000000000000014 0.509375 0.35000000000000014
1 0.5578125 0.2562500000000001 0.53046875 0.25625000000000003 0.53046875 0.32395833333333346 0.5578125 0.32395833333333346
1 0.5046875 0.24166666666666672 0.4671875 0.24166666666666672 0.4671875 0.3000000000000001 0.5046875 0.3000000000000001
1 0.54609375 0.23854166666666676 0.51875 0.23854166666666674 0.51875 0.2843750000000001 0.54609375 0.2843750000000001
1 0.53203125 0.22083333333333338 0.509375 0.22083333333333338 0.509375 0.25625000000000003 0.53203125 0.25625000000000003
1 0.55859375 0.21145833333333341 0.5265625 0.2114583333333334 0.5265625 0.24166666666666675 0.55859375 0.24166666666666678
1 0.50234375 0.22604166666666672 0.47734375 0.22604166666666672 0.47734375 0.2645833333333334 0.50234375 0.2645833333333334
1 0.48515625 0.20625000000000007 0.46328125 0.20625000000000007 0.46328125 0.24166666666666672 0.48515625 0.24166666666666672
1 0.48125 0.18437500000000007 0.459375 0.18437500000000007 0.459375 0.20937500000000006 0.48125 0.20937500000000006
1 0.49375 0.15416666666666673 0.475 0.15416666666666673 0.475 0.1864583333333334 0.49375 0.1864583333333334
1 0.50859375 0.1489583333333334 0.49140625 0.1489583333333334 0.49140625 0.18125000000000005 0.50859375 0.18125000000000005
1 0.47265625 0.1312500000000001 0.459375 0.1312500000000001 0.459375 0.1677083333333334 0.47265625 0.1677083333333334
2 0.4921875 0.14375000000000007 0.4828125 0.14375000000000007 0.4828125 0.1614583333333334 0.4921875 0.1614583333333334
2 0.47578125 0.12604166666666675 0.46796875 0.12604166666666675 0.46796875 0.14479166666666674 0.47578125 0.14479166666666674
1 0.4921875 0.12291666666666676 0.48125 0.12291666666666676 0.48125 0.14687500000000006 0.4921875 0.14687500000000006
1 0.4984375 0.11770833333333343 0.48671875 0.11770833333333343 0.48671875 0.1333333333333334 0.4984375 0.1333333333333334
1 0.48515625 0.09791666666666675 0.47734375 0.09791666666666675 0.47734375 0.11041666666666676 0.48515625 0.11041666666666676
1 0.50234375 0.08854166666666675 0.49296875 0.08854166666666675 0.49296875 0.10729166666666676 0.50234375 0.10729166666666676
2 0.509375 0.12291666666666676 0.49921875 0.12291666666666676 0.49921875 0.13854166666666673 0.509375 0.13854166666666673
1 0.51015625 0.09895833333333343 0.49921875 0.09895833333333343 0.49921875 0.11354166666666675 0.51015625 0.11354166666666675
2 0.596875 0.8479166666666667 0.5546875 0.8479166666666667 0.5546875000000001 0.990625 0.5968750000000002 0.990625
2 0.6703125000000001 0.8416666666666667 0.6359375 0.8416666666666667 0.6359375 0.9927083333333333 0.6703125000000002 0.9927083333333333
2 0.934375 0.9604166666666669 0.86875 0.9604166666666669 0.86875 1.0000000000000002 0.934375 1.0000000000000002
2 0.88125 0.8072916666666669 0.8265625 0.8072916666666669 0.8265625 0.9593750000000002 0.88125 0.9593750000000002
2 0.79296875 0.6364583333333336 0.75 0.6364583333333336 0.75 0.7406250000000002 0.79296875 0.7406250000000002
2 0.73828125 0.5614583333333335 0.70859375 0.5614583333333333 0.70859375 0.6593750000000002 0.73828125 0.6593750000000003
2 0.625 0.5833333333333334 0.59453125 0.5833333333333334 0.59453125 0.68125 0.625 0.68125
2 0.60859375 0.47500000000000014 0.58828125 0.47500000000000014 0.58828125 0.5760416666666667 0.60859375 0.5760416666666667
2 0.70078125 0.4687500000000001 0.6875 0.4687500000000001 0.6875 0.5583333333333333 0.70078125 0.5583333333333333
2 0.68203125 0.49270833333333347 0.65 0.49270833333333347 0.65 0.5520833333333334 0.68203125 0.5520833333333334
2 0.64375 0.4697916666666668 0.6078125 0.4697916666666668 0.6078125 0.5489583333333333 0.64375 0.5489583333333333
2 0.6796875 0.4229166666666668 0.64609375 0.4229166666666668 0.64609375 0.4979166666666668 0.6796875 0.4979166666666668
2 0.63046875 0.4010416666666668 0.609375 0.4010416666666668 0.609375 0.4656250000000001 0.63046875 0.4656250000000001
2 0.64921875 0.3937500000000001 0.62734375 0.3937500000000001 0.62734375 0.4479166666666668 0.64921875 0.4479166666666668
2 0.65390625 0.3604166666666668 0.63359375 0.3604166666666668 0.63359375 0.4041666666666668 0.65390625 0.4041666666666668
2 0.61171875 0.3562500000000001 0.58984375 0.3562500000000001 0.58984375 0.4031250000000001 0.61171875 0.4031250000000001
2 0.625 0.35208333333333347 0.6078125 0.35208333333333347 0.6078125 0.4114583333333334 0.625 0.4114583333333334
2 0.6359375 0.3447916666666668 0.61953125 0.3447916666666668 0.61953125 0.38333333333333347 0.6359375 0.38333333333333347
2 0.5859375 0.3541666666666668 0.55859375 0.3541666666666668 0.55859375 0.4010416666666668 0.5859375 0.4010416666666668
2 0.53984375 0.37708333333333344 0.521875 0.37708333333333344 0.521875 0.4093750000000001 0.53984375 0.4093750000000001
2 0.55625 0.3572916666666668 0.53203125 0.3572916666666668 0.53203125 0.4031250000000001 0.55625 0.4031250000000001
2 0.56953125 0.33229166666666676 0.54765625 0.33229166666666676 0.54765625 0.3729166666666668 0.56953125 0.3729166666666668
2 0.503125 0.3718750000000001 0.48359375 0.3718750000000001 0.48359375 0.42083333333333345 0.503125 0.42083333333333345
2 0.5265625 0.35520833333333346 0.50859375 0.35520833333333346 0.50859375 0.3979166666666668 0.5265625 0.3979166666666668
2 0.5390625 0.3072916666666668 0.51953125 0.3072916666666668 0.51953125 0.34583333333333344 0.5390625 0.34583333333333344
2 0.61015625 0.33229166666666676 0.59375 0.33229166666666676 0.59375 0.37916666666666676 0.61015625 0.37916666666666676
2 0.5953125 0.32395833333333346 0.57578125 0.32395833333333346 0.57578125 0.3718750000000001 0.5953125 0.3718750000000001
2 0.61953125 0.3197916666666668 0.59921875 0.3197916666666668 0.59921875 0.36354166666666676 0.61953125 0.36354166666666676
2 0.62265625 0.3000000000000001 0.60546875 0.3000000000000001 0.60546875 0.33437500000000014 0.62265625 0.33437500000000014
2 0.58046875 0.3020833333333334 0.56953125 0.3020833333333334 0.56953125 0.33958333333333346 0.58046875 0.33958333333333346
2 0.596875 0.2937500000000001 0.58828125 0.2937500000000001 0.58828125 0.33437500000000014 0.596875 0.33437500000000014
2 0.6109375 0.2822916666666668 0.59296875 0.2822916666666668 0.59296875 0.3197916666666668 0.6109375 0.3197916666666668
2 0.571875 0.2885416666666668 0.56171875 0.2885416666666668 0.56171875 0.32187500000000013 0.571875 0.32187500000000013
2 0.584375 0.28020833333333345 0.56875 0.28020833333333345 0.56875 0.31145833333333345 0.584375 0.31145833333333345
2 0.6015625 0.25937500000000013 0.58203125 0.25937500000000013 0.58203125 0.2916666666666668 0.6015625 0.2916666666666668
2 0.584375 0.2572916666666668 0.5640625 0.2572916666666668 0.5640625 0.2864583333333334 0.584375 0.2864583333333334
2 0.5640625 0.2604166666666668 0.5484375 0.2604166666666668 0.5484375 0.29270833333333346 0.5640625 0.29270833333333346
2 0.56171875 0.2437500000000001 0.54765625 0.2437500000000001 0.54765625 0.2708333333333334 0.56171875 0.2708333333333334
2 0.57578125 0.23645833333333346 0.5625 0.23645833333333346 0.5625 0.2635416666666668 0.57578125 0.2635416666666668
2 0.58828125 0.24062500000000012 0.57109375 0.24062500000000012 0.57109375 0.26770833333333344 0.58828125 0.26770833333333344
2 0.525 0.20416666666666672 0.50859375 0.20416666666666672 0.50859375 0.23645833333333338 0.525 0.23645833333333338
2 0.5234375 0.18854166666666672 0.50390625 0.18854166666666672 0.50390625 0.2135416666666667 0.5234375 0.2135416666666667
2 0.515625 0.1822916666666667 0.50390625 0.1822916666666667 0.50390625 0.20000000000000007 0.515625 0.20000000000000007
2 0.54609375 0.18854166666666675 0.5265625 0.18854166666666672 0.5265625 0.21666666666666676 0.54609375 0.21666666666666679
2 0.50703125 0.13854166666666673 0.5 0.13854166666666673 0.5 0.16041666666666674 0.50703125 0.16041666666666674