1 0.59140625 0.6114583333333333 0.521875 0.6114583333333333 0.521875 0.8125 0.59140625 0.8125
1 0.6375000000000001 0.8052083333333333 0.5546875 0.8052083333333333 0.5546875000000001 1 0.6375000000000002 1
1 0.81015625 0.7822916666666668 0.7203125 0.7822916666666667 0.7203125000000001 1.0000000000000002 0.81015625 1.0000000000000002
1 0.7484375 0.6104166666666668 0.67265625 0.6104166666666667 0.67265625 0.7843750000000002 0.7484375 0.7843750000000003
1 0.58359375 0.5072916666666668 0.52734375 0.5072916666666668 0.52734375 0.6479166666666667 0.58359375 0.6479166666666667
1 0.6375 0.48645833333333344 0.596875 0.48645833333333344 0.596875 0.6114583333333333 0.6375 0.6114583333333333
1 0.63203125 0.3802083333333334 0.5953125 0.3802083333333334 0.5953125 0.4697916666666668 0.63203125 0.4697916666666668
1 0.6375 0.33645833333333347 0.60546875 0.33645833333333347 0.60546875 0.40833333333333344 0.6375 0.40833333333333344
1 0.565625 0.44583333333333347 0.5265625 0.44583333333333347 0.5265625 0.5260416666666667 0.565625 0.5260416666666667
1 0.5390625 0.38125000000000014 0.50546875 0.38125000000000014 0.50546875 0.4562500000000001 0.5390625 0.4562500000000001
1 0.5171875 0.33645833333333347 0.48828125 0.33645833333333347 0.48828125 0.40833333333333344 0.5171875 0.40833333333333344
1 0.5046875 0.29895833333333344 0.4859375 0.29895833333333344 0.4859375 0.3354166666666668 0.5046875 0.3354166666666668
1 0.496875 0.26562500000000006 0.4765625 0.26562500000000006 0.4765625 0.3041666666666668 0.496875 0.3041666666666668
1 0.48203125 0.2447916666666667 0.465625 0.2447916666666667 0.465625 0.27395833333333347 0.48203125 0.27395833333333347
1 0.5671875 0.31458333333333344 0.53828125 0.31458333333333344 0.53828125 0.3822916666666668 0.5671875 0.3822916666666668
1 0.55546875 0.2822916666666668 0.5421875 0.2822916666666668 0.5421875 0.32187500000000013 0.55546875 0.32187500000000013
1 0.58984375 0.26458333333333345 0.5703125 0.26458333333333345 0.5703125 0.3291666666666668 0.58984375 0.3291666666666668
1 0.57421875 0.23125000000000012 0.559375 0.23125000000000012 0.559375 0.2729166666666668 0.57421875 0.2729166666666668
1 0.53828125 0.2593750000000001 0.515625 0.2593750000000001 0.515625 0.29062500000000013 0.53828125 0.29062500000000013
1 0.48203125 0.22812500000000005 0.46796875 0.22812500000000005 0.46796875 0.24791666666666673 0.48203125 0.24791666666666673
1 0.48359375 0.21250000000000005 0.46875 0.21250000000000005 0.46875 0.2291666666666667 0.48359375 0.2291666666666667
1 0.4859375 0.1927083333333334 0.471875 0.1927083333333334 0.471875 0.2145833333333334 0.4859375 0.2145833333333334
2 0.4578125 0.16979166666666673 0.45078125 0.16979166666666673 0.45078125 0.20312500000000006 0.4578125 0.20312500000000006
1 0.4703125 0.17395833333333338 0.4578125 0.17395833333333338 0.4578125 0.19479166666666672 0.4703125 0.19479166666666672
1 0.4765625 0.1802083333333334 0.4671875 0.1802083333333334 0.4671875 0.20000000000000007 0.4765625 0.20000000000000007
1 0.47109375 0.1552083333333334 0.459375 0.1552083333333334 0.459375 0.17395833333333338 0.47109375 0.17395833333333338
1 0.5109375 0.19166666666666674 0.4953125 0.19166666666666674 0.4953125 0.2291666666666667 0.5109375 0.2291666666666667
1 0.5 0.1677083333333334 0.48828125 0.1677083333333334 0.48828125 0.18541666666666673 0.5 0.18541666666666673
1 0.5171875 0.15729166666666672 0.5078125 0.15729166666666672 0.5078125 0.1770833333333334 0.5171875 0.1770833333333334
1 0.53125 0.22500000000000006 0.50859375 0.22500000000000006 0.50859375 0.26250000000000007 0.53125 0.26250000000000007
2 1 0.6781250000000002 0.98203125 0.6781250000000002 0.98203125 0.8093750000000003 1 0.8093750000000003
2 0.94921875 0.6875000000000002 0.925 0.6875000000000002 0.925 0.8145833333333335 0.94921875 0.8145833333333335
2 0.96953125 0.6177083333333335 0.94765625 0.6177083333333335 0.94765625 0.7208333333333335 0.96953125 0.7208333333333335
2 0.8890625 0.7166666666666669 0.85625 0.7166666666666669 0.85625 0.8239583333333336 0.8890625 0.8239583333333336
2 0.87421875 0.7718750000000002 0.8515625 0.7718750000000002 0.8515625 0.8697916666666669 0.87421875 0.8697916666666669
2 0.92734375 0.8572916666666669 0.9 0.8572916666666669 0.9 0.9635416666666669 0.92734375 0.9635416666666669
2 0.89375 0.8614583333333335 0.8671875 0.8614583333333335 0.8671875 0.9531250000000002 0.89375 0.9531250000000002
2 0.99765625 0.9083333333333335 0.9671875 0.9083333333333335 0.9671875 1.0000000000000002 0.99765625 1.0000000000000002
2 0.9765625 0.9270833333333336 0.95078125 0.9270833333333336 0.95078125 1.0000000000000002 0.9765625 1.0000000000000002
2 0.94921875 0.9572916666666669 0.928125 0.9572916666666669 0.928125 1.0000000000000002 0.94921875 1.0000000000000002
2 0.90078125 0.9260416666666669 0.86875 0.9260416666666669 0.86875 1.0000000000000002 0.90078125 1.0000000000000002
2 0.85703125 0.9302083333333335 0.834375 0.9302083333333335 0.834375 1.0000000000000002 0.85703125 1.0000000000000002
2 0.8421875 0.8531250000000002 0.81953125 0.8531250000000002 0.81953125 0.9531250000000002 0.8421875 0.9531250000000002
2 0.85390625 0.7927083333333336 0.8296875 0.7927083333333336 0.8296875 0.8958333333333336 0.85390625 0.8958333333333336
2 0.8328125 0.8218750000000002 0.8125 0.8218750000000002 0.8125 0.9020833333333336 0.8328125 0.9020833333333336
2 0.828125 0.7135416666666669 0.803125 0.7135416666666669 0.803125 0.8135416666666669 0.828125 0.8135416666666669
2 0.79765625 0.7343750000000002 0.7734375 0.7343750000000002 0.7734375 0.7927083333333336 0.79765625 0.7927083333333336
2 0.80546875 0.7739583333333335 0.78125 0.7739583333333335 0.78125 0.8614583333333335 0.80546875 0.8614583333333335
2 0.80546875 0.6614583333333336 0.7828125 0.6614583333333336 0.7828125 0.7572916666666669 0.80546875 0.7572916666666669
2 0.77109375 0.6656250000000002 0.74921875 0.6656250000000002 0.74921875 0.7604166666666669 0.77109375 0.7604166666666669
2 0.7796875 0.6093750000000002 0.75390625 0.6093750000000002 0.75390625 0.6958333333333335 0.7796875 0.6958333333333335
2 0.75390625 0.6166666666666669 0.7328125 0.6166666666666669 0.7328125 0.6791666666666669 0.75390625 0.6791666666666669
2 0.76171875 0.5697916666666669 0.74375 0.5697916666666669 0.74375 0.6385416666666669 0.76171875 0.6385416666666669
2 0.71484375 0.5552083333333333 0.6984375 0.5552083333333333 0.6984375 0.6052083333333333 0.71484375 0.6052083333333333
2 0.72421875 0.5291666666666668 0.7078125 0.5291666666666668 0.7078125 0.6125 0.72421875 0.6125
2 0.671875 0.5770833333333333 0.6546875 0.5770833333333333 0.6546875 0.6760416666666667 0.671875 0.6760416666666667
2 0.65859375 0.5031250000000002 0.64140625 0.5031250000000002 0.64140625 0.5875 0.65859375 0.5875
2 0.66875 0.49583333333333346 0.65859375 0.49583333333333346 0.65859375 0.55 0.66875 0.55
2 0.68828125 0.5093750000000001 0.67265625 0.5093750000000001 0.67265625 0.5708333333333333 0.68828125 0.5708333333333333
2 0.7078125 0.4968750000000001 0.69296875 0.4968750000000001 0.69296875 0.56875 0.7078125 0.56875
2 0.696875 0.5708333333333333 0.684375 0.5708333333333333 0.684375 0.609375 0.696875 0.609375
2 0.684375 0.47812500000000013 0.675 0.47812500000000013 0.675 0.5281250000000001 0.684375 0.5281250000000001
2 0.6640625 0.45208333333333345 0.65 0.45208333333333345 0.65 0.5041666666666668 0.6640625 0.5041666666666668
2 0.64609375 0.4687500000000001 0.634375 0.4687500000000001 0.634375 0.5250000000000001 0.64609375 0.5250000000000001
2 0.70234375 0.896875 0.671875 0.896875 0.6718750000000001 1 0.7023437500000002 1
2 0.68515625 0.8354166666666667 0.659375 0.8354166666666667 0.659375 0.9385416666666667 0.68515625 0.9385416666666667
2 0.6859375 0.7520833333333333 0.65390625 0.7520833333333333 0.65390625 0.871875 0.6859375 0.871875
2 0.5468750000000001 0.95 0.515625 0.95 0.5156250000000001 1 0.5468750000000002 1
2 0.53046875 0.8479166666666667 0.50078125 0.8479166666666667 0.5007812500000001 0.9708333333333333 0.5304687500000002 0.9708333333333333
2 0.525 0.765625 0.49921875 0.765625 0.49921875 0.8677083333333333 0.525 0.8677083333333333
2 0.50625 0.5791666666666667 0.48984375 0.5791666666666667 0.48984375 0.68125 0.50625 0.68125
2 0.50859375 0.5447916666666667 0.49140625 0.5447916666666667 0.49140625 0.6177083333333333 0.50859375 0.6177083333333333
2 0.50234375 0.5114583333333335 0.48671875 0.5114583333333335 0.48671875 0.5791666666666667 0.50234375 0.5791666666666667
2 0.50234375 0.47812500000000013 0.4875 0.47812500000000013 0.4875 0.5333333333333333 0.50234375 0.5333333333333333
2 0.496875 0.4531250000000001 0.48203125 0.4531250000000001 0.48203125 0.5187500000000002 0.496875 0.5187500000000002
2 0.596875 0.4697916666666668 0.584375 0.4697916666666668 0.584375 0.5260416666666667 0.596875 0.5260416666666667
2 0.58515625 0.43020833333333347 0.56796875 0.43020833333333347 0.56796875 0.49895833333333345 0.58515625 0.49895833333333345
2 0.565625 0.4031250000000001 0.5515625 0.4031250000000001 0.5515625 0.4635416666666668 0.565625 0.4635416666666668
2 0.5859375 0.3958333333333334 0.57265625 0.3958333333333334 0.57265625 0.4447916666666668 0.5859375 0.4447916666666668
2 0.57109375 0.37083333333333346 0.5609375 0.37083333333333346 0.5609375 0.4197916666666668 0.57109375 0.4197916666666668
2 0.584375 0.3750000000000001 0.571875 0.3750000000000001 0.571875 0.41562500000000013 0.584375 0.41562500000000013
2 0.54296875 0.35520833333333346 0.5296875 0.35520833333333346 0.5296875 0.4135416666666668 0.54296875 0.4135416666666668
2 0.5609375 0.3802083333333334 0.55078125 0.3802083333333334 0.55078125 0.43645833333333345 0.5609375 0.43645833333333345
2 0.64765625 0.3354166666666668 0.63515625 0.3354166666666668 0.63515625 0.4041666666666668 0.64765625 0.4041666666666668
2 0.60390625 0.3041666666666668 0.59296875 0.3041666666666668 0.59296875 0.3562500000000001 0.60390625 0.3562500000000001
2 0.61484375 0.2947916666666668 0.60390625 0.2947916666666668 0.60390625 0.3416666666666668 0.61484375 0.3416666666666668
2 0.59921875 0.2687500000000001 0.59140625 0.2687500000000001 0.59140625 0.31145833333333345 0.59921875 0.31145833333333345
2 0.609375 0.27708333333333346 0.60078125 0.27708333333333346 0.60078125 0.3104166666666668 0.609375 0.3104166666666668
2 0.59375 0.25416666666666676 0.58515625 0.25416666666666676 0.58515625 0.28020833333333345 0.59375 0.28020833333333345
2 0.52578125 0.2947916666666668 0.5140625 0.2947916666666668 0.5140625 0.3447916666666668 0.52578125 0.3447916666666668
2 0.47265625 0.28020833333333345 0.46328125 0.28020833333333345 0.46328125 0.33020833333333344 0.47265625 0.33020833333333344
2 0.484375 0.28750000000000014 0.47265625 0.28750000000000014 0.47265625 0.3468750000000001 0.484375 0.3468750000000001
2 0.46171875 0.2333333333333334 0.45390625 0.2333333333333334 0.45390625 0.27500000000000013 0.46171875 0.27500000000000013
2 0.4609375 0.2177083333333334 0.45078125 0.2177083333333334 0.45078125 0.24687500000000007 0.4609375 0.24687500000000007
2 0.46171875 0.20000000000000007 0.453125 0.20000000000000007 0.453125 0.22812500000000005 0.46171875 0.22812500000000005
2 0.48515625 0.11562500000000009 0.48203125 0.11562500000000009 0.48203125 0.1354166666666667 0.48515625 0.1354166666666667
2 0.4890625 0.11354166666666675 0.48515625 0.11354166666666675 0.48515625 0.12916666666666676 0.4890625 0.12916666666666676
2 0.4953125 0.1062500000000001 0.490625 0.1062500000000001 0.490625 0.11875000000000009 0.4953125 0.11875000000000009
2 0.503125 0.12604166666666675 0.49765625 0.12604166666666675 0.49765625 0.14687500000000006 0.503125 0.14687500000000006
2 0.50078125 0.11666666666666675 0.496875 0.11666666666666675 0.496875 0.13229166666666675 0.50078125 0.13229166666666675
2 0.509375 0.10729166666666676 0.5046875 0.10729166666666676 0.5046875 0.12291666666666676 0.509375 0.12291666666666676
1 0.49375 0.15312500000000007 0.4828125 0.15312500000000007 0.4828125 0.17604166666666674 0.49375 0.17604166666666674
2 0.47890625 0.1489583333333334 0.47265625 0.1489583333333334 0.47265625 0.17291666666666672 0.47890625 0.17291666666666672
1 0.4890625 0.14270833333333338 0.47890625 0.14270833333333338 0.47890625 0.1552083333333334 0.4890625 0.1552083333333334
2 0.478125 0.13854166666666673 0.4734375 0.13854166666666673 0.4734375 0.1552083333333334 0.478125 0.1552083333333334
1 0.48203125 0.12916666666666676 0.4703125 0.12916666666666676 0.4703125 0.1489583333333334 0.48203125 0.1489583333333334
1 0.4640625 0.1510416666666667 0.45703125 0.1510416666666667 0.45703125 0.16875000000000007 0.4640625 0.16875000000000007
2 0.46640625 0.14062500000000006 0.46015625 0.14062500000000006 0.46015625 0.15625000000000006 0.46640625 0.15625000000000006
2 0.46796875 0.13020833333333343 0.4625 0.13020833333333343 0.4625 0.14791666666666672 0.46796875 0.14791666666666672
1 0.4796875 0.11562500000000009 0.47265625 0.11562500000000009 0.47265625 0.12916666666666676 0.4796875 0.12916666666666676
2 0.5046875 0.26041666666666674 0.49609375 0.26041666666666674 0.49609375 0.29895833333333344 0.5046875 0.29895833333333344
2 0.5046875 0.2395833333333334 0.49609375 0.2395833333333334 0.49609375 0.28333333333333344 0.5046875 0.28333333333333344
2 0.496875 0.21875000000000006 0.4875 0.21875000000000006 0.4875 0.25625000000000003 0.496875 0.25625000000000003
2 0.4921875 0.20104166666666673 0.4859375 0.20104166666666673 0.4859375 0.23229166666666673 0.4921875 0.23229166666666673
2 0.484375 0.17187500000000006 0.478125 0.17187500000000006 0.478125 0.1927083333333334 0.484375 0.1927083333333334
2 0.4796875 0.16250000000000006 0.47421875 0.16250000000000006 0.47421875 0.18541666666666673 0.4796875 0.18541666666666673
2 0.5171875 0.1802083333333334 0.50859375 0.1802083333333334 0.50859375 0.21041666666666672 0.5171875 0.21041666666666672
2 0.56875 0.2937500000000001 0.56328125 0.2937500000000001 0.56328125 0.3229166666666668 0.56875 0.3229166666666668
2 0.5625 0.26979166666666676 0.55625 0.26979166666666676 0.55625 0.30104166666666676 0.5625 0.30104166666666676
2 0.546875 0.25729166666666675 0.540625 0.25729166666666675 0.540625 0.28541666666666676 0.546875 0.28541666666666676
2 0.55625 0.25416666666666676 0.55 0.25416666666666676 0.55 0.2864583333333334 0.55625 0.2864583333333334
2 0.55 0.2375000000000001 0.54296875 0.23750000000000007 0.54296875 0.26770833333333344 0.55 0.26770833333333344
2 0.54296875 0.23437500000000006 0.53515625 0.23437500000000006 0.53515625 0.2666666666666668 0.54296875 0.2666666666666668
2 0.58515625 0.23333333333333345 0.5765625 0.23333333333333345 0.5765625 0.2666666666666668 0.58515625 0.2666666666666668
2 0.5578125 0.2229166666666668 0.55078125 0.2229166666666668 0.55078125 0.2552083333333334 0.5578125 0.2552083333333334
2 0.53984375 0.2177083333333334 0.5328125 0.2177083333333334 0.5328125 0.24687500000000007 0.53984375 0.24687500000000007
2 0.53046875 0.20937500000000006 0.52421875 0.20937500000000006 0.52421875 0.23645833333333338 0.53046875 0.23645833333333338
2 0.54375 0.20000000000000007 0.53671875 0.20000000000000007 0.53671875 0.23229166666666673 0.54375 0.23229166666666673
2 0.553125 0.20416666666666677 0.54609375 0.20416666666666677 0.54609375 0.23541666666666677 0.553125 0.23541666666666677
2 0.52109375 0.18125000000000005 0.51640625 0.18125000000000005 0.51640625 0.2083333333333334 0.52109375 0.2083333333333334
2 0.528125 0.1802083333333334 0.52109375 0.1802083333333334 0.52109375 0.20937500000000006 0.528125 0.20937500000000006
2 0.5234375 0.15937500000000007 0.51796875 0.15937500000000007 0.51796875 0.1833333333333334 0.5234375 0.1833333333333334
2 0.53671875 0.18750000000000006 0.52890625 0.18750000000000006 0.52890625 0.22187500000000007 0.53671875 0.22187500000000007
2 0.5078125 0.16354166666666672 0.5015625 0.16354166666666672 0.5015625 0.19375000000000006 0.5078125 0.19375000000000006
2 0.4921875 0.1822916666666667 0.4859375 0.1822916666666667 0.4859375 0.20520833333333338 0.4921875 0.20520833333333338
2 0.4890625 0.12916666666666676 0.4859375 0.12916666666666676 0.4859375 0.1458333333333334 0.4890625 0.1458333333333334
2 0.49296875 0.12916666666666676 0.48828125 0.12916666666666676 0.48828125 0.1520833333333334 0.49296875 0.1520833333333334
2 0.49609375 0.13020833333333343 0.49296875 0.13020833333333343 0.49296875 0.1489583333333334 0.49609375 0.1489583333333334
2 0.49921875 0.14270833333333338 0.4953125 0.14270833333333338 0.4953125 0.16354166666666672 0.49921875 0.16354166666666672
2 0.5078125 0.14791666666666672 0.5046875 0.14791666666666672 0.5046875 0.16562500000000005 0.5078125 0.16562500000000005
2 0.50390625 0.09791666666666675 0.4984375 0.09791666666666675 0.4984375 0.11458333333333343 0.50390625 0.11458333333333343
2 0.51640625 0.14166666666666672 0.5109375 0.14166666666666672 0.5109375 0.15833333333333338 0.51640625 0.15833333333333338
2 0.5078125 0.1270833333333334 0.50234375 0.1270833333333334 0.50234375 0.14479166666666674 0.5078125 0.14479166666666674
2 0.53515625 0.3020833333333334 0.5265625 0.3020833333333334 0.5265625 0.34791666666666676 0.53515625 0.34791666666666676
2 0.52734375 0.3562500000000001 0.51796875 0.3562500000000001 0.51796875 0.3885416666666668 0.52734375 0.3885416666666668