3 0.4781250000000001 0.8864583333333333 0.3468750000000001 0.8864583333333333 0.3468750000000001 1 0.4781250000000002 1
1 0.3085937500000001 0.9625 0.2250000000000001 0.9625 0.2250000000000001 1 0.3085937500000001 1
2 0.2195312500000001 0.9697916666666667 0.17734375000000008 0.9697916666666667 0.17734375000000008 1 0.2195312500000001 1
2 0.1703125000000001 0.9572916666666667 0.1398437500000001 0.9572916666666667 0.1398437500000001 1 0.1703125000000001 1
2 0.1687500000000001 0.8947916666666667 0.12265625000000009 0.8947916666666667 0.12265625000000009 1 0.1687500000000001 1
2 0.1281250000000001 0.8614583333333333 0.0789062500000001 0.8614583333333333 0.0789062500000001 1 0.1281250000000001 1
2 0.12500000000000008 0.7958333333333333 0.061718750000000065 0.7958333333333333 0.06171875000000008 0.9572916666666667 0.12500000000000008 0.9572916666666667
2 0.1789062500000001 0.7947916666666667 0.1375000000000001 0.7947916666666667 0.1375000000000001 0.91875 0.1789062500000001 0.91875
2 0.2093750000000001 0.8041666666666667 0.16562500000000008 0.8041666666666667 0.16562500000000008 0.95 0.2093750000000001 0.95
2 0.22812500000000008 0.8447916666666667 0.1906250000000001 0.8447916666666667 0.1906250000000001 0.975 0.22812500000000008 0.975
2 0.3398437500000001 0.8604166666666667 0.3023437500000001 0.8604166666666667 0.3023437500000001 1 0.3398437500000001 1
2 0.32500000000000007 0.8291666666666667 0.2906250000000001 0.8291666666666667 0.2906250000000001 0.9541666666666667 0.32500000000000007 0.9541666666666667
2 0.2945312500000001 0.80625 0.2539062500000001 0.80625 0.2539062500000001 0.9666666666666667 0.2945312500000001 0.9666666666666667
2 0.2539062500000001 0.759375 0.21250000000000008 0.759375 0.21250000000000008 0.9135416666666667 0.2539062500000001 0.9135416666666667
2 0.21640625000000008 0.7145833333333333 0.17343750000000005 0.7145833333333333 0.17343750000000008 0.834375 0.21640625000000008 0.834375
2 0.19140625000000006 0.6708333333333333 0.14843750000000006 0.6708333333333333 0.14843750000000006 0.803125 0.19140625000000008 0.803125
2 0.2468750000000001 0.653125 0.2062500000000001 0.653125 0.2062500000000001 0.7604166666666666 0.2468750000000001 0.7604166666666666
2 0.2523437500000001 0.5916666666666667 0.2140625000000001 0.5916666666666667 0.2140625000000001 0.69375 0.2523437500000001 0.69375
2 0.2789062500000001 0.5385416666666667 0.2406250000000001 0.5385416666666667 0.2406250000000001 0.6375 0.2789062500000001 0.6375
2 0.3062500000000001 0.48541666666666666 0.2718750000000001 0.48541666666666666 0.2718750000000001 0.5791666666666667 0.3062500000000001 0.5791666666666667
2 0.34453125000000007 0.5239583333333333 0.3187500000000001 0.5239583333333333 0.3187500000000001 0.6260416666666667 0.34453125000000007 0.6260416666666667
2 0.34843750000000007 0.4166666666666667 0.3171875 0.4166666666666667 0.31718750000000007 0.5083333333333333 0.34843750000000007 0.5083333333333333
2 0.35703125 0.3854166666666667 0.32890625 0.3854166666666667 0.32890625 0.44479166666666664 0.35703125 0.44479166666666664
2 0.47890625 0.40520833333333345 0.4453125 0.40520833333333345 0.4453125 0.4968750000000001 0.47890625 0.4968750000000001
2 0.4734375 0.5677083333333334 0.4296875 0.5677083333333334 0.4296875 0.6833333333333333 0.4734375 0.6833333333333333
2 0.45703125 0.640625 0.415625 0.640625 0.415625 0.7552083333333334 0.45703125 0.7552083333333334
2 0.49765625 0.6645833333333333 0.45859375 0.6645833333333333 0.45859375 0.7666666666666667 0.49765625 0.7666666666666667
2 0.421875 0.6916666666666667 0.3859375000000001 0.6916666666666667 0.3859375000000001 0.821875 0.421875 0.821875
2 0.490625 0.7322916666666667 0.45546875 0.7322916666666667 0.45546875 0.8552083333333333 0.490625 0.8552083333333333
2 0.49296875 0.7979166666666667 0.45234375 0.7979166666666667 0.45234375 0.9229166666666667 0.49296875 0.9229166666666667
2 0.4328125 0.74375 0.40234375 0.74375 0.40234375 0.8489583333333334 0.4328125 0.8489583333333334
2 0.43671875 0.8197916666666667 0.3984375000000001 0.8197916666666667 0.3984375000000001 0.9052083333333333 0.43671875 0.9052083333333333
2 0.3960937500000001 0.7958333333333333 0.34453125000000007 0.7958333333333333 0.34453125000000007 0.9322916666666666 0.3960937500000001 0.9322916666666666
2 0.3734375000000001 0.7375 0.3281250000000001 0.7375 0.3281250000000001 0.8552083333333333 0.3734375000000001 0.8552083333333333
1 0.40625 0.5583333333333333 0.30937500000000007 0.5583333333333333 0.30937500000000007 0.759375 0.40625 0.759375
1 0.3273437500000001 0.5541666666666667 0.2539062500000001 0.5541666666666667 0.2539062500000001 0.740625 0.3273437500000001 0.740625
1 0.50078125 0.4666666666666668 0.4296875 0.4666666666666668 0.4296875 0.6229166666666667 0.50078125 0.6229166666666667
3 0.4390625 0.3843750000000001 0.3484375 0.384375 0.34843750000000007 0.5885416666666666 0.4390625 0.5885416666666666
1 0.49765625 0.2427083333333334 0.45078125 0.2427083333333334 0.45078125 0.30520833333333347 0.49765625 0.30520833333333347
1 0.52265625 0.20312500000000006 0.48515625 0.20312500000000006 0.48515625 0.25625000000000003 0.52265625 0.25625000000000003
1 0.51640625 0.14687500000000006 0.4953125 0.14687500000000006 0.4953125 0.1989583333333334 0.51640625 0.1989583333333334
3 0.54296875 0.11145833333333342 0.52421875 0.11145833333333342 0.52421875 0.1520833333333334 0.54296875 0.1520833333333334
3 0.53125 0.0906250000000001 0.51640625 0.0906250000000001 0.51640625 0.12291666666666676 0.53125 0.12291666666666676
1 0.51796875 0.08750000000000009 0.50546875 0.08750000000000009 0.50546875 0.11250000000000009 0.51796875 0.11250000000000009
1 0.50390625 0.09687500000000009 0.4921875 0.09687500000000009 0.4921875 0.11875000000000009 0.50390625 0.11875000000000009
2 0.51328125 0.11458333333333343 0.50625 0.11458333333333343 0.50625 0.1354166666666667 0.51328125 0.1354166666666667
2 0.51875 0.12395833333333342 0.5125 0.12395833333333342 0.5125 0.1489583333333334 0.51875 0.1489583333333334
2 0.5109375 0.13229166666666675 0.50625 0.13229166666666675 0.50625 0.15312500000000007 0.5109375 0.15312500000000007
2 0.50703125 0.13020833333333343 0.50078125 0.13020833333333343 0.50078125 0.1520833333333334 0.50703125 0.1520833333333334
2 0.503125 0.1218750000000001 0.49609375 0.1218750000000001 0.49609375 0.14270833333333338 0.503125 0.14270833333333338
2 0.5046875 0.10937500000000008 0.49765625 0.10937500000000008 0.49765625 0.12916666666666676 0.5046875 0.12916666666666676
2 0.5 0.1395833333333334 0.49296875 0.1395833333333334 0.49296875 0.16041666666666674 0.5 0.16041666666666674
2 0.49921875 0.1552083333333334 0.4890625 0.1552083333333334 0.4890625 0.17916666666666672 0.49921875 0.17916666666666672
2 0.48203125 0.15937500000000007 0.46953125 0.15937500000000007 0.46953125 0.19062500000000007 0.48203125 0.19062500000000007
2 0.4703125 0.19687500000000005 0.4546875 0.19687500000000005 0.4546875 0.23541666666666672 0.4703125 0.23541666666666672