3 0.63359375 0.5697916666666667 0.509375 0.5697916666666667 0.509375 0.953125 0.63359375 0.953125
3 0.63125 0.2822916666666668 0.54609375 0.2822916666666668 0.54609375 0.4697916666666668 0.63125 0.4697916666666668
3 0.484375 0.1677083333333334 0.45546875 0.1677083333333334 0.45546875 0.22604166666666672 0.484375 0.22604166666666672
3 0.51953125 0.17291666666666672 0.49375 0.17291666666666672 0.49375 0.2239583333333334 0.51953125 0.2239583333333334
3 0.59921875 0.27708333333333346 0.528125 0.27708333333333346 0.528125 0.3958333333333334 0.59921875 0.3958333333333334
1 0.6562500000000001 0.9375 0.56640625 0.9375 0.5664062500000001 1 0.6562500000000002 1
1 0.74921875 0.5666666666666668 0.678125 0.5666666666666667 0.678125 0.7104166666666668 0.74921875 0.7104166666666669
1 0.6703125 0.5364583333333334 0.6 0.5364583333333334 0.6 0.6875 0.6703125 0.6875
1 0.55625 0.5093750000000001 0.4953125 0.5093750000000001 0.4953125 0.6208333333333333 0.55625 0.6208333333333333
1 0.63828125 0.46458333333333346 0.57890625 0.46458333333333346 0.57890625 0.559375 0.63828125 0.559375
1 0.7078125 0.4385416666666668 0.64609375 0.4385416666666668 0.64609375 0.5677083333333334 0.7078125 0.5677083333333334
1 0.53203125 0.3354166666666668 0.4796875 0.3354166666666668 0.4796875 0.41770833333333346 0.53203125 0.41770833333333346
1 0.55625 0.2552083333333334 0.53203125 0.25520833333333337 0.53203125 0.2968750000000001 0.55625 0.2968750000000001
1 0.53359375 0.23125000000000007 0.50546875 0.23125000000000007 0.50546875 0.28333333333333344 0.53359375 0.28333333333333344
1 0.49140625 0.23125000000000007 0.4703125 0.23125000000000007 0.4703125 0.26354166666666673 0.49140625 0.26354166666666673
1 0.528125 0.21666666666666673 0.50859375 0.21666666666666673 0.50859375 0.2489583333333334 0.528125 0.2489583333333334
1 0.5546875 0.21666666666666676 0.53203125 0.21666666666666673 0.53203125 0.2468750000000001 0.5546875 0.24687500000000012
1 0.478125 0.10937500000000008 0.4625 0.10937500000000008 0.4625 0.1281250000000001 0.478125 0.1281250000000001
2 0.7046875000000001 0.9322916666666666 0.6671875 0.9322916666666666 0.6671875 0.9989583333333333 0.7046875000000001 0.9989583333333333
2 0.7546875000000001 0.9510416666666669 0.7328125 0.9510416666666669 0.7328125000000001 1.0000000000000002 0.7546875000000002 1.0000000000000002
2 0.7835937500000001 0.8979166666666669 0.7453125 0.8979166666666669 0.7453125 1.0000000000000002 0.7835937500000002 1.0000000000000002
2 0.85078125 0.9197916666666669 0.79453125 0.9197916666666669 0.7945312500000001 1.0000000000000002 0.85078125 1.0000000000000002
2 0.9046875 0.9062500000000002 0.86796875 0.9062500000000002 0.86796875 1.0000000000000002 0.9046875 1.0000000000000002
2 1 0.9052083333333336 0.94765625 0.9052083333333336 0.94765625 1.0000000000000002 1 1.0000000000000002
2 0.94453125 0.8531250000000002 0.8796875 0.8531250000000002 0.8796875 1.0000000000000002 0.94453125 1.0000000000000002
2 0.85390625 0.8479166666666669 0.80546875 0.8479166666666669 0.80546875 0.9447916666666669 0.85390625 0.9447916666666669
2 0.875 0.6750000000000003 0.81640625 0.6750000000000003 0.81640625 0.7937500000000003 0.875 0.7937500000000003
2 0.7359375 0.7979166666666668 0.68515625 0.7979166666666667 0.68515625 0.9583333333333335 0.7359375 0.9583333333333336
2 0.67734375 0.7604166666666666 0.6390625 0.7604166666666666 0.6390625 0.8958333333333334 0.67734375 0.8958333333333334
2 0.740625 0.7354166666666668 0.70859375 0.7354166666666667 0.70859375 0.8864583333333335 0.740625 0.8864583333333336
2 0.8046875 0.7916666666666669 0.75625 0.7916666666666669 0.75625 0.9093750000000003 0.8046875 0.9093750000000003
2 0.8453125 0.7552083333333336 0.8109375 0.7552083333333336 0.8109375 0.9052083333333336 0.8453125 0.9052083333333336
2 0.86171875 0.7562500000000002 0.8234375 0.7562500000000002 0.8234375 0.8812500000000002 0.86171875 0.8812500000000002
2 0.82265625 0.6635416666666669 0.7859375 0.6635416666666669 0.7859375 0.7708333333333336 0.82265625 0.7708333333333336
2 0.815625 0.6979166666666669 0.77109375 0.6979166666666669 0.77109375 0.7927083333333336 0.815625 0.7927083333333336
2 0.79140625 0.6906250000000003 0.73671875 0.6906250000000003 0.73671875 0.8083333333333336 0.79140625 0.8083333333333336
2 0.7453125 0.6718750000000001 0.69765625 0.671875 0.69765625 0.7677083333333334 0.7453125 0.7677083333333335
2 0.80625 0.7447916666666669 0.75234375 0.7447916666666669 0.75234375 0.8510416666666669 0.80625 0.8510416666666669
2 0.66328125 0.6729166666666667 0.61484375 0.6729166666666667 0.61484375 0.8104166666666667 0.66328125 0.8104166666666667
2 0.76796875 0.5666666666666669 0.72734375 0.5666666666666669 0.72734375 0.6531250000000003 0.76796875 0.6531250000000003
2 0.74921875 0.5197916666666668 0.71953125 0.5197916666666668 0.71953125 0.5958333333333334 0.74921875 0.5958333333333335
2 0.721875 0.4687500000000001 0.69296875 0.4687500000000001 0.69296875 0.5510416666666667 0.721875 0.5510416666666667
2 0.7078125 0.4375000000000001 0.67890625 0.4375000000000001 0.67890625 0.4916666666666668 0.7078125 0.4916666666666668
2 0.659375 0.4375000000000001 0.63203125 0.4375000000000001 0.63203125 0.5093750000000001 0.659375 0.5093750000000001
2 0.703125 0.4114583333333334 0.6703125 0.4114583333333334 0.6703125 0.44895833333333346 0.703125 0.44895833333333346
2 0.66015625 0.4343750000000001 0.646875 0.4343750000000001 0.646875 0.46770833333333345 0.66015625 0.46770833333333345
2 0.66875 0.4322916666666668 0.6578125 0.4322916666666668 0.6578125 0.4635416666666668 0.66875 0.4635416666666668
2 0.64375 0.40000000000000013 0.625 0.40000000000000013 0.625 0.42604166666666676 0.64375 0.42604166666666676
2 0.6375 0.42083333333333345 0.62421875 0.42083333333333345 0.62421875 0.4697916666666668 0.6375 0.4697916666666668
2 0.678125 0.40000000000000013 0.65078125 0.40000000000000013 0.65078125 0.43958333333333344 0.678125 0.43958333333333344
2 0.66484375 0.4187500000000001 0.64375 0.4187500000000001 0.64375 0.4541666666666668 0.66484375 0.4541666666666668
2 0.6578125 0.36562500000000014 0.64453125 0.36562500000000014 0.64453125 0.41562500000000013 0.6578125 0.41562500000000013
2 0.67421875 0.3781250000000001 0.6578125 0.3781250000000001 0.6578125 0.4343750000000001 0.67421875 0.4343750000000001
2 0.6421875 0.37395833333333345 0.62421875 0.37395833333333345 0.62421875 0.4062500000000001 0.6421875 0.4062500000000001
2 0.653125 0.3468750000000001 0.63203125 0.3468750000000001 0.63203125 0.3760416666666668 0.653125 0.3760416666666668
2 0.63671875 0.34583333333333344 0.62109375 0.34583333333333344 0.62109375 0.38437500000000013 0.63671875 0.38437500000000013
2 0.6421875 0.32083333333333347 0.61875 0.32083333333333347 0.61875 0.35208333333333347 0.6421875 0.35208333333333347
2 0.62734375 0.2968750000000001 0.609375 0.2968750000000001 0.609375 0.3260416666666668 0.62734375 0.3260416666666668
2 0.49375 0.31875000000000014 0.47265625 0.31875000000000014 0.47265625 0.3625000000000001 0.49375 0.3625000000000001
2 0.6125 0.25833333333333347 0.59375 0.25833333333333347 0.59375 0.30104166666666676 0.6125 0.30104166666666676
2 0.48046875 0.2916666666666668 0.46953125 0.2916666666666668 0.46953125 0.3260416666666668 0.48046875 0.3260416666666668
2 0.484375 0.30520833333333347 0.47109375 0.30520833333333347 0.47109375 0.3541666666666668 0.484375 0.3541666666666668
2 0.50078125 0.2916666666666668 0.484375 0.2916666666666668 0.484375 0.32708333333333345 0.50078125 0.32708333333333345
2 0.509375 0.29062500000000013 0.4984375 0.29062500000000013 0.4984375 0.33229166666666676 0.509375 0.33229166666666676
2 0.5296875 0.2968750000000001 0.5109375 0.2968750000000001 0.5109375 0.3416666666666668 0.5296875 0.3416666666666668
2 0.49609375 0.2593750000000001 0.47265625 0.2593750000000001 0.47265625 0.29583333333333345 0.49609375 0.29583333333333345
2 0.59453125 0.26458333333333345 0.57890625 0.26458333333333345 0.57890625 0.29895833333333344 0.59453125 0.29895833333333344
2 0.58359375 0.26145833333333346 0.571875 0.26145833333333346 0.571875 0.29583333333333345 0.58359375 0.29583333333333345
2 0.57265625 0.2604166666666668 0.5625 0.2604166666666668 0.5625 0.28750000000000014 0.57265625 0.28750000000000014
2 0.56484375 0.2552083333333334 0.55078125 0.2552083333333334 0.55078125 0.28750000000000014 0.56484375 0.28750000000000014
2 0.60546875 0.2500000000000001 0.5890625 0.2500000000000001 0.5890625 0.27708333333333346 0.60546875 0.27708333333333346
2 0.59140625 0.24895833333333345 0.5765625 0.24895833333333345 0.5765625 0.27187500000000014 0.59140625 0.27187500000000014
2 0.58125 0.24687500000000012 0.5671875 0.24687500000000012 0.5671875 0.27500000000000013 0.58125 0.27500000000000013
2 0.56484375 0.24270833333333344 0.54921875 0.24270833333333344 0.54921875 0.2635416666666668 0.56484375 0.2635416666666668
2 0.571875 0.23645833333333346 0.56015625 0.23645833333333346 0.56015625 0.2635416666666668 0.571875 0.2635416666666668
2 0.58203125 0.23125000000000012 0.56796875 0.23125000000000012 0.56796875 0.2500000000000001 0.58203125 0.2500000000000001
2 0.56484375 0.22604166666666678 0.55546875 0.22604166666666678 0.55546875 0.24791666666666679 0.56484375 0.24791666666666679
2 0.50703125 0.2239583333333334 0.490625 0.2239583333333334 0.490625 0.26041666666666674 0.50703125 0.26041666666666674
2 0.56953125 0.2135416666666668 0.55546875 0.2135416666666668 0.55546875 0.23229166666666679 0.56953125 0.23229166666666679
2 0.565625 0.1916666666666668 0.5453125 0.1916666666666668 0.5453125 0.21666666666666679 0.565625 0.21666666666666679
2 0.5578125 0.20208333333333342 0.53203125 0.2020833333333334 0.53203125 0.2250000000000001 0.5578125 0.22500000000000012
2 0.553125 0.1937500000000001 0.53125 0.19375000000000006 0.53125 0.21354166666666677 0.553125 0.2135416666666668
2 0.553125 0.18333333333333343 0.53125 0.1833333333333334 0.53125 0.20104166666666676 0.553125 0.20104166666666679
2 0.53671875 0.1666666666666667 0.51640625 0.1666666666666667 0.51640625 0.1958333333333334 0.53671875 0.1958333333333334
2 0.49765625 0.1666666666666667 0.48046875 0.1666666666666667 0.48046875 0.1979166666666667 0.49765625 0.1979166666666667
2 0.509375 0.15416666666666673 0.496875 0.15416666666666673 0.496875 0.1770833333333334 0.509375 0.1770833333333334
2 0.51796875 0.14270833333333338 0.50859375 0.14270833333333338 0.50859375 0.16354166666666672 0.51796875 0.16354166666666672
2 0.49296875 0.15000000000000005 0.48125 0.15000000000000005 0.48125 0.1708333333333334 0.49296875 0.1708333333333334
2 0.48203125 0.1510416666666667 0.47109375 0.1510416666666667 0.47109375 0.1708333333333334 0.48203125 0.1708333333333334
2 0.471875 0.1489583333333334 0.46015625 0.1489583333333334 0.46015625 0.1708333333333334 0.471875 0.1708333333333334
2 0.51796875 0.1312500000000001 0.503125 0.1312500000000001 0.503125 0.1510416666666667 0.51796875 0.1510416666666667
2 0.50625 0.13229166666666675 0.49296875 0.13229166666666675 0.49296875 0.15312500000000007 0.50625 0.15312500000000007
2 0.50078125 0.13854166666666673 0.48671875 0.13854166666666673 0.48671875 0.15729166666666672 0.50078125 0.15729166666666672
2 0.4828125 0.1364583333333334 0.46640625 0.1364583333333334 0.46640625 0.15312500000000007 0.4828125 0.15312500000000007
2 0.47578125 0.12604166666666675 0.46328125 0.12604166666666675 0.46328125 0.1395833333333334 0.47578125 0.1395833333333334
2 0.51171875 0.12083333333333342 0.5 0.12083333333333342 0.5 0.13437500000000005 0.51171875 0.13437500000000005
2 0.50625 0.10833333333333342 0.4953125 0.10833333333333342 0.4953125 0.12395833333333342 0.50625 0.12395833333333342
2 0.4984375 0.10104166666666675 0.48671875 0.10104166666666675 0.48671875 0.11562500000000009 0.4984375 0.11562500000000009
2 0.50703125 0.09583333333333342 0.5015625 0.09583333333333342 0.5015625 0.10729166666666676 0.50703125 0.10729166666666676
2 0.4921875 0.08958333333333342 0.4875 0.08958333333333342 0.4875 0.09895833333333343 0.4921875 0.09895833333333343
2 0.49609375 0.09166666666666676 0.49375 0.09166666666666676 0.49375 0.10520833333333342 0.49609375 0.10520833333333342
2 0.503125 0.08854166666666675 0.49921875 0.08854166666666675 0.49921875 0.09687500000000009 0.503125 0.09687500000000009
2 0.51015625 0.08750000000000009 0.5046875 0.08750000000000009 0.5046875 0.09791666666666675 0.51015625 0.09791666666666675