1 0.6515625 0.9375 0.54296875 0.9375 0.5429687500000001 1 0.6515625000000002 1
1 0.58203125 0.5677083333333334 0.50078125 0.5677083333333334 0.50078125 0.784375 0.58203125 0.784375
1 0.73828125 0.5447916666666668 0.6421875 0.5447916666666667 0.6421875 0.7343750000000001 0.73828125 0.7343750000000002
1 0.63359375 0.49375000000000013 0.56015625 0.49375000000000013 0.56015625 0.6208333333333333 0.63359375 0.6208333333333333
1 0.609375 0.38437500000000013 0.55625 0.38437500000000013 0.55625 0.4916666666666668 0.609375 0.4916666666666668
1 0.62578125 0.32708333333333345 0.5796875 0.32708333333333345 0.5796875 0.43333333333333346 0.62578125 0.43333333333333346
1 0.60390625 0.2729166666666668 0.5640625 0.2729166666666668 0.5640625 0.3489583333333334 0.60390625 0.3489583333333334
1 0.56328125 0.2822916666666668 0.534375 0.2822916666666668 0.534375 0.3562500000000001 0.56328125 0.3562500000000001
1 0.51640625 0.3229166666666668 0.48046875 0.3229166666666668 0.48046875 0.40520833333333345 0.51640625 0.40520833333333345
1 0.49921875 0.26354166666666673 0.47421875 0.26354166666666673 0.47421875 0.3406250000000001 0.49921875 0.3406250000000001
2 0.51015625 0.23541666666666672 0.49921875 0.23541666666666672 0.49921875 0.2760416666666668 0.51015625 0.2760416666666668
2 0.54140625 0.2239583333333334 0.5171875 0.2239583333333334 0.5171875 0.2781250000000001 0.54140625 0.2781250000000001
2 0.4953125 0.2145833333333334 0.484375 0.2145833333333334 0.484375 0.2520833333333334 0.4953125 0.2520833333333334
2 0.50546875 0.20937500000000006 0.49453125 0.20937500000000006 0.49453125 0.24166666666666672 0.50546875 0.24166666666666672
1 0.52734375 0.18958333333333338 0.5078125 0.18958333333333338 0.5078125 0.21979166666666672 0.52734375 0.21979166666666672
0 0.4875 0.21041666666666672 0.46484375 0.21041666666666672 0.46484375 0.26354166666666673 0.4875 0.26354166666666673
1 0.48046875 0.18437500000000007 0.4640625 0.18437500000000007 0.4640625 0.22291666666666674 0.48046875 0.22291666666666674
1 0.503125 0.1708333333333334 0.48359375 0.1708333333333334 0.48359375 0.2114583333333334 0.503125 0.2114583333333334
0 0.46640625 0.11979166666666675 0.4546875 0.11979166666666675 0.4546875 0.17291666666666672 0.46640625 0.17291666666666672
1 0.4953125 0.1520833333333334 0.47734375 0.1520833333333334 0.47734375 0.1864583333333334 0.4953125 0.1864583333333334
1 0.5109375 0.1354166666666667 0.496875 0.1354166666666667 0.496875 0.1666666666666667 0.5109375 0.1666666666666667
1 0.48671875 0.1333333333333334 0.471875 0.1333333333333334 0.471875 0.16354166666666672 0.48671875 0.16354166666666672
1 0.496875 0.1270833333333334 0.484375 0.1270833333333334 0.484375 0.1520833333333334 0.496875 0.1520833333333334
1 0.5 0.11458333333333343 0.4875 0.11458333333333343 0.4875 0.14270833333333338 0.5 0.14270833333333338
1 0.48359375 0.11875000000000009 0.475 0.11875000000000009 0.475 0.14270833333333338 0.48359375 0.14270833333333338
1 0.47421875 0.14479166666666674 0.47421875 0.14479166666666674 0.47421875 0.14479166666666674 0.47421875 0.14479166666666674
1 0.46953125 0.10312500000000009 0.45703125 0.10312500000000009 0.45703125 0.12291666666666676 0.46953125 0.12291666666666676
1 0.4734375 0.09583333333333342 0.471875 0.09583333333333342 0.471875 0.11562500000000009 0.4734375 0.11562500000000009
1 0.4890625 0.10104166666666675 0.48203125 0.10104166666666675 0.48203125 0.11562500000000009 0.4890625 0.11562500000000009
1 0.4921875 0.08541666666666675 0.48359375 0.08541666666666675 0.48359375 0.10312500000000009 0.4921875 0.10312500000000009
1 0.50703125 0.07604166666666676 0.49765625 0.07604166666666676 0.49765625 0.10104166666666675 0.50703125 0.10104166666666675
2 0.7328125000000001 0.8989583333333334 0.6984375 0.8989583333333333 0.6984375 1.0000000000000002 0.7328125000000002 1.0000000000000002
2 0.91953125 0.9156250000000002 0.8828125 0.9156250000000002 0.8828125 1.0000000000000002 0.91953125 1.0000000000000002
2 0.7664062500000001 0.8291666666666669 0.7296875 0.8291666666666669 0.7296875 0.9687500000000002 0.7664062500000002 0.9687500000000002
2 0.67578125 0.79375 0.64140625 0.79375 0.64140625 0.9375 0.67578125 0.9375
2 0.6875 0.7166666666666667 0.653125 0.7166666666666667 0.653125 0.8552083333333333 0.6875 0.8552083333333333
2 0.8265625 0.6937500000000002 0.7953125 0.6937500000000002 0.7953125 0.8281250000000002 0.8265625 0.8281250000000002
2 0.734375 0.5020833333333334 0.7 0.5020833333333334 0.7 0.6052083333333335 0.734375 0.6052083333333336
2 0.7 0.5270833333333335 0.68359375 0.5270833333333335 0.68359375 0.5770833333333333 0.7 0.5770833333333333
2 0.70546875 0.4656250000000001 0.68359375 0.4656250000000001 0.68359375 0.5427083333333333 0.70546875 0.5427083333333333
2 0.6578125 0.44583333333333347 0.640625 0.44583333333333347 0.640625 0.5312500000000001 0.6578125 0.5312500000000001
2 0.6796875 0.4697916666666668 0.65546875 0.4697916666666668 0.65546875 0.5395833333333333 0.6796875 0.5395833333333333
2 0.55234375 0.47812500000000013 0.53046875 0.47812500000000013 0.53046875 0.5677083333333334 0.55234375 0.5677083333333334
2 0.51875 0.4697916666666668 0.49453125 0.4697916666666668 0.49453125 0.5614583333333333 0.51875 0.5614583333333333
2 0.54375 0.43645833333333345 0.5265625 0.43645833333333345 0.5265625 0.5041666666666668 0.54375 0.5041666666666668
2 0.65859375 0.40520833333333345 0.6453125 0.40520833333333345 0.6453125 0.46145833333333347 0.65859375 0.46145833333333347
2 0.54140625 0.3937500000000001 0.51953125 0.3937500000000001 0.51953125 0.47291666666666676 0.54140625 0.47291666666666676
2 0.51796875 0.41562500000000013 0.496875 0.41562500000000013 0.496875 0.4760416666666668 0.51796875 0.4760416666666668
2 0.51640625 0.3781250000000001 0.49609375 0.3781250000000001 0.49609375 0.43333333333333346 0.51640625 0.43333333333333346
2 0.6625 0.3822916666666668 0.64453125 0.3822916666666668 0.64453125 0.43333333333333346 0.6625 0.43333333333333346
2 0.6765625 0.3468750000000001 0.6390625 0.3468750000000001 0.6390625 0.4031250000000001 0.6765625 0.4031250000000001
2 0.63046875 0.3260416666666668 0.60703125 0.3260416666666668 0.60703125 0.3875000000000001 0.63046875 0.3875000000000001
2 0.54609375 0.3666666666666668 0.528125 0.3666666666666668 0.528125 0.4354166666666668 0.54609375 0.4354166666666668
2 0.5703125 0.3645833333333334 0.54921875 0.3645833333333334 0.54921875 0.43020833333333347 0.5703125 0.43020833333333347
2 0.55234375 0.3354166666666668 0.53671875 0.3354166666666668 0.53671875 0.40208333333333346 0.55234375 0.40208333333333346
2 0.5390625 0.3281250000000001 0.5203125 0.3281250000000001 0.5203125 0.3760416666666668 0.5390625 0.3760416666666668
2 0.52734375 0.30104166666666676 0.51484375 0.30104166666666676 0.51484375 0.3385416666666668 0.52734375 0.3385416666666668
2 0.5203125 0.2687500000000001 0.50703125 0.2687500000000001 0.50703125 0.3104166666666668 0.5203125 0.3104166666666668
2 0.5171875 0.28750000000000014 0.51640625 0.28750000000000014 0.51640625 0.3104166666666668 0.5171875 0.3104166666666668
2 0.5296875 0.26770833333333344 0.5203125 0.26770833333333344 0.5203125 0.31458333333333344 0.5296875 0.31458333333333344
2 0.5625 0.25625000000000014 0.54765625 0.25625000000000014 0.54765625 0.30104166666666676 0.5625 0.30104166666666676
2 0.56796875 0.24583333333333346 0.5609375 0.24583333333333346 0.5609375 0.27187500000000014 0.56796875 0.27187500000000014
2 0.5546875 0.23333333333333342 0.54375 0.2333333333333334 0.54375 0.2614583333333334 0.5546875 0.26145833333333346
2 0.54765625 0.20416666666666675 0.53359375 0.20416666666666672 0.53359375 0.24375000000000008 0.54765625 0.2437500000000001
2 0.56171875 0.20416666666666677 0.5515625 0.20416666666666677 0.5515625 0.2447916666666668 0.56171875 0.2447916666666668
2 0.50546875 0.23125000000000007 0.49296875 0.23125000000000007 0.49296875 0.2593750000000001 0.50546875 0.2593750000000001
2 0.54296875 0.1864583333333334 0.52890625 0.1864583333333334 0.52890625 0.2114583333333334 0.54296875 0.2114583333333334
2 0.5125 0.17291666666666672 0.50625 0.17291666666666672 0.50625 0.19375000000000006 0.5125 0.19375000000000006
2 0.52109375 0.1770833333333334 0.5140625 0.1770833333333334 0.5140625 0.1979166666666667 0.52109375 0.1979166666666667
2 0.51953125 0.16250000000000006 0.5140625 0.16250000000000006 0.5140625 0.17291666666666672 0.51953125 0.17291666666666672
2 0.51875 0.15312500000000007 0.5140625 0.15312500000000007 0.5140625 0.1645833333333334 0.51875 0.1645833333333334
2 0.52578125 0.16250000000000006 0.51953125 0.16250000000000006 0.51953125 0.17916666666666672 0.52578125 0.17916666666666672
2 0.51640625 0.13854166666666673 0.5109375 0.13854166666666673 0.5109375 0.15416666666666673 0.51640625 0.15416666666666673
2 0.4671875 0.20520833333333338 0.45859375 0.20520833333333338 0.45859375 0.2427083333333334 0.4671875 0.2427083333333334
2 0.5078125 0.12500000000000008 0.50078125 0.12500000000000008 0.50078125 0.14062500000000006 0.5078125 0.14062500000000006
2 0.51171875 0.11250000000000009 0.5 0.11250000000000009 0.5 0.1333333333333334 0.51171875 0.1333333333333334
2 0.5015625 0.10416666666666675 0.4984375 0.10416666666666675 0.4984375 0.11875000000000009 0.5015625 0.11875000000000009
2 0.51171875 0.10520833333333342 0.50234375 0.10520833333333342 0.50234375 0.11770833333333343 0.51171875 0.11770833333333343