2 0.7773437500000001 0.9114583333333335 0.721875 0.9114583333333334 0.721875 1.0000000000000002 0.7773437500000002 1.0000000000000002
2 0.6882812500000001 0.9510416666666667 0.65234375 0.9510416666666667 0.6523437500000001 1 0.6882812500000002 1
2 0.7 0.7479166666666667 0.66015625 0.7479166666666667 0.66015625 0.9239583333333333 0.7 0.9239583333333333
2 0.596875 0.709375 0.56328125 0.709375 0.56328125 0.859375 0.596875 0.859375
2 0.6921875 0.6833333333333333 0.65625 0.6833333333333333 0.65625 0.7864583333333334 0.6921875 0.7864583333333334
2 0.6828125 0.578125 0.6515625 0.578125 0.6515625 0.69375 0.6828125 0.69375
2 0.72890625 0.5562500000000001 0.7015625 0.55625 0.7015625 0.6302083333333335 0.72890625 0.6302083333333336
2 0.6671875 0.5072916666666668 0.640625 0.5072916666666668 0.640625 0.5989583333333334 0.6671875 0.5989583333333334
2 0.6828125 0.46458333333333346 0.65703125 0.46458333333333346 0.65703125 0.559375 0.6828125 0.559375
2 0.64453125 0.46250000000000013 0.62109375 0.46250000000000013 0.62109375 0.546875 0.64453125 0.546875
2 0.63046875 0.43958333333333344 0.6078125 0.43958333333333344 0.6078125 0.5177083333333334 0.63046875 0.5177083333333334
2 0.6078125 0.4531250000000001 0.58984375 0.4531250000000001 0.58984375 0.5281250000000001 0.6078125 0.5281250000000001
2 0.6453125 0.40000000000000013 0.62265625 0.40000000000000013 0.62265625 0.4854166666666668 0.6453125 0.4854166666666668
2 0.5453125 0.60625 0.51953125 0.60625 0.51953125 0.6927083333333334 0.5453125 0.6927083333333334
2 0.5328125 0.5041666666666668 0.50703125 0.5041666666666668 0.50703125 0.6072916666666667 0.5328125 0.6072916666666667
2 0.490625 0.5312500000000001 0.46640625 0.5312500000000001 0.46640625 0.6416666666666667 0.490625 0.6416666666666667
2 0.57734375 0.44375000000000014 0.55703125 0.44375000000000014 0.55703125 0.49583333333333346 0.57734375 0.49583333333333346
2 0.55390625 0.4135416666666668 0.5390625 0.4135416666666668 0.5390625 0.4843750000000001 0.55390625 0.4843750000000001
2 0.553125 0.3750000000000001 0.53515625 0.3750000000000001 0.53515625 0.4322916666666668 0.553125 0.4322916666666668
2 0.57890625 0.4062500000000001 0.55859375 0.4062500000000001 0.55859375 0.47291666666666676 0.57890625 0.47291666666666676
2 0.57734375 0.37083333333333346 0.55859375 0.37083333333333346 0.55859375 0.4354166666666668 0.57734375 0.4354166666666668
2 0.58984375 0.3625000000000001 0.57421875 0.3625000000000001 0.57421875 0.43125000000000013 0.58984375 0.43125000000000013
2 0.6015625 0.33229166666666676 0.58125 0.33229166666666676 0.58125 0.39479166666666676 0.6015625 0.39479166666666676
2 0.6078125 0.3229166666666668 0.590625 0.3229166666666668 0.590625 0.3729166666666668 0.6078125 0.3729166666666668
2 0.62109375 0.34583333333333344 0.60625 0.34583333333333344 0.60625 0.4072916666666668 0.62109375 0.4072916666666668
2 0.6296875 0.37395833333333345 0.62109375 0.37395833333333345 0.62109375 0.4322916666666668 0.6296875 0.4322916666666668
2 0.57265625 0.3312500000000001 0.5578125 0.3312500000000001 0.5578125 0.3822916666666668 0.57265625 0.3822916666666668
2 0.5828125 0.30625000000000013 0.56640625 0.30625000000000013 0.56640625 0.3489583333333334 0.5828125 0.3489583333333334
2 0.59296875 0.3104166666666668 0.5765625 0.3104166666666668 0.5765625 0.3468750000000001 0.59296875 0.3468750000000001
2 0.58828125 0.2947916666666668 0.57421875 0.2947916666666668 0.57421875 0.3197916666666668 0.58828125 0.3197916666666668
2 0.5828125 0.2760416666666668 0.56640625 0.2760416666666668 0.56640625 0.3072916666666668 0.5828125 0.3072916666666668
2 0.565625 0.27395833333333347 0.5609375 0.27395833333333347 0.5609375 0.3000000000000001 0.565625 0.3000000000000001
2 0.56015625 0.2947916666666668 0.54765625 0.2947916666666668 0.54765625 0.3489583333333334 0.56015625 0.3489583333333334
2 0.559375 0.27187500000000014 0.54453125 0.27187500000000014 0.54453125 0.29583333333333345 0.559375 0.29583333333333345
2 0.5453125 0.28541666666666676 0.528125 0.28541666666666676 0.528125 0.3260416666666668 0.5453125 0.3260416666666668
2 0.5296875 0.26041666666666674 0.51796875 0.26041666666666674 0.51796875 0.2979166666666668 0.5296875 0.2979166666666668
2 0.5390625 0.2541666666666667 0.5296875 0.2541666666666667 0.5296875 0.28958333333333347 0.5390625 0.28958333333333347
2 0.55625 0.25729166666666675 0.5421875 0.25729166666666675 0.5421875 0.29062500000000013 0.55625 0.29062500000000013
2 0.53046875 0.24062500000000006 0.5171875 0.24062500000000006 0.5171875 0.2583333333333334 0.53046875 0.2583333333333334
2 0.52265625 0.21250000000000005 0.51015625 0.21250000000000005 0.51015625 0.23541666666666672 0.52265625 0.23541666666666672
2 0.54140625 0.20104166666666673 0.52421875 0.20104166666666673 0.52421875 0.23437500000000006 0.54140625 0.23437500000000006
2 0.546875 0.23020833333333343 0.5265625 0.2302083333333334 0.5265625 0.2531250000000001 0.546875 0.2531250000000001
2 0.58046875 0.2656250000000001 0.559375 0.2656250000000001 0.559375 0.31145833333333345 0.58046875 0.31145833333333345
2 0.446875 0.23750000000000007 0.428125 0.23750000000000007 0.428125 0.29895833333333344 0.446875 0.29895833333333344
2 0.48203125 0.2687500000000001 0.47265625 0.2687500000000001 0.47265625 0.2947916666666668 0.48203125 0.2947916666666668
2 0.43046875 0.12916666666666674 0.42109375 0.12916666666666674 0.42109375 0.1520833333333334 0.43046875 0.1520833333333334
2 0.46015625 0.13854166666666673 0.44921875 0.13854166666666673 0.44921875 0.1645833333333334 0.46015625 0.1645833333333334
2 0.4515625 0.10104166666666672 0.44375 0.10104166666666672 0.44375 0.13229166666666672 0.4515625 0.13229166666666672
2 0.45859375 0.09479166666666676 0.45625 0.09479166666666676 0.45625 0.1062500000000001 0.45859375 0.1062500000000001
2 0.46875 0.08645833333333343 0.46328125 0.08645833333333343 0.46328125 0.10416666666666675 0.46875 0.10416666666666675
2 0.45703125 0.08333333333333341 0.45 0.0833333333333334 0.45 0.09583333333333341 0.45703125 0.09583333333333342
2 0.50703125 0.17916666666666672 0.4953125 0.17916666666666672 0.4953125 0.2083333333333334 0.50703125 0.2083333333333334
2 0.49609375 0.1510416666666667 0.48515625 0.1510416666666667 0.48515625 0.17500000000000007 0.49609375 0.17500000000000007
2 0.4890625 0.14270833333333338 0.47890625 0.14270833333333338 0.47890625 0.17291666666666672 0.4890625 0.17291666666666672
1 0.55703125 0.6520833333333333 0.47265625 0.6520833333333333 0.47265625 0.890625 0.55703125 0.890625
1 0.790625 0.6125000000000002 0.68515625 0.6125 0.68515625 0.8385416666666667 0.790625 0.8385416666666669
1 0.62421875 0.48645833333333344 0.5484375 0.48645833333333344 0.5484375 0.640625 0.62421875 0.640625
1 0.51484375 0.36145833333333344 0.46484375 0.36145833333333344 0.46484375 0.4635416666666668 0.51484375 0.4635416666666668
1 0.53671875 0.29583333333333345 0.5015625 0.29583333333333345 0.5015625 0.36875000000000013 0.53671875 0.36875000000000013
1 0.49609375 0.30312500000000014 0.45 0.30312500000000014 0.45 0.38958333333333345 0.49609375 0.38958333333333345
1 0.51484375 0.26354166666666673 0.48046875 0.26354166666666673 0.48046875 0.32395833333333346 0.51484375 0.32395833333333346
1 0.47890625 0.2708333333333334 0.44375 0.2708333333333334 0.44375 0.33750000000000013 0.47890625 0.33750000000000013
1 0.47109375 0.2489583333333334 0.44453125 0.2489583333333334 0.44453125 0.2843750000000001 0.47109375 0.2843750000000001
1 0.50390625 0.24166666666666672 0.4796875 0.24166666666666672 0.4796875 0.28750000000000014 0.50390625 0.28750000000000014
1 0.49921875 0.2177083333333334 0.47734375 0.2177083333333334 0.47734375 0.25312500000000004 0.49921875 0.25312500000000004
1 0.4984375 0.1979166666666667 0.47109375 0.1979166666666667 0.47109375 0.23437500000000006 0.4984375 0.23437500000000006
1 0.49140625 0.1822916666666667 0.4734375 0.1822916666666667 0.4734375 0.20312500000000006 0.49140625 0.20312500000000006
1 0.48671875 0.17395833333333338 0.4671875 0.17395833333333338 0.4671875 0.1927083333333334 0.48671875 0.1927083333333334
1 0.45546875 0.2083333333333334 0.43671875 0.2083333333333334 0.43671875 0.2291666666666667 0.45546875 0.2291666666666667
1 0.4703125 0.21979166666666672 0.440625 0.21979166666666672 0.440625 0.2510416666666667 0.4703125 0.2510416666666667
1 0.46328125 0.19062500000000007 0.44375 0.19062500000000007 0.44375 0.2239583333333334 0.46328125 0.2239583333333334
1 0.45234375 0.17291666666666672 0.43359375 0.17291666666666672 0.43359375 0.20312500000000006 0.45234375 0.20312500000000006
1 0.4515625 0.15833333333333338 0.43203125 0.15833333333333338 0.43203125 0.19166666666666674 0.4515625 0.19166666666666674
1 0.4484375 0.14166666666666672 0.42890625 0.14166666666666672 0.42890625 0.16875000000000007 0.4484375 0.16875000000000007
1 0.4421875 0.11979166666666673 0.43046875 0.11979166666666673 0.43046875 0.14791666666666672 0.4421875 0.14791666666666672
3 0.4453125 0.10416666666666673 0.425 0.10416666666666673 0.425 0.13229166666666672 0.4453125 0.13229166666666672
3 0.48203125 0.1020833333333334 0.4515625 0.10208333333333339 0.4515625 0.18125000000000005 0.48203125 0.18125000000000005