2 0.6046875 0.8385416666666666 0.565625 0.8385416666666666 0.565625 0.9947916666666666 0.6046875000000002 0.9947916666666666
2 0.6695312500000001 0.9385416666666667 0.61875 0.9385416666666667 0.6187500000000001 0.9989583333333333 0.6695312500000001 0.9989583333333333
2 0.7507812500000001 0.8604166666666668 0.70546875 0.8604166666666667 0.7054687500000001 0.9947916666666667 0.7507812500000002 0.9947916666666669
2 0.8 0.8531250000000002 0.7609375 0.8531250000000002 0.7609375 0.9979166666666669 0.8 0.9979166666666669
2 0.8765625 0.7437500000000002 0.828125 0.7437500000000002 0.828125 0.8927083333333335 0.8765625 0.8927083333333335
2 0.84765625 0.7843750000000003 0.796875 0.7843750000000003 0.796875 0.9520833333333336 0.84765625 0.9520833333333336
2 0.93984375 0.8604166666666669 0.86640625 0.8604166666666669 0.86640625 0.9875000000000003 0.93984375 0.9875000000000003
2 0.68984375 0.7677083333333333 0.6546875 0.7677083333333333 0.6546875 0.903125 0.68984375 0.903125
2 0.6359375 0.6395833333333333 0.603125 0.6395833333333333 0.603125 0.8114583333333333 0.6359375 0.8114583333333333
2 0.7171875 0.675 0.684375 0.675 0.684375 0.7989583333333333 0.7171875 0.7989583333333333
2 0.75234375 0.6479166666666668 0.7234375 0.6479166666666667 0.7234375 0.7854166666666668 0.75234375 0.7854166666666669
2 0.7875 0.6229166666666669 0.74921875 0.6229166666666669 0.74921875 0.7468750000000003 0.7875 0.7468750000000003
2 0.7359375 0.5864583333333334 0.703125 0.5864583333333333 0.703125 0.6718750000000001 0.7359375 0.6718750000000002
2 0.70625 0.5927083333333333 0.67421875 0.5927083333333333 0.67421875 0.7229166666666667 0.70625 0.7229166666666667
2 0.6765625 0.5645833333333333 0.65390625 0.5645833333333333 0.65390625 0.6739583333333333 0.6765625 0.6739583333333333
2 0.6546875 0.4791666666666668 0.63359375 0.4791666666666668 0.63359375 0.5708333333333333 0.6546875 0.5708333333333333
2 0.69296875 0.5031250000000002 0.671875 0.5031250000000002 0.671875 0.5510416666666667 0.69296875 0.5510416666666667
2 0.72734375 0.5250000000000001 0.709375 0.5250000000000001 0.709375 0.5937500000000001 0.72734375 0.5937500000000002
2 0.69375 0.5395833333333333 0.66953125 0.5395833333333333 0.66953125 0.6083333333333333 0.69375 0.6083333333333333
2 0.57734375 0.43020833333333347 0.559375 0.43020833333333347 0.559375 0.5010416666666668 0.57734375 0.5010416666666668
2 0.659375 0.3822916666666668 0.6421875 0.3822916666666668 0.6421875 0.4635416666666668 0.659375 0.4635416666666668
2 0.53359375 0.3541666666666668 0.5140625 0.3541666666666668 0.5140625 0.4114583333333334 0.53359375 0.4114583333333334
2 0.55625 0.39687500000000014 0.53984375 0.39687500000000014 0.53984375 0.4604166666666668 0.55625 0.4604166666666668
2 0.56328125 0.37083333333333346 0.54296875 0.37083333333333346 0.54296875 0.41770833333333346 0.56328125 0.41770833333333346
2 0.55625 0.3510416666666668 0.54375 0.3510416666666668 0.54375 0.3760416666666668 0.55625 0.3760416666666668
2 0.553125 0.33437500000000014 0.53828125 0.33437500000000014 0.53828125 0.3802083333333334 0.553125 0.3802083333333334
2 0.590625 0.2937500000000001 0.57890625 0.2937500000000001 0.57890625 0.33437500000000014 0.590625 0.33437500000000014
2 0.60546875 0.28541666666666676 0.5921875 0.28541666666666676 0.5921875 0.3250000000000001 0.60546875 0.3250000000000001
2 0.61484375 0.30312500000000014 0.596875 0.30312500000000014 0.596875 0.34583333333333344 0.61484375 0.34583333333333344
2 0.61953125 0.3250000000000001 0.59140625 0.3250000000000001 0.59140625 0.36354166666666676 0.61953125 0.36354166666666676
2 0.6375 0.34583333333333344 0.6171875 0.34583333333333344 0.6171875 0.4166666666666668 0.6375 0.4166666666666668
2 0.471875 0.24166666666666672 0.45859375 0.24166666666666672 0.45859375 0.2843750000000001 0.471875 0.2843750000000001
2 0.5234375 0.2666666666666668 0.50625 0.2666666666666668 0.50625 0.3177083333333334 0.5234375 0.3177083333333334
2 0.51015625 0.23645833333333338 0.50078125 0.23645833333333338 0.50078125 0.26770833333333344 0.51015625 0.26770833333333344
2 0.521875 0.23854166666666674 0.51328125 0.23854166666666674 0.51328125 0.26562500000000006 0.521875 0.26562500000000006
2 0.540625 0.2458333333333334 0.5296875 0.2458333333333334 0.5296875 0.28020833333333345 0.540625 0.28020833333333345
2 0.55859375 0.23750000000000013 0.546875 0.23750000000000013 0.546875 0.2604166666666668 0.55859375 0.2604166666666668
2 0.5671875 0.2281250000000001 0.559375 0.2281250000000001 0.559375 0.2552083333333334 0.5671875 0.2552083333333334
2 0.57734375 0.2385416666666668 0.5703125 0.2385416666666668 0.5703125 0.27187500000000014 0.57734375 0.27187500000000014
2 0.59296875 0.26145833333333346 0.58046875 0.26145833333333346 0.58046875 0.30520833333333347 0.59296875 0.30520833333333347
2 0.53984375 0.2083333333333334 0.52421875 0.2083333333333334 0.52421875 0.24166666666666672 0.53984375 0.24166666666666672
2 0.5484375 0.20416666666666675 0.53828125 0.20416666666666672 0.53828125 0.2375000000000001 0.5484375 0.23750000000000013
2 0.521875 0.17812500000000006 0.51484375 0.17812500000000006 0.51484375 0.21562500000000007 0.521875 0.21562500000000007
2 0.534375 0.1770833333333334 0.52578125 0.1770833333333334 0.52578125 0.20520833333333338 0.534375 0.20520833333333338
2 0.54453125 0.1937500000000001 0.5359375 0.19375000000000006 0.5359375 0.2052083333333334 0.54453125 0.20520833333333346
2 0.4625 0.17395833333333338 0.45 0.17395833333333338 0.45 0.20520833333333338 0.4625 0.20520833333333338
2 0.45703125 0.15312500000000007 0.45 0.15312500000000007 0.45 0.17291666666666672 0.45703125 0.17291666666666672
2 0.46484375 0.16041666666666674 0.45546875 0.16041666666666674 0.45546875 0.18437500000000007 0.46484375 0.18437500000000007
2 0.48125 0.17500000000000007 0.47265625 0.17500000000000007 0.47265625 0.1958333333333334 0.48125 0.1958333333333334
2 0.48203125 0.15625000000000006 0.47578125 0.15625000000000006 0.47578125 0.17291666666666672 0.48203125 0.17291666666666672
2 0.48125 0.14479166666666674 0.47578125 0.14479166666666674 0.47578125 0.15729166666666672 0.48125 0.15729166666666672
2 0.4921875 0.14166666666666672 0.48671875 0.14166666666666672 0.48671875 0.1510416666666667 0.4921875 0.1510416666666667
2 0.51484375 0.1333333333333334 0.509375 0.1333333333333334 0.509375 0.1520833333333334 0.51484375 0.1520833333333334
2 0.509375 0.11875000000000009 0.5046875 0.11875000000000009 0.5046875 0.1333333333333334 0.509375 0.1333333333333334
2 0.5046875 0.10208333333333343 0.5015625 0.10208333333333343 0.5015625 0.11458333333333343 0.5046875 0.11458333333333343
2 0.50078125 0.10833333333333342 0.496875 0.10833333333333342 0.496875 0.11770833333333343 0.50078125 0.11770833333333343
2 0.48515625 0.11145833333333342 0.4796875 0.11145833333333342 0.4796875 0.12604166666666675 0.48515625 0.12604166666666675
2 0.47734375 0.10312500000000009 0.4671875 0.10312500000000009 0.4671875 0.11458333333333343 0.47734375 0.11458333333333343
1 0.58515625 0.6 0.50625 0.6 0.50625 0.8114583333333333 0.58515625 0.8114583333333333
1 0.64453125 0.4843750000000001 0.56953125 0.4843750000000001 0.56953125 0.6447916666666667 0.64453125 0.6447916666666667
1 0.6203125 0.3354166666666668 0.56484375 0.3354166666666668 0.56484375 0.4385416666666668 0.6203125 0.4385416666666668
1 0.53203125 0.38437500000000013 0.47578125 0.38437500000000013 0.47578125 0.4760416666666668 0.53203125 0.4760416666666668
1 0.5125 0.3000000000000001 0.4796875 0.3000000000000001 0.4796875 0.36875000000000013 0.5125 0.36875000000000013
1 0.56171875 0.2791666666666668 0.5203125 0.2791666666666668 0.5203125 0.3447916666666668 0.56171875 0.3447916666666668
1 0.58046875 0.25625000000000014 0.5484375 0.25625000000000014 0.5484375 0.32083333333333347 0.58046875 0.32083333333333347
1 0.503125 0.2489583333333334 0.4671875 0.2489583333333334 0.4671875 0.3000000000000001 0.503125 0.3000000000000001
1 0.4984375 0.22083333333333338 0.46796875 0.22083333333333338 0.46796875 0.2520833333333334 0.4984375 0.2520833333333334
1 0.521875 0.20729166666666674 0.4984375 0.20729166666666674 0.4984375 0.2395833333333334 0.521875 0.2395833333333334
1 0.48359375 0.20625000000000007 0.46328125 0.20625000000000007 0.46328125 0.23541666666666672 0.48359375 0.23541666666666672
1 0.4796875 0.18541666666666673 0.4609375 0.18541666666666673 0.4609375 0.21250000000000005 0.4796875 0.21250000000000005
1 0.475 0.14687500000000006 0.46015625 0.14687500000000006 0.46015625 0.17604166666666674 0.475 0.17604166666666674
1 0.4859375 0.1281250000000001 0.47109375 0.1281250000000001 0.47109375 0.1458333333333334 0.4859375 0.1458333333333334
1 0.5015625 0.11979166666666675 0.48984375 0.11979166666666675 0.48984375 0.1312500000000001 0.5015625 0.1312500000000001
1 0.50625 0.1270833333333334 0.4875 0.1270833333333334 0.4875 0.14270833333333338 0.50625 0.14270833333333338
1 0.47265625 0.11354166666666675 0.46015625 0.11354166666666675 0.46015625 0.1354166666666667 0.47265625 0.1354166666666667
1 0.5234375 0.15312500000000007 0.51171875 0.15312500000000007 0.51171875 0.18541666666666673 0.5234375 0.18541666666666673
3 0.51171875 0.15312500000000007 0.4875 0.15312500000000007 0.4875 0.21250000000000005 0.51171875 0.21250000000000005
3 0.496875 0.08020833333333342 0.48125 0.08020833333333342 0.48125 0.12083333333333342 0.496875 0.12083333333333342
1 0.5078125 0.08541666666666675 0.5015625 0.08541666666666675 0.5015625 0.09687500000000009 0.5078125 0.09687500000000009
2 0.503125 0.09270833333333342 0.49765625 0.09270833333333342 0.49765625 0.10312500000000009 0.503125 0.10312500000000009
2 0.559375 0.21458333333333346 0.5484375 0.21458333333333346 0.5484375 0.23750000000000013 0.559375 0.23750000000000013
2 0.48671875 0.14375000000000007 0.4796875 0.14375000000000007 0.4796875 0.15833333333333338 0.48671875 0.15833333333333338
2 0.5078125 0.09895833333333343 0.50546875 0.09895833333333343 0.50546875 0.11562500000000009 0.5078125 0.11562500000000009