2 0.47265625 0.2593750000000001 0.44296875 0.2593750000000001 0.44296875 0.32083333333333347 0.47265625 0.32083333333333347
2 0.5234375 0.21562500000000007 0.50703125 0.21562500000000007 0.50703125 0.24791666666666673 0.5234375 0.24791666666666673
2 0.4625 0.22604166666666672 0.45078125 0.22604166666666672 0.45078125 0.26250000000000007 0.4625 0.26250000000000007
2 0.44375 0.22604166666666672 0.4359375 0.22604166666666672 0.4359375 0.27500000000000013 0.44375 0.27500000000000013
2 0.4640625 0.19687500000000005 0.453125 0.19687500000000005 0.453125 0.23229166666666673 0.4640625 0.23229166666666673
2 0.484375 0.19166666666666674 0.471875 0.19166666666666674 0.471875 0.2239583333333334 0.484375 0.2239583333333334
2 0.4984375 0.18854166666666672 0.49140625 0.18854166666666672 0.49140625 0.21666666666666673 0.4984375 0.21666666666666673
2 0.496875 0.09687500000000009 0.490625 0.09687500000000009 0.490625 0.11458333333333343 0.496875 0.11458333333333343
2 0.51640625 0.10208333333333343 0.50390625 0.10208333333333343 0.50390625 0.12291666666666676 0.51640625 0.12291666666666676
2 0.4921875 0.1312500000000001 0.4828125 0.1312500000000001 0.4828125 0.15416666666666673 0.4921875 0.15416666666666673
2 0.49140625 0.1666666666666667 0.4796875 0.1666666666666667 0.4796875 0.1822916666666667 0.49140625 0.1822916666666667
2 0.4890625 0.17916666666666672 0.48203125 0.17916666666666672 0.48203125 0.2020833333333334 0.4890625 0.2020833333333334
1 0.52734375 0.14166666666666672 0.50390625 0.14166666666666672 0.50390625 0.17812500000000006 0.52734375 0.17812500000000006
1 0.52265625 0.2489583333333334 0.49453125 0.2489583333333334 0.49453125 0.3072916666666668 0.52265625 0.3072916666666668
1 0.490625 0.21666666666666673 0.4625 0.21666666666666673 0.4625 0.2645833333333334 0.490625 0.2645833333333334