1 0.53359375 0.10833333333333342 0.52421875 0.10833333333333342 0.52421875 0.1270833333333334 0.53359375 0.1270833333333334
2 0.525 0.1395833333333334 0.51484375 0.1395833333333334 0.51484375 0.16250000000000006 0.525 0.16250000000000006
1 0.5203125 0.11354166666666675 0.51328125 0.11354166666666675 0.51328125 0.1354166666666667 0.5203125 0.1354166666666667
1 0.51328125 0.13854166666666673 0.50234375 0.13854166666666673 0.50234375 0.1666666666666667 0.51328125 0.1666666666666667
2 0.51015625 0.11562500000000009 0.5046875 0.11562500000000009 0.5046875 0.13020833333333343 0.51015625 0.13020833333333343
2 0.5046875 0.11458333333333343 0.49765625 0.11458333333333343 0.49765625 0.1312500000000001 0.5046875 0.1312500000000001
2 0.50703125 0.1062500000000001 0.50234375 0.1062500000000001 0.50234375 0.11458333333333343 0.50703125 0.11458333333333343
2 0.50078125 0.1062500000000001 0.49453125 0.1062500000000001 0.49453125 0.11666666666666675 0.50078125 0.11666666666666675
2 0.496875 0.10729166666666676 0.49375 0.10729166666666676 0.49375 0.11666666666666675 0.496875 0.11666666666666675
2 0.509375 0.10000000000000009 0.50546875 0.10000000000000009 0.50546875 0.10937500000000008 0.509375 0.10937500000000008
2 0.50625 0.10000000000000009 0.5015625 0.10000000000000009 0.5015625 0.10937500000000008 0.50625 0.10937500000000008
2 0.50078125 0.10000000000000009 0.496875 0.10000000000000009 0.496875 0.10937500000000008 0.50078125 0.10937500000000008
2 0.45625 0.21041666666666672 0.43828125 0.21041666666666672 0.43828125 0.24166666666666672 0.45625 0.24166666666666672
2 0.4703125 0.2270833333333334 0.453125 0.2270833333333334 0.453125 0.26250000000000007 0.4703125 0.26250000000000007
2 0.3109375000000001 0.490625 0.2734375000000001 0.490625 0.2734375000000001 0.58125 0.3109375000000001 0.58125