2 0.4023437500000001 0.921875 0.35234375000000007 0.921875 0.35234375000000007 1 0.40234375000000017 1
2 0.43203125 0.625 0.3984375000000001 0.625 0.3984375000000001 0.7666666666666667 0.43203125 0.7666666666666667
2 0.2601562500000001 0.6604166666666667 0.2390625000000001 0.6604166666666667 0.2390625000000001 0.7614583333333333 0.2601562500000001 0.7614583333333333
2 0.24375000000000008 0.6239583333333333 0.20859375000000008 0.6239583333333333 0.20859375000000008 0.7489583333333333 0.24375000000000008 0.7489583333333333
2 0.3085937500000001 0.4895833333333333 0.27421875000000007 0.4895833333333333 0.27421875000000007 0.6270833333333333 0.3085937500000001 0.6270833333333333
2 0.35468750000000004 0.4166666666666667 0.33046875 0.4166666666666667 0.33046875000000003 0.5114583333333333 0.3546875000000001 0.5114583333333333
2 0.38593750000000004 0.4260416666666667 0.35546875 0.42604166666666665 0.35546875000000006 0.5041666666666668 0.3859375000000001 0.5041666666666668
2 0.43125 0.4666666666666668 0.409375 0.4666666666666668 0.409375 0.5520833333333334 0.43125 0.5520833333333334
2 0.484375 0.4916666666666668 0.46171875 0.4916666666666668 0.46171875 0.5916666666666667 0.484375 0.5916666666666667
2 0.415625 0.35520833333333346 0.38984375 0.35520833333333346 0.38984375 0.42604166666666676 0.415625 0.42604166666666676
2 0.40546875 0.3229166666666668 0.38515625 0.3229166666666668 0.38515625 0.3385416666666668 0.40546875 0.3385416666666668
2 0.4109375 0.27708333333333346 0.39609375 0.27708333333333346 0.39609375 0.34270833333333345 0.4109375 0.34270833333333345
2 0.46953125 0.27395833333333347 0.4515625 0.27395833333333347 0.4515625 0.3406250000000001 0.46953125 0.3406250000000001
2 0.503125 0.2968750000000001 0.49296875 0.2968750000000001 0.49296875 0.3593750000000001 0.503125 0.3593750000000001
2 0.49765625 0.2239583333333334 0.484375 0.2239583333333334 0.484375 0.26250000000000007 0.49765625 0.26250000000000007
2 0.5453125 0.1281250000000001 0.5390625 0.1281250000000001 0.5390625 0.14895833333333341 0.5453125 0.14895833333333344
2 0.50546875 0.12395833333333342 0.49609375 0.12395833333333342 0.49609375 0.14375000000000007 0.50546875 0.14375000000000007
2 0.49765625 0.12916666666666676 0.49140625 0.12916666666666676 0.49140625 0.1489583333333334 0.49765625 0.1489583333333334
2 0.50703125 0.0906250000000001 0.50078125 0.0906250000000001 0.50078125 0.11250000000000009 0.50703125 0.11250000000000009
2 0.5 0.10729166666666676 0.49296875 0.10729166666666676 0.49296875 0.12604166666666675 0.5 0.12604166666666675
1 0.2078125000000001 0.746875 0.042187500000000065 0.746875 0.04218750000000008 1 0.2078125000000001 1
1 0.50546875 0.20104166666666673 0.4859375 0.20104166666666673 0.4859375 0.24687500000000007 0.50546875 0.24687500000000007
1 0.5125 0.16354166666666672 0.49375 0.16354166666666672 0.49375 0.20312500000000006 0.5125 0.20312500000000006
1 0.5359375 0.1614583333333334 0.515625 0.1614583333333334 0.515625 0.18854166666666672 0.5359375 0.18854166666666672
1 0.54453125 0.1427083333333334 0.5265625 0.14270833333333338 0.5265625 0.1739583333333334 0.54453125 0.17395833333333346
1 0.50078125 0.1489583333333334 0.4859375 0.1489583333333334 0.4859375 0.18750000000000006 0.50078125 0.18750000000000006
1 0.48515625 0.16979166666666673 0.46640625 0.16979166666666673 0.46640625 0.20520833333333338 0.48515625 0.20520833333333338
1 0.5109375 0.11458333333333343 0.50078125 0.11458333333333343 0.50078125 0.14270833333333338 0.5109375 0.14270833333333338
1 0.54140625 0.11666666666666675 0.51796875 0.11666666666666675 0.51796875 0.1458333333333334 0.54140625 0.1458333333333334
1 0.53046875 0.10104166666666675 0.51953125 0.10104166666666675 0.51953125 0.11979166666666675 0.53046875 0.11979166666666675
1 0.515625 0.10208333333333343 0.503125 0.10208333333333343 0.503125 0.12291666666666676 0.515625 0.12291666666666676
1 0.521875 0.09375000000000008 0.5125 0.09375000000000008 0.5125 0.11041666666666676 0.521875 0.11041666666666676
1 0.5140625 0.08645833333333343 0.50625 0.08645833333333343 0.50625 0.1062500000000001 0.5140625 0.1062500000000001
3 0.5375 0.17187500000000006 0.50546875 0.17187500000000006 0.50546875 0.26250000000000007 0.5375 0.26250000000000007
3 0.3335937500000001 0.7291666666666666 0.17343750000000008 0.7291666666666666 0.17343750000000008 1 0.3335937500000001 1