2 0.56171875 0.909375 0.51640625 0.909375 0.5164062500000001 1 0.5617187500000002 1
2 0.62109375 0.7635416666666667 0.56640625 0.7635416666666667 0.56640625 0.9197916666666667 0.62109375 0.9197916666666667
2 0.54921875 0.765625 0.509375 0.765625 0.509375 0.8895833333333333 0.54921875 0.8895833333333333
2 0.9140625 0.9114583333333336 0.86953125 0.9114583333333336 0.86953125 1.0000000000000002 0.9140625 1.0000000000000002
2 0.53515625 0.6322916666666667 0.503125 0.6322916666666667 0.503125 0.7427083333333333 0.53515625 0.7427083333333333
2 0.57109375 0.559375 0.53984375 0.559375 0.53984375 0.66875 0.57109375 0.66875
2 0.77109375 0.5802083333333335 0.72734375 0.5802083333333335 0.72734375 0.6447916666666669 0.77109375 0.6447916666666669
2 0.671875 0.540625 0.63203125 0.540625 0.63203125 0.6427083333333333 0.671875 0.6427083333333333
2 0.6625 0.4979166666666668 0.6265625 0.4979166666666668 0.6265625 0.5645833333333333 0.6625 0.5645833333333333
2 0.65 0.44166666666666676 0.6203125 0.44166666666666676 0.6203125 0.5177083333333334 0.65 0.5177083333333334
2 0.565625 0.44895833333333346 0.53203125 0.44895833333333346 0.53203125 0.5083333333333334 0.565625 0.5083333333333334
2 0.56328125 0.4812500000000001 0.52421875 0.4812500000000001 0.52421875 0.5604166666666667 0.56328125 0.5604166666666667
2 0.50703125 0.5208333333333335 0.490625 0.5208333333333335 0.490625 0.6104166666666667 0.50703125 0.6104166666666667
2 0.5359375 0.5520833333333334 0.50859375 0.5520833333333334 0.50859375 0.64375 0.5359375 0.64375
2 0.52734375 0.47291666666666676 0.503125 0.47291666666666676 0.503125 0.55 0.52734375 0.55
2 0.5296875 0.4322916666666668 0.4953125 0.4322916666666668 0.4953125 0.4968750000000001 0.5296875 0.4968750000000001
2 0.51015625 0.3885416666666668 0.48203125 0.3885416666666668 0.48203125 0.4583333333333334 0.51015625 0.4583333333333334
2 0.60859375 0.3781250000000001 0.590625 0.3781250000000001 0.590625 0.4510416666666668 0.60859375 0.4510416666666668
2 0.57578125 0.3562500000000001 0.55625 0.3562500000000001 0.55625 0.3916666666666668 0.57578125 0.3916666666666668
2 0.6125 0.3135416666666668 0.6 0.3135416666666668 0.6 0.3385416666666668 0.6125 0.3385416666666668
2 0.59609375 0.31875000000000014 0.57109375 0.31875000000000014 0.57109375 0.3802083333333334 0.59609375 0.3802083333333334
2 0.565625 0.3093750000000001 0.54375 0.3093750000000001 0.54375 0.37083333333333346 0.565625 0.37083333333333346
2 0.615625 0.28958333333333347 0.59609375 0.28958333333333347 0.59609375 0.3260416666666668 0.615625 0.3260416666666668
2 0.60546875 0.29583333333333345 0.58671875 0.29583333333333345 0.58671875 0.3385416666666668 0.60546875 0.3385416666666668
2 0.5890625 0.27187500000000014 0.5671875 0.27187500000000014 0.5671875 0.32395833333333346 0.5890625 0.32395833333333346
2 0.5796875 0.2864583333333334 0.5578125 0.2864583333333334 0.5578125 0.3354166666666668 0.5796875 0.3354166666666668
2 0.59140625 0.2666666666666668 0.5890625 0.2666666666666668 0.5890625 0.26979166666666676 0.59140625 0.26979166666666676
2 0.59921875 0.26770833333333344 0.5890625 0.26770833333333344 0.5890625 0.3000000000000001 0.59921875 0.3000000000000001
2 0.5671875 0.2635416666666668 0.5546875 0.2635416666666668 0.5546875 0.30312500000000014 0.5671875 0.30312500000000014
2 0.5828125 0.23750000000000013 0.5671875 0.23750000000000013 0.5671875 0.2791666666666668 0.5828125 0.2791666666666668
2 0.56796875 0.2385416666666668 0.5546875 0.2385416666666668 0.5546875 0.2791666666666668 0.56796875 0.2791666666666668
2 0.5703125 0.21770833333333345 0.56171875 0.21770833333333345 0.56171875 0.24895833333333345 0.5703125 0.24895833333333345
2 0.56328125 0.2229166666666668 0.5484375 0.2229166666666668 0.5484375 0.2510416666666668 0.56328125 0.2510416666666668
2 0.56953125 0.21145833333333344 0.55625 0.21145833333333344 0.55625 0.2343750000000001 0.56953125 0.2343750000000001
2 0.5171875 0.24375000000000005 0.509375 0.24375000000000005 0.509375 0.28020833333333345 0.5171875 0.28020833333333345
2 0.5078125 0.2447916666666667 0.4953125 0.2447916666666667 0.4953125 0.26250000000000007 0.5078125 0.26250000000000007
2 0.49921875 0.2239583333333334 0.4890625 0.2239583333333334 0.4890625 0.24687500000000007 0.49921875 0.24687500000000007
2 0.49140625 0.20000000000000007 0.48359375 0.20000000000000007 0.48359375 0.22812500000000005 0.49140625 0.22812500000000005
2 0.48828125 0.18541666666666673 0.47734375 0.18541666666666673 0.47734375 0.2177083333333334 0.48828125 0.2177083333333334
2 0.48203125 0.17291666666666672 0.47578125 0.17291666666666672 0.47578125 0.19166666666666674 0.48203125 0.19166666666666674
2 0.4796875 0.15937500000000007 0.4734375 0.15937500000000007 0.4734375 0.17500000000000007 0.4796875 0.17500000000000007
2 0.5359375 0.16562500000000005 0.5296875 0.16562500000000005 0.5296875 0.1770833333333334 0.5359375 0.1770833333333334
2 0.525 0.15312500000000007 0.5171875 0.15312500000000007 0.5171875 0.1666666666666667 0.525 0.1666666666666667
2 0.51796875 0.16875000000000007 0.5109375 0.16875000000000007 0.5109375 0.1833333333333334 0.51796875 0.1833333333333334
2 0.515625 0.1458333333333334 0.509375 0.1458333333333334 0.509375 0.16354166666666672 0.515625 0.16354166666666672
2 0.50703125 0.12083333333333342 0.5 0.12083333333333342 0.5 0.1333333333333334 0.50703125 0.1333333333333334
2 0.49765625 0.11250000000000009 0.49375 0.11250000000000009 0.49375 0.1218750000000001 0.49765625 0.1218750000000001
2 0.503125 0.11562500000000009 0.49765625 0.11562500000000009 0.49765625 0.1281250000000001 0.503125 0.1281250000000001
2 0.50703125 0.09791666666666675 0.49921875 0.09791666666666675 0.49921875 0.11250000000000009 0.50703125 0.11250000000000009
2 0.51484375 0.09166666666666676 0.5046875 0.09166666666666676 0.5046875 0.10937500000000008 0.51484375 0.10937500000000008
1 0.4984375 0.09583333333333342 0.49140625 0.09583333333333342 0.49140625 0.11666666666666675 0.4984375 0.11666666666666675
1 0.4890625 0.10000000000000009 0.4796875 0.10000000000000009 0.4796875 0.11770833333333343 0.4890625 0.11770833333333343
3 0.47890625 0.08125000000000009 0.45859375 0.08125000000000009 0.45859375 0.1364583333333334 0.47890625 0.1364583333333334
1 0.49375 0.11562500000000009 0.47890625 0.11562500000000009 0.47890625 0.12604166666666675 0.49375 0.12604166666666675
1 0.49453125 0.1218750000000001 0.4796875 0.1218750000000001 0.4796875 0.1395833333333334 0.49453125 0.1395833333333334
1 0.49296875 0.13437500000000005 0.4796875 0.13437500000000005 0.4796875 0.15625000000000006 0.49296875 0.15625000000000006
1 0.4765625 0.1395833333333334 0.465625 0.1395833333333334 0.465625 0.16041666666666674 0.4765625 0.16041666666666674
1 0.47734375 0.15312500000000007 0.45234375 0.15312500000000007 0.45234375 0.1666666666666667 0.47734375 0.1666666666666667
3 0.515625 0.13854166666666673 0.4859375 0.13854166666666673 0.4859375 0.20937500000000006 0.515625 0.20937500000000006
1 0.475 0.1614583333333334 0.459375 0.1614583333333334 0.459375 0.18125000000000005 0.475 0.18125000000000005
1 0.478125 0.17500000000000007 0.45234375 0.17500000000000007 0.45234375 0.1958333333333334 0.478125 0.1958333333333334
0 0.53984375 0.1822916666666667 0.5 0.1822916666666667 0.5 0.26041666666666674 0.53984375 0.26041666666666674
1 0.47421875 0.1864583333333334 0.45390625 0.1864583333333334 0.45390625 0.21666666666666673 0.47421875 0.21666666666666673
1 0.484375 0.2020833333333334 0.4609375 0.2020833333333334 0.4609375 0.2447916666666667 0.484375 0.2447916666666667
1 0.56171875 0.22812500000000008 0.515625 0.22812500000000005 0.515625 0.3291666666666668 0.56171875 0.3291666666666668
1 0.48828125 0.2333333333333334 0.465625 0.2333333333333334 0.465625 0.2864583333333334 0.48828125 0.2864583333333334
3 0.50859375 0.25729166666666675 0.47109375 0.25729166666666675 0.47109375 0.35312500000000013 0.50859375 0.35312500000000013
1 0.6609375 0.32395833333333346 0.60390625 0.32395833333333346 0.60390625 0.43958333333333344 0.6609375 0.43958333333333344
1 0.60234375 0.38437500000000013 0.54609375 0.38437500000000013 0.54609375 0.49375000000000013 0.60234375 0.49375000000000013
1 0.66171875 0.5510416666666667 0.5828125 0.5510416666666667 0.5828125 0.71875 0.66171875 0.71875
1 0.81953125 0.5906250000000001 0.7046875 0.590625 0.7046875 0.8197916666666668 0.81953125 0.8197916666666669
1 0.7585937500000001 0.7125000000000001 0.6234375 0.7125 0.6234375000000001 0.9687500000000001 0.7585937500000002 0.9687500000000002