2 0.5046875 0.5864583333333333 0.4828125 0.5864583333333333 0.4828125 0.6604166666666667 0.5046875 0.6604166666666667
2 0.5125 0.6510416666666666 0.47734375 0.6510416666666666 0.47734375 0.7770833333333333 0.5125 0.7770833333333333
2 0.45859375 0.6645833333333333 0.4375 0.6645833333333333 0.4375 0.69375 0.45859375 0.69375
2 0.484375 0.5635416666666667 0.45625 0.5635416666666667 0.45625 0.659375 0.484375 0.659375
2 0.47578125 0.609375 0.44609375 0.609375 0.44609375 0.69375 0.47578125 0.69375
2 0.40390625 0.7666666666666667 0.3984375000000001 0.7666666666666667 0.3984375000000001 0.7697916666666667 0.40390625 0.7697916666666667
2 0.3593750000000001 0.9760416666666667 0.3343750000000001 0.9760416666666667 0.3343750000000001 1 0.3593750000000001 1
2 0.3882812500000001 0.8791666666666667 0.3476562500000001 0.8791666666666667 0.3476562500000001 1 0.3882812500000001 1
2 0.40546875 0.7958333333333333 0.3554687500000001 0.7958333333333333 0.3554687500000001 0.959375 0.40546875 0.959375
2 0.40703125 0.7270833333333333 0.3703125000000001 0.7270833333333333 0.3703125000000001 0.8239583333333333 0.40703125 0.8239583333333333
2 0.2390625000000001 0.709375 0.19765625000000003 0.709375 0.19765625000000006 0.8447916666666667 0.2390625000000001 0.8447916666666667
2 0.26250000000000007 0.75 0.22421875000000008 0.75 0.22421875000000008 0.8947916666666667 0.26250000000000007 0.8947916666666667
2 0.2015625000000001 0.759375 0.1750000000000001 0.759375 0.1750000000000001 0.8125 0.2015625000000001 0.8125
2 0.28593750000000007 0.6958333333333333 0.2562500000000001 0.6958333333333333 0.2562500000000001 0.834375 0.28593750000000007 0.834375
2 0.2921875000000001 0.6239583333333333 0.2648437500000001 0.6239583333333333 0.2648437500000001 0.7135416666666666 0.2921875000000001 0.7135416666666666
2 0.3179687500000001 0.6541666666666667 0.2875000000000001 0.6541666666666667 0.2875000000000001 0.7520833333333333 0.3179687500000001 0.7520833333333333
2 0.4078125 0.665625 0.3804687500000001 0.665625 0.3804687500000001 0.765625 0.4078125 0.765625
2 0.42421875 0.621875 0.3976562500000001 0.621875 0.3976562500000001 0.7395833333333334 0.42421875 0.7395833333333334
2 0.44609375 0.5791666666666667 0.4171875 0.5791666666666667 0.4171875 0.6958333333333333 0.44609375 0.6958333333333333
2 0.45 0.5447916666666667 0.42109375 0.5447916666666667 0.42109375 0.6 0.45 0.6
2 0.453125 0.5000000000000001 0.425 0.5000000000000001 0.425 0.5958333333333333 0.453125 0.5958333333333333
2 0.32500000000000007 0.6041666666666666 0.29375000000000007 0.6041666666666666 0.29375000000000007 0.703125 0.32500000000000007 0.703125
2 0.2695312500000001 0.51875 0.2429687500000001 0.51875 0.2429687500000001 0.5614583333333333 0.2695312500000001 0.5614583333333333
2 0.3429687500000001 0.5625 0.3109375000000001 0.5625 0.3109375000000001 0.6666666666666666 0.3429687500000001 0.6666666666666666
2 0.3351562500000001 0.5125 0.3046875000000001 0.5125 0.3046875000000001 0.5989583333333334 0.3351562500000001 0.5989583333333334
2 0.3593750000000001 0.521875 0.3265625000000001 0.521875 0.3265625000000001 0.5927083333333333 0.3593750000000001 0.5927083333333333
2 0.29921875000000003 0.478125 0.27578125 0.478125 0.27578125000000003 0.5239583333333333 0.2992187500000001 0.5239583333333333
2 0.3039062500000001 0.5239583333333333 0.27421875000000007 0.5239583333333333 0.27421875000000007 0.5552083333333333 0.3039062500000001 0.5552083333333333
2 0.32421875000000006 0.459375 0.30234375 0.459375 0.30234375 0.5427083333333333 0.3242187500000001 0.5427083333333333
2 0.30703125000000003 0.45208333333333334 0.29296875 0.45208333333333334 0.29296875000000006 0.5104166666666666 0.3070312500000001 0.5104166666666666
2 0.33984375000000006 0.4427083333333333 0.321875 0.4427083333333333 0.321875 0.521875 0.3398437500000001 0.521875
2 0.36171875000000003 0.48333333333333334 0.33671875 0.48333333333333334 0.33671875000000007 0.5260416666666666 0.3617187500000001 0.5260416666666666
2 0.37968750000000007 0.4864583333333334 0.3539062500000001 0.4864583333333333 0.3539062500000001 0.51875 0.37968750000000007 0.5187500000000002
2 0.3890625000000001 0.5104166666666667 0.36406250000000007 0.5104166666666667 0.36406250000000007 0.5322916666666668 0.3890625000000001 0.5322916666666668
2 0.41875 0.5031250000000002 0.40078125 0.5031250000000002 0.40078125 0.5927083333333333 0.41875 0.5927083333333333
2 0.45078125 0.4687500000000001 0.43359375 0.4687500000000001 0.43359375 0.5010416666666668 0.45078125 0.5010416666666668
2 0.4296875 0.4697916666666668 0.40859375 0.4697916666666668 0.40859375 0.5385416666666667 0.4296875 0.5385416666666667
2 0.40234375 0.4791666666666668 0.3890625 0.4791666666666668 0.38906250000000003 0.5281250000000001 0.40234375 0.5281250000000001
2 0.40859375 0.4510416666666668 0.3921875 0.4510416666666668 0.3921875 0.5062500000000001 0.40859375 0.5062500000000001
2 0.39609375 0.4385416666666668 0.38125 0.4385416666666668 0.38125000000000003 0.4895833333333334 0.3960937500000001 0.4895833333333334
2 0.353125 0.45729166666666665 0.340625 0.45729166666666665 0.340625 0.4822916666666667 0.353125 0.4822916666666667
2 0.38203125000000004 0.44895833333333346 0.365625 0.44895833333333346 0.36562500000000003 0.4875000000000001 0.3820312500000001 0.4875000000000001
2 0.459375 0.4270833333333334 0.44609375 0.4270833333333334 0.44609375 0.48645833333333344 0.459375 0.48645833333333344
2 0.4359375 0.4406250000000001 0.41484375 0.4406250000000001 0.41484375 0.5031250000000002 0.4359375 0.5031250000000002
2 0.4453125 0.4010416666666668 0.434375 0.4010416666666668 0.434375 0.45520833333333344 0.4453125 0.45520833333333344
2 0.4265625 0.4010416666666668 0.41171875 0.4010416666666668 0.41171875 0.4375000000000001 0.4265625 0.4375000000000001
2 0.409375 0.40000000000000013 0.3921875 0.40000000000000013 0.3921875 0.4343750000000001 0.409375 0.4343750000000001
2 0.384375 0.4093750000000001 0.36953125 0.4093750000000001 0.36953125 0.4447916666666668 0.384375 0.4447916666666668
2 0.36640625000000004 0.4302083333333334 0.35546875 0.43020833333333336 0.35546875000000006 0.48437500000000006 0.3664062500000001 0.4843750000000001
2 0.35703125 0.41770833333333335 0.34140625 0.41770833333333335 0.34140625 0.4552083333333333 0.35703125 0.4552083333333333
2 0.33984375 0.40208333333333335 0.32265625 0.40208333333333335 0.32265625 0.4479166666666667 0.33984375 0.4479166666666667
2 0.32421875 0.434375 0.30625 0.434375 0.30625 0.46770833333333334 0.32421875 0.46770833333333334
2 0.39609375 0.4604166666666668 0.37890625 0.4604166666666668 0.37890625000000006 0.5166666666666668 0.3960937500000001 0.5166666666666668
2 0.47421875 0.3750000000000001 0.46015625 0.3750000000000001 0.46015625 0.4343750000000001 0.47421875 0.4343750000000001
2 0.46953125 0.4072916666666668 0.45703125 0.4072916666666668 0.45703125 0.46250000000000013 0.46953125 0.46250000000000013
2 0.459375 0.4187500000000001 0.44765625 0.4187500000000001 0.44765625 0.4822916666666668 0.459375 0.4822916666666668
2 0.45078125 0.3510416666666668 0.43671875 0.3510416666666668 0.43671875 0.4062500000000001 0.45078125 0.4062500000000001
2 0.48125 0.32395833333333346 0.465625 0.32395833333333346 0.465625 0.38333333333333347 0.48125 0.38333333333333347
2 0.46640625 0.3447916666666668 0.45078125 0.3447916666666668 0.45078125 0.40208333333333346 0.46640625 0.40208333333333346
2 0.43359375 0.3750000000000001 0.415625 0.3750000000000001 0.415625 0.4072916666666668 0.43359375 0.4072916666666668
2 0.4390625 0.4072916666666668 0.42421875 0.4072916666666668 0.42421875 0.44166666666666676 0.4390625 0.44166666666666676
2 0.3515625 0.38125 0.340625 0.38125 0.340625 0.41875 0.3515625 0.41875
2 0.37265625 0.4052083333333334 0.35625 0.40520833333333334 0.35625 0.44375000000000003 0.37265625 0.44375000000000014
2 0.4171875 0.42395833333333344 0.39765625 0.42395833333333344 0.39765625 0.48020833333333346 0.4171875 0.48020833333333346
2 0.38359375 0.35312500000000013 0.36953125 0.35312500000000013 0.36953125 0.4093750000000001 0.38359375 0.4093750000000001
2 0.371875 0.37291666666666673 0.35546875 0.3729166666666667 0.35546875 0.40937500000000004 0.371875 0.4093750000000001
2 0.3734375 0.33541666666666675 0.35390625 0.33541666666666664 0.35390625 0.37291666666666673 0.3734375 0.3729166666666668
2 0.37109375 0.3635416666666667 0.3515625 0.36354166666666665 0.3515625 0.4156250000000001 0.37109375 0.41562500000000013
2 0.39296875 0.33229166666666676 0.3765625 0.33229166666666676 0.3765625 0.3750000000000001 0.39296875 0.3750000000000001
2 0.39765625 0.4114583333333334 0.384375 0.4114583333333334 0.384375 0.4479166666666668 0.39765625 0.4479166666666668
2 0.4640625 0.39270833333333344 0.44765625 0.39270833333333344 0.44765625 0.42604166666666676 0.4640625 0.42604166666666676
2 0.55078125 0.21458333333333343 0.5421875 0.2145833333333334 0.5421875 0.24479166666666677 0.55078125 0.2447916666666668
2 0.54296875 0.21979166666666672 0.5390625 0.21979166666666672 0.5390625 0.2541666666666667 0.54296875 0.2541666666666667
2 0.53984375 0.22291666666666674 0.53203125 0.22291666666666674 0.53203125 0.2645833333333334 0.53984375 0.2645833333333334
2 0.5453125 0.24791666666666676 0.52890625 0.24791666666666673 0.52890625 0.2947916666666668 0.5453125 0.2947916666666668
2 0.4640625 0.3197916666666668 0.45078125 0.3197916666666668 0.45078125 0.33750000000000013 0.4640625 0.33750000000000013
2 0.46640625 0.31145833333333345 0.45625 0.31145833333333345 0.45625 0.31875000000000014 0.46640625 0.31875000000000014
2 0.44609375 0.32395833333333346 0.43515625 0.32395833333333346 0.43515625 0.34270833333333345 0.44609375 0.34270833333333345
2 0.40859375 0.29895833333333344 0.39609375 0.29895833333333344 0.39609375 0.33750000000000013 0.40859375 0.33750000000000013
2 0.38984375 0.3072916666666668 0.375 0.3072916666666668 0.375 0.33229166666666676 0.38984375 0.33229166666666676
2 0.43828125 0.28020833333333345 0.42421875 0.28020833333333345 0.42421875 0.30104166666666676 0.43828125 0.30104166666666676
2 0.42421875 0.2760416666666668 0.4125 0.2760416666666668 0.4125 0.30104166666666676 0.42421875 0.30104166666666676
2 0.4125 0.26979166666666676 0.40625 0.26979166666666676 0.40625 0.3020833333333334 0.4125 0.3020833333333334
2 0.40390625 0.2781250000000001 0.396875 0.2781250000000001 0.396875 0.2979166666666668 0.40390625 0.2979166666666668
2 0.396875 0.2947916666666668 0.390625 0.2947916666666668 0.390625 0.3312500000000001 0.396875 0.3312500000000001
2 0.4375 0.3666666666666668 0.4296875 0.3666666666666668 0.4296875 0.4010416666666668 0.4375 0.4010416666666668
2 0.48828125 0.27708333333333346 0.4796875 0.27708333333333346 0.4796875 0.32187500000000013 0.48828125 0.32187500000000013
2 0.4546875 0.27395833333333347 0.43984375 0.27395833333333347 0.43984375 0.3104166666666668 0.4546875 0.3104166666666668
2 0.4765625 0.30520833333333347 0.46875 0.30520833333333347 0.46875 0.3312500000000001 0.4765625 0.3312500000000001
2 0.45703125 0.25312500000000004 0.4453125 0.25312500000000004 0.4453125 0.2812500000000001 0.45703125 0.2812500000000001
2 0.44296875 0.2593750000000001 0.42890625 0.2593750000000001 0.42890625 0.2812500000000001 0.44296875 0.2812500000000001
2 0.47265625 0.2302083333333334 0.4625 0.2302083333333334 0.4625 0.2510416666666667 0.47265625 0.2510416666666667
2 0.46953125 0.21250000000000005 0.45859375 0.21250000000000005 0.45859375 0.23125000000000007 0.46953125 0.23125000000000007
2 0.46171875 0.2291666666666667 0.45234375 0.2291666666666667 0.45234375 0.2510416666666667 0.46171875 0.2510416666666667
2 0.50390625 0.24375000000000005 0.49453125 0.24375000000000005 0.49453125 0.2666666666666668 0.50390625 0.2666666666666668
2 0.50703125 0.21979166666666672 0.4984375 0.21979166666666672 0.4984375 0.24375000000000005 0.50703125 0.24375000000000005
2 0.55390625 0.19062500000000013 0.54453125 0.19062500000000013 0.54453125 0.2187500000000001 0.55390625 0.2187500000000001
2 0.54140625 0.17395833333333338 0.53671875 0.17395833333333338 0.53671875 0.18541666666666673 0.54140625 0.18541666666666673
2 0.51640625 0.16979166666666673 0.50859375 0.16979166666666673 0.50859375 0.18437500000000007 0.51640625 0.18437500000000007
2 0.5171875 0.18541666666666673 0.509375 0.18541666666666673 0.509375 0.2020833333333334 0.5171875 0.2020833333333334
2 0.5078125 0.18750000000000006 0.50078125 0.18750000000000006 0.50078125 0.21041666666666672 0.5078125 0.21041666666666672
2 0.515625 0.2020833333333334 0.50703125 0.2020833333333334 0.50703125 0.22500000000000006 0.515625 0.22500000000000006
2 0.459375 0.1989583333333334 0.45546875 0.1989583333333334 0.45546875 0.2177083333333334 0.459375 0.2177083333333334
2 0.453125 0.20104166666666673 0.45 0.20104166666666673 0.45 0.2239583333333334 0.453125 0.2239583333333334
2 0.4484375 0.19687500000000005 0.4390625 0.19687500000000005 0.4390625 0.2145833333333334 0.4484375 0.2145833333333334
2 0.42578125 0.25729166666666675 0.41640625 0.25729166666666675 0.41640625 0.27395833333333347 0.42578125 0.27395833333333347
2 0.41328125 0.25729166666666675 0.4078125 0.25729166666666675 0.4078125 0.2708333333333334 0.41328125 0.2708333333333334
2 0.47734375 0.15937500000000007 0.46875 0.15937500000000007 0.46875 0.18125000000000005 0.47734375 0.18125000000000005
2 0.51171875 0.10208333333333343 0.5046875 0.10208333333333343 0.5046875 0.11666666666666675 0.51171875 0.11666666666666675
2 0.5015625 0.10104166666666675 0.49609375 0.10104166666666675 0.49609375 0.11458333333333343 0.5015625 0.11458333333333343
2 0.51875 0.09791666666666675 0.51328125 0.09791666666666675 0.51328125 0.10729166666666676 0.51875 0.10729166666666676
2 0.496875 0.12604166666666675 0.49140625 0.12604166666666675 0.49140625 0.13437500000000005 0.496875 0.13437500000000005
2 0.48984375 0.12916666666666676 0.48671875 0.12916666666666676 0.48671875 0.1395833333333334 0.48984375 0.1395833333333334
2 0.52734375 0.1395833333333334 0.521875 0.1395833333333334 0.521875 0.15416666666666673 0.52734375 0.15416666666666673
2 0.521875 0.13750000000000007 0.51484375 0.13750000000000007 0.51484375 0.14687500000000006 0.521875 0.14687500000000006
2 0.5234375 0.15416666666666673 0.52109375 0.15416666666666673 0.52109375 0.16354166666666672 0.5234375 0.16354166666666672
2 0.5203125 0.16041666666666674 0.51640625 0.16041666666666674 0.51640625 0.17291666666666672 0.5203125 0.17291666666666672
1 0.4867187500000001 0.9260416666666667 0.4 0.9260416666666667 0.4000000000000001 1 0.4867187500000002 1
1 0.50390625 0.6916666666666667 0.41015625 0.6916666666666667 0.41015625 0.9572916666666667 0.50390625 0.9572916666666667
1 0.3671875000000001 0.7145833333333333 0.2609375000000001 0.7145833333333333 0.2609375000000001 0.9583333333333334 0.3671875000000001 0.9583333333333334
1 0.31328125000000007 0.940625 0.2132812500000001 0.940625 0.2132812500000001 1 0.31328125000000007 1
1 0.421875 0.5208333333333334 0.3226562500000001 0.5208333333333334 0.3226562500000001 0.71875 0.421875 0.71875
1 0.3109375000000001 0.5427083333333333 0.2210937500000001 0.5427083333333333 0.2210937500000001 0.7125 0.3109375000000001 0.7125
1 0.50546875 0.43645833333333345 0.453125 0.43645833333333345 0.453125 0.5614583333333333 0.50546875 0.5614583333333333
1 0.51875 0.3885416666666668 0.478125 0.3885416666666668 0.478125 0.4697916666666668 0.51875 0.4697916666666668
1 0.52265625 0.3072916666666668 0.475 0.3072916666666668 0.475 0.39270833333333344 0.52265625 0.39270833333333344
1 0.42890625 0.33645833333333347 0.3796875 0.33645833333333347 0.3796875 0.4166666666666668 0.42890625 0.4166666666666668
1 0.440625 0.30104166666666676 0.403125 0.30104166666666676 0.403125 0.35208333333333347 0.440625 0.35208333333333347
1 0.47265625 0.2760416666666668 0.4375 0.2760416666666668 0.4375 0.3385416666666668 0.47265625 0.3385416666666668
1 0.49140625 0.25625000000000003 0.46484375 0.25625000000000003 0.46484375 0.29583333333333345 0.49140625 0.29583333333333345
1 0.53203125 0.2489583333333334 0.503125 0.2489583333333334 0.503125 0.2708333333333334 0.53203125 0.2708333333333334
1 0.4515625 0.21666666666666673 0.42265625 0.21666666666666673 0.42265625 0.2593750000000001 0.4515625 0.2593750000000001
1 0.49609375 0.23125000000000007 0.46875 0.23125000000000007 0.46875 0.2583333333333334 0.49609375 0.2583333333333334
1 0.49921875 0.20937500000000006 0.47109375 0.20937500000000006 0.47109375 0.23125000000000007 0.49921875 0.23125000000000007
1 0.54140625 0.1979166666666667 0.5140625 0.1979166666666667 0.5140625 0.22604166666666672 0.54140625 0.22604166666666672
1 0.54140625 0.1822916666666667 0.51953125 0.1822916666666667 0.51953125 0.20729166666666674 0.54140625 0.20729166666666674
1 0.53828125 0.1645833333333334 0.52109375 0.1645833333333334 0.52109375 0.18437500000000007 0.53828125 0.18437500000000007
1 0.5421875 0.15000000000000005 0.5265625 0.15000000000000005 0.5265625 0.1645833333333334 0.5421875 0.1645833333333334
1 0.54140625 0.1333333333333334 0.5328125 0.1333333333333334 0.5328125 0.1520833333333334 0.54140625 0.1520833333333334
1 0.53984375 0.11979166666666675 0.5328125 0.11979166666666675 0.5328125 0.1312500000000001 0.53984375 0.1312500000000001
1 0.5171875 0.14479166666666674 0.5 0.14479166666666674 0.5 0.1677083333333334 0.5171875 0.1677083333333334
1 0.5390625 0.10729166666666676 0.52890625 0.10729166666666676 0.52890625 0.1218750000000001 0.5390625 0.1218750000000001
1 0.525 0.11979166666666675 0.51328125 0.11979166666666675 0.51328125 0.1354166666666667 0.525 0.1354166666666667
1 0.52265625 0.10520833333333342 0.5109375 0.10520833333333342 0.5109375 0.11666666666666675 0.52265625 0.11666666666666675
1 0.49609375 0.14479166666666674 0.478125 0.14479166666666674 0.478125 0.1614583333333334 0.49609375 0.1614583333333334
1 0.471875 0.1864583333333334 0.46015625 0.1864583333333334 0.46015625 0.21250000000000005 0.471875 0.21250000000000005
3 0.21484375000000008 0.7916666666666666 0.03593750000000008 0.7916666666666666 0.03593750000000008 1 0.21484375000000008 1
3 0.5015625 0.16250000000000006 0.4734375 0.16250000000000006 0.4734375 0.2145833333333334 0.5015625 0.2145833333333334
3 0.515625 0.11458333333333343 0.4984375 0.11458333333333343 0.4984375 0.1489583333333334 0.515625 0.1489583333333334
1 0.5453125 0.13333333333333341 0.5328125 0.1333333333333334 0.5328125 0.1593750000000001 0.5453125 0.15937500000000013
1 0.5078125 0.09166666666666676 0.49921875 0.09166666666666676 0.49921875 0.10000000000000009 0.5078125 0.10000000000000009