2 1 0.8958333333333336 0.95546875 0.8958333333333336 0.95546875 1.0000000000000002 1 1.0000000000000002
2 1 0.8510416666666669 0.9796875 0.8510416666666669 0.9796875 0.9635416666666669 1 0.9635416666666669
2 0.98203125 0.7635416666666669 0.9484375 0.7635416666666669 0.9484375 0.9125000000000002 0.98203125 0.9125000000000002
2 0.9640625 0.8927083333333335 0.896875 0.8927083333333335 0.896875 1.0000000000000002 0.9640625 1.0000000000000002
2 0.9578125 0.9593750000000002 0.9171875 0.9593750000000002 0.9171875 1.0000000000000002 0.9578125 1.0000000000000002
2 0.95390625 0.8166666666666669 0.91328125 0.8166666666666669 0.91328125 0.9375000000000002 0.95390625 0.9375000000000002
2 0.909375 0.8708333333333336 0.85625 0.8708333333333336 0.85625 1.0000000000000002 0.909375 1.0000000000000002
2 0.82890625 0.8562500000000003 0.78125 0.8562500000000003 0.7812500000000001 0.9989583333333336 0.82890625 0.9989583333333336
2 0.82734375 0.7875000000000002 0.78671875 0.7875000000000002 0.78671875 0.9239583333333335 0.82734375 0.9239583333333335
2 0.8671875 0.7916666666666669 0.83046875 0.7916666666666669 0.83046875 0.9593750000000002 0.8671875 0.9593750000000002
2 0.89609375 0.7875000000000002 0.85625 0.7875000000000002 0.85625 0.9010416666666669 0.89609375 0.9010416666666669
2 0.7765625 0.8260416666666669 0.72890625 0.8260416666666669 0.7289062500000001 1.0000000000000002 0.7765625000000002 1.0000000000000002
2 0.75390625 0.7593750000000001 0.71796875 0.759375 0.71796875 0.8895833333333335 0.75390625 0.8895833333333336
2 0.78359375 0.7364583333333335 0.74921875 0.7364583333333335 0.74921875 0.8760416666666669 0.78359375 0.8760416666666669
2 0.75703125 0.6854166666666668 0.715625 0.6854166666666667 0.715625 0.8239583333333335 0.75703125 0.8239583333333336
2 0.82734375 0.7302083333333336 0.79375 0.7302083333333336 0.79375 0.8666666666666669 0.82734375 0.8666666666666669
2 0.86640625 0.6958333333333335 0.82109375 0.6958333333333335 0.82109375 0.8291666666666669 0.86640625 0.8291666666666669
2 0.85859375 0.7302083333333336 0.8265625 0.7302083333333336 0.8265625 0.8416666666666669 0.85859375 0.8416666666666669
2 0.80234375 0.6729166666666669 0.7625 0.6729166666666669 0.7625 0.8020833333333336 0.80234375 0.8020833333333336
2 0.8234375 0.6572916666666669 0.78046875 0.6572916666666669 0.78046875 0.7854166666666669 0.8234375 0.7854166666666669
2 0.815625 0.6239583333333336 0.7890625 0.6239583333333336 0.7890625 0.7427083333333335 0.815625 0.7427083333333335
2 0.78125 0.6208333333333336 0.74140625 0.6208333333333336 0.74140625 0.7364583333333335 0.78125 0.7364583333333335
1 0.75 0.5875000000000001 0.6671875 0.5875 0.6671875 0.7489583333333335 0.75 0.7489583333333336
2 0.75546875 0.5635416666666668 0.715625 0.5635416666666667 0.715625 0.7031250000000001 0.75546875 0.7031250000000002
2 0.6289062500000001 0.853125 0.5890625 0.853125 0.5890625 0.9697916666666667 0.6289062500000002 0.9697916666666667
2 0.61171875 0.771875 0.58125 0.771875 0.58125 0.8989583333333333 0.61171875 0.8989583333333333
2 0.615625 0.703125 0.58203125 0.703125 0.58203125 0.8333333333333334 0.615625 0.8333333333333334
2 0.63359375 0.659375 0.60078125 0.659375 0.60078125 0.7979166666666667 0.63359375 0.7979166666666667
2 0.5414062500000001 0.8375 0.51171875 0.8375 0.5117187500000001 1 0.5414062500000002 1
2 0.52265625 0.7833333333333333 0.4921875 0.7833333333333333 0.4921875 0.95 0.52265625 0.95
2 0.5046875 0.4916666666666668 0.47890625 0.4916666666666668 0.47890625 0.58125 0.5046875 0.58125
2 0.55703125 0.42083333333333345 0.5359375 0.42083333333333345 0.5359375 0.5104166666666667 0.55703125 0.5104166666666667
1 0.609375 0.4479166666666668 0.55390625 0.4479166666666668 0.55390625 0.5572916666666666 0.609375 0.5572916666666666
1 0.58671875 0.3697916666666668 0.53828125 0.3697916666666668 0.53828125 0.45520833333333344 0.58671875 0.45520833333333344
2 0.57109375 0.4197916666666668 0.55703125 0.4197916666666668 0.55703125 0.46250000000000013 0.57109375 0.46250000000000013
2 0.5921875 0.42083333333333345 0.5765625 0.42083333333333345 0.5765625 0.4656250000000001 0.5921875 0.4656250000000001
2 0.5984375 0.3750000000000001 0.5828125 0.3750000000000001 0.5828125 0.42812500000000014 0.5984375 0.42812500000000014
2 0.6078125 0.33750000000000013 0.58984375 0.33750000000000013 0.58984375 0.3958333333333334 0.6078125 0.3958333333333334
2 0.5984375 0.3489583333333334 0.5859375 0.3489583333333334 0.5859375 0.3958333333333334 0.5984375 0.3958333333333334
2 0.53984375 0.33437500000000014 0.51640625 0.33437500000000014 0.51640625 0.39687500000000014 0.53984375 0.39687500000000014
2 0.52890625 0.31145833333333345 0.5109375 0.31145833333333345 0.5109375 0.3489583333333334 0.52890625 0.3489583333333334
2 0.52421875 0.2947916666666668 0.509375 0.2947916666666668 0.509375 0.33645833333333347 0.52421875 0.33645833333333347
2 0.52109375 0.2708333333333334 0.5015625 0.2708333333333334 0.5015625 0.3135416666666668 0.52109375 0.3135416666666668
2 0.51875 0.2812500000000001 0.5046875 0.2812500000000001 0.5046875 0.32187500000000013 0.51875 0.32187500000000013
2 0.51484375 0.24375000000000005 0.503125 0.24375000000000005 0.503125 0.2885416666666668 0.51484375 0.2885416666666668
2 0.51171875 0.2593750000000001 0.50234375 0.2593750000000001 0.50234375 0.29895833333333344 0.51171875 0.29895833333333344
2 0.575 0.30625000000000013 0.55859375 0.30625000000000013 0.55859375 0.3562500000000001 0.575 0.3562500000000001
2 0.584375 0.29062500000000013 0.571875 0.29062500000000013 0.571875 0.3468750000000001 0.584375 0.3468750000000001
2 0.5828125 0.29583333333333345 0.571875 0.29583333333333345 0.571875 0.34270833333333345 0.5828125 0.34270833333333345
2 0.57421875 0.2812500000000001 0.5640625 0.2812500000000001 0.5640625 0.3104166666666668 0.57421875 0.3104166666666668
1 0.61875 0.30833333333333346 0.5796875 0.30833333333333346 0.5796875 0.3781250000000001 0.61875 0.3781250000000001
2 0.5953125 0.2864583333333334 0.5859375 0.2864583333333334 0.5859375 0.3135416666666668 0.5953125 0.3135416666666668
2 0.61875 0.3072916666666668 0.6046875 0.3072916666666668 0.6046875 0.34791666666666676 0.61875 0.34791666666666676
2 0.6046875 0.28020833333333345 0.5921875 0.28020833333333345 0.5921875 0.31458333333333344 0.6046875 0.31458333333333344
2 0.61015625 0.28958333333333347 0.59921875 0.28958333333333347 0.59921875 0.31875000000000014 0.61015625 0.31875000000000014
1 0.56640625 0.30625000000000013 0.53046875 0.30625000000000013 0.53046875 0.3645833333333334 0.56640625 0.3645833333333334
2 0.565625 0.2864583333333334 0.553125 0.2864583333333334 0.553125 0.3197916666666668 0.565625 0.3197916666666668
2 0.58828125 0.27500000000000013 0.5734375 0.27500000000000013 0.5734375 0.29895833333333344 0.58828125 0.29895833333333344
2 0.58984375 0.2687500000000001 0.58046875 0.2687500000000001 0.58046875 0.29895833333333344 0.58984375 0.29895833333333344
2 0.55859375 0.26770833333333344 0.54609375 0.26770833333333344 0.54609375 0.2885416666666668 0.55859375 0.2885416666666668
1 0.54453125 0.2666666666666668 0.51875 0.2666666666666668 0.51875 0.3260416666666668 0.54453125 0.3260416666666668
2 0.525 0.25729166666666675 0.51953125 0.25729166666666675 0.51953125 0.27708333333333346 0.525 0.27708333333333346
2 0.52890625 0.25000000000000006 0.51796875 0.25000000000000006 0.51796875 0.26770833333333344 0.52890625 0.26770833333333344
2 0.53984375 0.24375000000000005 0.525 0.24375000000000005 0.525 0.27395833333333347 0.53984375 0.27395833333333347
2 0.54921875 0.2500000000000001 0.53828125 0.25000000000000006 0.53828125 0.2781250000000001 0.54921875 0.2781250000000001
2 0.56328125 0.25833333333333347 0.5515625 0.25833333333333347 0.5515625 0.2843750000000001 0.56328125 0.2843750000000001
2 0.571875 0.2635416666666668 0.56015625 0.2635416666666668 0.56015625 0.28541666666666676 0.571875 0.28541666666666676
2 0.5796875 0.2604166666666668 0.5703125 0.2604166666666668 0.5703125 0.2822916666666668 0.5796875 0.2822916666666668
2 0.59609375 0.2625000000000001 0.5828125 0.2625000000000001 0.5828125 0.28958333333333347 0.59609375 0.28958333333333347
2 0.58671875 0.2510416666666668 0.578125 0.2510416666666668 0.578125 0.27187500000000014 0.58671875 0.27187500000000014
2 0.55625 0.24583333333333346 0.55078125 0.24583333333333346 0.55078125 0.26458333333333345 0.55625 0.26458333333333345
2 0.56328125 0.2437500000000001 0.55703125 0.2437500000000001 0.55703125 0.2625000000000001 0.56328125 0.2625000000000001
2 0.57578125 0.24062500000000012 0.56796875 0.24062500000000012 0.56796875 0.2635416666666668 0.57578125 0.2635416666666668
1 0.521875 0.2145833333333334 0.5015625 0.2145833333333334 0.5015625 0.25729166666666675 0.521875 0.25729166666666675
2 0.53125 0.24062500000000006 0.5171875 0.24062500000000006 0.5171875 0.25625000000000003 0.53125 0.25625000000000003
1 0.55 0.2062500000000001 0.53046875 0.20625000000000007 0.53046875 0.2500000000000001 0.55 0.2500000000000001
2 0.5359375 0.23541666666666672 0.53046875 0.23541666666666672 0.53046875 0.2520833333333334 0.5359375 0.2520833333333334
2 0.5484375 0.23541666666666675 0.53828125 0.23541666666666672 0.53828125 0.2510416666666668 0.5484375 0.2510416666666668
2 0.55234375 0.23645833333333346 0.54453125 0.23645833333333346 0.54453125 0.25208333333333344 0.55234375 0.25208333333333344
2 0.5640625 0.21979166666666677 0.55546875 0.21979166666666677 0.55546875 0.24687500000000012 0.5640625 0.24687500000000012
2 0.57265625 0.23125000000000012 0.56484375 0.23125000000000012 0.56484375 0.2447916666666668 0.57265625 0.2447916666666668
2 0.46875 0.2510416666666667 0.45546875 0.2510416666666667 0.45546875 0.30104166666666676 0.46875 0.30104166666666676
2 0.46875 0.23750000000000007 0.459375 0.23750000000000007 0.459375 0.2593750000000001 0.46875 0.2593750000000001
2 0.559375 0.20520833333333346 0.54765625 0.20520833333333346 0.54765625 0.23020833333333346 0.559375 0.23020833333333346
2 0.55234375 0.19479166666666675 0.54140625 0.19479166666666672 0.54140625 0.21666666666666676 0.55234375 0.21666666666666679
2 0.53125 0.20520833333333338 0.51796875 0.20520833333333338 0.51796875 0.24062500000000006 0.53125 0.24062500000000006
2 0.525 0.1979166666666667 0.51875 0.1979166666666667 0.51875 0.21666666666666673 0.525 0.21666666666666673
1 0.51640625 0.1927083333333334 0.49375 0.1927083333333334 0.49375 0.22187500000000007 0.51640625 0.22187500000000007
2 0.5234375 0.19062500000000007 0.51328125 0.19062500000000007 0.51328125 0.20520833333333338 0.5234375 0.20520833333333338
2 0.5359375 0.1927083333333334 0.5265625 0.1927083333333334 0.5265625 0.20937500000000006 0.5359375 0.20937500000000006
2 0.54921875 0.2000000000000001 0.53984375 0.20000000000000007 0.53984375 0.2093750000000001 0.54921875 0.20937500000000012
2 0.515625 0.18125000000000005 0.50703125 0.18125000000000005 0.50703125 0.1989583333333334 0.515625 0.1989583333333334
2 0.5296875 0.18125000000000005 0.5234375 0.18125000000000005 0.5234375 0.20000000000000007 0.5296875 0.20000000000000007
2 0.55078125 0.1895833333333334 0.53515625 0.18958333333333338 0.53515625 0.19895833333333343 0.55078125 0.19895833333333346
2 0.5234375 0.17187500000000006 0.51171875 0.17187500000000006 0.51171875 0.1927083333333334 0.5234375 0.1927083333333334
2 0.5296875 0.1708333333333334 0.52109375 0.1708333333333334 0.52109375 0.19062500000000007 0.5296875 0.19062500000000007
2 0.5359375 0.17291666666666672 0.5265625 0.17291666666666672 0.5265625 0.19166666666666674 0.5359375 0.19166666666666674
2 0.5359375 0.1645833333333334 0.52578125 0.1645833333333334 0.52578125 0.18541666666666673 0.5359375 0.18541666666666673
2 0.54140625 0.1770833333333334 0.534375 0.1770833333333334 0.534375 0.18854166666666672 0.54140625 0.18854166666666672
2 0.49375 0.1927083333333334 0.48359375 0.1927083333333334 0.48359375 0.22187500000000007 0.49375 0.22187500000000007
1 0.50546875 0.1770833333333334 0.48359375 0.1770833333333334 0.48359375 0.2020833333333334 0.50546875 0.2020833333333334
2 0.51171875 0.17500000000000007 0.50234375 0.17500000000000007 0.50234375 0.19166666666666674 0.51171875 0.19166666666666674
1 0.5171875 0.16250000000000006 0.5046875 0.16250000000000006 0.5046875 0.17604166666666674 0.5171875 0.17604166666666674
1 0.51328125 0.1510416666666667 0.49765625 0.1510416666666667 0.49765625 0.16250000000000006 0.51328125 0.16250000000000006
2 0.5171875 0.14687500000000006 0.50859375 0.14687500000000006 0.50859375 0.16562500000000005 0.5171875 0.16562500000000005
2 0.51875 0.1395833333333334 0.5125 0.1395833333333334 0.5125 0.1645833333333334 0.51875 0.1645833333333334
2 0.52109375 0.1489583333333334 0.5140625 0.1489583333333334 0.5140625 0.17187500000000006 0.52109375 0.17187500000000006
2 0.52421875 0.15625000000000006 0.5140625 0.15625000000000006 0.5140625 0.17812500000000006 0.52421875 0.17812500000000006
1 0.475 0.1666666666666667 0.4625 0.1666666666666667 0.4625 0.1822916666666667 0.475 0.1822916666666667
1 0.49140625 0.1510416666666667 0.475 0.1510416666666667 0.475 0.16250000000000006 0.49140625 0.16250000000000006
1 0.49140625 0.14062500000000006 0.47421875 0.14062500000000006 0.47421875 0.1552083333333334 0.49140625 0.1552083333333334
2 0.4921875 0.13229166666666675 0.4859375 0.13229166666666675 0.4859375 0.1552083333333334 0.4921875 0.1552083333333334
1 0.50859375 0.14270833333333338 0.49609375 0.14270833333333338 0.49609375 0.15312500000000007 0.50859375 0.15312500000000007
0 0.50703125 0.1062500000000001 0.48671875 0.1062500000000001 0.48671875 0.14687500000000006 0.50703125 0.14687500000000006
1 0.50859375 0.13437500000000005 0.49375 0.13437500000000005 0.49375 0.14687500000000006 0.50859375 0.14687500000000006
2 0.5125 0.13437500000000005 0.50703125 0.13437500000000005 0.50703125 0.1510416666666667 0.5125 0.1510416666666667
3 0.4875 0.1989583333333334 0.46015625 0.1989583333333334 0.46015625 0.24791666666666673 0.4875 0.24791666666666673
1 0.478125 0.1927083333333334 0.4625 0.1927083333333334 0.4625 0.20625000000000007 0.478125 0.20625000000000007
1 0.47265625 0.17604166666666674 0.4546875 0.17604166666666674 0.4546875 0.20104166666666673 0.47265625 0.20104166666666673
2 0.4828125 0.1833333333333334 0.47265625 0.1833333333333334 0.47265625 0.2020833333333334 0.4828125 0.2020833333333334
2 0.484375 0.16979166666666673 0.47734375 0.16979166666666673 0.47734375 0.19479166666666672 0.484375 0.19479166666666672
1 0.47109375 0.15833333333333338 0.45859375 0.15833333333333338 0.45859375 0.17500000000000007 0.47109375 0.17500000000000007
2 0.47890625 0.1520833333333334 0.47109375 0.1520833333333334 0.47109375 0.1770833333333334 0.47890625 0.1770833333333334
2 0.48203125 0.16354166666666672 0.471875 0.16354166666666672 0.471875 0.17916666666666672 0.48203125 0.17916666666666672
1 0.47109375 0.14687500000000006 0.45625 0.14687500000000006 0.45625 0.16041666666666674 0.47109375 0.16041666666666674
2 0.4796875 0.14270833333333338 0.47109375 0.14270833333333338 0.47109375 0.16250000000000006 0.4796875 0.16250000000000006
2 0.4609375 0.21666666666666673 0.453125 0.21666666666666673 0.453125 0.24375000000000005 0.4609375 0.24375000000000005
2 0.45859375 0.1979166666666667 0.45 0.1979166666666667 0.45 0.2270833333333334 0.45859375 0.2270833333333334
2 0.45390625 0.16979166666666673 0.446875 0.16979166666666673 0.446875 0.2020833333333334 0.45390625 0.2020833333333334
2 0.45859375 0.12604166666666675 0.45 0.12604166666666672 0.45 0.14791666666666672 0.45859375 0.14791666666666672
2 0.51015625 0.11354166666666675 0.50703125 0.11354166666666675 0.50703125 0.1312500000000001 0.51015625 0.1312500000000001
1 0.6226562500000001 0.9166666666666666 0.54453125 0.9166666666666666 0.5445312500000001 1 0.6226562500000001 1
1 0.7390625000000001 0.7302083333333335 0.62890625 0.7302083333333333 0.6289062500000001 0.9895833333333335 0.7390625000000002 0.9895833333333336
1 0.5671875 0.6114583333333333 0.49140625 0.6114583333333333 0.49140625 0.8020833333333334 0.5671875 0.8020833333333334
1 0.6515625 0.5489583333333333 0.57734375 0.5489583333333333 0.57734375 0.7145833333333333 0.6515625 0.7145833333333333
1 0.6890625 0.47500000000000014 0.6171875 0.47500000000000014 0.6171875 0.6114583333333333 0.6890625 0.6114583333333333
1 0.55078125 0.5093750000000001 0.48984375 0.5093750000000001 0.48984375 0.628125 0.55078125 0.628125
1 0.55 0.44583333333333347 0.5015625 0.44583333333333347 0.5015625 0.5625 0.55 0.5625
1 0.5359375 0.3937500000000001 0.48671875 0.3937500000000001 0.48671875 0.49583333333333346 0.5359375 0.49583333333333346
1 0.65078125 0.3854166666666668 0.5953125 0.3854166666666668 0.5953125 0.4895833333333334 0.65078125 0.4895833333333334
1 0.65234375 0.35208333333333347 0.609375 0.35208333333333347 0.609375 0.4427083333333334 0.65234375 0.4427083333333334
1 0.5265625 0.35000000000000014 0.49375 0.35000000000000014 0.49375 0.41562500000000013 0.5265625 0.41562500000000013
1 0.51328125 0.3104166666666668 0.47734375 0.3104166666666668 0.47734375 0.3875000000000001 0.51328125 0.3875000000000001
1 0.571875 0.33958333333333346 0.534375 0.33958333333333346 0.534375 0.4031250000000001 0.571875 0.4031250000000001
1 0.50625 0.28750000000000014 0.478125 0.28750000000000014 0.478125 0.3385416666666668 0.50625 0.3385416666666668
1 0.4984375 0.2489583333333334 0.47109375 0.2489583333333334 0.47109375 0.3125000000000001 0.4984375 0.3125000000000001
1 0.50625 0.22187500000000007 0.475 0.22187500000000007 0.475 0.2812500000000001 0.50625 0.2812500000000001
1 0.50234375 0.1666666666666667 0.484375 0.1666666666666667 0.484375 0.18437500000000007 0.50234375 0.18437500000000007
1 0.5 0.16041666666666674 0.4828125 0.16041666666666674 0.4828125 0.17187500000000006 0.5 0.17187500000000006
1 0.46796875 0.13750000000000007 0.45546875 0.13750000000000007 0.45546875 0.15312500000000007 0.46796875 0.15312500000000007
1 0.46640625 0.1281250000000001 0.45546875 0.1281250000000001 0.45546875 0.1364583333333334 0.46640625 0.1364583333333334
1 0.484375 0.12395833333333342 0.471875 0.12395833333333342 0.471875 0.14166666666666672 0.484375 0.14166666666666672
1 0.484375 0.13437500000000005 0.475 0.13437500000000005 0.475 0.14270833333333338 0.484375 0.14270833333333338
1 0.46953125 0.11979166666666675 0.4578125 0.11979166666666675 0.4578125 0.13229166666666675 0.46953125 0.13229166666666675
1 0.47109375 0.11354166666666675 0.46171875 0.11354166666666675 0.46171875 0.1281250000000001 0.47109375 0.1281250000000001
1 0.4828125 0.11875000000000009 0.47421875 0.11875000000000009 0.47421875 0.12916666666666676 0.4828125 0.12916666666666676
1 0.4875 0.10729166666666676 0.478125 0.10729166666666676 0.478125 0.12291666666666676 0.4875 0.12291666666666676
1 0.47421875 0.10520833333333342 0.46484375 0.10520833333333342 0.46484375 0.11458333333333343 0.47421875 0.11458333333333343
1 0.47890625 0.09791666666666675 0.4734375 0.09791666666666675 0.4734375 0.11354166666666675 0.47890625 0.11354166666666675
1 0.48515625 0.09479166666666676 0.47890625 0.09479166666666676 0.47890625 0.11041666666666676 0.48515625 0.11041666666666676
1 0.4953125 0.09270833333333342 0.48515625 0.09270833333333342 0.48515625 0.11145833333333342 0.4953125 0.11145833333333342
1 0.5046875 0.09479166666666676 0.4953125 0.09479166666666676 0.4953125 0.11458333333333343 0.5046875 0.11458333333333343
1 0.50234375 0.08541666666666675 0.49375 0.08541666666666675 0.49375 0.09895833333333343 0.50234375 0.09895833333333343
1 0.50859375 0.08437500000000009 0.503125 0.08437500000000009 0.503125 0.10104166666666675 0.50859375 0.10104166666666675