1 0.3625000000000001 0.8239583333333333 0.2414062500000001 0.8239583333333333 0.2414062500000001 1 0.3625000000000001 1
2 0.2609375000000001 0.784375 0.2156250000000001 0.784375 0.2156250000000001 0.9385416666666667 0.2609375000000001 0.9385416666666667
2 0.21640625000000008 0.7635416666666667 0.1781250000000001 0.7635416666666667 0.1781250000000001 0.925 0.21640625000000008 0.925
2 0.18281250000000007 0.7114583333333333 0.13828125000000005 0.7114583333333333 0.13828125000000008 0.8916666666666667 0.1828125000000001 0.8916666666666667
2 0.2296875000000001 0.6791666666666667 0.18984375000000003 0.6791666666666667 0.18984375000000006 0.7875 0.2296875000000001 0.7875
2 0.27031250000000007 0.6802083333333333 0.23203125000000008 0.6802083333333333 0.23203125000000008 0.790625 0.27031250000000007 0.790625
2 0.32500000000000007 0.6479166666666667 0.2851562500000001 0.6479166666666667 0.2851562500000001 0.7833333333333333 0.32500000000000007 0.7833333333333333
2 0.2882812500000001 0.5854166666666667 0.2523437500000001 0.5854166666666667 0.2523437500000001 0.6927083333333334 0.2882812500000001 0.6927083333333334
2 0.25859375000000007 0.5802083333333333 0.2257812500000001 0.5802083333333333 0.2257812500000001 0.6885416666666667 0.25859375000000007 0.6885416666666667
2 0.3296875000000001 0.5822916666666667 0.3031250000000001 0.5822916666666667 0.3031250000000001 0.675 0.3296875000000001 0.675
2 0.3031250000000001 0.5364583333333334 0.27812500000000007 0.5364583333333334 0.27812500000000007 0.63125 0.3031250000000001 0.63125
2 0.3414062500000001 0.5291666666666667 0.3148437500000001 0.5291666666666667 0.3148437500000001 0.6145833333333334 0.3414062500000001 0.6145833333333334
2 0.3070312500000001 0.49270833333333336 0.2812500000000001 0.49270833333333336 0.2812500000000001 0.5604166666666667 0.3070312500000001 0.5604166666666667
2 0.33281250000000007 0.50625 0.3078125000000001 0.50625 0.3078125000000001 0.5791666666666667 0.33281250000000007 0.5791666666666667
2 0.43828125 0.47708333333333347 0.409375 0.47708333333333347 0.409375 0.5760416666666667 0.43828125 0.5760416666666667
2 0.39062500000000006 0.4729166666666667 0.3625 0.47291666666666665 0.36250000000000004 0.5739583333333333 0.3906250000000001 0.5739583333333333
2 0.37187500000000007 0.4541666666666667 0.346875 0.45416666666666666 0.34687500000000004 0.5479166666666667 0.37187500000000007 0.5479166666666667
2 0.33984375000000006 0.46041666666666664 0.31484375 0.46041666666666664 0.31484375000000003 0.5260416666666666 0.3398437500000001 0.5260416666666666
2 0.38203125 0.3916666666666667 0.3578125 0.39166666666666666 0.3578125 0.4677083333333334 0.38203125 0.46770833333333345
2 0.36015625 0.384375 0.34296875 0.384375 0.34296875 0.46041666666666664 0.36015625 0.46041666666666664
2 0.44453125 0.2864583333333334 0.428125 0.2864583333333334 0.428125 0.3416666666666668 0.44453125 0.3416666666666668
2 0.49140625 0.3135416666666668 0.47578125 0.3135416666666668 0.47578125 0.36145833333333344 0.49140625 0.36145833333333344
2 0.496875 0.2937500000000001 0.4828125 0.2937500000000001 0.4828125 0.3416666666666668 0.496875 0.3416666666666668
2 0.4796875 0.24166666666666672 0.46328125 0.24166666666666672 0.46328125 0.30312500000000014 0.4796875 0.30312500000000014
2 0.45625 0.22500000000000006 0.44375 0.22500000000000006 0.44375 0.2593750000000001 0.45625 0.2593750000000001
2 0.446875 0.21250000000000005 0.4390625 0.21250000000000005 0.4390625 0.24166666666666672 0.446875 0.24166666666666672
2 0.45078125 0.20104166666666673 0.4421875 0.20104166666666673 0.4421875 0.2302083333333334 0.45078125 0.2302083333333334
2 0.46171875 0.20000000000000007 0.4546875 0.20000000000000007 0.4546875 0.23229166666666673 0.46171875 0.23229166666666673
2 0.45703125 0.1927083333333334 0.45078125 0.1927083333333334 0.45078125 0.22083333333333338 0.45703125 0.22083333333333338
2 0.46171875 0.18437500000000007 0.45078125 0.18437500000000007 0.45078125 0.20416666666666672 0.46171875 0.20416666666666672
2 0.48984375 0.20520833333333338 0.478125 0.20520833333333338 0.478125 0.2395833333333334 0.48984375 0.2395833333333334
2 0.475 0.20000000000000007 0.4671875 0.20000000000000007 0.4671875 0.22083333333333338 0.475 0.22083333333333338
1 0.50703125 0.5770833333333333 0.42421875 0.5770833333333333 0.42421875 0.7791666666666667 0.50703125 0.7791666666666667
1 0.425 0.5541666666666667 0.34843750000000007 0.5541666666666667 0.34843750000000007 0.7083333333333334 0.425 0.7083333333333334
1 0.509375 0.41770833333333346 0.453125 0.41770833333333346 0.453125 0.540625 0.509375 0.540625
1 0.45625 0.3625000000000001 0.403125 0.3625000000000001 0.403125 0.4562500000000001 0.45625 0.4562500000000001
1 0.5140625 0.34270833333333345 0.46953125 0.34270833333333345 0.46953125 0.4291666666666668 0.5140625 0.4291666666666668
1 0.4734375 0.2968750000000001 0.434375 0.2968750000000001 0.434375 0.36562500000000014 0.4734375 0.36562500000000014
1 0.428125 0.2937500000000001 0.384375 0.2937500000000001 0.384375 0.3729166666666668 0.428125 0.3729166666666668
1 0.45078125 0.23750000000000007 0.42265625 0.23750000000000007 0.42265625 0.29583333333333345 0.45078125 0.29583333333333345
2 0.43984375 0.22291666666666674 0.4296875 0.22291666666666674 0.4296875 0.24687500000000007 0.43984375 0.24687500000000007
2 0.4828125 0.1864583333333334 0.475 0.1864583333333334 0.475 0.20625000000000007 0.4828125 0.20625000000000007
2 0.4921875 0.19375000000000006 0.48515625 0.19375000000000006 0.48515625 0.21250000000000005 0.4921875 0.21250000000000005
2 0.4921875 0.1770833333333334 0.48203125 0.1770833333333334 0.48203125 0.18958333333333338 0.4921875 0.18958333333333338
2 0.49921875 0.16979166666666673 0.4921875 0.16979166666666673 0.4921875 0.19166666666666674 0.49921875 0.19166666666666674
2 0.496875 0.1614583333333334 0.48984375 0.1614583333333334 0.48984375 0.1802083333333334 0.496875 0.1802083333333334
2 0.4734375 0.18125000000000005 0.465625 0.18125000000000005 0.465625 0.20520833333333338 0.4734375 0.20520833333333338
2 0.53359375 0.15312500000000007 0.52734375 0.15312500000000007 0.52734375 0.16979166666666673 0.53359375 0.16979166666666673
2 0.528125 0.1489583333333334 0.52109375 0.1489583333333334 0.52109375 0.16875000000000007 0.528125 0.16875000000000007
2 0.5265625 0.1395833333333334 0.51796875 0.1395833333333334 0.51796875 0.1552083333333334 0.5265625 0.1552083333333334
2 0.53046875 0.13020833333333343 0.525 0.13020833333333343 0.525 0.14479166666666674 0.53046875 0.14479166666666674
2 0.52734375 0.1218750000000001 0.5203125 0.1218750000000001 0.5203125 0.13750000000000007 0.52734375 0.13750000000000007
2 0.50703125 0.14479166666666674 0.5015625 0.14479166666666674 0.5015625 0.1614583333333334 0.50703125 0.1614583333333334
2 0.49609375 0.1520833333333334 0.4890625 0.1520833333333334 0.4890625 0.16875000000000007 0.49609375 0.16875000000000007
2 0.49296875 0.14270833333333338 0.4859375 0.14270833333333338 0.4859375 0.15729166666666672 0.49296875 0.15729166666666672
2 0.484375 0.13750000000000007 0.47734375 0.13750000000000007 0.47734375 0.1552083333333334 0.484375 0.1552083333333334
2 0.5046875 0.1312500000000001 0.49765625 0.1312500000000001 0.49765625 0.15000000000000005 0.5046875 0.15000000000000005
2 0.49921875 0.13229166666666675 0.49375 0.13229166666666675 0.49375 0.1510416666666667 0.49921875 0.1510416666666667
2 0.49296875 0.12916666666666676 0.4875 0.12916666666666676 0.4875 0.1458333333333334 0.49296875 0.1458333333333334
2 0.51796875 0.11562500000000009 0.5109375 0.11562500000000009 0.5109375 0.1354166666666667 0.51796875 0.1354166666666667
1 0.5046875 0.08020833333333342 0.49765625 0.08020833333333342 0.49765625 0.09270833333333342 0.5046875 0.09270833333333342
1 0.5046875 0.08645833333333343 0.4921875 0.08645833333333343 0.4921875 0.10416666666666675 0.5046875 0.10416666666666675
1 0.52421875 0.08958333333333342 0.5171875 0.08958333333333342 0.5171875 0.10312500000000009 0.52421875 0.10312500000000009
1 0.5125 0.08541666666666675 0.50546875 0.08541666666666675 0.50546875 0.09687500000000009 0.5125 0.09687500000000009
1 0.51796875 0.08541666666666675 0.5109375 0.08541666666666675 0.5109375 0.10312500000000009 0.51796875 0.10312500000000009
1 0.51953125 0.10312500000000009 0.50859375 0.10312500000000009 0.50859375 0.11666666666666675 0.51953125 0.11666666666666675
1 0.53125 0.09687500000000009 0.521875 0.09687500000000009 0.521875 0.10833333333333342 0.53125 0.10833333333333342
1 0.53984375 0.10000000000000009 0.5265625 0.10000000000000009 0.5265625 0.11770833333333343 0.53984375 0.11770833333333343
1 0.53671875 0.11354166666666675 0.5265625 0.11354166666666675 0.5265625 0.1270833333333334 0.53671875 0.1270833333333334
1 0.51015625 0.11250000000000009 0.49921875 0.11250000000000009 0.49921875 0.12604166666666675 0.51015625 0.12604166666666675
1 0.5421875 0.1218750000000001 0.52890625 0.1218750000000001 0.52890625 0.13750000000000007 0.5421875 0.13750000000000007
1 0.5421875 0.13020833333333343 0.52890625 0.13020833333333343 0.52890625 0.1458333333333334 0.5421875 0.1458333333333334
1 0.54453125 0.14166666666666675 0.53046875 0.14166666666666672 0.53046875 0.16145833333333343 0.54453125 0.16145833333333345
1 0.52265625 0.12916666666666676 0.5125 0.12916666666666676 0.5125 0.14687500000000006 0.52265625 0.14687500000000006
1 0.51640625 0.1354166666666667 0.50234375 0.1354166666666667 0.50234375 0.15625000000000006 0.51640625 0.15625000000000006
1 0.51875 0.15000000000000005 0.5015625 0.15000000000000005 0.5015625 0.17291666666666672 0.51875 0.17291666666666672
1 0.54765625 0.16041666666666676 0.53046875 0.16041666666666674 0.53046875 0.17708333333333343 0.54765625 0.17708333333333345
1 0.49296875 0.15312500000000007 0.4765625 0.15312500000000007 0.4765625 0.18437500000000007 0.49296875 0.18437500000000007
1 0.5453125 0.17604166666666676 0.53046875 0.17604166666666674 0.53046875 0.2156250000000001 0.5453125 0.21562500000000012
0 0.53671875 0.1666666666666667 0.48828125 0.1666666666666667 0.48828125 0.2760416666666668 0.53671875 0.2760416666666668
1 0.4859375 0.21250000000000005 0.4546875 0.21250000000000005 0.4546875 0.2645833333333334 0.4859375 0.2645833333333334