2 0.859375 0.8718750000000003 0.80234375 0.8718750000000003 0.80234375 1.0000000000000002 0.859375 1.0000000000000002
2 0.94375 0.9000000000000002 0.8984375 0.9000000000000002 0.8984375 1.0000000000000002 0.94375 1.0000000000000002
2 0.87578125 0.8489583333333336 0.846875 0.8489583333333336 0.846875 0.9916666666666669 0.87578125 0.9916666666666669
2 0.8375 0.7697916666666669 0.81484375 0.7697916666666669 0.81484375 0.8739583333333336 0.8375 0.8739583333333336
2 0.81953125 0.7833333333333335 0.7859375 0.7833333333333335 0.7859375 0.9177083333333336 0.81953125 0.9177083333333336
2 0.77734375 0.7281250000000002 0.74765625 0.7281250000000002 0.74765625 0.8197916666666669 0.77734375 0.8197916666666669
2 0.76640625 0.6739583333333335 0.740625 0.6739583333333335 0.740625 0.7552083333333336 0.76640625 0.7552083333333336
2 0.74140625 0.6604166666666668 0.703125 0.6604166666666667 0.703125 0.7677083333333334 0.74140625 0.7677083333333335
2 0.52734375 0.6791666666666667 0.48515625 0.6791666666666667 0.48515625 0.7947916666666667 0.52734375 0.7947916666666667
2 0.6984375 0.59375 0.6734375 0.59375 0.6734375 0.675 0.6984375 0.675
2 0.68203125 0.5520833333333334 0.65703125 0.5520833333333334 0.65703125 0.621875 0.68203125 0.621875
2 0.6671875 0.5083333333333334 0.64453125 0.5083333333333334 0.64453125 0.5927083333333333 0.6671875 0.5927083333333333
2 0.6703125 0.4697916666666668 0.64609375 0.4697916666666668 0.64609375 0.5395833333333333 0.6703125 0.5395833333333333
2 0.69296875 0.49062500000000014 0.67578125 0.49062500000000014 0.67578125 0.5375 0.69296875 0.5375
2 0.71015625 0.4739583333333334 0.69375 0.4739583333333334 0.69375 0.5187500000000002 0.71015625 0.5187500000000002
2 0.7421875 0.5010416666666668 0.72890625 0.5010416666666668 0.72890625 0.5395833333333335 0.7421875 0.5395833333333335
2 0.58515625 0.5375 0.56484375 0.5375 0.56484375 0.5739583333333333 0.58515625 0.5739583333333333
2 0.57265625 0.49375000000000013 0.5515625 0.49375000000000013 0.5515625 0.5635416666666667 0.57265625 0.5635416666666667
2 0.5609375 0.4718750000000001 0.5421875 0.4718750000000001 0.5421875 0.534375 0.5609375 0.534375
2 0.55 0.4479166666666668 0.53359375 0.4479166666666668 0.53359375 0.49895833333333345 0.55 0.49895833333333345
2 0.528125 0.45520833333333344 0.4875 0.45520833333333344 0.4875 0.5239583333333334 0.528125 0.5239583333333334
2 0.56953125 0.41562500000000013 0.5515625 0.41562500000000013 0.5515625 0.4875000000000001 0.56953125 0.4875000000000001
2 0.54765625 0.4197916666666668 0.53359375 0.4197916666666668 0.53359375 0.46145833333333347 0.54765625 0.46145833333333347
2 0.5265625 0.4135416666666668 0.5140625 0.4135416666666668 0.5140625 0.46145833333333347 0.5265625 0.46145833333333347
2 0.51875 0.43125000000000013 0.50390625 0.43125000000000013 0.50390625 0.45937500000000014 0.51875 0.45937500000000014
2 0.5046875 0.41041666666666676 0.48671875 0.41041666666666676 0.48671875 0.4656250000000001 0.5046875 0.4656250000000001
2 0.4921875 0.38958333333333345 0.47109375 0.38958333333333345 0.47109375 0.45937500000000014 0.4921875 0.45937500000000014
2 0.55859375 0.3697916666666668 0.54140625 0.3697916666666668 0.54140625 0.4114583333333334 0.55859375 0.4114583333333334
2 0.55234375 0.35833333333333345 0.53671875 0.35833333333333345 0.53671875 0.39895833333333347 0.55234375 0.39895833333333347
2 0.54453125 0.33229166666666676 0.5359375 0.33229166666666676 0.5359375 0.36562500000000014 0.54453125 0.36562500000000014
2 0.5484375 0.3250000000000001 0.534375 0.3250000000000001 0.534375 0.3468750000000001 0.5484375 0.3468750000000001
2 0.48046875 0.31145833333333345 0.46484375 0.31145833333333345 0.46484375 0.3645833333333334 0.48046875 0.3645833333333334
2 0.51171875 0.26979166666666676 0.49453125 0.26979166666666676 0.49453125 0.3072916666666668 0.51171875 0.3072916666666668
2 0.60703125 0.33958333333333346 0.59296875 0.33958333333333346 0.59296875 0.37708333333333344 0.60703125 0.37708333333333344
2 0.6109375 0.3072916666666668 0.59765625 0.3072916666666668 0.59765625 0.3510416666666668 0.6109375 0.3510416666666668
2 0.6140625 0.29062500000000013 0.603125 0.29062500000000013 0.603125 0.3177083333333334 0.6140625 0.3177083333333334
2 0.59375 0.3072916666666668 0.58046875 0.3072916666666668 0.58046875 0.3447916666666668 0.59375 0.3447916666666668
2 0.5796875 0.28750000000000014 0.571875 0.28750000000000014 0.571875 0.3177083333333334 0.5796875 0.3177083333333334
2 0.56875 0.28333333333333344 0.55703125 0.28333333333333344 0.55703125 0.3156250000000001 0.56875 0.3156250000000001
2 0.5625 0.27187500000000014 0.54765625 0.27187500000000014 0.54765625 0.3041666666666668 0.5625 0.3041666666666668
2 0.59140625 0.2708333333333334 0.58046875 0.2708333333333334 0.58046875 0.30312500000000014 0.59140625 0.30312500000000014
2 0.5734375 0.2531250000000001 0.56328125 0.2531250000000001 0.56328125 0.2791666666666668 0.5734375 0.2791666666666668
2 0.58515625 0.2510416666666668 0.57421875 0.2510416666666668 0.57421875 0.27500000000000013 0.58515625 0.27500000000000013
2 0.5625 0.21458333333333346 0.55234375 0.21458333333333346 0.55234375 0.24166666666666678 0.5625 0.24166666666666678
2 0.571875 0.2187500000000001 0.56484375 0.2187500000000001 0.56484375 0.24687500000000012 0.571875 0.24687500000000012
2 0.49375 0.21250000000000005 0.48125 0.21250000000000005 0.48125 0.23750000000000007 0.49375 0.23750000000000007
2 0.45703125 0.17187500000000006 0.45 0.17187500000000006 0.45 0.1927083333333334 0.45703125 0.1927083333333334
2 0.4609375 0.1822916666666667 0.45234375 0.1822916666666667 0.45234375 0.20000000000000007 0.4609375 0.20000000000000007
2 0.47265625 0.1510416666666667 0.459375 0.1510416666666667 0.459375 0.18750000000000006 0.47265625 0.18750000000000006
2 0.478125 0.15833333333333338 0.46875 0.15833333333333338 0.46875 0.18750000000000006 0.478125 0.18750000000000006
2 0.49609375 0.15625000000000006 0.4890625 0.15625000000000006 0.4890625 0.1770833333333334 0.49609375 0.1770833333333334
2 0.49375 0.12083333333333342 0.4859375 0.12083333333333342 0.4859375 0.1458333333333334 0.49375 0.1458333333333334
2 0.50390625 0.1270833333333334 0.49921875 0.1270833333333334 0.49921875 0.14479166666666674 0.50390625 0.14479166666666674
2 0.503125 0.10729166666666676 0.4953125 0.10729166666666676 0.4953125 0.12291666666666676 0.503125 0.12291666666666676
2 0.50078125 0.0906250000000001 0.49765625 0.0906250000000001 0.49765625 0.10729166666666676 0.50078125 0.10729166666666676
2 0.509375 0.1520833333333334 0.5046875 0.1520833333333334 0.5046875 0.16562500000000005 0.509375 0.16562500000000005
2 0.51484375 0.14375000000000007 0.50859375 0.14375000000000007 0.50859375 0.15312500000000007 0.51484375 0.15312500000000007
2 0.47734375 0.18958333333333338 0.46953125 0.18958333333333338 0.46953125 0.21041666666666672 0.47734375 0.21041666666666672
2 0.53671875 0.16875000000000007 0.53046875 0.16875000000000007 0.53046875 0.1833333333333334 0.53671875 0.1833333333333334
1 0.7968750000000001 0.7750000000000001 0.696875 0.775 0.6968750000000001 1.0000000000000002 0.7968750000000002 1.0000000000000002
1 0.70390625 0.6041666666666666 0.62890625 0.6041666666666666 0.62890625 0.809375 0.70390625 0.809375
1 0.78359375 0.5114583333333335 0.678125 0.5114583333333335 0.678125 0.6958333333333334 0.78359375 0.6958333333333335
1 0.64921875 0.5281250000000001 0.590625 0.5281250000000001 0.590625 0.6177083333333333 0.64921875 0.6177083333333333
1 0.6875 0.4187500000000001 0.63359375 0.4187500000000001 0.63359375 0.5218750000000001 0.6875 0.5218750000000001
1 0.6265625 0.4406250000000001 0.5703125 0.4406250000000001 0.5703125 0.5354166666666667 0.6265625 0.5354166666666667
1 0.62421875 0.37916666666666676 0.57109375 0.37916666666666676 0.57109375 0.46250000000000013 0.62421875 0.46250000000000013
1 0.65546875 0.31666666666666676 0.60703125 0.31666666666666676 0.60703125 0.4427083333333334 0.65546875 0.4427083333333334
1 0.596875 0.35208333333333347 0.55546875 0.35208333333333347 0.55546875 0.40208333333333346 0.596875 0.40208333333333346
1 0.5828125 0.30520833333333347 0.54921875 0.30520833333333347 0.54921875 0.36145833333333344 0.5828125 0.36145833333333344
1 0.52890625 0.3510416666666668 0.4921875 0.3510416666666668 0.4921875 0.4250000000000001 0.52890625 0.4250000000000001
1 0.51875 0.32083333333333347 0.48984375 0.32083333333333347 0.48984375 0.3604166666666668 0.51875 0.3604166666666668
1 0.55234375 0.27395833333333347 0.5171875 0.27395833333333347 0.5171875 0.33020833333333344 0.55234375 0.33020833333333344
1 0.5015625 0.27708333333333346 0.46640625 0.27708333333333346 0.46640625 0.32083333333333347 0.5015625 0.32083333333333347
1 0.4953125 0.25520833333333337 0.47578125 0.25520833333333337 0.47578125 0.2760416666666668 0.4953125 0.2760416666666668
1 0.49140625 0.23125000000000007 0.46640625 0.23125000000000007 0.46640625 0.25625000000000003 0.49140625 0.25625000000000003
1 0.490625 0.22083333333333338 0.4703125 0.22083333333333338 0.4703125 0.23541666666666672 0.490625 0.23541666666666672
1 0.48046875 0.1989583333333334 0.45390625 0.1989583333333334 0.45390625 0.24375000000000005 0.48046875 0.24375000000000005
1 0.521875 0.22604166666666672 0.49921875 0.22604166666666672 0.49921875 0.26041666666666674 0.521875 0.26041666666666674
1 0.54921875 0.2531250000000001 0.528125 0.25312500000000004 0.528125 0.2885416666666668 0.54921875 0.2885416666666668
1 0.5609375 0.22291666666666676 0.53359375 0.22291666666666674 0.53359375 0.27500000000000013 0.5609375 0.27500000000000013
1 0.55703125 0.16979166666666676 0.53671875 0.16979166666666673 0.53671875 0.2156250000000001 0.55703125 0.21562500000000012
1 0.51484375 0.1989583333333334 0.496875 0.1989583333333334 0.496875 0.2333333333333334 0.51484375 0.2333333333333334
1 0.52578125 0.19062500000000007 0.5078125 0.19062500000000007 0.5078125 0.22291666666666674 0.52578125 0.22291666666666674
1 0.5125 0.1666666666666667 0.5 0.1666666666666667 0.5 0.18958333333333338 0.5125 0.18958333333333338
1 0.53203125 0.18958333333333338 0.5140625 0.18958333333333338 0.5140625 0.21250000000000005 0.53203125 0.21250000000000005
1 0.5015625 0.1864583333333334 0.48359375 0.1864583333333334 0.48359375 0.21250000000000005 0.5015625 0.21250000000000005
1 0.53203125 0.15000000000000005 0.51015625 0.15000000000000005 0.51015625 0.18437500000000007 0.53203125 0.18437500000000007
1 0.48828125 0.10208333333333343 0.47890625 0.10208333333333343 0.47890625 0.12291666666666676 0.48828125 0.12291666666666676
1 0.4953125 0.17604166666666674 0.48203125 0.17604166666666674 0.48203125 0.18854166666666672 0.4953125 0.18854166666666672