1 0.6828125 0.8604166666666667 0.5734375 0.8604166666666667 0.5734375 1 0.6828125000000002 1
1 0.81953125 0.7645833333333335 0.70546875 0.7645833333333333 0.7054687500000001 1.0000000000000002 0.81953125 1.0000000000000002
1 0.625 0.6666666666666666 0.5265625 0.6666666666666666 0.5265625 0.859375 0.625 0.859375
1 0.71171875 0.5916666666666667 0.62109375 0.5916666666666667 0.62109375 0.7875 0.71171875 0.7875
1 0.67421875 0.48854166666666676 0.5875 0.48854166666666676 0.5875 0.60625 0.67421875 0.60625
1 0.5546875 0.4541666666666668 0.5 0.4541666666666668 0.5 0.5875 0.5546875 0.5875
1 0.56484375 0.24270833333333341 0.521875 0.2427083333333334 0.521875 0.32395833333333346 0.56484375 0.32395833333333346
1 0.51484375 0.0906250000000001 0.50234375 0.0906250000000001 0.50234375 0.11145833333333342 0.51484375 0.11145833333333342
1 0.50859375 0.07916666666666676 0.4984375 0.07916666666666676 0.4984375 0.10312500000000009 0.50859375 0.10312500000000009
2 0.49921875 0.09166666666666676 0.49296875 0.09166666666666676 0.49296875 0.11250000000000009 0.49921875 0.11250000000000009
2 0.51171875 0.11979166666666675 0.4984375 0.11979166666666675 0.4984375 0.1489583333333334 0.51171875 0.1489583333333334
2 0.525 0.1552083333333334 0.509375 0.1552083333333334 0.509375 0.1770833333333334 0.525 0.1770833333333334
2 0.5359375 0.18125000000000005 0.525 0.18125000000000005 0.525 0.20937500000000006 0.5359375 0.20937500000000006
2 0.54921875 0.20729166666666676 0.54140625 0.20729166666666674 0.54140625 0.24166666666666675 0.54921875 0.24166666666666678
2 0.59296875 0.31458333333333344 0.5703125 0.31458333333333344 0.5703125 0.38125000000000014 0.59296875 0.38125000000000014
2 0.5484375 0.40208333333333346 0.52265625 0.40208333333333346 0.52265625 0.4583333333333334 0.5484375 0.4583333333333334
2 0.60546875 0.32708333333333345 0.5890625 0.32708333333333345 0.5890625 0.3916666666666668 0.60546875 0.3916666666666668
2 0.6359375 0.3489583333333334 0.615625 0.3489583333333334 0.615625 0.41250000000000014 0.6359375 0.41250000000000014
2 0.6234375 0.3802083333333334 0.59609375 0.3802083333333334 0.59609375 0.43333333333333346 0.6234375 0.43333333333333346
2 0.66328125 0.4531250000000001 0.64140625 0.4531250000000001 0.64140625 0.5447916666666667 0.66328125 0.5447916666666667
2 0.77734375 0.6416666666666669 0.73671875 0.6416666666666669 0.73671875 0.7593750000000002 0.77734375 0.7593750000000002
2 0.853125 0.7458333333333336 0.81640625 0.7458333333333336 0.81640625 0.8802083333333336 0.853125 0.8802083333333336
2 0.53984375 0.7979166666666667 0.50546875 0.7979166666666667 0.50546875 0.9291666666666667 0.53984375 0.9291666666666667
2 0.56171875 0.8822916666666667 0.51328125 0.8822916666666667 0.5132812500000001 1 0.5617187500000002 1
2 0.88984375 0.9260416666666669 0.84765625 0.9260416666666669 0.84765625 1.0000000000000002 0.88984375 1.0000000000000002