3 0.31718750000000007 0.709375 0.17187500000000006 0.709375 0.17187500000000006 1 0.31718750000000007 1
0 0.4703125000000001 0.9041666666666667 0.3351562500000001 0.9041666666666667 0.3351562500000001 1 0.4703125000000002 1
3 0.4640625 0.25729166666666675 0.41875 0.25729166666666675 0.41875 0.37708333333333344 0.4640625 0.37708333333333344
0 0.4703125 0.18958333333333338 0.43828125 0.18958333333333338 0.43828125 0.2395833333333334 0.4703125 0.2395833333333334
0 0.52109375 0.09583333333333342 0.49765625 0.09583333333333342 0.49765625 0.1354166666666667 0.52109375 0.1354166666666667
1 0.47421875 0.7729166666666667 0.403125 0.7729166666666667 0.403125 0.8958333333333334 0.47421875 0.8958333333333334
1 0.3625000000000001 0.6520833333333333 0.3062500000000001 0.6520833333333333 0.3062500000000001 0.7614583333333333 0.3625000000000001 0.7614583333333333
1 0.3968750000000001 0.5062500000000001 0.3375000000000001 0.50625 0.3375000000000001 0.640625 0.3968750000000001 0.640625
1 0.50859375 0.5218750000000001 0.44140625 0.5218750000000001 0.44140625 0.659375 0.50859375 0.659375
1 0.43671875 0.43333333333333346 0.3796875 0.43333333333333346 0.37968750000000007 0.534375 0.43671875 0.534375
1 0.36953125000000003 0.4416666666666667 0.31796875 0.44166666666666665 0.31796875 0.5364583333333334 0.3695312500000001 0.5364583333333334
1 0.39140625 0.3760416666666667 0.34921875 0.37604166666666666 0.34921875 0.4458333333333334 0.39140625 0.44583333333333347
1 0.4390625 0.3875000000000001 0.40078125 0.3875000000000001 0.40078125 0.43645833333333345 0.4390625 0.43645833333333345
1 0.5140625 0.4406250000000001 0.465625 0.4406250000000001 0.465625 0.5302083333333335 0.5140625 0.5302083333333335
1 0.50859375 0.38437500000000013 0.46953125 0.38437500000000013 0.46953125 0.44895833333333346 0.50859375 0.44895833333333346
1 0.52109375 0.3197916666666668 0.475 0.3197916666666668 0.475 0.4072916666666668 0.52109375 0.4072916666666668
1 0.41484375 0.3250000000000001 0.3796875 0.3250000000000001 0.3796875 0.3760416666666668 0.41484375 0.3760416666666668
1 0.4328125 0.2593750000000001 0.40078125 0.2593750000000001 0.40078125 0.30520833333333347 0.4328125 0.30520833333333347
1 0.46640625 0.22812500000000005 0.43515625 0.22812500000000005 0.43515625 0.26041666666666674 0.46640625 0.26041666666666674
1 0.48828125 0.2520833333333334 0.46796875 0.2520833333333334 0.46796875 0.3041666666666668 0.48828125 0.3041666666666668
1 0.5203125 0.2864583333333334 0.49375 0.2864583333333334 0.49375 0.34791666666666676 0.5203125 0.34791666666666676
1 0.52734375 0.2510416666666667 0.49921875 0.2510416666666667 0.49921875 0.3125000000000001 0.52734375 0.3125000000000001
1 0.50078125 0.22083333333333338 0.47890625 0.22083333333333338 0.47890625 0.25520833333333337 0.50078125 0.25520833333333337
1 0.50546875 0.18958333333333338 0.48125 0.18958333333333338 0.48125 0.2270833333333334 0.50546875 0.2270833333333334
1 0.53515625 0.2333333333333334 0.51484375 0.2333333333333334 0.51484375 0.28541666666666676 0.53515625 0.28541666666666676
1 0.53984375 0.20937500000000006 0.51796875 0.20937500000000006 0.51796875 0.2583333333333334 0.53984375 0.2583333333333334
1 0.540625 0.1822916666666667 0.5265625 0.1822916666666667 0.5265625 0.24062500000000006 0.540625 0.24062500000000006
1 0.5453125 0.14895833333333341 0.52421875 0.1489583333333334 0.52421875 0.17604166666666676 0.5453125 0.1760416666666668
1 0.54453125 0.13020833333333343 0.5234375 0.13020833333333343 0.5234375 0.1593750000000001 0.54453125 0.15937500000000013
1 0.53671875 0.10520833333333342 0.521875 0.10520833333333342 0.521875 0.1312500000000001 0.53671875 0.1312500000000001
1 0.52734375 0.09479166666666676 0.51640625 0.09479166666666676 0.51640625 0.1270833333333334 0.52734375 0.1270833333333334
3 0.50546875 0.08229166666666675 0.48828125 0.08229166666666675 0.48828125 0.11041666666666676 0.50546875 0.11041666666666676
2 0.37578125000000007 0.8208333333333333 0.3343750000000001 0.8208333333333333 0.3343750000000001 0.9114583333333334 0.37578125000000007 0.9114583333333334
2 0.5109375 0.7083333333333334 0.48671875 0.7083333333333334 0.48671875 0.8322916666666667 0.5109375 0.8322916666666667
2 0.47578125 0.6729166666666667 0.4515625 0.6729166666666667 0.4515625 0.7760416666666666 0.47578125 0.7760416666666666
2 0.43359375 0.6958333333333333 0.403125 0.6958333333333333 0.403125 0.7958333333333333 0.43359375 0.7958333333333333
2 0.415625 0.646875 0.3820312500000001 0.646875 0.3820312500000001 0.7770833333333333 0.415625 0.7770833333333333
2 0.41953125 0.59375 0.3851562500000001 0.59375 0.3851562500000001 0.665625 0.41953125 0.665625
2 0.428125 0.5552083333333333 0.40546875 0.5552083333333333 0.40546875 0.6333333333333333 0.428125 0.6333333333333333
2 0.4453125 0.5270833333333335 0.4265625 0.5270833333333335 0.4265625 0.6020833333333333 0.4453125 0.6020833333333333
2 0.4484375 0.49062500000000014 0.42890625 0.49062500000000014 0.42890625 0.5520833333333334 0.4484375 0.5520833333333334
2 0.45625 0.46770833333333345 0.44453125 0.46770833333333345 0.44453125 0.5333333333333333 0.45625 0.5333333333333333
2 0.4484375 0.4375000000000001 0.4328125 0.4375000000000001 0.4328125 0.49270833333333347 0.4484375 0.49270833333333347
2 0.4671875 0.42812500000000014 0.4546875 0.42812500000000014 0.4546875 0.49062500000000014 0.4671875 0.49062500000000014
2 0.45234375 0.40833333333333344 0.43984375 0.40833333333333344 0.43984375 0.4479166666666668 0.45234375 0.4479166666666668
2 0.46875 0.3802083333333334 0.45859375 0.3802083333333334 0.45859375 0.44375000000000014 0.46875 0.44375000000000014
2 0.45625 0.3906250000000001 0.44765625 0.3906250000000001 0.44765625 0.4166666666666668 0.45625 0.4166666666666668
2 0.0750000000000001 0.8958333333333334 0.021875000000000082 0.8958333333333334 0.02187500000000009 1 0.0750000000000001 1
2 0.1140625000000001 0.9260416666666667 0.08203125000000008 0.9260416666666667 0.08203125000000008 1 0.1140625000000001 1
2 0.1554687500000001 0.9291666666666667 0.1320312500000001 0.9291666666666667 0.1320312500000001 1 0.1554687500000001 1
2 0.1515625000000001 0.8208333333333333 0.11250000000000009 0.8208333333333333 0.11250000000000009 0.9260416666666667 0.1515625000000001 0.9260416666666667
2 0.1859375000000001 0.825 0.15390625000000008 0.825 0.15390625000000008 0.8989583333333333 0.1859375000000001 0.8989583333333333
2 0.16953125000000008 0.7635416666666667 0.1414062500000001 0.7635416666666667 0.1414062500000001 0.8197916666666667 0.16953125000000008 0.8197916666666667
2 0.17343750000000008 0.7041666666666667 0.15468750000000003 0.7041666666666667 0.15468750000000006 0.7666666666666667 0.17343750000000008 0.7666666666666667
2 0.21484375000000008 0.7020833333333333 0.18671875000000004 0.7020833333333333 0.18671875000000007 0.790625 0.21484375000000008 0.790625
2 0.19140625000000006 0.6510416666666666 0.17265625000000004 0.6510416666666666 0.17265625000000004 0.7114583333333333 0.19140625000000006 0.7114583333333333
2 0.2429687500000001 0.690625 0.2234375000000001 0.690625 0.2234375000000001 0.721875 0.2429687500000001 0.721875
2 0.23203125000000008 0.6135416666666667 0.20468750000000008 0.6135416666666667 0.20468750000000008 0.7083333333333334 0.23203125000000008 0.7083333333333334
2 0.2656250000000001 0.6385416666666667 0.2539062500000001 0.6385416666666667 0.2539062500000001 0.6947916666666667 0.2656250000000001 0.6947916666666667
2 0.2867187500000001 0.5916666666666667 0.2656250000000001 0.5916666666666667 0.2656250000000001 0.671875 0.2867187500000001 0.671875
2 0.3062500000000001 0.6145833333333334 0.28593750000000007 0.6145833333333334 0.28593750000000007 0.684375 0.3062500000000001 0.684375
2 0.2789062500000001 0.5489583333333333 0.25078125000000007 0.5489583333333333 0.25078125000000007 0.6270833333333333 0.2789062500000001 0.6270833333333333
2 0.3179687500000001 0.5739583333333333 0.3039062500000001 0.5739583333333333 0.3039062500000001 0.6395833333333333 0.3179687500000001 0.6395833333333333
2 0.3320312500000001 0.525 0.30937500000000007 0.525 0.30937500000000007 0.6020833333333333 0.3320312500000001 0.6020833333333333
2 0.2960937500000001 0.5041666666666667 0.2718750000000001 0.5041666666666667 0.2718750000000001 0.5916666666666667 0.2960937500000001 0.5916666666666667
2 0.31718750000000007 0.45 0.296875 0.45 0.29687500000000006 0.5333333333333333 0.31718750000000007 0.5333333333333333
2 0.30625 0.43645833333333334 0.2828125 0.43645833333333334 0.2828125 0.509375 0.3062500000000001 0.509375
2 0.340625 0.4010416666666667 0.32265625 0.4010416666666667 0.32265625 0.44479166666666664 0.340625 0.44479166666666664
2 0.35703125 0.36666666666666664 0.33984375 0.36666666666666664 0.33984375 0.4197916666666667 0.35703125 0.4197916666666667
2 0.37890625 0.3291666666666667 0.3625 0.32916666666666666 0.3625 0.37187500000000007 0.37890625 0.3718750000000001
2 0.38515625 0.31875000000000014 0.3765625 0.31875000000000014 0.3765625 0.3489583333333334 0.38515625 0.3489583333333334
2 0.396875 0.3000000000000001 0.38671875 0.3000000000000001 0.38671875 0.3312500000000001 0.396875 0.3312500000000001
2 0.40390625 0.2822916666666668 0.3875 0.2822916666666668 0.3875 0.3041666666666668 0.40390625 0.3041666666666668
2 0.41328125 0.26979166666666676 0.39921875 0.26979166666666676 0.39921875 0.29062500000000013 0.41328125 0.29062500000000013
2 0.43515625 0.23854166666666674 0.415625 0.23854166666666674 0.415625 0.26250000000000007 0.43515625 0.26250000000000007
2 0.5015625 0.2510416666666667 0.49140625 0.2510416666666667 0.49140625 0.28958333333333347 0.5015625 0.28958333333333347
2 0.49609375 0.23437500000000006 0.4859375 0.23437500000000006 0.4859375 0.2614583333333334 0.49609375 0.2614583333333334
2 0.5125 0.22604166666666672 0.5 0.22604166666666672 0.5 0.25520833333333337 0.5125 0.25520833333333337
2 0.51953125 0.19687500000000005 0.50859375 0.19687500000000005 0.50859375 0.23750000000000007 0.51953125 0.23750000000000007
2 0.4765625 0.2177083333333334 0.4671875 0.2177083333333334 0.4671875 0.2458333333333334 0.4765625 0.2458333333333334
2 0.4828125 0.1958333333333334 0.4703125 0.1958333333333334 0.4703125 0.21875000000000006 0.4828125 0.21875000000000006
2 0.4890625 0.17500000000000007 0.475 0.17500000000000007 0.475 0.20625000000000007 0.4890625 0.20625000000000007
2 0.52109375 0.16250000000000006 0.5078125 0.16250000000000006 0.5078125 0.18750000000000006 0.52109375 0.18750000000000006
2 0.50078125 0.15625000000000006 0.490625 0.15625000000000006 0.490625 0.17604166666666674 0.50078125 0.17604166666666674
2 0.4953125 0.13437500000000005 0.48984375 0.13437500000000005 0.48984375 0.15729166666666672 0.4953125 0.15729166666666672
2 0.50859375 0.13854166666666673 0.49765625 0.13854166666666673 0.49765625 0.16250000000000006 0.50859375 0.16250000000000006
2 0.52265625 0.13229166666666675 0.5125 0.13229166666666675 0.5125 0.16041666666666674 0.52265625 0.16041666666666674