2 0.621875 0.4604166666666668 0.596875 0.4604166666666668 0.596875 0.5645833333333333 0.621875 0.5645833333333333
2 0.87109375 0.8156250000000003 0.82578125 0.8156250000000003 0.82578125 0.9791666666666669 0.87109375 0.9791666666666669
2 0.74765625 0.6552083333333335 0.7109375 0.6552083333333333 0.7109375 0.8145833333333334 0.74765625 0.8145833333333335
2 0.69453125 0.6125 0.659375 0.6125 0.659375 0.7625 0.69453125 0.7625
2 0.703125 0.5229166666666668 0.6703125 0.5229166666666668 0.6703125 0.6322916666666667 0.703125 0.6322916666666667
2 0.6546875 0.3875000000000001 0.63046875 0.3875000000000001 0.63046875 0.47708333333333347 0.6546875 0.47708333333333347
2 0.634375 0.3291666666666668 0.61640625 0.3291666666666668 0.61640625 0.39687500000000014 0.634375 0.39687500000000014
2 0.5984375 0.2916666666666668 0.58359375 0.2916666666666668 0.58359375 0.35000000000000014 0.5984375 0.35000000000000014
2 0.58125 0.2760416666666668 0.56953125 0.2760416666666668 0.56953125 0.32708333333333345 0.58125 0.32708333333333345
2 0.58515625 0.2572916666666668 0.5734375 0.2572916666666668 0.5734375 0.29895833333333344 0.58515625 0.29895833333333344
2 0.57578125 0.23125000000000012 0.5625 0.23125000000000012 0.5625 0.2791666666666668 0.57578125 0.2791666666666668
2 0.546875 0.23541666666666675 0.53359375 0.23541666666666672 0.53359375 0.28333333333333344 0.546875 0.28333333333333344
2 0.55859375 0.19687500000000008 0.54375 0.19687500000000005 0.54375 0.24270833333333341 0.55859375 0.24270833333333344
1 0.515625 0.27187500000000014 0.4828125 0.27187500000000014 0.4828125 0.35208333333333347 0.515625 0.35208333333333347
1 0.575 0.2812500000000001 0.540625 0.2812500000000001 0.540625 0.3510416666666668 0.575 0.3510416666666668
1 0.59765625 0.3541666666666668 0.55703125 0.3541666666666668 0.55703125 0.4427083333333334 0.59765625 0.4427083333333334
1 0.59375 0.46770833333333345 0.52734375 0.46770833333333345 0.52734375 0.6364583333333333 0.59375 0.6364583333333333
2 0.48828125 0.1312500000000001 0.47890625 0.1312500000000001 0.47890625 0.15937500000000007 0.48828125 0.15937500000000007
2 0.5046875 0.1218750000000001 0.4984375 0.1218750000000001 0.4984375 0.1458333333333334 0.5046875 0.1458333333333334
2 0.48515625 0.11250000000000009 0.478125 0.11250000000000009 0.478125 0.13854166666666673 0.48515625 0.13854166666666673
2 0.496875 0.11354166666666675 0.490625 0.11354166666666675 0.490625 0.13437500000000005 0.496875 0.13437500000000005
2 0.503125 0.10520833333333342 0.49921875 0.10520833333333342 0.49921875 0.1218750000000001 0.503125 0.1218750000000001
2 0.49296875 0.09166666666666676 0.4875 0.09166666666666676 0.4875 0.10833333333333342 0.49296875 0.10833333333333342
2 0.503125 0.09270833333333342 0.49921875 0.09270833333333342 0.49921875 0.1062500000000001 0.503125 0.1062500000000001