1 0.4757812500000001 0.8947916666666667 0.3773437500000001 0.8947916666666667 0.3773437500000001 1 0.47578125000000016 1
1 0.478125 0.33750000000000013 0.42890625 0.33750000000000013 0.42890625 0.44166666666666676 0.478125 0.44166666666666676
1 0.565625 0.08958333333333342 0.55 0.08958333333333342 0.55 0.11354166666666675 0.565625 0.11354166666666675
1 0.5453125 0.0750000000000001 0.53046875 0.0750000000000001 0.53046875 0.10416666666666675 0.5453125 0.10416666666666675
2 0.36718750000000006 0.4614583333333334 0.33046875 0.46145833333333336 0.33046875000000003 0.571875 0.3671875000000001 0.571875
2 0.434375 0.4406250000000001 0.403125 0.4406250000000001 0.403125 0.540625 0.434375 0.540625
2 0.41875 0.3645833333333334 0.38515625 0.3645833333333334 0.38515625 0.4604166666666668 0.41875 0.4604166666666668
2 0.528125 0.37395833333333345 0.50078125 0.37395833333333345 0.50078125 0.45520833333333344 0.528125 0.45520833333333344
2 0.4421875 0.30312500000000014 0.4234375 0.30312500000000014 0.4234375 0.38333333333333347 0.4421875 0.38333333333333347
2 0.446875 0.27708333333333346 0.425 0.27708333333333346 0.425 0.32083333333333347 0.446875 0.32083333333333347
2 0.47578125 0.2541666666666667 0.4515625 0.2541666666666667 0.4515625 0.31458333333333344 0.47578125 0.31458333333333344
2 0.5 0.24166666666666672 0.48203125 0.24166666666666672 0.48203125 0.30312500000000014 0.5 0.30312500000000014
2 0.5390625 0.2781250000000001 0.51796875 0.2781250000000001 0.51796875 0.3416666666666668 0.5390625 0.3416666666666668
2 0.50703125 0.16354166666666672 0.4921875 0.16354166666666672 0.4921875 0.20729166666666674 0.50703125 0.20729166666666674
2 0.53203125 0.1666666666666667 0.5203125 0.1666666666666667 0.5203125 0.2083333333333334 0.53203125 0.2083333333333334
2 0.5453125 0.14479166666666676 0.53046875 0.14479166666666674 0.53046875 0.17604166666666676 0.5453125 0.1760416666666668
2 0.5546875 0.12916666666666676 0.54453125 0.12916666666666676 0.54453125 0.1604166666666668 0.5546875 0.1604166666666668
2 0.5546875 0.11145833333333342 0.5453125 0.11145833333333342 0.5453125 0.12916666666666676 0.5546875 0.12916666666666676
2 0.53046875 0.12916666666666676 0.5171875 0.12916666666666676 0.5171875 0.15000000000000005 0.53046875 0.15000000000000005
2 0.53671875 0.10416666666666675 0.521875 0.10416666666666675 0.521875 0.1312500000000001 0.53671875 0.1312500000000001
2 0.54375 0.09687500000000009 0.5328125 0.09687500000000009 0.5328125 0.11770833333333343 0.54375 0.11770833333333343
2 0.53203125 0.07916666666666676 0.52109375 0.07916666666666676 0.52109375 0.10312500000000009 0.53203125 0.10312500000000009