2 0.2656250000000001 0.8260416666666667 0.2210937500000001 0.8260416666666667 0.2210937500000001 0.9552083333333333 0.2656250000000001 0.9552083333333333
2 0.1609375000000001 0.8895833333333333 0.12031250000000009 0.8895833333333333 0.12031250000000009 1 0.1609375000000001 1
2 0.07265625000000009 0.9552083333333333 0.028125000000000087 0.9552083333333333 0.028125000000000087 1 0.07265625000000009 1
2 0.17187500000000008 0.78125 0.12265625000000009 0.78125 0.12265625000000009 0.8947916666666667 0.17187500000000008 0.8947916666666667
2 0.24375000000000008 0.7427083333333333 0.20312500000000008 0.7427083333333333 0.20312500000000008 0.8510416666666667 0.24375000000000008 0.8510416666666667
2 0.24218750000000008 0.6895833333333333 0.20703125000000008 0.6895833333333333 0.20703125000000008 0.79375 0.24218750000000008 0.79375
2 0.21640625000000008 0.6708333333333333 0.18671875000000004 0.6708333333333333 0.18671875000000007 0.7614583333333333 0.21640625000000008 0.7614583333333333
2 0.24218750000000008 0.5958333333333333 0.2156250000000001 0.5958333333333333 0.2156250000000001 0.7020833333333333 0.24218750000000008 0.7020833333333333
2 0.2718750000000001 0.603125 0.2375000000000001 0.603125 0.2375000000000001 0.70625 0.2718750000000001 0.70625
2 0.3101562500000001 0.6239583333333333 0.2828125000000001 0.6239583333333333 0.2828125000000001 0.7270833333333333 0.3101562500000001 0.7270833333333333
2 0.43046875 0.678125 0.403125 0.678125 0.403125 0.759375 0.43046875 0.759375
2 0.43359375 0.6125 0.403125 0.6125 0.403125 0.6885416666666667 0.43359375 0.6885416666666667
2 0.42890625 0.5552083333333333 0.40546875 0.5552083333333333 0.40546875 0.6395833333333333 0.42890625 0.6395833333333333
2 0.484375 0.5625 0.459375 0.5625 0.459375 0.6697916666666667 0.484375 0.6697916666666667
2 0.3046875000000001 0.5802083333333333 0.2835937500000001 0.5802083333333333 0.2835937500000001 0.65 0.3046875000000001 0.65
2 0.30156250000000007 0.5302083333333333 0.28203125000000007 0.5302083333333333 0.28203125000000007 0.5833333333333334 0.30156250000000007 0.5833333333333334
2 0.3335937500000001 0.5416666666666666 0.3046875000000001 0.5416666666666666 0.3046875000000001 0.63125 0.3335937500000001 0.63125
2 0.31484375000000003 0.48020833333333335 0.29921875 0.48020833333333335 0.29921875000000003 0.5520833333333334 0.3148437500000001 0.5520833333333334
2 0.3375000000000001 0.4979166666666667 0.31718750000000007 0.4979166666666667 0.31718750000000007 0.5572916666666666 0.3375000000000001 0.5572916666666666
2 0.34218750000000003 0.4270833333333333 0.325 0.4270833333333333 0.32500000000000007 0.49166666666666664 0.3421875000000001 0.49166666666666664
2 0.34843750000000007 0.45729166666666665 0.33046875 0.45729166666666665 0.33046875000000003 0.525 0.34843750000000007 0.525
2 0.36328125000000006 0.47187500000000004 0.3484375 0.471875 0.34843750000000007 0.5427083333333333 0.3632812500000001 0.5427083333333333
2 0.37031250000000004 0.43229166666666674 0.3578125 0.4322916666666667 0.35781250000000003 0.48750000000000004 0.3703125000000001 0.4875000000000001
2 0.3671875 0.4020833333333334 0.3421875 0.40208333333333335 0.3421875 0.46041666666666675 0.3671875 0.4604166666666668
2 0.4046875 0.4510416666666668 0.38515625 0.4510416666666668 0.38515625000000003 0.49895833333333345 0.4046875 0.49895833333333345
2 0.49375 0.40000000000000013 0.4765625 0.40000000000000013 0.4765625 0.4322916666666668 0.49375 0.4322916666666668
2 0.51953125 0.39270833333333344 0.503125 0.39270833333333344 0.503125 0.4427083333333334 0.51953125 0.4427083333333334
2 0.50546875 0.3666666666666668 0.4859375 0.3666666666666668 0.4859375 0.42395833333333344 0.50546875 0.42395833333333344
2 0.521875 0.35000000000000014 0.50390625 0.35000000000000014 0.50390625 0.39895833333333347 0.521875 0.39895833333333347
2 0.434375 0.3406250000000001 0.41953125 0.3406250000000001 0.41953125 0.3979166666666668 0.434375 0.3979166666666668
2 0.41328125 0.3416666666666668 0.39921875 0.3416666666666668 0.39921875 0.37916666666666676 0.41328125 0.37916666666666676
2 0.44296875 0.31875000000000014 0.43125 0.31875000000000014 0.43125 0.36562500000000014 0.44296875 0.36562500000000014
2 0.44765625 0.3000000000000001 0.43515625 0.3000000000000001 0.43515625 0.3489583333333334 0.44765625 0.3489583333333334
2 0.5 0.29583333333333345 0.48984375 0.29583333333333345 0.48984375 0.3447916666666668 0.5 0.3447916666666668
2 0.50625 0.2781250000000001 0.496875 0.2781250000000001 0.496875 0.32083333333333347 0.50625 0.32083333333333347
2 0.51328125 0.27395833333333347 0.50546875 0.27395833333333347 0.50546875 0.30312500000000014 0.51328125 0.30312500000000014
2 0.52734375 0.2760416666666668 0.51484375 0.2760416666666668 0.51484375 0.30312500000000014 0.52734375 0.30312500000000014
2 0.4859375 0.28541666666666676 0.47890625 0.28541666666666676 0.47890625 0.3177083333333334 0.4859375 0.3177083333333334
2 0.42109375 0.2614583333333334 0.4078125 0.2614583333333334 0.4078125 0.2947916666666668 0.42109375 0.2947916666666668
2 0.43203125 0.23125000000000007 0.42109375 0.23125000000000007 0.42109375 0.26562500000000006 0.43203125 0.26562500000000006
2 0.44140625 0.22291666666666674 0.4328125 0.22291666666666674 0.4328125 0.24166666666666672 0.44140625 0.24166666666666672
2 0.4484375 0.21875000000000006 0.44296875 0.21875000000000006 0.44296875 0.2395833333333334 0.4484375 0.2395833333333334
2 0.45 0.20520833333333338 0.44296875 0.20520833333333338 0.44296875 0.22187500000000007 0.45 0.22187500000000007
2 0.4859375 0.22604166666666672 0.47421875 0.22604166666666672 0.47421875 0.25729166666666675 0.4859375 0.25729166666666675
2 0.49609375 0.2145833333333334 0.490625 0.2145833333333334 0.490625 0.2333333333333334 0.49609375 0.2333333333333334
2 0.5140625 0.21979166666666672 0.50625 0.21979166666666672 0.50625 0.2458333333333334 0.5140625 0.2458333333333334
2 0.5171875 0.20416666666666672 0.509375 0.20416666666666672 0.509375 0.22812500000000005 0.5171875 0.22812500000000005
2 0.4875 0.1989583333333334 0.475 0.1989583333333334 0.475 0.2239583333333334 0.4875 0.2239583333333334
2 0.46015625 0.18437500000000007 0.45390625 0.18437500000000007 0.45390625 0.2114583333333334 0.46015625 0.2114583333333334
2 0.47265625 0.1822916666666667 0.4625 0.1822916666666667 0.4625 0.20312500000000006 0.47265625 0.20312500000000006
2 0.5515625 0.18125000000000008 0.54296875 0.18125000000000005 0.54296875 0.20833333333333343 0.5515625 0.20833333333333345
2 0.521875 0.1666666666666667 0.51328125 0.1666666666666667 0.51328125 0.18854166666666672 0.521875 0.18854166666666672
2 0.528125 0.18125000000000005 0.5171875 0.18125000000000005 0.5171875 0.20520833333333338 0.528125 0.20520833333333338
2 0.48359375 0.17812500000000006 0.4765625 0.17812500000000006 0.4765625 0.1927083333333334 0.48359375 0.1927083333333334
2 0.4875 0.17395833333333338 0.48125 0.17395833333333338 0.48125 0.1927083333333334 0.4875 0.1927083333333334
2 0.48203125 0.16562500000000005 0.47578125 0.16562500000000005 0.47578125 0.17812500000000006 0.48203125 0.17812500000000006
2 0.48828125 0.15625000000000006 0.4828125 0.15625000000000006 0.4828125 0.16979166666666673 0.48828125 0.16979166666666673
2 0.48671875 0.1510416666666667 0.48125 0.1510416666666667 0.48125 0.1645833333333334 0.48671875 0.1645833333333334
2 0.5078125 0.15000000000000005 0.5046875 0.15000000000000005 0.5046875 0.1677083333333334 0.5078125 0.1677083333333334
2 0.496875 0.12083333333333342 0.49140625 0.12083333333333342 0.49140625 0.13854166666666673 0.496875 0.13854166666666673
2 0.5 0.10416666666666675 0.4953125 0.10416666666666675 0.4953125 0.11979166666666675 0.5 0.11979166666666675
2 0.49609375 0.08750000000000009 0.490625 0.08750000000000009 0.490625 0.10520833333333342 0.49609375 0.10520833333333342
2 0.5 0.08437500000000009 0.49609375 0.08437500000000009 0.49609375 0.10000000000000009 0.5 0.10000000000000009
2 0.5046875 0.09479166666666676 0.5 0.09479166666666676 0.5 0.11041666666666676 0.5046875 0.11041666666666676
2 0.51875 0.11354166666666675 0.51484375 0.11354166666666675 0.51484375 0.12395833333333342 0.51875 0.12395833333333342
2 0.3812500000000001 0.6708333333333333 0.29375000000000007 0.6708333333333333 0.29375000000000007 0.98125 0.3812500000000001 0.98125
1 0.2609375000000001 0.9375 0.16562500000000008 0.9375 0.16562500000000008 1 0.2609375000000001 1
1 0.4765625000000001 0.7510416666666667 0.3703125000000001 0.7510416666666667 0.3703125000000001 1 0.47656250000000017 1
1 0.40390625 0.48958333333333337 0.3375000000000001 0.4895833333333333 0.3375000000000001 0.6416666666666667 0.40390625 0.6416666666666667
1 0.51171875 0.4250000000000001 0.4484375 0.4250000000000001 0.4484375 0.6083333333333333 0.51171875 0.6083333333333333
1 0.4265625 0.3750000000000001 0.38125 0.3750000000000001 0.38125 0.4510416666666668 0.4265625 0.4510416666666668
1 0.48671875 0.35208333333333347 0.4453125 0.35208333333333347 0.4453125 0.4375000000000001 0.48671875 0.4375000000000001
1 0.421875 0.2947916666666668 0.37734375 0.2947916666666668 0.37734375 0.3718750000000001 0.421875 0.3718750000000001
1 0.48671875 0.29895833333333344 0.45 0.29895833333333344 0.45 0.37083333333333346 0.48671875 0.37083333333333346
1 0.53046875 0.3000000000000001 0.49609375 0.3000000000000001 0.49609375 0.3697916666666668 0.53046875 0.3697916666666668
1 0.4921875 0.25000000000000006 0.4625 0.25000000000000006 0.4625 0.29895833333333344 0.4921875 0.29895833333333344
1 0.453125 0.23645833333333338 0.42265625 0.23645833333333338 0.42265625 0.2968750000000001 0.453125 0.2968750000000001
1 0.471875 0.20520833333333338 0.45 0.20520833333333338 0.45 0.26354166666666673 0.471875 0.26354166666666673
1 0.51171875 0.2291666666666667 0.48203125 0.2291666666666667 0.48203125 0.2708333333333334 0.51171875 0.2708333333333334
1 0.53125 0.2427083333333334 0.509375 0.2427083333333334 0.509375 0.32083333333333347 0.53125 0.32083333333333347
1 0.540625 0.20416666666666672 0.51328125 0.20416666666666672 0.51328125 0.25000000000000006 0.540625 0.25000000000000006
1 0.51328125 0.1833333333333334 0.490625 0.1833333333333334 0.490625 0.22604166666666672 0.51328125 0.22604166666666672
1 0.54453125 0.18020833333333341 0.525 0.1802083333333334 0.525 0.21458333333333343 0.54453125 0.21458333333333346
1 0.53984375 0.1666666666666667 0.52265625 0.1666666666666667 0.52265625 0.18541666666666673 0.53984375 0.18541666666666673
1 0.54609375 0.15000000000000008 0.52890625 0.15000000000000005 0.52890625 0.17604166666666676 0.54609375 0.1760416666666668
1 0.546875 0.12083333333333342 0.5296875 0.12083333333333342 0.5296875 0.13437500000000008 0.546875 0.1343750000000001
1 0.5484375 0.13437500000000008 0.5296875 0.13437500000000005 0.5296875 0.15000000000000008 0.5484375 0.1500000000000001
1 0.51953125 0.15729166666666672 0.50546875 0.15729166666666672 0.50546875 0.18125000000000005 0.51953125 0.18125000000000005
1 0.52578125 0.1458333333333334 0.509375 0.1458333333333334 0.509375 0.16250000000000006 0.52578125 0.16250000000000006
1 0.521875 0.1333333333333334 0.503125 0.1333333333333334 0.503125 0.1510416666666667 0.521875 0.1510416666666667
1 0.52734375 0.12500000000000008 0.51171875 0.12500000000000008 0.51171875 0.1395833333333334 0.52734375 0.1395833333333334
1 0.52734375 0.11354166666666675 0.51484375 0.11354166666666675 0.51484375 0.12604166666666675 0.52734375 0.12604166666666675
1 0.51171875 0.10833333333333342 0.503125 0.10833333333333342 0.503125 0.11875000000000009 0.51171875 0.11875000000000009
1 0.5125 0.11875000000000009 0.49921875 0.11875000000000009 0.49921875 0.1312500000000001 0.5125 0.1312500000000001
1 0.496875 0.13854166666666673 0.4859375 0.13854166666666673 0.4859375 0.15729166666666672 0.496875 0.15729166666666672
1 0.50234375 0.16250000000000006 0.48515625 0.16250000000000006 0.48515625 0.20312500000000006 0.50234375 0.20312500000000006
1 0.52890625 0.09166666666666676 0.515625 0.09166666666666676 0.515625 0.11250000000000009 0.52890625 0.11250000000000009