2 0.725 0.5927083333333333 0.6875 0.5927083333333333 0.6875 0.7239583333333334 0.725 0.7239583333333334
2 0.68125 0.49375000000000013 0.64375 0.49375000000000013 0.64375 0.60625 0.68125 0.60625
2 0.61171875 0.4114583333333334 0.584375 0.4114583333333334 0.584375 0.49583333333333346 0.61171875 0.49583333333333346
2 0.57890625 0.3979166666666668 0.55390625 0.3979166666666668 0.55390625 0.4812500000000001 0.57890625 0.4812500000000001
2 0.5734375 0.2656250000000001 0.55625 0.2656250000000001 0.55625 0.32187500000000013 0.5734375 0.32187500000000013
2 0.496875 0.30625000000000013 0.48125 0.30625000000000013 0.48125 0.3593750000000001 0.496875 0.3593750000000001
2 0.53203125 0.2760416666666668 0.51171875 0.2760416666666668 0.51171875 0.3385416666666668 0.53203125 0.3385416666666668
2 0.54921875 0.23437500000000008 0.52890625 0.23437500000000006 0.52890625 0.2864583333333334 0.54921875 0.2864583333333334
2 0.5359375 0.20312500000000006 0.51953125 0.20312500000000006 0.51953125 0.25000000000000006 0.5359375 0.25000000000000006
2 0.475 0.19062500000000007 0.45859375 0.19062500000000007 0.45859375 0.23125000000000007 0.475 0.23125000000000007
2 0.4671875 0.16979166666666673 0.4546875 0.16979166666666673 0.4546875 0.1958333333333334 0.4671875 0.1958333333333334
2 0.509375 0.19375000000000006 0.49296875 0.19375000000000006 0.49296875 0.2145833333333334 0.509375 0.2145833333333334
2 0.503125 0.15312500000000007 0.4859375 0.15312500000000007 0.4859375 0.1822916666666667 0.503125 0.1822916666666667
2 0.475 0.11979166666666675 0.459375 0.11979166666666675 0.459375 0.14062500000000006 0.475 0.14062500000000006
2 0.46171875 0.09687500000000007 0.45 0.09687500000000006 0.45 0.11979166666666674 0.46171875 0.11979166666666675
2 0.475 0.08645833333333343 0.4640625 0.08645833333333343 0.4640625 0.10416666666666675 0.475 0.10416666666666675
1 0.7437500000000001 0.9739583333333335 0.6554687500000002 0.9739583333333334 0.6554687500000002 0.9968750000000001 0.7437500000000001 0.9968750000000003
1 0.6031250000000001 0.94375 0.5046875 0.94375 0.5046875000000001 1 0.6031250000000001 1
1 0.62421875 0.4968750000000001 0.56875 0.4968750000000001 0.56875 0.6166666666666667 0.62421875 0.6166666666666667
1 0.50859375 0.3562500000000001 0.45859375 0.3562500000000001 0.45859375 0.4500000000000001 0.50859375 0.4500000000000001
1 0.603125 0.32187500000000013 0.55625 0.32187500000000013 0.55625 0.4072916666666668 0.603125 0.4072916666666668
1 0.51875 0.21041666666666672 0.4859375 0.21041666666666672 0.4859375 0.26250000000000007 0.51875 0.26250000000000007
1 0.46640625 0.13229166666666675 0.44609375 0.13229166666666672 0.44609375 0.1645833333333334 0.46640625 0.1645833333333334
1 0.45859375 0.08541666666666674 0.44140625 0.08541666666666672 0.44140625 0.10729166666666674 0.45859375 0.10729166666666676
3 0.47265625 0.061458333333333406 0.4609375 0.061458333333333406 0.4609375 0.08750000000000009 0.47265625 0.08750000000000009
3 0.61953125 0.4385416666666668 0.46015625 0.4385416666666668 0.46015625 0.871875 0.61953125 0.871875