1 0.9046875 0.9104166666666669 0.8421875 0.9104166666666669 0.8421875 1.0000000000000002 0.9046875 1.0000000000000002
1 0.80078125 0.8677083333333334 0.69765625 0.8677083333333333 0.6976562500000001 1.0000000000000002 0.80078125 1.0000000000000002
1 0.6117187500000001 0.884375 0.51484375 0.884375 0.51484375 1 0.6117187500000002 1
1 0.61328125 0.6916666666666667 0.52421875 0.6916666666666667 0.52421875 0.9354166666666667 0.61328125 0.9354166666666667
1 0.56640625 0.5604166666666667 0.5171875 0.5604166666666667 0.5171875 0.715625 0.56640625 0.715625
1 0.6890625 0.5239583333333334 0.6 0.5239583333333334 0.6 0.65625 0.6890625 0.65625
1 0.71796875 0.6833333333333333 0.6296875 0.6833333333333333 0.6296875 0.9125 0.71796875 0.9125
1 0.77578125 0.5395833333333334 0.69453125 0.5395833333333333 0.69453125 0.7093750000000001 0.77578125 0.7093750000000002
1 0.83125 0.6843750000000003 0.728125 0.6843750000000003 0.728125 0.8552083333333336 0.83125 0.8552083333333336
1 0.69609375 0.4510416666666668 0.64140625 0.4510416666666668 0.64140625 0.534375 0.69609375 0.534375
1 0.63359375 0.45208333333333345 0.5890625 0.45208333333333345 0.5890625 0.5333333333333333 0.63359375 0.5333333333333333
1 0.55390625 0.4322916666666668 0.50546875 0.4322916666666668 0.50546875 0.5291666666666668 0.55390625 0.5291666666666668
1 0.61953125 0.37708333333333344 0.57109375 0.37708333333333344 0.57109375 0.45208333333333345 0.61953125 0.45208333333333345
1 0.53828125 0.3718750000000001 0.50078125 0.3718750000000001 0.50078125 0.4656250000000001 0.53828125 0.4656250000000001
1 0.5703125 0.33020833333333344 0.54375 0.33020833333333344 0.54375 0.4250000000000001 0.5703125 0.4250000000000001
1 0.52109375 0.3385416666666668 0.490625 0.3385416666666668 0.490625 0.39895833333333347 0.52109375 0.39895833333333347
1 0.5 0.29062500000000013 0.47109375 0.29062500000000013 0.47109375 0.33750000000000013 0.5 0.33750000000000013
1 0.57421875 0.26041666666666674 0.5359375 0.26041666666666674 0.5359375 0.33645833333333347 0.57421875 0.33645833333333347
1 0.603125 0.2687500000000001 0.571875 0.2687500000000001 0.571875 0.33229166666666676 0.603125 0.33229166666666676
2 0.5234375 0.29895833333333344 0.5125 0.29895833333333344 0.5125 0.3385416666666668 0.5234375 0.3385416666666668
2 0.52421875 0.27395833333333347 0.509375 0.27395833333333347 0.509375 0.3156250000000001 0.52421875 0.3156250000000001
1 0.53984375 0.2458333333333334 0.5125 0.2458333333333334 0.5125 0.30312500000000014 0.53984375 0.30312500000000014
1 0.57265625 0.2468750000000001 0.540625 0.24687500000000007 0.540625 0.28958333333333347 0.57265625 0.28958333333333347
1 0.5734375 0.22395833333333345 0.546875 0.22395833333333345 0.546875 0.2666666666666668 0.5734375 0.2666666666666668
1 0.49921875 0.2458333333333334 0.46875 0.2458333333333334 0.46875 0.28958333333333347 0.49921875 0.28958333333333347
1 0.5390625 0.2135416666666667 0.50390625 0.2135416666666667 0.50390625 0.2729166666666668 0.5390625 0.2729166666666668
1 0.49296875 0.22187500000000007 0.46015625 0.22187500000000007 0.46015625 0.2593750000000001 0.49296875 0.2593750000000001
0 0.48203125 0.1708333333333334 0.4578125 0.1708333333333334 0.4578125 0.2458333333333334 0.48203125 0.2458333333333334
1 0.46875 0.1364583333333334 0.45390625 0.1364583333333334 0.45390625 0.16041666666666674 0.46875 0.16041666666666674
0 0.4703125 0.10937500000000008 0.45390625 0.10937500000000008 0.45390625 0.17187500000000006 0.4703125 0.17187500000000006
1 0.51484375 0.19687500000000005 0.4890625 0.19687500000000005 0.4890625 0.23541666666666672 0.51484375 0.23541666666666672
1 0.54375 0.1979166666666667 0.5234375 0.1979166666666667 0.5234375 0.23541666666666672 0.54375 0.23541666666666672
1 0.4703125 0.15312500000000007 0.4515625 0.15312500000000007 0.4515625 0.1708333333333334 0.4703125 0.1708333333333334
1 0.5046875 0.17395833333333338 0.48515625 0.17395833333333338 0.48515625 0.20729166666666674 0.5046875 0.20729166666666674
1 0.4984375 0.1645833333333334 0.4796875 0.1645833333333334 0.4796875 0.18958333333333338 0.4984375 0.18958333333333338
1 0.49765625 0.1489583333333334 0.47578125 0.1489583333333334 0.47578125 0.1770833333333334 0.49765625 0.1770833333333334
1 0.49140625 0.14166666666666672 0.47109375 0.14166666666666672 0.47109375 0.1677083333333334 0.49140625 0.1677083333333334
1 0.48984375 0.12604166666666675 0.475 0.12604166666666675 0.475 0.1510416666666667 0.48984375 0.1510416666666667
1 0.50546875 0.14166666666666672 0.48828125 0.14166666666666672 0.48828125 0.16041666666666674 0.50546875 0.16041666666666674
1 0.521875 0.1552083333333334 0.49453125 0.1552083333333334 0.49453125 0.18750000000000006 0.521875 0.18750000000000006
1 0.5203125 0.16979166666666673 0.50390625 0.16979166666666673 0.50390625 0.20520833333333338 0.5203125 0.20520833333333338
1 0.5375 0.18437500000000007 0.5125 0.18437500000000007 0.5125 0.2239583333333334 0.5375 0.2239583333333334
2 0.49296875 0.09479166666666676 0.4796875 0.09479166666666676 0.4796875 0.12083333333333342 0.49296875 0.12083333333333342
1 0.50859375 0.09687500000000009 0.4953125 0.09687500000000009 0.4953125 0.12604166666666675 0.50859375 0.12604166666666675
1 0.50546875 0.10937500000000008 0.4921875 0.10937500000000008 0.4921875 0.1281250000000001 0.50546875 0.1281250000000001
1 0.484375 0.10416666666666675 0.46796875 0.10416666666666675 0.46796875 0.1281250000000001 0.484375 0.1281250000000001
1 0.50234375 0.07812500000000008 0.4875 0.07812500000000008 0.4875 0.10833333333333342 0.50234375 0.10833333333333342
2 0.51171875 0.1395833333333334 0.5015625 0.1395833333333334 0.5015625 0.15833333333333338 0.51171875 0.15833333333333338
2 0.5078125 0.12083333333333342 0.50390625 0.12083333333333342 0.50390625 0.14375000000000007 0.5078125 0.14375000000000007
2 0.525 0.1510416666666667 0.5140625 0.1510416666666667 0.5140625 0.17604166666666674 0.525 0.17604166666666674
2 0.521875 0.13020833333333343 0.50859375 0.13020833333333343 0.50859375 0.15312500000000007 0.521875 0.15312500000000007
2 0.534375 0.15625000000000006 0.521875 0.15625000000000006 0.521875 0.1822916666666667 0.534375 0.1822916666666667
2 0.546875 0.18125000000000008 0.53125 0.18125000000000005 0.53125 0.21145833333333341 0.546875 0.21145833333333344
2 0.5421875 0.17187500000000006 0.52890625 0.17187500000000006 0.52890625 0.1989583333333334 0.5421875 0.1989583333333334
2 0.5453125 0.22708333333333341 0.53125 0.2270833333333334 0.53125 0.2552083333333334 0.5453125 0.2552083333333334
2 0.54609375 0.21145833333333341 0.53203125 0.2114583333333334 0.53203125 0.23854166666666676 0.54609375 0.2385416666666668
2 0.559375 0.19583333333333344 0.5453125 0.19583333333333344 0.5453125 0.22395833333333345 0.559375 0.22395833333333345
2 0.46015625 0.19375000000000006 0.44453125 0.19375000000000006 0.44453125 0.23437500000000006 0.46015625 0.23437500000000006
2 0.509375 0.2864583333333334 0.4984375 0.2864583333333334 0.4984375 0.3156250000000001 0.509375 0.3156250000000001
2 0.51484375 0.2583333333333334 0.49921875 0.2583333333333334 0.49921875 0.3093750000000001 0.51484375 0.3093750000000001
2 0.5125 0.23750000000000007 0.49375 0.23750000000000007 0.49375 0.2812500000000001 0.5125 0.2812500000000001
2 0.51171875 0.2708333333333334 0.50390625 0.2708333333333334 0.50390625 0.2864583333333334 0.51171875 0.2864583333333334
2 0.53828125 0.2812500000000001 0.5265625 0.2812500000000001 0.5265625 0.3197916666666668 0.53828125 0.3197916666666668
2 0.56875 0.28333333333333344 0.55078125 0.28333333333333344 0.55078125 0.32708333333333345 0.56875 0.32708333333333345
2 0.59140625 0.24895833333333345 0.57890625 0.24895833333333345 0.57890625 0.27500000000000013 0.59140625 0.27500000000000013
2 0.6125 0.24687500000000012 0.584375 0.24687500000000012 0.584375 0.2822916666666668 0.6125 0.2822916666666668
2 0.59921875 0.27708333333333346 0.58828125 0.27708333333333346 0.58828125 0.3125000000000001 0.59921875 0.3125000000000001
2 0.6125 0.2812500000000001 0.596875 0.2812500000000001 0.596875 0.3197916666666668 0.6125 0.3197916666666668
2 0.5984375 0.32395833333333346 0.5796875 0.32395833333333346 0.5796875 0.36354166666666676 0.5984375 0.36354166666666676
2 0.61875 0.3572916666666668 0.59453125 0.3572916666666668 0.59453125 0.39895833333333347 0.61875 0.39895833333333347
2 0.6125 0.33958333333333346 0.5984375 0.33958333333333346 0.5984375 0.3697916666666668 0.6125 0.3697916666666668
2 0.6140625 0.3333333333333334 0.596875 0.3333333333333334 0.596875 0.36562500000000014 0.6140625 0.36562500000000014
2 0.6078125 0.3135416666666668 0.59609375 0.3135416666666668 0.59609375 0.3385416666666668 0.6078125 0.3385416666666668
2 0.6203125 0.3177083333333334 0.60390625 0.3177083333333334 0.60390625 0.3562500000000001 0.6203125 0.3562500000000001
2 0.63515625 0.3260416666666668 0.61640625 0.3260416666666668 0.61640625 0.36770833333333347 0.63515625 0.36770833333333347
2 0.64375 0.37395833333333345 0.6265625 0.37395833333333345 0.6265625 0.4354166666666668 0.64375 0.4354166666666668
2 0.646875 0.3510416666666668 0.62734375 0.3510416666666668 0.62734375 0.39895833333333347 0.646875 0.39895833333333347
2 0.61953125 0.38437500000000013 0.59765625 0.38437500000000013 0.59765625 0.42604166666666676 0.61953125 0.42604166666666676
2 0.6296875 0.3604166666666668 0.609375 0.3604166666666668 0.609375 0.39479166666666676 0.6296875 0.39479166666666676
2 0.66484375 0.3937500000000001 0.64609375 0.3937500000000001 0.64609375 0.4427083333333334 0.66484375 0.4427083333333334
2 0.659375 0.37395833333333345 0.64453125 0.37395833333333345 0.64453125 0.4135416666666668 0.659375 0.4135416666666668
2 0.6375 0.41250000000000014 0.62109375 0.41250000000000014 0.62109375 0.4687500000000001 0.6375 0.4687500000000001
2 0.5953125 0.4895833333333334 0.559375 0.4895833333333334 0.559375 0.59375 0.5953125 0.59375
2 0.59296875 0.4854166666666668 0.5703125 0.4854166666666668 0.5703125 0.5625 0.59296875 0.5625
2 0.50703125 0.4916666666666668 0.47578125 0.4916666666666668 0.47578125 0.5583333333333333 0.50703125 0.5583333333333333
2 0.50078125 0.5322916666666668 0.47734375 0.5322916666666668 0.47734375 0.6114583333333333 0.50078125 0.6114583333333333
2 0.5265625 0.5270833333333335 0.50859375 0.5270833333333335 0.50859375 0.5979166666666667 0.5265625 0.5979166666666667
2 0.56328125 0.5104166666666667 0.54765625 0.5104166666666667 0.54765625 0.5833333333333334 0.56328125 0.5833333333333334
2 0.6015625 0.5666666666666667 0.5734375 0.5666666666666667 0.5734375 0.6677083333333333 0.6015625 0.6677083333333333
2 0.59921875 0.5322916666666668 0.575 0.5322916666666668 0.575 0.5958333333333333 0.59921875 0.5958333333333333
2 0.62890625 0.6072916666666667 0.58984375 0.6072916666666667 0.58984375 0.7427083333333333 0.62890625 0.7427083333333333
2 0.69296875 0.49062500000000014 0.66796875 0.49062500000000014 0.66796875 0.571875 0.69296875 0.571875
2 0.725 0.49895833333333345 0.70234375 0.49895833333333345 0.70234375 0.5625 0.725 0.5625
2 0.77421875 0.4968750000000001 0.73828125 0.4968750000000001 0.73828125 0.5979166666666669 0.77421875 0.5979166666666669
2 0.82890625 0.8500000000000002 0.79296875 0.8500000000000002 0.7929687500000001 1.0000000000000002 0.82890625 1.0000000000000002