2 0.99375 0.8833333333333335 0.95546875 0.8833333333333335 0.95546875 1.0000000000000002 0.99375 1.0000000000000002
2 0.94765625 0.9041666666666669 0.903125 0.9041666666666669 0.903125 1.0000000000000002 0.94765625 1.0000000000000002
2 1 0.8270833333333336 0.9671875 0.8270833333333336 0.9671875 0.9572916666666669 1 0.9572916666666669
2 0.95078125 0.8104166666666669 0.91484375 0.8104166666666669 0.91484375 0.9385416666666669 0.95078125 0.9385416666666669
2 0.96328125 0.7687500000000003 0.93515625 0.7687500000000003 0.93515625 0.8916666666666669 0.96328125 0.8916666666666669
2 0.9015625 0.8041666666666669 0.87421875 0.8041666666666669 0.87421875 0.9510416666666669 0.9015625 0.9510416666666669
2 0.87578125 0.7260416666666669 0.846875 0.7260416666666669 0.846875 0.8604166666666669 0.87578125 0.8604166666666669
2 0.91953125 0.7156250000000003 0.8859375 0.7156250000000003 0.8859375 0.8427083333333336 0.91953125 0.8427083333333336
2 0.95390625 0.6802083333333335 0.9171875 0.6802083333333335 0.9171875 0.7937500000000003 0.95390625 0.7937500000000003
2 0.909375 0.6635416666666669 0.87578125 0.6635416666666669 0.87578125 0.7635416666666669 0.909375 0.7635416666666669
2 0.853125 0.6635416666666669 0.81953125 0.6635416666666669 0.81953125 0.7437500000000002 0.853125 0.7437500000000002
2 0.86640625 0.6156250000000002 0.84140625 0.6156250000000002 0.84140625 0.7104166666666669 0.86640625 0.7104166666666669
2 0.8328125 0.6145833333333336 0.8125 0.6145833333333336 0.8125 0.7187500000000002 0.8328125 0.7187500000000002
2 0.81875 0.5760416666666669 0.80234375 0.5760416666666669 0.80234375 0.6781250000000002 0.81875 0.6781250000000002
2 0.85703125 0.5625000000000002 0.83671875 0.5625000000000002 0.83671875 0.6583333333333335 0.85703125 0.6583333333333335
2 0.8765625 0.4875000000000001 0.853125 0.4875000000000001 0.853125 0.5822916666666669 0.8765625 0.5822916666666669
2 0.82265625 0.43125000000000013 0.8015625 0.43125000000000013 0.8015625 0.5072916666666668 0.82265625 0.5072916666666668
2 0.615625 0.5062500000000001 0.59140625 0.5062500000000001 0.59140625 0.6239583333333333 0.615625 0.6239583333333333
2 0.5921875 0.39270833333333344 0.57578125 0.39270833333333344 0.57578125 0.4791666666666668 0.5921875 0.4791666666666668
2 0.67734375 0.4093750000000001 0.6609375 0.4093750000000001 0.6609375 0.4510416666666668 0.67734375 0.4510416666666668
2 0.665625 0.38333333333333347 0.65 0.38333333333333347 0.65 0.4447916666666668 0.665625 0.4447916666666668
2 0.6578125 0.3666666666666668 0.63984375 0.3666666666666668 0.63984375 0.4375000000000001 0.6578125 0.4375000000000001
2 0.64296875 0.33645833333333347 0.6265625 0.33645833333333347 0.6265625 0.40833333333333344 0.64296875 0.40833333333333344
2 0.7765625 0.3916666666666668 0.765625 0.3916666666666668 0.765625 0.42604166666666676 0.7765625 0.42604166666666676
2 0.7453125 0.3916666666666668 0.73515625 0.3916666666666668 0.73515625 0.43645833333333345 0.7453125 0.43645833333333345
2 0.759375 0.3750000000000001 0.7421875 0.3750000000000001 0.7421875 0.41770833333333346 0.759375 0.41770833333333346
2 0.76484375 0.35312500000000013 0.7515625 0.35312500000000013 0.7515625 0.3937500000000001 0.76484375 0.3937500000000001
2 0.740625 0.36562500000000014 0.7234375 0.36562500000000014 0.7234375 0.4229166666666668 0.740625 0.4229166666666668
2 0.75 0.33437500000000014 0.734375 0.33437500000000014 0.734375 0.3822916666666668 0.75 0.3822916666666668
2 0.73515625 0.3104166666666668 0.72109375 0.3104166666666668 0.72109375 0.3604166666666668 0.73515625 0.3604166666666668
2 0.7140625 0.35833333333333345 0.7046875 0.35833333333333345 0.7046875 0.39479166666666676 0.7140625 0.39479166666666676
2 0.709375 0.33750000000000013 0.68984375 0.33750000000000013 0.68984375 0.3822916666666668 0.709375 0.3822916666666668
2 0.709375 0.30520833333333347 0.69296875 0.30520833333333347 0.69296875 0.35000000000000014 0.709375 0.35000000000000014
2 0.73359375 0.2822916666666668 0.71328125 0.2822916666666668 0.71328125 0.3260416666666668 0.73359375 0.3260416666666668
2 0.58125 0.2291666666666668 0.5640625 0.2291666666666668 0.5640625 0.2760416666666668 0.58125 0.2760416666666668
2 0.6171875 0.22187500000000013 0.60703125 0.22187500000000013 0.60703125 0.2708333333333334 0.6171875 0.2708333333333334
2 0.61015625 0.20833333333333345 0.5984375 0.20833333333333345 0.5984375 0.2510416666666668 0.61015625 0.2510416666666668
2 0.615625 0.2072916666666668 0.60625 0.2072916666666668 0.60625 0.23645833333333346 0.615625 0.23645833333333346
2 0.67109375 0.23750000000000013 0.66171875 0.23750000000000013 0.66171875 0.26979166666666676 0.67109375 0.26979166666666676
2 0.68203125 0.20104166666666679 0.66640625 0.20104166666666679 0.66640625 0.2281250000000001 0.68203125 0.2281250000000001
2 0.66796875 0.20104166666666679 0.65625 0.20104166666666679 0.65625 0.2187500000000001 0.66796875 0.2187500000000001
2 0.66796875 0.18854166666666677 0.65703125 0.18854166666666677 0.65703125 0.20937500000000012 0.66796875 0.20937500000000012
2 0.659375 0.17916666666666678 0.6484375 0.17916666666666678 0.6484375 0.21041666666666678 0.659375 0.21041666666666678
2 0.6515625 0.1666666666666668 0.6375 0.1666666666666668 0.6375 0.19062500000000013 0.6515625 0.19062500000000013
2 0.60390625 0.16250000000000012 0.59453125 0.16250000000000012 0.59453125 0.1822916666666668 0.60390625 0.1822916666666668
2 0.6515625 0.22187500000000013 0.64140625 0.22187500000000013 0.64140625 0.25208333333333344 0.6515625 0.25208333333333344
2 0.58671875 0.09895833333333343 0.57890625 0.09895833333333343 0.57890625 0.12395833333333342 0.58671875 0.12395833333333342
2 0.615625 0.10312500000000009 0.61015625 0.10312500000000009 0.61015625 0.11770833333333343 0.615625 0.11770833333333343
2 0.59609375 0.09479166666666676 0.584375 0.09479166666666676 0.584375 0.11562500000000009 0.59609375 0.11562500000000009
2 0.590625 0.08645833333333343 0.58359375 0.08645833333333343 0.58359375 0.09895833333333343 0.590625 0.09895833333333343
2 0.61953125 0.07916666666666676 0.61171875 0.07916666666666676 0.61171875 0.0906250000000001 0.61953125 0.0906250000000001
2 0.61484375 0.07604166666666676 0.6046875 0.07604166666666676 0.6046875 0.09166666666666676 0.61484375 0.09166666666666676
1 0.88125 0.7291666666666669 0.77109375 0.7291666666666669 0.7710937500000001 1.0000000000000002 0.88125 1.0000000000000002
1 0.7796875 0.5239583333333334 0.734375 0.5239583333333334 0.734375 0.6697916666666669 0.7796875 0.6697916666666669
1 0.83671875 0.4562500000000001 0.75546875 0.4562500000000001 0.75546875 0.6104166666666669 0.83671875 0.6104166666666669
1 0.75 0.4354166666666668 0.69453125 0.4354166666666668 0.69453125 0.5343750000000002 0.75 0.5343750000000003
1 0.7796875 0.42395833333333344 0.73046875 0.42395833333333344 0.73046875 0.5125000000000001 0.7796875 0.5125000000000001
1 0.7359375 0.38333333333333347 0.6765625 0.38333333333333347 0.6765625 0.44895833333333346 0.7359375 0.44895833333333346
1 0.69140625 0.33020833333333344 0.64375 0.33020833333333344 0.64375 0.4135416666666668 0.69140625 0.4135416666666668
1 0.64609375 0.4135416666666668 0.60078125 0.4135416666666668 0.60078125 0.54375 0.64609375 0.54375
1 0.63828125 0.35520833333333346 0.59140625 0.35520833333333346 0.59140625 0.4500000000000001 0.63828125 0.4500000000000001
1 0.615625 0.2812500000000001 0.58203125 0.2812500000000001 0.58203125 0.3593750000000001 0.615625 0.3593750000000001
1 0.609375 0.2604166666666668 0.584375 0.2604166666666668 0.584375 0.29062500000000013 0.609375 0.29062500000000013
1 0.6078125 0.23958333333333345 0.58203125 0.23958333333333345 0.58203125 0.2708333333333334 0.6078125 0.2708333333333334
1 0.603125 0.21041666666666678 0.578125 0.21041666666666678 0.578125 0.24166666666666678 0.603125 0.24166666666666678
1 0.5953125 0.19479166666666678 0.57734375 0.19479166666666678 0.57734375 0.21666666666666679 0.5953125 0.21666666666666679
1 0.5921875 0.17916666666666678 0.5765625 0.17916666666666678 0.5765625 0.2031250000000001 0.5921875 0.2031250000000001
1 0.68515625 0.27395833333333347 0.65 0.27395833333333347 0.65 0.3447916666666668 0.68515625 0.3447916666666668
1 0.65703125 0.24895833333333345 0.6328125 0.24895833333333345 0.6328125 0.3104166666666668 0.65703125 0.3104166666666668
1 0.63828125 0.21979166666666677 0.61796875 0.21979166666666677 0.61796875 0.2791666666666668 0.63828125 0.2791666666666668
1 0.67890625 0.21770833333333345 0.65234375 0.21770833333333345 0.65234375 0.2604166666666668 0.67890625 0.2604166666666668
1 0.6625 0.20208333333333345 0.63671875 0.20208333333333345 0.63671875 0.24687500000000012 0.6625 0.24687500000000012
1 0.6546875 0.18854166666666677 0.6296875 0.18854166666666677 0.6296875 0.22187500000000013 0.6546875 0.22187500000000013
1 0.640625 0.16458333333333344 0.615625 0.16458333333333344 0.615625 0.20208333333333345 0.640625 0.20208333333333345
1 0.63125 0.19479166666666678 0.6078125 0.19479166666666678 0.6078125 0.2343750000000001 0.63125 0.2343750000000001
1 0.62109375 0.1822916666666668 0.596875 0.1822916666666668 0.596875 0.21145833333333344 0.62109375 0.21145833333333344
1 0.61640625 0.1562500000000001 0.59453125 0.1562500000000001 0.59453125 0.19270833333333345 0.61640625 0.19270833333333345
1 0.59140625 0.16145833333333345 0.56953125 0.16145833333333345 0.56953125 0.2031250000000001 0.59140625 0.2031250000000001
1 0.5875 0.1500000000000001 0.565625 0.1500000000000001 0.565625 0.18958333333333346 0.5875 0.18958333333333346
1 0.58671875 0.13229166666666675 0.5625 0.13229166666666675 0.5625 0.16875000000000012 0.58671875 0.16875000000000012
1 0.584375 0.10208333333333343 0.56484375 0.10208333333333343 0.56484375 0.13854166666666679 0.584375 0.13854166666666679
3 0.6125 0.08020833333333342 0.59375 0.08020833333333342 0.59375 0.13958333333333345 0.6125 0.13958333333333345
3 0.7140625 0.20520833333333346 0.665625 0.20520833333333346 0.665625 0.33020833333333344 0.7140625 0.33020833333333344
3 0.784375 0.44375000000000014 0.621875 0.44375000000000014 0.6218750000000001 1.0000000000000002 0.7843750000000002 1.0000000000000002