3 0.46953125 0.5447916666666667 0.3789062500000001 0.5447916666666667 0.3789062500000001 0.9020833333333333 0.46953125 0.9020833333333333
3 0.3492187500000001 0.5947916666666667 0.26250000000000007 0.5947916666666667 0.26250000000000007 0.890625 0.3492187500000001 0.890625
1 0.24609375000000008 0.63125 0.16328125000000004 0.63125 0.16328125000000007 0.8333333333333334 0.24609375000000008 0.8333333333333334
1 0.15781250000000008 0.9208333333333333 0.07656250000000009 0.9208333333333333 0.07656250000000009 1 0.15781250000000008 1
1 0.51015625 0.3760416666666668 0.4640625 0.3760416666666668 0.4640625 0.45520833333333344 0.51015625 0.45520833333333344
1 0.52109375 0.28750000000000014 0.49609375 0.28750000000000014 0.49609375 0.3468750000000001 0.52109375 0.3468750000000001
1 0.46953125 0.2687500000000001 0.44453125 0.2687500000000001 0.44453125 0.33229166666666676 0.46953125 0.33229166666666676
1 0.44296875 0.2583333333333334 0.41875 0.2583333333333334 0.41875 0.3000000000000001 0.44296875 0.3000000000000001
1 0.52890625 0.2510416666666667 0.50390625 0.2510416666666667 0.50390625 0.2916666666666668 0.52890625 0.2916666666666668
1 0.53203125 0.21562500000000007 0.515625 0.21562500000000007 0.515625 0.25625000000000003 0.53203125 0.25625000000000003
1 0.4921875 0.1979166666666667 0.475 0.1979166666666667 0.475 0.23229166666666673 0.4921875 0.23229166666666673
1 0.53125 0.19166666666666674 0.51484375 0.19166666666666674 0.51484375 0.2291666666666667 0.53125 0.2291666666666667
1 0.53828125 0.16354166666666672 0.521875 0.16354166666666672 0.521875 0.1927083333333334 0.53828125 0.1927083333333334
1 0.50078125 0.17187500000000006 0.48671875 0.17187500000000006 0.48671875 0.20000000000000007 0.50078125 0.20000000000000007
1 0.534375 0.1458333333333334 0.52265625 0.1458333333333334 0.52265625 0.1666666666666667 0.534375 0.1666666666666667
1 0.53984375 0.12395833333333342 0.528125 0.12395833333333342 0.528125 0.14479166666666674 0.53984375 0.14479166666666674
1 0.5140625 0.14166666666666672 0.503125 0.14166666666666672 0.503125 0.16562500000000005 0.5140625 0.16562500000000005
1 0.49921875 0.13020833333333343 0.48984375 0.13020833333333343 0.48984375 0.15312500000000007 0.49921875 0.15312500000000007
1 0.51875 0.12083333333333342 0.51015625 0.12083333333333342 0.51015625 0.14166666666666672 0.51875 0.14166666666666672
1 0.5375 0.10729166666666676 0.5296875 0.10729166666666676 0.5296875 0.12604166666666675 0.5375 0.12604166666666675
1 0.52265625 0.11041666666666676 0.515625 0.11041666666666676 0.515625 0.12916666666666676 0.52265625 0.12916666666666676
2 0.51328125 0.10729166666666676 0.50703125 0.10729166666666676 0.50703125 0.12395833333333342 0.51328125 0.12395833333333342
1 0.50703125 0.10520833333333342 0.5 0.10520833333333342 0.5 0.11979166666666675 0.50703125 0.11979166666666675
1 0.534375 0.10000000000000009 0.5265625 0.10000000000000009 0.5265625 0.11562500000000009 0.534375 0.11562500000000009
1 0.52578125 0.09479166666666676 0.5203125 0.09479166666666676 0.5203125 0.10937500000000008 0.52578125 0.10937500000000008
1 0.52109375 0.08854166666666675 0.51484375 0.08854166666666675 0.51484375 0.10937500000000008 0.52109375 0.10937500000000008
2 0.4734375 0.45937500000000014 0.4515625 0.45937500000000014 0.4515625 0.5416666666666666 0.4734375 0.5416666666666666
2 0.43515625 0.44687500000000013 0.4171875 0.44687500000000013 0.4171875 0.5312500000000001 0.43515625 0.5312500000000001
2 0.41484375 0.43020833333333347 0.3984375 0.43020833333333347 0.39843750000000006 0.5208333333333335 0.41484375 0.5208333333333335
2 0.40234375 0.5427083333333333 0.3843750000000001 0.5427083333333333 0.3843750000000001 0.61875 0.40234375 0.61875
2 0.3929687500000001 0.5041666666666668 0.3726562500000001 0.5041666666666668 0.3726562500000001 0.5895833333333333 0.3929687500000001 0.5895833333333333
2 0.38125000000000003 0.4760416666666668 0.36328125 0.4760416666666668 0.36328125000000006 0.5604166666666667 0.3812500000000001 0.5604166666666667
2 0.36640625000000004 0.45000000000000007 0.34765625 0.45 0.34765625000000006 0.5364583333333334 0.3664062500000001 0.5364583333333334
2 0.34375000000000006 0.45208333333333334 0.328125 0.45208333333333334 0.32812500000000006 0.521875 0.3437500000000001 0.521875
2 0.31562500000000004 0.47604166666666664 0.29375 0.47604166666666664 0.29375000000000007 0.5520833333333334 0.3156250000000001 0.5520833333333334
2 0.3156250000000001 0.51875 0.2914062500000001 0.51875 0.2914062500000001 0.6072916666666667 0.3156250000000001 0.6072916666666667
2 0.3500000000000001 0.503125 0.3257812500000001 0.503125 0.3257812500000001 0.58125 0.3500000000000001 0.58125
2 0.44296875 0.3979166666666668 0.42734375 0.3979166666666668 0.42734375 0.4666666666666668 0.44296875 0.4666666666666668
2 0.43359375 0.3718750000000001 0.4203125 0.3718750000000001 0.4203125 0.4427083333333334 0.43359375 0.4427083333333334
2 0.42734375 0.35000000000000014 0.409375 0.35000000000000014 0.409375 0.42083333333333345 0.42734375 0.42083333333333345
2 0.45703125 0.33229166666666676 0.440625 0.33229166666666676 0.440625 0.39895833333333347 0.45703125 0.39895833333333347
2 0.42265625 0.32187500000000013 0.40625 0.32187500000000013 0.40625 0.3802083333333334 0.42265625 0.3802083333333334
2 0.3984375 0.3250000000000001 0.38515625 0.3250000000000001 0.38515625 0.3750000000000001 0.3984375 0.3750000000000001
2 0.39765625 0.3572916666666668 0.38125 0.3572916666666668 0.38125 0.40833333333333344 0.39765625 0.40833333333333344
2 0.403125 0.3906250000000001 0.38203125 0.3906250000000001 0.38203125 0.46770833333333345 0.403125 0.46770833333333345
2 0.3609375 0.40520833333333334 0.34296875 0.40520833333333334 0.34296875 0.46979166666666666 0.3609375 0.46979166666666666
2 0.36171875 0.3802083333333333 0.34609375 0.3802083333333333 0.34609375 0.425 0.36171875 0.425
2 0.37421875 0.35937500000000006 0.359375 0.359375 0.359375 0.4229166666666667 0.37421875 0.4229166666666668
2 0.38046875 0.32187500000000013 0.365625 0.32187500000000013 0.365625 0.37708333333333344 0.38046875 0.37708333333333344
2 0.403125 0.3072916666666668 0.3890625 0.3072916666666668 0.3890625 0.35000000000000014 0.403125 0.35000000000000014
2 0.41328125 0.27187500000000014 0.40078125 0.27187500000000014 0.40078125 0.32083333333333347 0.41328125 0.32083333333333347
2 0.48671875 0.2885416666666668 0.47578125 0.2885416666666668 0.47578125 0.33645833333333347 0.48671875 0.33645833333333347
2 0.49140625 0.2666666666666668 0.4828125 0.2666666666666668 0.4828125 0.3041666666666668 0.49140625 0.3041666666666668
2 0.4828125 0.2593750000000001 0.4734375 0.2593750000000001 0.4734375 0.30104166666666676 0.4828125 0.30104166666666676
2 0.49296875 0.23750000000000007 0.48515625 0.23750000000000007 0.48515625 0.27708333333333346 0.49296875 0.27708333333333346
2 0.509375 0.2291666666666667 0.4984375 0.2291666666666667 0.4984375 0.27395833333333347 0.509375 0.27395833333333347
2 0.4859375 0.2239583333333334 0.47578125 0.2239583333333334 0.47578125 0.26354166666666673 0.4859375 0.26354166666666673
2 0.44609375 0.21666666666666673 0.4375 0.21666666666666673 0.4375 0.25000000000000006 0.44609375 0.25000000000000006
2 0.4578125 0.22187500000000007 0.44765625 0.22187500000000007 0.44765625 0.2645833333333334 0.4578125 0.2645833333333334
2 0.47109375 0.2489583333333334 0.46328125 0.2489583333333334 0.46328125 0.28750000000000014 0.47109375 0.28750000000000014
2 0.46328125 0.2447916666666667 0.4546875 0.2447916666666667 0.4546875 0.27708333333333346 0.46328125 0.27708333333333346
2 0.471875 0.2239583333333334 0.46484375 0.2239583333333334 0.46484375 0.2583333333333334 0.471875 0.2583333333333334
2 0.46796875 0.2083333333333334 0.45859375 0.2083333333333334 0.45859375 0.2447916666666667 0.46796875 0.2447916666666667
2 0.4578125 0.1927083333333334 0.4515625 0.1927083333333334 0.4515625 0.2239583333333334 0.4578125 0.2239583333333334
2 0.47109375 0.18750000000000006 0.46328125 0.18750000000000006 0.46328125 0.21979166666666672 0.47109375 0.21979166666666672
2 0.47578125 0.16354166666666672 0.46484375 0.16354166666666672 0.46484375 0.19375000000000006 0.47578125 0.19375000000000006
2 0.48515625 0.15312500000000007 0.478125 0.15312500000000007 0.478125 0.17916666666666672 0.48515625 0.17916666666666672
2 0.4828125 0.14687500000000006 0.47578125 0.14687500000000006 0.47578125 0.17291666666666672 0.4828125 0.17291666666666672
2 0.490625 0.14270833333333338 0.48515625 0.14270833333333338 0.48515625 0.17291666666666672 0.490625 0.17291666666666672
2 0.5171875 0.1677083333333334 0.5109375 0.1677083333333334 0.5109375 0.1989583333333334 0.5171875 0.1989583333333334
2 0.509375 0.18958333333333338 0.5015625 0.18958333333333338 0.5015625 0.2239583333333334 0.509375 0.2239583333333334
2 0.50234375 0.20625000000000007 0.49375 0.20625000000000007 0.49375 0.2458333333333334 0.50234375 0.2458333333333334
2 0.54765625 0.1750000000000001 0.53671875 0.17500000000000007 0.53671875 0.21145833333333341 0.54765625 0.21145833333333344
2 0.5484375 0.1583333333333334 0.5390625 0.15833333333333338 0.5390625 0.18645833333333342 0.5484375 0.18645833333333345
2 0.54375 0.14062500000000006 0.53828125 0.14062500000000006 0.53828125 0.1677083333333334 0.54375 0.1677083333333334
2 0.52578125 0.13229166666666675 0.51875 0.13229166666666675 0.51875 0.15625000000000006 0.52578125 0.15625000000000006
2 0.528125 0.10833333333333342 0.52421875 0.10833333333333342 0.52421875 0.1270833333333334 0.528125 0.1270833333333334
2 0.5078125 0.11875000000000009 0.5015625 0.11875000000000009 0.5015625 0.14270833333333338 0.5078125 0.14270833333333338
2 0.4984375 0.11458333333333343 0.49375 0.11458333333333343 0.49375 0.13229166666666675 0.4984375 0.13229166666666675
2 0.5125 0.09583333333333342 0.50859375 0.09583333333333342 0.50859375 0.10833333333333342 0.5125 0.10833333333333342
2 0.49765625 0.10000000000000009 0.4921875 0.10000000000000009 0.4921875 0.11666666666666675 0.49765625 0.11666666666666675