2 0.06328125000000008 0.8302083333333333 0.012500000000000077 0.8302083333333333 0.012500000000000084 0.9927083333333333 0.0632812500000001 0.9927083333333333
2 0.1062500000000001 0.8239583333333333 0.05468750000000007 0.8239583333333333 0.054687500000000076 1 0.1062500000000001 1
2 0.1632812500000001 0.7604166666666666 0.1218750000000001 0.7604166666666666 0.1218750000000001 0.9135416666666667 0.1632812500000001 0.9135416666666667
2 0.14609375000000008 0.684375 0.10390625000000005 0.684375 0.10390625000000006 0.80625 0.14609375000000008 0.80625
2 0.18828125000000007 0.6677083333333333 0.14296875000000003 0.6677083333333333 0.14296875000000006 0.8135416666666667 0.1882812500000001 0.8135416666666667
2 0.17187500000000006 0.5927083333333333 0.13671875000000006 0.5927083333333333 0.13671875000000006 0.7083333333333334 0.17187500000000006 0.7083333333333334
2 0.2257812500000001 0.5552083333333333 0.19375000000000003 0.5552083333333333 0.19375000000000003 0.6645833333333333 0.2257812500000001 0.6645833333333333
2 0.2273437500000001 0.5072916666666667 0.19140625000000006 0.5072916666666667 0.19140625000000006 0.596875 0.2273437500000001 0.596875
2 0.26093750000000004 0.446875 0.22890625 0.446875 0.22890625000000003 0.5458333333333333 0.2609375000000001 0.5458333333333333
2 0.28984375 0.4041666666666667 0.265625 0.4041666666666667 0.265625 0.478125 0.28984375 0.478125
2 0.3921875000000001 0.7052083333333333 0.3554687500000001 0.7052083333333333 0.3554687500000001 0.85 0.3921875000000001 0.85
2 0.3390625000000001 0.671875 0.3085937500000001 0.671875 0.3085937500000001 0.8270833333333333 0.3390625000000001 0.8270833333333333
2 0.3671875000000001 0.625 0.3398437500000001 0.625 0.3398437500000001 0.7458333333333333 0.3671875000000001 0.7458333333333333
2 0.32109375000000007 0.5947916666666667 0.28203125000000007 0.5947916666666667 0.28203125000000007 0.7302083333333333 0.32109375000000007 0.7302083333333333
2 0.3882812500000001 0.5489583333333333 0.3570312500000001 0.5489583333333333 0.3570312500000001 0.6583333333333333 0.3882812500000001 0.6583333333333333
2 0.35625000000000007 0.49895833333333334 0.3304687500000001 0.49895833333333334 0.3304687500000001 0.5947916666666667 0.35625000000000007 0.5947916666666667
2 0.34375000000000006 0.446875 0.32109375 0.446875 0.32109375000000007 0.53125 0.3437500000000001 0.53125
2 0.35078125 0.403125 0.32890625 0.403125 0.32890625 0.475 0.35078125 0.475
2 0.3640625 0.36562500000000003 0.34609375 0.365625 0.34609375 0.4333333333333334 0.3640625 0.43333333333333346
2 0.3734375 0.33333333333333337 0.353125 0.3333333333333333 0.353125 0.38750000000000007 0.3734375 0.3875000000000001
2 0.37421875 0.2989583333333334 0.35546875 0.2989583333333333 0.35546875 0.34375000000000006 0.37421875 0.3437500000000001
2 0.38359375 0.2729166666666668 0.3671875 0.2729166666666668 0.3671875 0.32187500000000013 0.38359375 0.32187500000000013
2 0.32109375 0.24166666666666672 0.3015625 0.24166666666666672 0.3015625 0.26354166666666673 0.32109375 0.26354166666666673
2 0.39609375 0.21562500000000007 0.38203125 0.21562500000000007 0.38203125 0.26354166666666673 0.39609375 0.26354166666666673
2 0.43984375 0.18437500000000007 0.43203125 0.18437500000000007 0.43203125 0.22187500000000007 0.43984375 0.22187500000000007
2 0.4390625 0.17187500000000006 0.43125 0.17187500000000006 0.43125 0.1927083333333334 0.4390625 0.1927083333333334
2 0.43828125 0.15729166666666672 0.4296875 0.15729166666666672 0.4296875 0.18958333333333338 0.43828125 0.18958333333333338
2 0.4203125 0.1645833333333334 0.41328125 0.1645833333333334 0.41328125 0.1802083333333334 0.4203125 0.1802083333333334
2 0.38046875 0.1822916666666667 0.36640625 0.1822916666666667 0.36640625 0.20520833333333338 0.38046875 0.20520833333333338
2 0.3734375 0.17604166666666674 0.36640625 0.17604166666666674 0.36640625 0.1989583333333334 0.3734375 0.1989583333333334
2 0.36796875 0.16562500000000005 0.35703125 0.16562500000000005 0.35703125 0.18854166666666672 0.36796875 0.18854166666666672
2 0.35390625 0.1822916666666667 0.3453125 0.1822916666666667 0.3453125 0.1979166666666667 0.35390625 0.1979166666666667
2 0.3640625 0.18854166666666672 0.35234375 0.18854166666666672 0.35234375 0.2083333333333334 0.3640625 0.2083333333333334
2 0.35625 0.16354166666666672 0.34921875 0.16354166666666672 0.34921875 0.17916666666666672 0.35625 0.17916666666666672
2 0.37421875 0.1489583333333334 0.35859375 0.1489583333333334 0.35859375 0.16562500000000005 0.37421875 0.16562500000000005
2 0.38359375 0.1302083333333334 0.3734375 0.1302083333333334 0.3734375 0.14375000000000007 0.38359375 0.14375000000000007
2 0.38828125 0.12395833333333339 0.38125 0.12395833333333339 0.38125 0.14375000000000007 0.38828125 0.14375000000000007
2 0.390625 0.11041666666666673 0.38203125 0.11041666666666673 0.38203125 0.12916666666666674 0.390625 0.12916666666666674
2 0.40703125 0.10104166666666672 0.39921875 0.10104166666666672 0.39921875 0.11979166666666673 0.40703125 0.11979166666666673
2 0.4015625 0.08437500000000006 0.39609375 0.08437500000000006 0.39609375 0.10104166666666672 0.4015625 0.10104166666666672
2 0.39453125 0.08645833333333339 0.38828125 0.08645833333333339 0.38828125 0.0989583333333334 0.39453125 0.0989583333333334
2 0.390625 0.08437500000000006 0.38203125 0.08437500000000006 0.38203125 0.09687500000000006 0.390625 0.09687500000000006
1 0.3554687500000001 0.8489583333333334 0.2578125000000001 0.8489583333333334 0.2578125000000001 1 0.3554687500000001 1
1 0.2773437500000001 0.665625 0.16484375000000004 0.665625 0.16484375000000007 0.934375 0.2773437500000001 0.934375
1 0.30312500000000003 0.46770833333333334 0.2375 0.46770833333333334 0.23750000000000004 0.6114583333333333 0.3031250000000001 0.6114583333333333
1 0.40234375 0.39687500000000003 0.35234375 0.396875 0.35234375000000007 0.5010416666666667 0.40234375 0.5010416666666668
1 0.4171875 0.3291666666666668 0.38125 0.3291666666666668 0.38125 0.40208333333333346 0.4171875 0.40208333333333346
1 0.36328125 0.25729166666666675 0.33515625 0.25729166666666675 0.33515625 0.3218750000000001 0.36328125 0.32187500000000013
1 0.38203125 0.2020833333333334 0.35859375 0.2020833333333334 0.35859375 0.2593750000000001 0.38203125 0.2593750000000001
1 0.35625 0.20937500000000006 0.33125 0.20937500000000006 0.33125 0.2447916666666667 0.35625 0.2447916666666667
1 0.42890625 0.19166666666666674 0.40625 0.19166666666666674 0.40625 0.2135416666666667 0.42890625 0.2135416666666667
1 0.42421875 0.1708333333333334 0.40625 0.1708333333333334 0.40625 0.19687500000000005 0.42421875 0.19687500000000005
1 0.4296875 0.1333333333333334 0.41484375 0.1333333333333334 0.41484375 0.16979166666666673 0.4296875 0.16979166666666673
1 0.43515625 0.11770833333333339 0.415625 0.11770833333333339 0.415625 0.14062500000000006 0.43515625 0.14062500000000006
1 0.42421875 0.08645833333333339 0.40703125 0.08645833333333339 0.40703125 0.10312500000000006 0.42421875 0.10312500000000006
1 0.40078125 0.06562500000000006 0.39140625 0.06562500000000006 0.39140625 0.08854166666666673 0.40078125 0.08854166666666673
1 0.40703125 0.15937500000000007 0.39140625 0.15937500000000007 0.39140625 0.1864583333333334 0.40703125 0.1864583333333334
3 0.34140625 0.25312500000000004 0.28203125 0.25312500000000004 0.28203125 0.44583333333333336 0.34140625 0.44583333333333336
3 0.42109375 0.2583333333333334 0.38046875 0.2583333333333334 0.38046875 0.3447916666666668 0.42109375 0.3447916666666668
3 0.43203125 0.21562500000000007 0.38984375 0.21562500000000007 0.38984375 0.2864583333333334 0.43203125 0.2864583333333334
3 0.39921875 0.17604166666666674 0.3796875 0.17604166666666674 0.3796875 0.21250000000000005 0.39921875 0.21250000000000005
3 0.41015625 0.12083333333333339 0.38671875 0.12083333333333339 0.38671875 0.1614583333333334 0.41015625 0.1614583333333334
1 0.3828125 0.14791666666666672 0.36640625 0.14791666666666672 0.36640625 0.17604166666666674 0.3828125 0.17604166666666674