2 0.6812500000000001 0.8541666666666666 0.646875 0.8541666666666666 0.6468750000000001 0.9927083333333333 0.6812500000000001 0.9927083333333333
1 0.80078125 0.7354166666666668 0.6796875 0.7354166666666667 0.6796875000000001 0.9791666666666667 0.80078125 0.9791666666666669
2 0.7382812500000001 0.9166666666666667 0.68984375 0.9166666666666666 0.6898437500000001 1.0000000000000002 0.7382812500000002 1.0000000000000002
2 0.69453125 0.81875 0.6703125 0.81875 0.6703125 0.9208333333333333 0.69453125 0.9208333333333333
2 0.67265625 0.7458333333333333 0.63203125 0.7458333333333333 0.63203125 0.8635416666666667 0.67265625 0.8635416666666667
1 0.6539062500000001 0.828125 0.53515625 0.828125 0.5351562500000001 1 0.6539062500000001 1
2 0.6359375 0.7864583333333334 0.6078125 0.7864583333333334 0.6078125 0.896875 0.6359375 0.896875
2 0.62734375 0.6916666666666667 0.590625 0.6916666666666667 0.590625 0.81875 0.62734375 0.81875
2 0.69296875 0.6583333333333333 0.66640625 0.6583333333333333 0.66640625 0.7666666666666667 0.69296875 0.7666666666666667
2 0.74453125 0.6864583333333335 0.71484375 0.6864583333333333 0.71484375 0.7583333333333334 0.74453125 0.7583333333333335
2 0.81015625 0.7677083333333335 0.775 0.7677083333333335 0.775 0.9145833333333335 0.81015625 0.9145833333333335
2 0.9421875 0.9520833333333336 0.90625 0.9520833333333336 0.90625 1.0000000000000002 0.9421875 1.0000000000000002
2 0.87578125 0.9114583333333336 0.83359375 0.9114583333333336 0.83359375 1.0000000000000002 0.87578125 1.0000000000000002
2 0.9078125 0.8489583333333336 0.8578125 0.8489583333333336 0.8578125 0.9916666666666669 0.9078125 0.9916666666666669
2 0.859375 0.8187500000000002 0.815625 0.8187500000000002 0.815625 0.9416666666666669 0.859375 0.9416666666666669
2 0.86015625 0.7541666666666669 0.821875 0.7541666666666669 0.821875 0.8479166666666669 0.86015625 0.8479166666666669
2 0.89296875 0.7375000000000003 0.85078125 0.7375000000000003 0.85078125 0.8489583333333336 0.89296875 0.8489583333333336
2 0.9515625 0.6802083333333335 0.9171875 0.6802083333333335 0.9171875 0.8239583333333336 0.9515625 0.8239583333333336
2 0.81875 0.7020833333333336 0.76484375 0.7020833333333336 0.76484375 0.7906250000000002 0.81875 0.7906250000000002
2 0.825 0.6562500000000002 0.784375 0.6562500000000002 0.784375 0.7593750000000002 0.825 0.7593750000000002
2 0.771875 0.5812500000000003 0.74453125 0.5812500000000003 0.74453125 0.6854166666666669 0.771875 0.6854166666666669
1 0.74765625 0.5635416666666668 0.6734375 0.5635416666666667 0.6734375 0.7114583333333334 0.74765625 0.7114583333333335
2 0.75078125 0.5437500000000003 0.734375 0.5437500000000003 0.734375 0.6197916666666669 0.75078125 0.6197916666666669
2 0.68125 0.4968750000000001 0.65625 0.4968750000000001 0.65625 0.5791666666666667 0.68125 0.5791666666666667
2 0.59375 0.5666666666666667 0.55859375 0.5666666666666667 0.55859375 0.6708333333333333 0.59375 0.6708333333333333
2 0.5359375 0.625 0.496875 0.625 0.496875 0.73125 0.5359375 0.73125
2 0.65390625 0.4687500000000001 0.63828125 0.4687500000000001 0.63828125 0.5260416666666667 0.65390625 0.5260416666666667
2 0.709375 0.5187500000000002 0.690625 0.5187500000000002 0.690625 0.5572916666666666 0.709375 0.5572916666666666
2 0.7109375 0.45520833333333344 0.69140625 0.45520833333333344 0.69140625 0.5312500000000001 0.7109375 0.5312500000000001
2 0.721875 0.4947916666666668 0.70078125 0.4947916666666668 0.70078125 0.540625 0.721875 0.540625
2 0.728125 0.42812500000000014 0.69765625 0.42812500000000014 0.69765625 0.5052083333333335 0.728125 0.5052083333333335
2 0.68671875 0.42812500000000014 0.6671875 0.42812500000000014 0.6671875 0.5114583333333335 0.68671875 0.5114583333333335
2 0.675 0.4697916666666668 0.65625 0.4697916666666668 0.65625 0.5083333333333334 0.675 0.5083333333333334
1 0.64140625 0.4427083333333334 0.58046875 0.4427083333333334 0.58046875 0.553125 0.64140625 0.553125
2 0.63828125 0.4354166666666668 0.62109375 0.4354166666666668 0.62109375 0.49895833333333345 0.63828125 0.49895833333333345
2 0.65546875 0.41562500000000013 0.63984375 0.41562500000000013 0.63984375 0.47291666666666676 0.65546875 0.47291666666666676
2 0.66953125 0.43645833333333345 0.65859375 0.43645833333333345 0.65859375 0.4791666666666668 0.66953125 0.4791666666666668
2 0.63203125 0.4031250000000001 0.61171875 0.4031250000000001 0.61171875 0.45208333333333345 0.63203125 0.45208333333333345
2 0.64609375 0.3854166666666668 0.628125 0.3854166666666668 0.628125 0.4343750000000001 0.64609375 0.4343750000000001
2 0.61953125 0.3802083333333334 0.60234375 0.3802083333333334 0.60234375 0.4375000000000001 0.61953125 0.4375000000000001
2 0.61640625 0.3666666666666668 0.60546875 0.3666666666666668 0.60546875 0.40000000000000013 0.61640625 0.40000000000000013
2 0.65234375 0.37083333333333346 0.6390625 0.37083333333333346 0.6390625 0.4072916666666668 0.65234375 0.4072916666666668
2 0.66640625 0.3916666666666668 0.653125 0.3916666666666668 0.653125 0.4354166666666668 0.66640625 0.4354166666666668
2 0.6203125 0.34791666666666676 0.609375 0.34791666666666676 0.609375 0.3875000000000001 0.6203125 0.3875000000000001
2 0.64375 0.3562500000000001 0.63125 0.3562500000000001 0.63125 0.38645833333333346 0.64375 0.38645833333333346
2 0.590625 0.3333333333333334 0.5765625 0.3333333333333334 0.5765625 0.36770833333333347 0.590625 0.36770833333333347
2 0.60859375 0.3260416666666668 0.5984375 0.3260416666666668 0.5984375 0.37395833333333345 0.60859375 0.37395833333333345
2 0.63203125 0.31875000000000014 0.61328125 0.31875000000000014 0.61328125 0.3760416666666668 0.63203125 0.3760416666666668
2 0.6453125 0.3312500000000001 0.6328125 0.3312500000000001 0.6328125 0.3697916666666668 0.6453125 0.3697916666666668
2 0.6328125 0.3072916666666668 0.6203125 0.3072916666666668 0.6203125 0.3489583333333334 0.6328125 0.3489583333333334
1 0.59296875 0.3781250000000001 0.55703125 0.3781250000000001 0.55703125 0.4760416666666668 0.59296875 0.4760416666666668
2 0.6 0.3489583333333334 0.58046875 0.3489583333333334 0.58046875 0.3937500000000001 0.6 0.3937500000000001
1 0.578125 0.3333333333333334 0.5390625 0.3333333333333334 0.5390625 0.4031250000000001 0.578125 0.4031250000000001
2 0.578125 0.31458333333333344 0.56953125 0.31458333333333344 0.56953125 0.3489583333333334 0.578125 0.3489583333333334
1 0.60859375 0.2760416666666668 0.578125 0.2760416666666668 0.578125 0.3291666666666668 0.60859375 0.3291666666666668
2 0.58515625 0.29895833333333344 0.5765625 0.29895833333333344 0.5765625 0.33437500000000014 0.58515625 0.33437500000000014
2 0.59453125 0.31145833333333345 0.58359375 0.31145833333333345 0.58359375 0.34270833333333345 0.59453125 0.34270833333333345
2 0.496875 0.36875000000000013 0.471875 0.36875000000000013 0.471875 0.43333333333333346 0.496875 0.43333333333333346
2 0.57421875 0.2729166666666668 0.56875 0.2729166666666668 0.56875 0.3072916666666668 0.57421875 0.3072916666666668
1 0.56015625 0.2614583333333334 0.53046875 0.2614583333333334 0.53046875 0.28958333333333347 0.56015625 0.28958333333333347
2 0.56171875 0.25937500000000013 0.5546875 0.25937500000000013 0.5546875 0.28750000000000014 0.56171875 0.28750000000000014
2 0.57265625 0.2572916666666668 0.5609375 0.2572916666666668 0.5609375 0.29062500000000013 0.57265625 0.29062500000000013
2 0.59296875 0.2531250000000001 0.58125 0.2531250000000001 0.58125 0.28541666666666676 0.59296875 0.28541666666666676
2 0.5828125 0.2656250000000001 0.5796875 0.2656250000000001 0.5796875 0.2791666666666668 0.5828125 0.2791666666666668
2 0.57734375 0.23333333333333345 0.5703125 0.23333333333333345 0.5703125 0.2656250000000001 0.57734375 0.2656250000000001
2 0.584375 0.24166666666666678 0.578125 0.24166666666666678 0.578125 0.26770833333333344 0.584375 0.26770833333333344
1 0.56953125 0.2218750000000001 0.53984375 0.22187500000000007 0.53984375 0.26354166666666673 0.56953125 0.2635416666666668
2 0.54296875 0.20000000000000007 0.5375 0.20000000000000007 0.5375 0.2291666666666667 0.54296875 0.2291666666666667
2 0.54921875 0.21041666666666678 0.54453125 0.21041666666666678 0.54453125 0.22708333333333344 0.54921875 0.22708333333333344
2 0.56015625 0.20416666666666677 0.55078125 0.20416666666666677 0.55078125 0.22708333333333344 0.56015625 0.22708333333333344
2 0.55234375 0.18854166666666675 0.5421875 0.18854166666666672 0.5421875 0.21145833333333341 0.55234375 0.21145833333333344
1 0.540625 0.16354166666666672 0.51640625 0.16354166666666672 0.51640625 0.22083333333333338 0.540625 0.22083333333333338
2 0.54296875 0.18125000000000005 0.534375 0.18125000000000005 0.534375 0.20104166666666673 0.54296875 0.20104166666666673
0 0.53828125 0.22291666666666674 0.46484375 0.22291666666666674 0.46484375 0.3906250000000001 0.53828125 0.3906250000000001
1 0.4859375 0.20625000000000007 0.46484375 0.20625000000000007 0.46484375 0.2520833333333334 0.4859375 0.2520833333333334
2 0.48828125 0.19062500000000007 0.48203125 0.19062500000000007 0.48203125 0.21875000000000006 0.48828125 0.21875000000000006
1 0.475 0.1770833333333334 0.46015625 0.1770833333333334 0.46015625 0.19479166666666672 0.475 0.19479166666666672
1 0.47734375 0.16354166666666672 0.4609375 0.16354166666666672 0.4609375 0.1802083333333334 0.47734375 0.1802083333333334
2 0.48046875 0.16041666666666674 0.47421875 0.16041666666666674 0.47421875 0.1802083333333334 0.48046875 0.1802083333333334
1 0.50390625 0.17187500000000006 0.4921875 0.17187500000000006 0.4921875 0.1989583333333334 0.50390625 0.1989583333333334
1 0.49765625 0.16041666666666674 0.48046875 0.16041666666666674 0.48046875 0.17395833333333338 0.49765625 0.17395833333333338
2 0.50078125 0.1552083333333334 0.4953125 0.1552083333333334 0.4953125 0.1708333333333334 0.50078125 0.1708333333333334
2 0.5078125 0.1520833333333334 0.5015625 0.1520833333333334 0.5015625 0.16562500000000005 0.5078125 0.16562500000000005
1 0.52109375 0.16562500000000005 0.50625 0.16562500000000005 0.50625 0.1833333333333334 0.52109375 0.1833333333333334
2 0.5203125 0.1489583333333334 0.5140625 0.1489583333333334 0.5140625 0.1677083333333334 0.5203125 0.1677083333333334
2 0.528125 0.15833333333333338 0.5234375 0.15833333333333338 0.5234375 0.1708333333333334 0.528125 0.1708333333333334
2 0.50859375 0.1395833333333334 0.5015625 0.1395833333333334 0.5015625 0.1520833333333334 0.50859375 0.1520833333333334
2 0.51015625 0.14479166666666674 0.50859375 0.14479166666666674 0.50859375 0.1510416666666667 0.51015625 0.1510416666666667
2 0.515625 0.1395833333333334 0.51015625 0.1395833333333334 0.51015625 0.15000000000000005 0.515625 0.15000000000000005
1 0.4703125 0.1395833333333334 0.45703125 0.1395833333333334 0.45703125 0.1552083333333334 0.4703125 0.1552083333333334
1 0.46875 0.12916666666666676 0.45546875 0.12916666666666676 0.45546875 0.1395833333333334 0.46875 0.1395833333333334
1 0.4734375 0.11666666666666675 0.45390625 0.11666666666666675 0.45390625 0.1281250000000001 0.4734375 0.1281250000000001
2 0.475 0.11666666666666675 0.4703125 0.11666666666666675 0.4703125 0.1333333333333334 0.475 0.1333333333333334
1 0.47109375 0.10937500000000008 0.46015625 0.10937500000000008 0.46015625 0.11875000000000009 0.47109375 0.11875000000000009
2 0.478125 0.10729166666666676 0.47421875 0.10729166666666676 0.47421875 0.12083333333333342 0.478125 0.12083333333333342
1 0.4921875 0.14270833333333338 0.47578125 0.14270833333333338 0.47578125 0.1614583333333334 0.4921875 0.1614583333333334
1 0.4984375 0.13229166666666675 0.48125 0.13229166666666675 0.48125 0.14375000000000007 0.4984375 0.14375000000000007
1 0.4875 0.12291666666666676 0.47734375 0.12291666666666676 0.47734375 0.13437500000000005 0.4875 0.13437500000000005
2 0.49921875 0.1218750000000001 0.4953125 0.1218750000000001 0.4953125 0.13854166666666673 0.49921875 0.13854166666666673
2 0.5078125 0.1281250000000001 0.49921875 0.1281250000000001 0.49921875 0.1395833333333334 0.5078125 0.1395833333333334
1 0.48828125 0.11041666666666676 0.4796875 0.11041666666666676 0.4796875 0.1218750000000001 0.48828125 0.1218750000000001
2 0.5 0.10729166666666676 0.49375 0.10729166666666676 0.49375 0.12291666666666676 0.5 0.12291666666666676
2 0.50390625 0.11770833333333343 0.5 0.11770833333333343 0.5 0.12604166666666675 0.50390625 0.12604166666666675
1 0.671875 0.553125 0.5890625 0.553125 0.5890625 0.7114583333333333 0.671875 0.7114583333333333
3 0.56484375 0.42812500000000014 0.48203125 0.42812500000000014 0.48203125 0.6552083333333333 0.56484375 0.6552083333333333
1 0.53046875 0.4072916666666668 0.490625 0.4072916666666668 0.490625 0.46458333333333346 0.53046875 0.46458333333333346
1 0.525 0.3854166666666668 0.49375 0.3854166666666668 0.49375 0.42395833333333344 0.525 0.42395833333333344
1 0.56875 0.2864583333333334 0.534375 0.2864583333333334 0.534375 0.3354166666666668 0.56875 0.3354166666666668
1 0.5390625 0.2333333333333334 0.51796875 0.2333333333333334 0.51796875 0.27708333333333346 0.5390625 0.27708333333333346
1 0.5296875 0.21875000000000006 0.50703125 0.21875000000000006 0.50703125 0.24062500000000006 0.5296875 0.24062500000000006
1 0.5203125 0.18854166666666672 0.49921875 0.18854166666666672 0.49921875 0.22604166666666672 0.5203125 0.22604166666666672
1 0.4890625 0.22604166666666672 0.46953125 0.22604166666666672 0.46953125 0.2489583333333334 0.4890625 0.2489583333333334
1 0.47109375 0.18854166666666672 0.4546875 0.18854166666666672 0.4546875 0.22187500000000007 0.47109375 0.22187500000000007
1 0.4703125 0.1510416666666667 0.4578125 0.1510416666666667 0.4578125 0.1708333333333334 0.4703125 0.1708333333333334
1 0.4765625 0.10416666666666675 0.46640625 0.10416666666666675 0.46640625 0.11250000000000009 0.4765625 0.11250000000000009
1 0.4828125 0.10208333333333343 0.478125 0.10208333333333343 0.478125 0.11041666666666676 0.4828125 0.11041666666666676
1 0.484375 0.09687500000000009 0.47421875 0.09687500000000009 0.47421875 0.10312500000000009 0.484375 0.10312500000000009
1 0.49375 0.09895833333333343 0.484375 0.09895833333333343 0.484375 0.10833333333333342 0.49375 0.10833333333333342
1 0.50703125 0.08958333333333342 0.503125 0.08958333333333342 0.503125 0.10104166666666675 0.50703125 0.10104166666666675
1 0.50703125 0.08229166666666675 0.50234375 0.08229166666666675 0.50234375 0.08958333333333342 0.50703125 0.08958333333333342