2 0.1750000000000001 0.8541666666666666 0.12421875000000009 0.8541666666666666 0.12421875000000009 1 0.1750000000000001 1
2 0.2429687500000001 0.73125 0.1984375000000001 0.73125 0.1984375000000001 0.8541666666666666 0.2429687500000001 0.8541666666666666
2 0.2171875000000001 0.7020833333333333 0.17890625000000004 0.7020833333333333 0.17890625000000007 0.8364583333333333 0.2171875000000001 0.8364583333333333
2 0.2671875000000001 0.5666666666666667 0.2390625000000001 0.5666666666666667 0.2390625000000001 0.6572916666666667 0.2671875000000001 0.6572916666666667
2 0.2554687500000001 0.6239583333333333 0.21093750000000008 0.6239583333333333 0.21093750000000008 0.7333333333333333 0.2554687500000001 0.7333333333333333
2 0.3218750000000001 0.634375 0.2882812500000001 0.634375 0.2882812500000001 0.7020833333333333 0.3218750000000001 0.7020833333333333
2 0.3125000000000001 0.5729166666666666 0.28203125000000007 0.5729166666666666 0.28203125000000007 0.66875 0.3125000000000001 0.66875
2 0.3164062500000001 0.521875 0.28984375000000007 0.521875 0.28984375000000007 0.6 0.3164062500000001 0.6
2 0.31718750000000007 0.47708333333333336 0.2921875 0.47708333333333336 0.29218750000000004 0.5510416666666667 0.31718750000000007 0.5510416666666667
2 0.3656250000000001 0.5000000000000001 0.3382812500000001 0.5 0.3382812500000001 0.5947916666666667 0.3656250000000001 0.5947916666666667
2 0.4921875 0.5395833333333333 0.46484375 0.5395833333333333 0.46484375 0.63125 0.4921875 0.63125
2 0.44921875 0.5770833333333333 0.4296875 0.5770833333333333 0.4296875 0.628125 0.44921875 0.628125
2 0.46015625 0.5229166666666668 0.43359375 0.5229166666666668 0.43359375 0.6104166666666667 0.46015625 0.6104166666666667
2 0.5078125 0.48020833333333346 0.48515625 0.48020833333333346 0.48515625 0.5708333333333333 0.5078125 0.5708333333333333
2 0.38203125000000004 0.43541666666666673 0.35546875 0.4354166666666667 0.35546875000000006 0.5197916666666668 0.3820312500000001 0.5197916666666668
2 0.34687500000000004 0.44583333333333336 0.32265625 0.44583333333333336 0.32265625000000003 0.528125 0.3468750000000001 0.528125
2 0.3359375 0.421875 0.31640625 0.421875 0.31640625 0.45729166666666665 0.3359375 0.45729166666666665
2 0.3625 0.38229166666666664 0.34375 0.38229166666666664 0.34375 0.4666666666666667 0.3625 0.4666666666666667
2 0.3890625 0.37916666666666676 0.365625 0.37916666666666676 0.365625 0.4531250000000001 0.3890625 0.4531250000000001
2 0.3875 0.33750000000000013 0.36640625 0.33750000000000013 0.36640625 0.3916666666666668 0.3875 0.3916666666666668
2 0.42890625 0.2781250000000001 0.4140625 0.2781250000000001 0.4140625 0.31875000000000014 0.42890625 0.31875000000000014
2 0.4828125 0.27187500000000014 0.46640625 0.27187500000000014 0.46640625 0.3250000000000001 0.4828125 0.3250000000000001
2 0.52734375 0.35000000000000014 0.5140625 0.35000000000000014 0.5140625 0.4072916666666668 0.52734375 0.4072916666666668
2 0.5234375 0.25520833333333337 0.51640625 0.25520833333333337 0.51640625 0.26979166666666676 0.5234375 0.26979166666666676
2 0.52578125 0.26979166666666676 0.51171875 0.26979166666666676 0.51171875 0.3135416666666668 0.52578125 0.3135416666666668
2 0.49296875 0.22604166666666672 0.4796875 0.22604166666666672 0.4796875 0.2687500000000001 0.49296875 0.2687500000000001
2 0.5265625 0.20312500000000006 0.515625 0.20312500000000006 0.515625 0.23750000000000007 0.5265625 0.23750000000000007
2 0.51015625 0.18958333333333338 0.5 0.18958333333333338 0.5 0.22291666666666674 0.51015625 0.22291666666666674
2 0.48515625 0.1822916666666667 0.4765625 0.1822916666666667 0.4765625 0.21562500000000007 0.48515625 0.21562500000000007
2 0.47265625 0.17916666666666672 0.4609375 0.17916666666666672 0.4609375 0.2114583333333334 0.47265625 0.2114583333333334
2 0.48984375 0.15416666666666673 0.47890625 0.15416666666666673 0.47890625 0.17812500000000006 0.48984375 0.17812500000000006
2 0.5203125 0.1270833333333334 0.51328125 0.1270833333333334 0.51328125 0.1458333333333334 0.5203125 0.1458333333333334
2 0.49609375 0.13020833333333343 0.4875 0.13020833333333343 0.4875 0.15833333333333338 0.49609375 0.15833333333333338
2 0.51328125 0.10833333333333342 0.50859375 0.10833333333333342 0.50859375 0.12395833333333342 0.51328125 0.12395833333333342
2 0.52109375 0.11354166666666675 0.5171875 0.11354166666666675 0.5171875 0.1281250000000001 0.52109375 0.1281250000000001
2 0.5109375 0.11979166666666675 0.50625 0.11979166666666675 0.50625 0.13020833333333343 0.5109375 0.13020833333333343
2 0.5015625 0.10520833333333342 0.49453125 0.10520833333333342 0.49453125 0.1218750000000001 0.5015625 0.1218750000000001
2 0.50078125 0.1218750000000001 0.49375 0.1218750000000001 0.49375 0.13854166666666673 0.50078125 0.13854166666666673
2 0.434375 0.24687500000000007 0.42265625 0.24687500000000007 0.42265625 0.28750000000000014 0.434375 0.28750000000000014
3 0.5421875 0.11145833333333342 0.525 0.11145833333333342 0.525 0.15937500000000007 0.5421875 0.15937500000000007
1 0.51640625 0.1312500000000001 0.496875 0.1312500000000001 0.496875 0.1677083333333334 0.51640625 0.1677083333333334
1 0.4703125 0.23750000000000007 0.4359375 0.23750000000000007 0.4359375 0.2979166666666668 0.4703125 0.2979166666666668
1 0.52421875 0.2760416666666668 0.4890625 0.2760416666666668 0.4890625 0.33958333333333346 0.52421875 0.33958333333333346
1 0.5109375 0.32187500000000013 0.465625 0.32187500000000013 0.465625 0.4135416666666668 0.5109375 0.4135416666666668
1 0.515625 0.3916666666666668 0.4703125 0.3916666666666668 0.4703125 0.4895833333333334 0.515625 0.4895833333333334
1 0.49140625 0.6197916666666666 0.41328125 0.6197916666666666 0.41328125 0.8239583333333333 0.49140625 0.8239583333333333
1 0.4125 0.553125 0.3343750000000001 0.553125 0.3343750000000001 0.7385416666666667 0.4125 0.7385416666666667
1 0.43984375 0.4697916666666668 0.371875 0.4697916666666668 0.37187500000000007 0.5979166666666667 0.43984375 0.5979166666666667
3 0.45390625 0.3135416666666668 0.378125 0.3135416666666668 0.37812500000000004 0.49583333333333346 0.45390625 0.49583333333333346
3 0.3625000000000001 0.6833333333333333 0.16015625000000006 0.6833333333333333 0.16015625000000006 1 0.3625000000000001 1
2 0.496875 0.09166666666666676 0.49140625 0.09166666666666676 0.49140625 0.10520833333333342 0.496875 0.10520833333333342