2 0.1804687500000001 0.95 0.14218750000000008 0.95 0.14218750000000008 1 0.1804687500000001 1
2 0.19921875000000008 0.846875 0.1515625000000001 0.846875 0.1515625000000001 0.9583333333333334 0.19921875000000008 0.9583333333333334
2 0.1531250000000001 0.8583333333333333 0.12031250000000009 0.8583333333333333 0.12031250000000009 0.9927083333333333 0.1531250000000001 0.9927083333333333
2 0.11718750000000008 0.925 0.0789062500000001 0.925 0.0789062500000001 1 0.11718750000000008 1
2 0.0984375000000001 0.884375 0.05234375000000009 0.884375 0.05234375000000009 1 0.0984375000000001 1
2 0.10156250000000008 0.8489583333333334 0.049218750000000075 0.8489583333333334 0.04921875000000008 0.9416666666666667 0.10156250000000008 0.9416666666666667
2 0.2218750000000001 0.790625 0.19140625000000008 0.790625 0.19140625000000008 0.9072916666666667 0.2218750000000001 0.9072916666666667
2 0.1882812500000001 0.7770833333333333 0.1468750000000001 0.7770833333333333 0.1468750000000001 0.8833333333333333 0.1882812500000001 0.8833333333333333
2 0.17343750000000008 0.728125 0.1390625000000001 0.728125 0.1390625000000001 0.8458333333333333 0.17343750000000008 0.8458333333333333
2 0.2039062500000001 0.6614583333333334 0.17031250000000003 0.6614583333333334 0.17031250000000006 0.7864583333333334 0.2039062500000001 0.7864583333333334
2 0.2484375000000001 0.721875 0.2156250000000001 0.721875 0.2156250000000001 0.8447916666666667 0.2484375000000001 0.8447916666666667
2 0.2453125000000001 0.6760416666666667 0.20468750000000008 0.6760416666666667 0.20468750000000008 0.775 0.2453125000000001 0.775
2 0.2484375000000001 0.640625 0.2156250000000001 0.640625 0.2156250000000001 0.7270833333333333 0.2484375000000001 0.7270833333333333
2 0.2648437500000001 0.596875 0.2406250000000001 0.596875 0.2406250000000001 0.6989583333333333 0.2648437500000001 0.6989583333333333
2 0.3882812500000001 0.8166666666666667 0.3507812500000001 0.8166666666666667 0.3507812500000001 0.9770833333333333 0.3882812500000001 0.9770833333333333
2 0.3515625000000001 0.7958333333333333 0.3125000000000001 0.7958333333333333 0.3125000000000001 0.9572916666666667 0.3515625000000001 0.9572916666666667
2 0.39140625000000007 0.6864583333333333 0.36015625000000007 0.6864583333333333 0.36015625000000007 0.8104166666666667 0.39140625000000007 0.8104166666666667
2 0.41875 0.6291666666666667 0.3929687500000001 0.6291666666666667 0.3929687500000001 0.7427083333333333 0.41875 0.7427083333333333
2 0.3851562500000001 0.6239583333333333 0.3578125000000001 0.6239583333333333 0.3578125000000001 0.725 0.3851562500000001 0.725
2 0.421875 0.5625 0.3921875000000001 0.5625 0.3921875000000001 0.6541666666666667 0.421875 0.6541666666666667
2 0.3804687500000001 0.58125 0.3554687500000001 0.58125 0.3554687500000001 0.6583333333333333 0.3804687500000001 0.6583333333333333
2 0.2718750000000001 0.54375 0.24765625000000008 0.54375 0.24765625000000008 0.6270833333333333 0.2718750000000001 0.6270833333333333
2 0.39140625000000007 0.5385416666666667 0.3625000000000001 0.5385416666666667 0.3625000000000001 0.621875 0.39140625000000007 0.621875
2 0.43125 0.5312500000000001 0.409375 0.5312500000000001 0.409375 0.6354166666666666 0.43125 0.6354166666666666
2 0.44296875 0.4916666666666668 0.41328125 0.4916666666666668 0.41328125 0.5739583333333333 0.44296875 0.5739583333333333
2 0.52265625 0.4010416666666668 0.4953125 0.4010416666666668 0.4953125 0.5125000000000001 0.52265625 0.5125000000000001
2 0.36953125 0.4239583333333334 0.34921875 0.4239583333333333 0.34921875 0.48125000000000007 0.36953125 0.4812500000000001
2 0.43671875 0.4666666666666668 0.41640625 0.4666666666666668 0.41640625 0.5156250000000001 0.43671875 0.5156250000000001
2 0.4515625 0.4354166666666668 0.43359375 0.4354166666666668 0.43359375 0.49375000000000013 0.4515625 0.49375000000000013
2 0.453125 0.4114583333333334 0.43203125 0.4114583333333334 0.43203125 0.45937500000000014 0.453125 0.45937500000000014
2 0.4578125 0.3875000000000001 0.44375 0.3875000000000001 0.44375 0.4343750000000001 0.4578125 0.4343750000000001
2 0.4515625 0.35312500000000013 0.4359375 0.35312500000000013 0.4359375 0.40208333333333346 0.4515625 0.40208333333333346
2 0.46953125 0.3510416666666668 0.453125 0.3510416666666668 0.453125 0.4010416666666668 0.46953125 0.4010416666666668
2 0.38828125 0.38437500000000013 0.3703125 0.38437500000000013 0.3703125 0.4291666666666668 0.38828125 0.4291666666666668
2 0.40390625 0.37083333333333346 0.38515625 0.37083333333333346 0.38515625 0.4166666666666668 0.40390625 0.4166666666666668
2 0.36953125 0.39791666666666675 0.35234375 0.39791666666666664 0.35234375 0.4364583333333334 0.36953125 0.43645833333333345
2 0.35859375 0.365625 0.33125 0.365625 0.33125 0.42916666666666664 0.35859375 0.42916666666666664
2 0.39921875 0.29270833333333346 0.38046875 0.29270833333333346 0.38046875 0.34791666666666676 0.39921875 0.34791666666666676
2 0.465625 0.3260416666666668 0.4515625 0.3260416666666668 0.4515625 0.3645833333333334 0.465625 0.3645833333333334
2 0.46015625 0.3104166666666668 0.4421875 0.3104166666666668 0.4421875 0.3541666666666668 0.46015625 0.3541666666666668
2 0.4796875 0.2843750000000001 0.4609375 0.2843750000000001 0.4609375 0.33020833333333344 0.4796875 0.33020833333333344
2 0.53671875 0.23854166666666674 0.5234375 0.23854166666666674 0.5234375 0.29062500000000013 0.53671875 0.29062500000000013
2 0.54375 0.21875000000000006 0.53203125 0.21875000000000006 0.53203125 0.2812500000000001 0.54375 0.2812500000000001
2 0.4859375 0.25000000000000006 0.4703125 0.25000000000000006 0.4703125 0.2885416666666668 0.4859375 0.2885416666666668
2 0.496875 0.23541666666666672 0.4828125 0.23541666666666672 0.4828125 0.26979166666666676 0.496875 0.26979166666666676
2 0.4140625 0.2395833333333334 0.3984375 0.2395833333333334 0.3984375 0.2781250000000001 0.4140625 0.2781250000000001
2 0.4890625 0.21250000000000005 0.4765625 0.21250000000000005 0.4765625 0.2489583333333334 0.4890625 0.2489583333333334
2 0.4578125 0.2302083333333334 0.44140625 0.2302083333333334 0.44140625 0.26770833333333344 0.4578125 0.26770833333333344
2 0.5140625 0.18541666666666673 0.50078125 0.18541666666666673 0.50078125 0.21875000000000006 0.5140625 0.21875000000000006
2 0.546875 0.1468750000000001 0.53828125 0.14687500000000006 0.53828125 0.17187500000000008 0.546875 0.1718750000000001
2 0.5265625 0.10520833333333342 0.51953125 0.10520833333333342 0.51953125 0.1281250000000001 0.5265625 0.1281250000000001
2 0.5171875 0.13750000000000007 0.509375 0.13750000000000007 0.509375 0.16041666666666674 0.5171875 0.16041666666666674
2 0.5140625 0.11979166666666675 0.50234375 0.11979166666666675 0.50234375 0.14375000000000007 0.5140625 0.14375000000000007
2 0.5140625 0.09895833333333343 0.50546875 0.09895833333333343 0.50546875 0.11354166666666675 0.5140625 0.11354166666666675
2 0.50859375 0.10208333333333343 0.50234375 0.10208333333333343 0.50234375 0.1218750000000001 0.50859375 0.1218750000000001
2 0.503125 0.10208333333333343 0.4953125 0.10208333333333343 0.4953125 0.1218750000000001 0.503125 0.1218750000000001
2 0.496875 0.09479166666666676 0.48828125 0.09479166666666676 0.48828125 0.11666666666666675 0.496875 0.11666666666666675
2 0.50234375 0.12291666666666676 0.49609375 0.12291666666666676 0.49609375 0.1458333333333334 0.50234375 0.1458333333333334
2 0.4921875 0.12604166666666675 0.48515625 0.12604166666666675 0.48515625 0.1520833333333334 0.4921875 0.1520833333333334
2 0.49765625 0.12291666666666676 0.48984375 0.12291666666666676 0.48984375 0.15000000000000005 0.49765625 0.15000000000000005
2 0.50546875 0.14375000000000007 0.49921875 0.14375000000000007 0.49921875 0.16875000000000007 0.50546875 0.16875000000000007
2 0.50078125 0.14375000000000007 0.49453125 0.14375000000000007 0.49453125 0.1708333333333334 0.50078125 0.1708333333333334
2 0.46875 0.18541666666666673 0.4546875 0.18541666666666673 0.4546875 0.21250000000000005 0.46875 0.21250000000000005
2 0.51796875 0.1645833333333334 0.51015625 0.1645833333333334 0.51015625 0.19166666666666674 0.51796875 0.19166666666666674
1 0.546875 0.11770833333333343 0.528125 0.11770833333333343 0.528125 0.1427083333333334 0.546875 0.14270833333333346
1 0.54375 0.1354166666666667 0.528125 0.1354166666666667 0.528125 0.15729166666666672 0.54375 0.15729166666666672
1 0.54296875 0.15416666666666673 0.52421875 0.15416666666666673 0.52421875 0.17500000000000007 0.54296875 0.17500000000000007
1 0.534375 0.1666666666666667 0.5171875 0.1666666666666667 0.5171875 0.1927083333333334 0.534375 0.1927083333333334
1 0.50703125 0.16875000000000007 0.4890625 0.16875000000000007 0.4890625 0.19062500000000007 0.50703125 0.19062500000000007
1 0.4859375 0.15937500000000007 0.46796875 0.15937500000000007 0.46796875 0.18437500000000007 0.4859375 0.18437500000000007
1 0.53828125 0.1822916666666667 0.51640625 0.1822916666666667 0.51640625 0.2145833333333334 0.53828125 0.2145833333333334
1 0.5171875 0.2083333333333334 0.4953125 0.2083333333333334 0.4953125 0.2427083333333334 0.5171875 0.2427083333333334
1 0.5015625 0.18125000000000005 0.4828125 0.18125000000000005 0.4828125 0.21041666666666672 0.5015625 0.21041666666666672
1 0.4671875 0.20312500000000006 0.44296875 0.20312500000000006 0.44296875 0.23437500000000006 0.4671875 0.23437500000000006
1 0.52734375 0.21666666666666673 0.50703125 0.21666666666666673 0.50703125 0.24687500000000007 0.52734375 0.24687500000000007
1 0.51640625 0.24062500000000006 0.49140625 0.24062500000000006 0.49140625 0.2822916666666668 0.51640625 0.2822916666666668
1 0.48359375 0.23645833333333338 0.45625 0.23645833333333338 0.45625 0.2760416666666668 0.48359375 0.2760416666666668
1 0.53125 0.2510416666666667 0.496875 0.2510416666666667 0.496875 0.3125000000000001 0.53125 0.3125000000000001
1 0.47265625 0.26041666666666674 0.44375 0.26041666666666674 0.44375 0.3177083333333334 0.47265625 0.3177083333333334
1 0.446875 0.2333333333333334 0.41875 0.2333333333333334 0.41875 0.29895833333333344 0.446875 0.29895833333333344
1 0.43203125 0.26041666666666674 0.39375 0.26041666666666674 0.39375 0.3312500000000001 0.43203125 0.3312500000000001
1 0.5171875 0.2812500000000001 0.48515625 0.2812500000000001 0.48515625 0.3125000000000001 0.5171875 0.3125000000000001
1 0.51171875 0.30833333333333346 0.475 0.30833333333333346 0.475 0.34583333333333344 0.51171875 0.34583333333333344
1 0.44296875 0.30312500000000014 0.41328125 0.30312500000000014 0.41328125 0.3416666666666668 0.44296875 0.3416666666666668
1 0.4328125 0.32083333333333347 0.396875 0.32083333333333347 0.396875 0.3718750000000001 0.4328125 0.3718750000000001
1 0.43671875 0.36875000000000013 0.39453125 0.36875000000000013 0.39453125 0.43020833333333347 0.43671875 0.43020833333333347
1 0.5125 0.3416666666666668 0.4640625 0.3416666666666668 0.4640625 0.4072916666666668 0.5125 0.4072916666666668
1 0.41328125 0.4072916666666667 0.3609375 0.40729166666666666 0.3609375 0.5364583333333334 0.41328125 0.5364583333333334
1 0.49765625 0.4093750000000001 0.44140625 0.4093750000000001 0.44140625 0.5510416666666667 0.49765625 0.5510416666666667
1 0.50546875 0.534375 0.440625 0.534375 0.440625 0.7125 0.50546875 0.7125
1 0.48203125 0.6583333333333333 0.403125 0.6583333333333333 0.403125 0.8802083333333334 0.48203125 0.8802083333333334
1 0.4726562500000001 0.878125 0.3632812500000001 0.878125 0.3632812500000001 1 0.47265625000000017 1
3 0.36484375 0.41666666666666674 0.26328125 0.4166666666666667 0.26328125 0.6791666666666667 0.3648437500000001 0.6791666666666667
1 0.3578125000000001 0.6447916666666667 0.2468750000000001 0.6447916666666667 0.2468750000000001 0.8614583333333333 0.3578125000000001 0.8614583333333333
1 0.3078125000000001 0.8427083333333333 0.17578125000000008 0.8427083333333333 0.17578125000000008 1 0.3078125000000001 1