1 0.4593750000000001 0.8458333333333333 0.3546875000000001 0.8458333333333333 0.3546875000000001 1 0.4593750000000002 1
1 0.40703125 0.6395833333333333 0.3085937500000001 0.6395833333333333 0.3085937500000001 0.8645833333333334 0.40703125 0.8645833333333334
1 0.4921875 0.5416666666666666 0.42890625 0.5416666666666666 0.42890625 0.7427083333333333 0.4921875 0.7427083333333333
1 0.3648437500000001 0.534375 0.27812500000000007 0.534375 0.27812500000000007 0.684375 0.3648437500000001 0.684375
1 0.50703125 0.4406250000000001 0.459375 0.4406250000000001 0.459375 0.5520833333333334 0.50703125 0.5520833333333334
1 0.45703125 0.4187500000000001 0.40546875 0.4187500000000001 0.40546875 0.5322916666666668 0.45703125 0.5322916666666668
1 0.39765625000000004 0.4541666666666667 0.33125 0.45416666666666666 0.33125000000000004 0.5385416666666667 0.3976562500000001 0.5385416666666667
1 0.50078125 0.3406250000000001 0.45859375 0.3406250000000001 0.45859375 0.4250000000000001 0.50078125 0.4250000000000001
1 0.4765625 0.2583333333333334 0.43203125 0.2583333333333334 0.43203125 0.3197916666666668 0.4765625 0.3197916666666668
1 0.4953125 0.1989583333333334 0.46484375 0.1989583333333334 0.46484375 0.25000000000000006 0.4953125 0.25000000000000006
1 0.50078125 0.1677083333333334 0.48359375 0.1677083333333334 0.48359375 0.20312500000000006 0.50078125 0.20312500000000006
2 0.3304687500000001 0.9104166666666667 0.3023437500000001 0.9104166666666667 0.3023437500000001 0.9979166666666667 0.3304687500000001 0.9979166666666667
2 0.2890625000000001 0.9416666666666667 0.2500000000000001 0.9416666666666667 0.2500000000000001 1 0.2890625000000001 1
2 0.2117187500000001 0.9447916666666667 0.16953125000000008 0.9447916666666667 0.16953125000000008 1 0.2117187500000001 1
2 0.1531250000000001 0.9760416666666667 0.1281250000000001 0.9760416666666667 0.1281250000000001 1 0.1531250000000001 1
2 0.08906250000000009 0.90625 0.05234375000000009 0.90625 0.05234375000000009 1 0.08906250000000009 1
2 0.1625000000000001 0.896875 0.1062500000000001 0.896875 0.1062500000000001 0.9979166666666667 0.1625000000000001 0.9979166666666667
2 0.2117187500000001 0.865625 0.16562500000000008 0.865625 0.16562500000000008 0.9739583333333334 0.2117187500000001 0.9739583333333334
2 0.2593750000000001 0.8666666666666667 0.22031250000000008 0.8666666666666667 0.22031250000000008 0.9895833333333334 0.2593750000000001 0.9895833333333334
2 0.1273437500000001 0.7791666666666667 0.08437500000000006 0.7791666666666667 0.08437500000000007 0.9135416666666667 0.1273437500000001 0.9135416666666667
2 0.15781250000000008 0.8458333333333333 0.10546875000000008 0.8458333333333333 0.10546875000000008 0.9364583333333333 0.15781250000000008 0.9364583333333333
2 0.1765625000000001 0.7416666666666667 0.13671875000000008 0.7416666666666667 0.13671875000000008 0.84375 0.1765625000000001 0.84375
2 0.2156250000000001 0.775 0.1671875000000001 0.775 0.1671875000000001 0.8354166666666667 0.2156250000000001 0.8354166666666667
2 0.20859375000000008 0.809375 0.16796875000000008 0.809375 0.16796875000000008 0.88125 0.20859375000000008 0.88125
2 0.2484375000000001 0.7614583333333333 0.20859375000000008 0.7614583333333333 0.20859375000000008 0.8666666666666667 0.2484375000000001 0.8666666666666667
2 0.28984375000000007 0.7760416666666666 0.25078125000000007 0.7760416666666666 0.25078125000000007 0.9114583333333334 0.28984375000000007 0.9114583333333334
2 0.2195312500000001 0.7020833333333333 0.18437500000000004 0.7020833333333333 0.18437500000000007 0.7739583333333333 0.2195312500000001 0.7739583333333333
2 0.2601562500000001 0.6770833333333334 0.21875000000000008 0.6770833333333334 0.21875000000000008 0.7739583333333333 0.2601562500000001 0.7739583333333333
2 0.29765625000000007 0.7125 0.25078125000000007 0.7125 0.25078125000000007 0.796875 0.29765625000000007 0.796875
2 0.2078125000000001 0.63125 0.18359375000000006 0.63125 0.18359375000000006 0.75 0.2078125000000001 0.75
2 0.3296875000000001 0.6458333333333334 0.2960937500000001 0.6458333333333334 0.2960937500000001 0.7270833333333333 0.3296875000000001 0.7270833333333333
2 0.3898437500000001 0.590625 0.36015625000000007 0.590625 0.36015625000000007 0.6541666666666667 0.3898437500000001 0.6541666666666667
2 0.4265625 0.5760416666666667 0.4046875 0.5760416666666667 0.4046875 0.6802083333333333 0.4265625 0.6802083333333333
2 0.41171875 0.534375 0.3820312500000001 0.534375 0.3820312500000001 0.6072916666666667 0.41171875 0.6072916666666667
2 0.515625 0.540625 0.4921875 0.540625 0.4921875 0.6354166666666666 0.515625 0.6354166666666666
2 0.49375 0.5156250000000001 0.46484375 0.5156250000000001 0.46484375 0.5875 0.49375 0.5875
2 0.321875 0.4510416666666667 0.28828125 0.4510416666666667 0.28828125000000004 0.534375 0.3218750000000001 0.534375
2 0.35859375000000004 0.4114583333333333 0.33046875 0.4114583333333333 0.33046875000000003 0.4864583333333333 0.3585937500000001 0.4864583333333333
2 0.3421875 0.4 0.321875 0.4 0.321875 0.4739583333333333 0.3421875 0.4739583333333333
2 0.39453125 0.40520833333333345 0.378125 0.40520833333333345 0.378125 0.4562500000000001 0.39453125 0.4562500000000001
2 0.36875 0.4239583333333334 0.35 0.4239583333333333 0.35 0.47604166666666675 0.36875 0.4760416666666668
2 0.4265625 0.40208333333333346 0.40078125 0.40208333333333346 0.40078125 0.46458333333333346 0.4265625 0.46458333333333346
2 0.4484375 0.39270833333333344 0.428125 0.39270833333333344 0.428125 0.4354166666666668 0.4484375 0.4354166666666668
2 0.35859375 0.3802083333333333 0.34375 0.3802083333333333 0.34375 0.42291666666666666 0.35859375 0.42291666666666666
2 0.38203125 0.3281250000000001 0.3640625 0.3281250000000001 0.3640625 0.3916666666666668 0.38203125 0.3916666666666668
2 0.4125 0.32083333333333347 0.390625 0.32083333333333347 0.390625 0.3958333333333334 0.4125 0.3958333333333334
2 0.465625 0.31458333333333344 0.44296875 0.31458333333333344 0.44296875 0.36875000000000013 0.465625 0.36875000000000013
2 0.515625 0.25312500000000004 0.49296875 0.25312500000000004 0.49296875 0.2979166666666668 0.515625 0.2979166666666668
2 0.5265625 0.19479166666666672 0.509375 0.19479166666666672 0.509375 0.2302083333333334 0.5265625 0.2302083333333334
2 0.46875 0.1802083333333334 0.4578125 0.1802083333333334 0.4578125 0.2135416666666667 0.46875 0.2135416666666667
2 0.4796875 0.16562500000000005 0.46953125 0.16562500000000005 0.46953125 0.20000000000000007 0.4796875 0.20000000000000007
2 0.49375 0.1395833333333334 0.48203125 0.1395833333333334 0.48203125 0.16041666666666674 0.49375 0.16041666666666674
2 0.51953125 0.13750000000000007 0.51328125 0.13750000000000007 0.51328125 0.16354166666666672 0.51953125 0.16354166666666672
2 0.50703125 0.1312500000000001 0.50078125 0.1312500000000001 0.50078125 0.15000000000000005 0.50703125 0.15000000000000005
2 0.515625 0.1312500000000001 0.50859375 0.1312500000000001 0.50859375 0.14791666666666672 0.515625 0.14791666666666672
2 0.4984375 0.11979166666666675 0.4875 0.11979166666666675 0.4875 0.13229166666666675 0.4984375 0.13229166666666675
2 0.5109375 0.10729166666666676 0.50625 0.10729166666666676 0.50625 0.12291666666666676 0.5109375 0.12291666666666676
2 0.52109375 0.09687500000000009 0.51796875 0.09687500000000009 0.51796875 0.11562500000000009 0.52109375 0.11562500000000009
2 0.503125 0.10000000000000009 0.4984375 0.10000000000000009 0.4984375 0.11354166666666675 0.503125 0.11354166666666675
2 0.50078125 0.09479166666666676 0.49296875 0.09479166666666676 0.49296875 0.10520833333333342 0.50078125 0.10520833333333342
2 0.490625 0.09166666666666676 0.4859375 0.09166666666666676 0.4859375 0.10104166666666675 0.490625 0.10104166666666675
1 0.50234375 0.08541666666666675 0.49453125 0.08541666666666675 0.49453125 0.09791666666666675 0.50234375 0.09791666666666675