2 0.403125 0.4604166666666668 0.378125 0.4604166666666668 0.37812500000000004 0.5645833333333333 0.403125 0.5645833333333333
2 0.1742187500000001 0.815625 0.12890625000000008 0.815625 0.12890625000000008 0.9791666666666666 0.1742187500000001 0.9791666666666666
2 0.2890625000000001 0.6552083333333333 0.2523437500000001 0.6552083333333333 0.2523437500000001 0.8145833333333333 0.2890625000000001 0.8145833333333333
2 0.34062500000000007 0.6125 0.30546875000000007 0.6125 0.30546875000000007 0.7625 0.34062500000000007 0.7625
2 0.3296875000000001 0.5229166666666667 0.2968750000000001 0.5229166666666667 0.2968750000000001 0.6322916666666667 0.3296875000000001 0.6322916666666667
2 0.36953125 0.38750000000000007 0.3453125 0.3875 0.3453125 0.4770833333333334 0.36953125 0.47708333333333347
2 0.38359375 0.3291666666666668 0.365625 0.3291666666666668 0.365625 0.39687500000000014 0.38359375 0.39687500000000014
2 0.41640625 0.2916666666666668 0.4015625 0.2916666666666668 0.4015625 0.35000000000000014 0.41640625 0.35000000000000014
2 0.43046875 0.2760416666666668 0.41875 0.2760416666666668 0.41875 0.32708333333333345 0.43046875 0.32708333333333345
2 0.4265625 0.25729166666666675 0.41484375 0.25729166666666675 0.41484375 0.29895833333333344 0.4265625 0.29895833333333344
2 0.4375 0.23125000000000007 0.42421875 0.23125000000000007 0.42421875 0.2791666666666668 0.4375 0.2791666666666668
2 0.46640625 0.23541666666666672 0.453125 0.23541666666666672 0.453125 0.28333333333333344 0.46640625 0.28333333333333344
2 0.45625 0.19687500000000005 0.44140625 0.19687500000000005 0.44140625 0.2427083333333334 0.45625 0.2427083333333334
1 0.5171875 0.27187500000000014 0.484375 0.27187500000000014 0.484375 0.35208333333333347 0.5171875 0.35208333333333347
1 0.459375 0.2812500000000001 0.425 0.2812500000000001 0.425 0.3510416666666668 0.459375 0.3510416666666668
1 0.44296875 0.3541666666666668 0.40234375 0.3541666666666668 0.40234375 0.4427083333333334 0.44296875 0.4427083333333334
1 0.47265625 0.46770833333333345 0.40625 0.46770833333333345 0.40625 0.6364583333333333 0.47265625 0.6364583333333333
2 0.52109375 0.1312500000000001 0.51171875 0.1312500000000001 0.51171875 0.15937500000000007 0.52109375 0.15937500000000007
2 0.5015625 0.1218750000000001 0.4953125 0.1218750000000001 0.4953125 0.1458333333333334 0.5015625 0.1458333333333334
2 0.521875 0.11250000000000009 0.51484375 0.11250000000000009 0.51484375 0.13854166666666673 0.521875 0.13854166666666673
2 0.509375 0.11354166666666675 0.503125 0.11354166666666675 0.503125 0.13437500000000005 0.509375 0.13437500000000005
2 0.50078125 0.10520833333333342 0.496875 0.10520833333333342 0.496875 0.1218750000000001 0.50078125 0.1218750000000001
2 0.5125 0.09166666666666676 0.50703125 0.09166666666666676 0.50703125 0.10833333333333342 0.5125 0.10833333333333342
2 0.50078125 0.09270833333333342 0.496875 0.09270833333333342 0.496875 0.1062500000000001 0.50078125 0.1062500000000001