2 0.4218750000000001 0.8541666666666666 0.3773437500000001 0.8541666666666666 0.3773437500000001 1 0.42187500000000017 1
2 0.4937500000000001 0.8895833333333333 0.4515625 0.8895833333333333 0.4515625000000001 1 0.4937500000000002 1
2 0.5015625 0.7125 0.453125 0.7125 0.453125 0.8635416666666667 0.5015625 0.8635416666666667
2 0.3710937500000001 0.7375 0.3242187500000001 0.7375 0.3242187500000001 0.8760416666666667 0.3710937500000001 0.8760416666666667
2 0.42109375 0.6739583333333333 0.37968750000000007 0.6739583333333333 0.37968750000000007 0.7916666666666666 0.42109375 0.7916666666666666
2 0.415625 0.5614583333333333 0.3820312500000001 0.5614583333333333 0.3820312500000001 0.65625 0.415625 0.65625
2 0.3664062500000001 0.6333333333333333 0.3351562500000001 0.6333333333333333 0.3351562500000001 0.7291666666666666 0.3664062500000001 0.7291666666666666
2 0.3242187500000001 0.634375 0.27812500000000007 0.634375 0.27812500000000007 0.7489583333333333 0.3242187500000001 0.7489583333333333
2 0.2992187500000001 0.5958333333333333 0.2734375000000001 0.5958333333333333 0.2734375000000001 0.675 0.2992187500000001 0.675
2 0.2906250000000001 0.5270833333333333 0.25859375000000007 0.5270833333333333 0.25859375000000007 0.6229166666666667 0.2906250000000001 0.6229166666666667
2 0.2500000000000001 0.6177083333333333 0.2140625000000001 0.6177083333333333 0.2140625000000001 0.721875 0.2500000000000001 0.721875
2 0.1906250000000001 0.7302083333333333 0.15000000000000008 0.7302083333333333 0.15000000000000008 0.8197916666666667 0.1906250000000001 0.8197916666666667
2 0.3617187500000001 0.58125 0.3304687500000001 0.58125 0.3304687500000001 0.6552083333333333 0.3617187500000001 0.6552083333333333
2 0.3554687500000001 0.53125 0.3320312500000001 0.53125 0.3320312500000001 0.58125 0.3554687500000001 0.58125
2 0.3304687500000001 0.53125 0.30937500000000007 0.53125 0.30937500000000007 0.615625 0.3304687500000001 0.615625
2 0.31875000000000003 0.46770833333333334 0.2953125 0.46770833333333334 0.29531250000000003 0.5479166666666667 0.3187500000000001 0.5479166666666667
2 0.3617187500000001 0.49166666666666664 0.33281250000000007 0.49166666666666664 0.33281250000000007 0.546875 0.3617187500000001 0.546875
2 0.440625 0.4510416666666668 0.40703125 0.4510416666666668 0.40703125 0.5208333333333335 0.440625 0.5208333333333335
2 0.42734375 0.47500000000000014 0.4046875 0.47500000000000014 0.4046875 0.5510416666666667 0.42734375 0.5510416666666667
2 0.44765625 0.41041666666666676 0.4359375 0.41041666666666676 0.4359375 0.4635416666666668 0.44765625 0.4635416666666668
2 0.48203125 0.37083333333333346 0.45546875 0.37083333333333346 0.45546875 0.4427083333333334 0.48203125 0.4427083333333334
2 0.403125 0.37916666666666676 0.3796875 0.37916666666666676 0.3796875 0.4427083333333334 0.403125 0.4427083333333334
2 0.37500000000000006 0.44791666666666674 0.34921875 0.4479166666666667 0.34921875 0.5072916666666667 0.3750000000000001 0.5072916666666668
2 0.37578125 0.4145833333333334 0.35 0.41458333333333336 0.35 0.48125000000000007 0.37578125 0.4812500000000001
2 0.3546875 0.40208333333333335 0.3390625 0.40208333333333335 0.3390625 0.46458333333333335 0.3546875 0.46458333333333335
2 0.38203125 0.35104166666666675 0.36015625 0.35104166666666664 0.36015625 0.42812500000000003 0.38203125 0.42812500000000014
2 0.40078125 0.34583333333333344 0.38671875 0.34583333333333344 0.38671875 0.3916666666666668 0.40078125 0.3916666666666668
2 0.44140625 0.31458333333333344 0.41796875 0.31458333333333344 0.41796875 0.3645833333333334 0.44140625 0.3645833333333334
2 0.41328125 0.31458333333333344 0.40234375 0.31458333333333344 0.40234375 0.36875000000000013 0.41328125 0.36875000000000013
2 0.41953125 0.3093750000000001 0.409375 0.3093750000000001 0.409375 0.3447916666666668 0.41953125 0.3447916666666668
2 0.396875 0.3093750000000001 0.37890625 0.3093750000000001 0.37890625 0.35208333333333347 0.396875 0.35208333333333347
2 0.44140625 0.29270833333333346 0.42734375 0.29270833333333346 0.42734375 0.32708333333333345 0.44140625 0.32708333333333345
1 0.48046875 0.28020833333333345 0.43671875 0.28020833333333345 0.43671875 0.3593750000000001 0.48046875 0.3593750000000001
2 0.44609375 0.2729166666666668 0.434375 0.2729166666666668 0.434375 0.3041666666666668 0.44609375 0.3041666666666668
2 0.43046875 0.2781250000000001 0.41953125 0.2781250000000001 0.41953125 0.3177083333333334 0.43046875 0.3177083333333334
2 0.40703125 0.28750000000000014 0.396875 0.28750000000000014 0.396875 0.32708333333333345 0.40703125 0.32708333333333345
2 0.41953125 0.25625000000000003 0.4015625 0.25625000000000003 0.4015625 0.29583333333333345 0.41953125 0.29583333333333345
2 0.44921875 0.23750000000000007 0.43359375 0.23750000000000007 0.43359375 0.2791666666666668 0.44921875 0.2791666666666668
1 0.5265625 0.30625000000000013 0.48359375 0.30625000000000013 0.48359375 0.3729166666666668 0.5265625 0.3729166666666668
2 0.503125 0.2708333333333334 0.4890625 0.2708333333333334 0.4890625 0.3156250000000001 0.503125 0.3156250000000001
2 0.48671875 0.2583333333333334 0.46640625 0.2583333333333334 0.46640625 0.2968750000000001 0.48671875 0.2968750000000001
1 0.53125 0.2427083333333334 0.5 0.2427083333333334 0.5 0.29895833333333344 0.53125 0.29895833333333344
2 0.51015625 0.23229166666666673 0.490625 0.23229166666666673 0.490625 0.2687500000000001 0.51015625 0.2687500000000001
1 0.5015625 0.19166666666666674 0.4671875 0.19166666666666674 0.4671875 0.2666666666666668 0.5015625 0.2666666666666668
2 0.5046875 0.22604166666666672 0.49453125 0.22604166666666672 0.49453125 0.2593750000000001 0.5046875 0.2593750000000001
2 0.4765625 0.18750000000000006 0.46796875 0.18750000000000006 0.46796875 0.2135416666666667 0.4765625 0.2135416666666667
1 0.51328125 0.1822916666666667 0.48828125 0.1822916666666667 0.48828125 0.2145833333333334 0.51328125 0.2145833333333334
2 0.48984375 0.1552083333333334 0.47734375 0.1552083333333334 0.47734375 0.18854166666666672 0.48984375 0.18854166666666672
2 0.48125 0.1614583333333334 0.47421875 0.1614583333333334 0.47421875 0.18854166666666672 0.48125 0.18854166666666672
1 0.51875 0.15416666666666673 0.49140625 0.15416666666666673 0.49140625 0.1833333333333334 0.51875 0.1833333333333334
2 0.4984375 0.14791666666666672 0.4921875 0.14791666666666672 0.4921875 0.16875000000000007 0.4984375 0.16875000000000007
1 0.51953125 0.13750000000000007 0.50546875 0.13750000000000007 0.50546875 0.1510416666666667 0.51953125 0.1510416666666667
2 0.4953125 0.13750000000000007 0.48671875 0.13750000000000007 0.48671875 0.15833333333333338 0.4953125 0.15833333333333338
2 0.471875 0.16875000000000007 0.46640625 0.16875000000000007 0.46640625 0.19062500000000007 0.471875 0.19062500000000007
3 0.54609375 0.12083333333333342 0.528125 0.12083333333333342 0.528125 0.16666666666666677 0.54609375 0.1666666666666668
2 0.52421875 0.1281250000000001 0.5203125 0.1281250000000001 0.5203125 0.1395833333333334 0.52421875 0.1395833333333334
2 0.5046875 0.13020833333333343 0.49921875 0.13020833333333343 0.49921875 0.14375000000000007 0.5046875 0.14375000000000007
2 0.52578125 0.11145833333333342 0.521875 0.11145833333333342 0.521875 0.12604166666666675 0.52578125 0.12604166666666675
1 0.51875 0.12604166666666675 0.5109375 0.12604166666666675 0.5109375 0.1354166666666667 0.51875 0.1354166666666667
2 0.50625 0.11666666666666675 0.503125 0.11666666666666675 0.503125 0.1281250000000001 0.50625 0.1281250000000001
2 0.51796875 0.10312500000000009 0.51484375 0.10312500000000009 0.51484375 0.11562500000000009 0.51796875 0.11562500000000009
2 0.50859375 0.10208333333333343 0.50078125 0.10208333333333343 0.50078125 0.1218750000000001 0.50859375 0.1218750000000001
2 0.52265625 0.09583333333333342 0.51875 0.09583333333333342 0.51875 0.10520833333333342 0.52265625 0.10520833333333342
2 0.5171875 0.09270833333333342 0.51328125 0.09270833333333342 0.51328125 0.10104166666666675 0.5171875 0.10104166666666675
2 0.5125 0.09375000000000008 0.509375 0.09375000000000008 0.509375 0.10208333333333343 0.5125 0.10208333333333343
2 0.5015625 0.09375000000000008 0.4984375 0.09375000000000008 0.4984375 0.10312500000000009 0.5015625 0.10312500000000009
1 0.3492187500000001 0.8666666666666667 0.2289062500000001 0.8666666666666667 0.2289062500000001 1 0.3492187500000001 1
1 0.2554687500000001 0.80625 0.1257812500000001 0.80625 0.1257812500000001 1 0.2554687500000001 1
1 0.50234375 0.5416666666666666 0.44296875 0.5416666666666666 0.44296875 0.6677083333333333 0.50234375 0.6677083333333333
1 0.50703125 0.3906250000000001 0.46640625 0.3906250000000001 0.46640625 0.4843750000000001 0.50703125 0.4843750000000001
1 0.45703125 0.37708333333333344 0.40234375 0.37708333333333344 0.40234375 0.4479166666666668 0.45703125 0.4479166666666668
1 0.5390625 0.21875000000000006 0.50625 0.21875000000000006 0.50625 0.27395833333333347 0.5390625 0.27395833333333347
1 0.4671875 0.20000000000000007 0.4421875 0.20000000000000007 0.4421875 0.2489583333333334 0.4671875 0.2489583333333334
3 0.54140625 0.1552083333333334 0.5171875 0.1552083333333334 0.5171875 0.21250000000000005 0.54140625 0.21250000000000005