2 0.98203125 0.9312500000000002 0.93046875 0.9312500000000002 0.93046875 0.9854166666666669 0.98203125 0.9854166666666669
2 0.88984375 0.8729166666666669 0.83671875 0.8729166666666669 0.83671875 1.0000000000000002 0.88984375 1.0000000000000002
2 0.6937500000000001 0.865625 0.62578125 0.865625 0.6257812500000001 1 0.6937500000000002 1
2 0.66640625 0.7854166666666667 0.62578125 0.7854166666666667 0.62578125 0.9104166666666667 0.66640625 0.9104166666666667
2 0.6828125 0.7166666666666667 0.61015625 0.7166666666666667 0.61015625 0.8375 0.6828125 0.8375
2 0.54140625 0.7010416666666667 0.50546875 0.7010416666666667 0.50546875 0.834375 0.54140625 0.834375
2 0.54140625 0.6239583333333333 0.49453125 0.6239583333333333 0.49453125 0.7260416666666667 0.54140625 0.7260416666666667
2 0.628125 0.5770833333333333 0.596875 0.5770833333333333 0.596875 0.6979166666666666 0.628125 0.6979166666666666
2 0.7625 0.5031250000000002 0.7421875 0.5031250000000002 0.7421875 0.5864583333333335 0.7625 0.5864583333333335
2 0.74140625 0.47812500000000013 0.71953125 0.47812500000000013 0.71953125 0.5375000000000001 0.74140625 0.5375000000000002
2 0.684375 0.5145833333333335 0.65625 0.5145833333333335 0.65625 0.58125 0.684375 0.58125
2 0.69765625 0.49895833333333345 0.671875 0.49895833333333345 0.671875 0.5541666666666667 0.69765625 0.5541666666666667
2 0.6671875 0.48020833333333346 0.6453125 0.48020833333333346 0.6453125 0.5375 0.6671875 0.5375
2 0.65234375 0.46458333333333346 0.63359375 0.46458333333333346 0.63359375 0.5104166666666667 0.65234375 0.5104166666666667
2 0.5 0.42604166666666676 0.47421875 0.42604166666666676 0.47421875 0.49895833333333345 0.5 0.49895833333333345
2 0.64609375 0.4343750000000001 0.625 0.4343750000000001 0.625 0.48333333333333345 0.64609375 0.48333333333333345
2 0.71015625 0.43645833333333345 0.6796875 0.43645833333333345 0.6796875 0.5125000000000001 0.71015625 0.5125000000000001
2 0.68203125 0.4114583333333334 0.6546875 0.4114583333333334 0.6546875 0.46770833333333345 0.68203125 0.46770833333333345
2 0.6546875 0.3979166666666668 0.63359375 0.3979166666666668 0.63359375 0.44687500000000013 0.6546875 0.44687500000000013
2 0.6578125 0.3604166666666668 0.63359375 0.3604166666666668 0.63359375 0.4062500000000001 0.6578125 0.4062500000000001
2 0.63125 0.39895833333333347 0.60546875 0.39895833333333347 0.60546875 0.45729166666666676 0.63125 0.45729166666666676
2 0.62265625 0.37916666666666676 0.6 0.37916666666666676 0.6 0.4218750000000001 0.62265625 0.4218750000000001
2 0.646875 0.33020833333333344 0.628125 0.33020833333333344 0.628125 0.3781250000000001 0.646875 0.3781250000000001
2 0.62421875 0.3416666666666668 0.6046875 0.3416666666666668 0.6046875 0.3906250000000001 0.62421875 0.3906250000000001
2 0.60703125 0.33958333333333346 0.59296875 0.33958333333333346 0.59296875 0.3781250000000001 0.60703125 0.3781250000000001
2 0.5984375 0.3510416666666668 0.58515625 0.3510416666666668 0.58515625 0.3885416666666668 0.5984375 0.3885416666666668
2 0.628125 0.3020833333333334 0.6078125 0.3020833333333334 0.6078125 0.34270833333333345 0.628125 0.34270833333333345
2 0.6078125 0.3093750000000001 0.59140625 0.3093750000000001 0.59140625 0.34791666666666676 0.6078125 0.34791666666666676
2 0.5921875 0.3104166666666668 0.5765625 0.3104166666666668 0.5765625 0.3489583333333334 0.5921875 0.3489583333333334
2 0.5765625 0.3156250000000001 0.56171875 0.3156250000000001 0.56171875 0.34791666666666676 0.5765625 0.34791666666666676
2 0.58125 0.2843750000000001 0.56640625 0.2843750000000001 0.56640625 0.31875000000000014 0.58125 0.31875000000000014
2 0.5921875 0.27708333333333346 0.57890625 0.27708333333333346 0.57890625 0.3072916666666668 0.5921875 0.3072916666666668
2 0.6078125 0.30104166666666676 0.596875 0.30104166666666676 0.596875 0.32083333333333347 0.6078125 0.32083333333333347
2 0.4875 0.3260416666666668 0.46796875 0.3260416666666668 0.46796875 0.3885416666666668 0.4875 0.3885416666666668
2 0.53671875 0.29270833333333346 0.5140625 0.29270833333333346 0.5140625 0.35208333333333347 0.53671875 0.35208333333333347
2 0.54765625 0.26770833333333344 0.52734375 0.26770833333333344 0.52734375 0.31666666666666676 0.54765625 0.31666666666666676
2 0.52109375 0.25000000000000006 0.5015625 0.25000000000000006 0.5015625 0.28333333333333344 0.52109375 0.28333333333333344
2 0.50703125 0.22500000000000006 0.4890625 0.22500000000000006 0.4890625 0.26041666666666674 0.50703125 0.26041666666666674
2 0.55703125 0.2604166666666668 0.54609375 0.2604166666666668 0.54609375 0.2937500000000001 0.55703125 0.2937500000000001
2 0.57734375 0.2604166666666668 0.56484375 0.2604166666666668 0.56484375 0.29270833333333346 0.57734375 0.29270833333333346
2 0.59375 0.2552083333333334 0.58203125 0.2552083333333334 0.58203125 0.2885416666666668 0.59375 0.2885416666666668
2 0.60546875 0.2843750000000001 0.59375 0.2843750000000001 0.59375 0.30625000000000013 0.60546875 0.30625000000000013
2 0.49609375 0.20520833333333338 0.48515625 0.20520833333333338 0.48515625 0.22812500000000005 0.49609375 0.22812500000000005
2 0.5640625 0.20416666666666677 0.55390625 0.20416666666666677 0.55390625 0.23020833333333346 0.5640625 0.23020833333333346
2 0.57109375 0.21979166666666677 0.55859375 0.21979166666666677 0.55859375 0.24583333333333346 0.57109375 0.24583333333333346
2 0.54609375 0.2218750000000001 0.5359375 0.22187500000000007 0.5359375 0.24270833333333341 0.54609375 0.24270833333333344
2 0.55625 0.18333333333333346 0.54453125 0.18333333333333346 0.54453125 0.2031250000000001 0.55625 0.2031250000000001
2 0.51484375 0.13437500000000005 0.50625 0.13437500000000005 0.50625 0.15833333333333338 0.51484375 0.15833333333333338
2 0.5171875 0.11562500000000009 0.50625 0.11562500000000009 0.50625 0.1395833333333334 0.5171875 0.1395833333333334
2 0.5265625 0.15729166666666672 0.51875 0.15729166666666672 0.51875 0.17395833333333338 0.5265625 0.17395833333333338
2 0.5203125 0.15937500000000007 0.50859375 0.15937500000000007 0.50859375 0.1822916666666667 0.5203125 0.1822916666666667
2 0.54140625 0.17395833333333338 0.5328125 0.17395833333333338 0.5328125 0.18437500000000007 0.54140625 0.18437500000000007
1 0.4703125 0.11041666666666676 0.46015625 0.11041666666666676 0.46015625 0.11979166666666675 0.4703125 0.11979166666666675
1 0.475 0.11354166666666675 0.45859375 0.11354166666666675 0.45859375 0.1312500000000001 0.475 0.1312500000000001
1 0.46796875 0.12395833333333342 0.4546875 0.12395833333333342 0.4546875 0.13437500000000005 0.46796875 0.13437500000000005
1 0.4765625 0.1333333333333334 0.4640625 0.1333333333333334 0.4640625 0.15000000000000005 0.4765625 0.15000000000000005
3 0.4734375 0.14479166666666674 0.45546875 0.14479166666666674 0.45546875 0.18541666666666673 0.4734375 0.18541666666666673
1 0.484375 0.14791666666666672 0.4671875 0.14791666666666672 0.4671875 0.18437500000000007 0.484375 0.18437500000000007
3 0.509375 0.09791666666666675 0.478125 0.09791666666666675 0.478125 0.16250000000000006 0.509375 0.16250000000000006
1 0.475 0.1708333333333334 0.45859375 0.1708333333333334 0.45859375 0.1927083333333334 0.475 0.1927083333333334
1 0.48359375 0.1802083333333334 0.46328125 0.1802083333333334 0.46328125 0.21562500000000007 0.48359375 0.21562500000000007
1 0.503125 0.15625000000000006 0.4875 0.15625000000000006 0.4875 0.17916666666666672 0.503125 0.17916666666666672
1 0.51484375 0.1677083333333334 0.496875 0.1677083333333334 0.496875 0.19375000000000006 0.51484375 0.19375000000000006
1 0.50625 0.1833333333333334 0.49140625 0.1833333333333334 0.49140625 0.20520833333333338 0.50625 0.20520833333333338
1 0.51796875 0.18854166666666672 0.49921875 0.18854166666666672 0.49921875 0.21250000000000005 0.51796875 0.21250000000000005
1 0.51328125 0.20416666666666672 0.49375 0.20416666666666672 0.49375 0.2333333333333334 0.51328125 0.2333333333333334
1 0.53046875 0.20937500000000006 0.50625 0.20937500000000006 0.50625 0.2458333333333334 0.53046875 0.2458333333333334
1 0.484375 0.21041666666666672 0.45625 0.21041666666666672 0.45625 0.25000000000000006 0.484375 0.25000000000000006
1 0.4953125 0.2239583333333334 0.4671875 0.2239583333333334 0.4671875 0.2864583333333334 0.4953125 0.2864583333333334
1 0.534375 0.23645833333333338 0.5078125 0.23645833333333338 0.5078125 0.2864583333333334 0.534375 0.2864583333333334
1 0.5640625 0.22604166666666675 0.5421875 0.22604166666666672 0.5421875 0.27187500000000014 0.5640625 0.27187500000000014
1 0.5546875 0.18541666666666676 0.5265625 0.18541666666666673 0.5265625 0.22812500000000008 0.5546875 0.2281250000000001
1 0.51015625 0.2645833333333334 0.47890625 0.2645833333333334 0.47890625 0.32708333333333345 0.51015625 0.32708333333333345
1 0.5234375 0.2864583333333334 0.4875 0.2864583333333334 0.4875 0.3541666666666668 0.5234375 0.3541666666666668
1 0.525 0.3312500000000001 0.484375 0.3312500000000001 0.484375 0.4114583333333334 0.525 0.4114583333333334
1 0.54375 0.3854166666666668 0.49296875 0.3854166666666668 0.49296875 0.47500000000000014 0.54375 0.47500000000000014
1 0.54453125 0.4385416666666668 0.48203125 0.4385416666666668 0.48203125 0.5697916666666667 0.54453125 0.5697916666666667
1 0.5328125 0.2333333333333334 0.50859375 0.2333333333333334 0.50859375 0.2864583333333334 0.5328125 0.2864583333333334
1 0.5640625 0.3072916666666668 0.53359375 0.3072916666666668 0.53359375 0.38125000000000014 0.5640625 0.38125000000000014
1 0.5921875 0.35208333333333347 0.5515625 0.35208333333333347 0.5515625 0.4270833333333334 0.5921875 0.4270833333333334
1 0.61875 0.39270833333333344 0.5609375 0.39270833333333344 0.5609375 0.4916666666666668 0.61875 0.4916666666666668
1 0.6546875 0.47083333333333344 0.58984375 0.47083333333333344 0.58984375 0.625 0.6546875 0.625
1 0.56796875 0.5312500000000001 0.50234375 0.5312500000000001 0.50234375 0.671875 0.56796875 0.671875
1 0.625 0.634375 0.5453125 0.634375 0.5453125 0.8177083333333334 0.625 0.8177083333333334
1 0.6257812500000001 0.771875 0.52421875 0.771875 0.5242187500000001 1 0.6257812500000002 1
3 0.775 0.5635416666666668 0.6203125 0.5635416666666667 0.6203125 0.8885416666666668 0.775 0.8885416666666669
3 0.84921875 0.7812500000000001 0.6765625 0.78125 0.6765625000000001 1.0000000000000002 0.84921875 1.0000000000000002
1 0.8765625 0.6750000000000003 0.75703125 0.6750000000000003 0.75703125 0.9291666666666669 0.8765625 0.9291666666666669
1 0.7875 0.5020833333333334 0.6796875 0.5020833333333334 0.6796875 0.6843750000000001 0.7875 0.6843750000000003
2 0.7578125 0.6322916666666668 0.7234375 0.6322916666666667 0.7234375 0.7156250000000001 0.7578125 0.7156250000000003