2 0.2093750000000001 0.7208333333333333 0.17500000000000004 0.7208333333333333 0.17500000000000007 0.8604166666666667 0.2093750000000001 0.8604166666666667
1 0.48203125 0.6395833333333333 0.3828125000000001 0.6395833333333333 0.3828125000000001 0.8802083333333334 0.48203125 0.8802083333333334
2 0.47109375 0.571875 0.41875 0.571875 0.41875 0.6552083333333333 0.47109375 0.6552083333333333
1 0.3148437500000001 0.5364583333333334 0.2195312500000001 0.5364583333333334 0.2195312500000001 0.721875 0.3148437500000001 0.721875
2 0.31718750000000007 0.4895833333333333 0.2578125000000001 0.4895833333333333 0.2578125000000001 0.5427083333333333 0.31718750000000007 0.5427083333333333
2 0.33203125000000006 0.41354166666666664 0.30703125 0.41354166666666664 0.30703125000000003 0.5166666666666667 0.3320312500000001 0.5166666666666667
1 0.39765625000000004 0.38854166666666673 0.33125 0.3885416666666667 0.33125000000000004 0.49687500000000007 0.3976562500000001 0.4968750000000001
2 0.3609375 0.36875 0.33359375 0.36875 0.33359375 0.4197916666666667 0.3609375 0.4197916666666667
1 0.4734375 0.37083333333333346 0.3984375 0.37083333333333346 0.3984375 0.4666666666666668 0.4734375 0.4666666666666668
2 0.428125 0.3416666666666668 0.39609375 0.3416666666666668 0.39609375 0.41041666666666676 0.428125 0.41041666666666676
2 0.40390625 0.3468750000000001 0.36640625 0.3468750000000001 0.36640625 0.39895833333333347 0.40390625 0.39895833333333347
2 0.43671875 0.30520833333333347 0.4078125 0.30520833333333347 0.4078125 0.35312500000000013 0.43671875 0.35312500000000013
2 0.43515625 0.2822916666666668 0.4078125 0.2822916666666668 0.4078125 0.31875000000000014 0.43515625 0.31875000000000014
2 0.53828125 0.18958333333333338 0.50546875 0.18958333333333338 0.50546875 0.24166666666666672 0.53828125 0.24166666666666672
2 0.50703125 0.15000000000000005 0.47109375 0.15000000000000005 0.47109375 0.2145833333333334 0.50703125 0.2145833333333334
1 0.5375 0.3072916666666668 0.4640625 0.3072916666666668 0.4640625 0.42812500000000014 0.5375 0.42812500000000014
1 0.503125 0.4479166666666668 0.4296875 0.4479166666666668 0.4296875 0.5791666666666667 0.503125 0.5791666666666667
1 0.43515625 0.4458333333333334 0.353125 0.44583333333333336 0.353125 0.5947916666666667 0.43515625 0.5947916666666667
1 0.3843750000000001 0.6510416666666666 0.2445312500000001 0.6510416666666666 0.2445312500000001 0.871875 0.3843750000000001 0.871875