2 0.28593750000000007 0.571875 0.2312500000000001 0.571875 0.2312500000000001 0.6989583333333333 0.28593750000000007 0.6989583333333333
2 0.2062500000000001 0.721875 0.13437500000000005 0.721875 0.13437500000000008 0.8677083333333333 0.2062500000000001 0.8677083333333333
2 0.2328125000000001 0.796875 0.17968750000000008 0.796875 0.17968750000000008 0.9197916666666667 0.2328125000000001 0.9197916666666667
2 0.1906250000000001 0.8802083333333334 0.14062500000000008 0.8802083333333334 0.14062500000000008 1 0.1906250000000001 1
2 0.1476562500000001 0.953125 0.10937500000000008 0.953125 0.10937500000000008 1 0.1476562500000001 1
2 0.5125 0.3729166666666668 0.48125 0.3729166666666668 0.48125 0.4447916666666668 0.5125 0.4447916666666668
2 0.42421875 0.30520833333333347 0.390625 0.30520833333333347 0.390625 0.36354166666666676 0.42421875 0.36354166666666676
2 0.378125 0.35416666666666674 0.35703125 0.3541666666666667 0.35703125 0.42500000000000004 0.378125 0.4250000000000001
2 0.40546875 0.34583333333333344 0.38671875 0.34583333333333344 0.38671875 0.42604166666666676 0.40546875 0.42604166666666676
2 0.3421875000000001 0.79375 0.3281250000000001 0.79375 0.3281250000000001 0.90625 0.3421875000000001 0.90625
2 0.49609375 0.1333333333333334 0.48671875 0.1333333333333334 0.48671875 0.15937500000000007 0.49609375 0.15937500000000007
2 0.51640625 0.12083333333333342 0.5125 0.12083333333333342 0.5125 0.13437500000000005 0.51640625 0.13437500000000005
2 0.51953125 0.11354166666666675 0.51640625 0.11354166666666675 0.51640625 0.1281250000000001 0.51953125 0.1281250000000001
2 0.51484375 0.10729166666666676 0.51171875 0.10729166666666676 0.51171875 0.11979166666666675 0.51484375 0.11979166666666675
2 0.51328125 0.10312500000000009 0.5078125 0.10312500000000009 0.5078125 0.11770833333333343 0.51328125 0.11770833333333343
1 0.3648437500000001 0.6041666666666666 0.26640625000000007 0.6041666666666666 0.26640625000000007 0.8260416666666667 0.3648437500000001 0.8260416666666667
1 0.3085937500000001 0.834375 0.17968750000000008 0.834375 0.17968750000000008 1 0.3085937500000001 1
1 0.47890625 0.5072916666666668 0.41171875 0.5072916666666668 0.41171875 0.5875 0.47890625 0.5875
1 0.43984375 0.38333333333333347 0.38515625 0.38333333333333347 0.38515625 0.4697916666666668 0.43984375 0.4697916666666668
1 0.50234375 0.4479166666666668 0.45 0.4479166666666668 0.45 0.5552083333333333 0.50234375 0.5552083333333333
1 0.5265625 0.19166666666666674 0.49609375 0.19166666666666674 0.49609375 0.23854166666666674 0.5265625 0.23854166666666674
1 0.540625 0.12083333333333342 0.525 0.12083333333333342 0.525 0.14270833333333338 0.540625 0.14270833333333338
1 0.5265625 0.13229166666666675 0.50859375 0.13229166666666675 0.50859375 0.16562500000000005 0.5265625 0.16562500000000005
1 0.509375 0.11666666666666675 0.496875 0.11666666666666675 0.496875 0.14166666666666672 0.509375 0.14166666666666672
1 0.50078125 0.09687500000000009 0.48984375 0.09687500000000009 0.48984375 0.11458333333333343 0.50078125 0.11458333333333343
3 0.4398437500000001 0.928125 0.3085937500000001 0.928125 0.3085937500000001 1 0.4398437500000002 1
3 0.4867187500000001 0.5854166666666667 0.3398437500000001 0.5854166666666667 0.3398437500000001 1 0.4867187500000002 1