1 0.7781250000000001 0.7843750000000002 0.66796875 0.784375 0.6679687500000001 1.0000000000000002 0.7781250000000002 1.0000000000000002
1 0.628125 0.8197916666666667 0.54140625 0.8197916666666667 0.5414062500000001 1 0.6281250000000002 1
1 0.60703125 0.6239583333333333 0.5234375 0.6239583333333333 0.5234375 0.796875 0.60703125 0.796875
1 0.69765625 0.6041666666666666 0.61328125 0.6041666666666666 0.61328125 0.7989583333333333 0.69765625 0.7989583333333333
1 0.73203125 0.4822916666666668 0.64765625 0.4822916666666668 0.64765625 0.6479166666666668 0.73203125 0.6479166666666669
1 0.6546875 0.4979166666666668 0.58203125 0.4979166666666668 0.58203125 0.6052083333333333 0.6546875 0.6052083333333333
1 0.628125 0.41041666666666676 0.5734375 0.41041666666666676 0.5734375 0.5218750000000001 0.628125 0.5218750000000001
1 0.6078125 0.35520833333333346 0.55625 0.35520833333333346 0.55625 0.4229166666666668 0.6078125 0.4229166666666668
1 0.578125 0.31875000000000014 0.5390625 0.31875000000000014 0.5390625 0.3750000000000001 0.578125 0.3750000000000001
1 0.5609375 0.2760416666666668 0.52734375 0.2760416666666668 0.52734375 0.33229166666666676 0.5609375 0.33229166666666676
3 0.534375 0.2760416666666668 0.48125 0.2760416666666668 0.48125 0.3593750000000001 0.534375 0.3593750000000001
1 0.53125 0.24375000000000005 0.5078125 0.24375000000000005 0.5078125 0.28541666666666676 0.53125 0.28541666666666676
1 0.54296875 0.23854166666666674 0.51875 0.23854166666666674 0.51875 0.2781250000000001 0.54296875 0.2781250000000001
1 0.5421875 0.21562500000000007 0.515625 0.21562500000000007 0.515625 0.25000000000000006 0.5421875 0.25000000000000006
3 0.515625 0.2135416666666667 0.4703125 0.2135416666666667 0.4703125 0.29270833333333346 0.515625 0.29270833333333346
1 0.5203125 0.1958333333333334 0.49453125 0.1958333333333334 0.49453125 0.23645833333333338 0.5203125 0.23645833333333338
1 0.4875 0.21041666666666672 0.46328125 0.21041666666666672 0.46328125 0.25312500000000004 0.4875 0.25312500000000004
1 0.546875 0.19583333333333341 0.521875 0.1958333333333334 0.521875 0.23020833333333343 0.546875 0.23020833333333346
1 0.5140625 0.17604166666666674 0.49453125 0.17604166666666674 0.49453125 0.20000000000000007 0.5140625 0.20000000000000007
1 0.5171875 0.15937500000000007 0.49765625 0.15937500000000007 0.49765625 0.1864583333333334 0.5171875 0.1864583333333334
2 0.48828125 0.1552083333333334 0.47890625 0.1552083333333334 0.47890625 0.17916666666666672 0.48828125 0.17916666666666672
1 0.4953125 0.15000000000000005 0.48046875 0.15000000000000005 0.48046875 0.1770833333333334 0.4953125 0.1770833333333334
1 0.47421875 0.14166666666666672 0.4578125 0.14166666666666672 0.4578125 0.1677083333333334 0.47421875 0.1677083333333334
0 0.71796875 0.29270833333333346 0.60234375 0.29270833333333346 0.60234375 0.5010416666666668 0.71796875 0.5010416666666668
3 0.565625 0.3854166666666668 0.4859375 0.3854166666666668 0.4859375 0.5760416666666667 0.565625 0.5760416666666667
3 0.54296875 0.3156250000000001 0.48984375 0.3156250000000001 0.48984375 0.42395833333333344 0.54296875 0.42395833333333344
2 0.6820312500000001 0.934375 0.6359375 0.934375 0.6359375 1 0.6820312500000002 1
2 0.53671875 0.7635416666666667 0.48671875 0.7635416666666667 0.48671875 0.875 0.53671875 0.875
2 0.63828125 0.759375 0.60078125 0.759375 0.60078125 0.871875 0.63828125 0.871875
2 0.86796875 0.8958333333333336 0.82421875 0.8958333333333336 0.82421875 0.9854166666666669 0.86796875 0.9854166666666669
2 0.8703125 0.9604166666666669 0.809375 0.9604166666666669 0.809375 1.0000000000000002 0.8703125 1.0000000000000002
2 0.8203125 0.8687500000000002 0.7765625 0.8687500000000002 0.7765625 0.9812500000000003 0.8203125 0.9812500000000003
2 0.92578125 0.9541666666666669 0.884375 0.9541666666666669 0.884375 1.0000000000000002 0.92578125 1.0000000000000002
2 0.996875 0.9500000000000003 0.9484375 0.9500000000000003 0.9484375 1.0000000000000002 0.996875 1.0000000000000002
2 0.96953125 0.8656250000000002 0.92734375 0.8656250000000002 0.92734375 0.9489583333333336 0.96953125 0.9489583333333336
2 0.93671875 0.9010416666666669 0.88125 0.9010416666666669 0.88125 0.9864583333333335 0.93671875 0.9864583333333335
2 0.89453125 0.8104166666666669 0.85859375 0.8104166666666669 0.85859375 0.9145833333333335 0.89453125 0.9145833333333335
2 0.86015625 0.8031250000000002 0.82109375 0.8031250000000002 0.82109375 0.8906250000000002 0.86015625 0.8906250000000002
2 0.80703125 0.7281250000000002 0.775 0.7281250000000002 0.775 0.8291666666666669 0.80703125 0.8291666666666669
2 0.8078125 0.7937500000000003 0.778125 0.7937500000000003 0.778125 0.8614583333333335 0.8078125 0.8614583333333335
2 0.7703125 0.7718750000000002 0.74140625 0.7718750000000002 0.74140625 0.8708333333333336 0.7703125 0.8708333333333336
2 0.8640625 0.7052083333333335 0.82421875 0.7052083333333335 0.82421875 0.8031250000000002 0.8640625 0.8031250000000002
2 0.83671875 0.7437500000000002 0.8 0.7437500000000002 0.8 0.8291666666666669 0.83671875 0.8291666666666669
2 0.84140625 0.6510416666666669 0.7921875 0.6510416666666669 0.7921875 0.7281250000000002 0.84140625 0.7281250000000002
2 0.81875 0.6947916666666669 0.7796875 0.6947916666666669 0.7796875 0.7635416666666669 0.81875 0.7635416666666669
2 0.7921875 0.6958333333333335 0.75078125 0.6958333333333335 0.75078125 0.7802083333333336 0.7921875 0.7802083333333336
2 0.7625 0.7072916666666668 0.7203125 0.7072916666666667 0.7203125 0.7895833333333334 0.7625 0.7895833333333335
2 0.77890625 0.6541666666666669 0.7390625 0.6541666666666669 0.7390625 0.7104166666666669 0.77890625 0.7104166666666669
2 0.74765625 0.6510416666666667 0.7078125 0.6510416666666666 0.7078125 0.7187500000000001 0.74765625 0.7187500000000002
2 0.76796875 0.5822916666666669 0.7296875 0.5822916666666669 0.7296875 0.6593750000000003 0.76796875 0.6593750000000003
2 0.71875 0.609375 0.68828125 0.609375 0.68828125 0.6916666666666667 0.71875 0.6916666666666667
2 0.628125 0.590625 0.5859375 0.590625 0.5859375 0.6604166666666667 0.628125 0.6604166666666667
2 0.6671875 0.5583333333333333 0.63671875 0.5583333333333333 0.63671875 0.6322916666666667 0.6671875 0.6322916666666667
2 0.58125 0.5770833333333333 0.55546875 0.5770833333333333 0.55546875 0.6416666666666667 0.58125 0.6416666666666667
2 0.58984375 0.4697916666666668 0.5578125 0.4697916666666668 0.5578125 0.5583333333333333 0.58984375 0.5583333333333333
2 0.57109375 0.43958333333333344 0.5484375 0.43958333333333344 0.5484375 0.48854166666666676 0.57109375 0.48854166666666676
2 0.56328125 0.3822916666666668 0.54140625 0.3822916666666668 0.54140625 0.42812500000000014 0.56328125 0.42812500000000014
2 0.5578125 0.3510416666666668 0.5375 0.3510416666666668 0.5375 0.3958333333333334 0.5578125 0.3958333333333334
2 0.49296875 0.37395833333333345 0.465625 0.37395833333333345 0.465625 0.42812500000000014 0.49296875 0.42812500000000014
2 0.5453125 0.3281250000000001 0.53125 0.3281250000000001 0.53125 0.3572916666666668 0.5453125 0.3572916666666668
2 0.4859375 0.11458333333333343 0.48046875 0.11458333333333343 0.48046875 0.12916666666666676 0.4859375 0.12916666666666676
2 0.49296875 0.10729166666666676 0.4875 0.10729166666666676 0.4875 0.12083333333333342 0.49296875 0.12083333333333342
2 0.50078125 0.10729166666666676 0.49609375 0.10729166666666676 0.49609375 0.12395833333333342 0.50078125 0.12395833333333342
2 0.496875 0.10312500000000009 0.49375 0.10312500000000009 0.49375 0.11875000000000009 0.496875 0.11875000000000009
2 0.5078125 0.10000000000000009 0.50078125 0.10000000000000009 0.50078125 0.11458333333333343 0.5078125 0.11458333333333343
2 0.51171875 0.0906250000000001 0.50546875 0.0906250000000001 0.50546875 0.10833333333333342 0.51171875 0.10833333333333342
2 0.49453125 0.09895833333333343 0.48984375 0.09895833333333343 0.48984375 0.11250000000000009 0.49453125 0.11250000000000009
2 0.5015625 0.09270833333333342 0.49765625 0.09270833333333342 0.49765625 0.10208333333333343 0.5015625 0.10208333333333343
2 0.50546875 0.08750000000000009 0.5015625 0.08750000000000009 0.5015625 0.09687500000000009 0.50546875 0.09687500000000009
2 0.50859375 0.09166666666666676 0.50546875 0.09166666666666676 0.50546875 0.09895833333333343 0.50859375 0.09895833333333343
2 0.50859375 0.11145833333333342 0.50078125 0.11145833333333342 0.50078125 0.13750000000000007 0.50859375 0.13750000000000007
2 0.4734375 0.10520833333333342 0.46875 0.10520833333333342 0.46875 0.11979166666666675 0.4734375 0.11979166666666675
2 0.4796875 0.10833333333333342 0.4765625 0.10833333333333342 0.4765625 0.12500000000000008 0.4796875 0.12500000000000008
2 0.4796875 0.1062500000000001 0.4765625 0.1062500000000001 0.4765625 0.12291666666666676 0.4796875 0.12291666666666676
2 0.490625 0.12083333333333342 0.48515625 0.12083333333333342 0.48515625 0.14062500000000006 0.490625 0.14062500000000006
2 0.5046875 0.14687500000000006 0.49765625 0.14687500000000006 0.49765625 0.16250000000000006 0.5046875 0.16250000000000006
2 0.51015625 0.14062500000000006 0.503125 0.14062500000000006 0.503125 0.15729166666666672 0.51015625 0.15729166666666672
2 0.51640625 0.1395833333333334 0.509375 0.1395833333333334 0.509375 0.15625000000000006 0.51640625 0.15625000000000006
2 0.51953125 0.13229166666666675 0.50859375 0.13229166666666675 0.50859375 0.14687500000000006 0.51953125 0.14687500000000006
2 0.484375 0.17812500000000006 0.471875 0.17812500000000006 0.471875 0.20416666666666672 0.484375 0.20416666666666672
2 0.4703125 0.1770833333333334 0.4578125 0.1770833333333334 0.4578125 0.20625000000000007 0.4703125 0.20625000000000007
2 0.515625 0.15937500000000007 0.50859375 0.15937500000000007 0.50859375 0.17812500000000006 0.515625 0.17812500000000006
2 0.52578125 0.16250000000000006 0.51953125 0.16250000000000006 0.51953125 0.18437500000000007 0.52578125 0.18437500000000007
2 0.52421875 0.15312500000000007 0.51484375 0.15312500000000007 0.51484375 0.1708333333333334 0.52421875 0.1708333333333334
2 0.525 0.1822916666666667 0.51640625 0.1822916666666667 0.51640625 0.20000000000000007 0.525 0.20000000000000007
2 0.48984375 0.20520833333333338 0.4828125 0.20520833333333338 0.4828125 0.22291666666666674 0.48984375 0.22291666666666674
2 0.56015625 0.20104166666666679 0.546875 0.20104166666666679 0.546875 0.23229166666666679 0.56015625 0.23229166666666679
2 0.55 0.2218750000000001 0.53828125 0.22187500000000007 0.53828125 0.2562500000000001 0.55 0.25625000000000014
2 0.56015625 0.23229166666666679 0.5484375 0.23229166666666679 0.5484375 0.2687500000000001 0.56015625 0.2687500000000001
2 0.57890625 0.23020833333333346 0.56796875 0.23020833333333346 0.56796875 0.2687500000000001 0.57890625 0.2687500000000001
2 0.59921875 0.26458333333333345 0.5859375 0.26458333333333345 0.5859375 0.2885416666666668 0.59921875 0.2885416666666668
2 0.5765625 0.2552083333333334 0.56484375 0.2552083333333334 0.56484375 0.2916666666666668 0.5765625 0.2916666666666668
2 0.56484375 0.2791666666666668 0.55390625 0.2791666666666668 0.55390625 0.29895833333333344 0.56484375 0.29895833333333344
2 0.553125 0.24895833333333342 0.54140625 0.2489583333333334 0.54140625 0.2791666666666668 0.553125 0.2791666666666668
2 0.57578125 0.29062500000000013 0.5578125 0.29062500000000013 0.5578125 0.3281250000000001 0.57578125 0.3281250000000001
2 0.58828125 0.2760416666666668 0.57578125 0.2760416666666668 0.57578125 0.3041666666666668 0.58828125 0.3041666666666668
2 0.5796875 0.2864583333333334 0.56328125 0.2864583333333334 0.56328125 0.3156250000000001 0.5796875 0.3156250000000001
2 0.61171875 0.2791666666666668 0.59453125 0.2791666666666668 0.59453125 0.3104166666666668 0.61171875 0.3104166666666668
2 0.60078125 0.29270833333333346 0.584375 0.29270833333333346 0.584375 0.31458333333333344 0.60078125 0.31458333333333344
2 0.5953125 0.30312500000000014 0.57734375 0.30312500000000014 0.57734375 0.3312500000000001 0.5953125 0.3312500000000001
2 0.58828125 0.3281250000000001 0.5703125 0.3281250000000001 0.5703125 0.35520833333333346 0.58828125 0.35520833333333346
2 0.59765625 0.3156250000000001 0.590625 0.3156250000000001 0.590625 0.3541666666666668 0.59765625 0.3541666666666668