2 0.2679687500000001 0.671875 0.21250000000000008 0.671875 0.21250000000000008 0.8208333333333333 0.2679687500000001 0.8208333333333333
2 0.3164062500000001 0.4875 0.2796875000000001 0.4875 0.2796875000000001 0.5833333333333334 0.3164062500000001 0.5833333333333334
2 0.440625 0.5010416666666668 0.41015625 0.5010416666666668 0.41015625 0.59375 0.440625 0.59375
2 0.46953125 0.4947916666666668 0.44609375 0.4947916666666668 0.44609375 0.578125 0.46953125 0.578125
2 0.35546875000000006 0.4083333333333333 0.3234375 0.4083333333333333 0.32343750000000004 0.4895833333333333 0.3554687500000001 0.4895833333333333
2 0.4765625 0.3729166666666668 0.45078125 0.3729166666666668 0.45078125 0.43958333333333344 0.4765625 0.43958333333333344
2 0.49609375 0.2614583333333334 0.4765625 0.2614583333333334 0.4765625 0.30312500000000014 0.49609375 0.30312500000000014
2 0.4671875 0.2593750000000001 0.45078125 0.2593750000000001 0.45078125 0.2864583333333334 0.4671875 0.2864583333333334
2 0.46328125 0.22291666666666674 0.44921875 0.22291666666666674 0.44921875 0.2583333333333334 0.46328125 0.2583333333333334
2 0.47421875 0.22083333333333338 0.465625 0.22083333333333338 0.465625 0.26041666666666674 0.47421875 0.26041666666666674
2 0.49296875 0.1645833333333334 0.48359375 0.1645833333333334 0.48359375 0.18958333333333338 0.49296875 0.18958333333333338
2 0.5015625 0.1708333333333334 0.49296875 0.1708333333333334 0.49296875 0.19479166666666672 0.5015625 0.19479166666666672
2 0.50546875 0.1395833333333334 0.5 0.1395833333333334 0.5 0.15625000000000006 0.50546875 0.15625000000000006
2 0.50390625 0.1552083333333334 0.4953125 0.1552083333333334 0.4953125 0.1770833333333334 0.50390625 0.1770833333333334
2 0.51328125 0.09791666666666675 0.509375 0.09791666666666675 0.509375 0.11041666666666676 0.51328125 0.11041666666666676
2 0.52109375 0.11250000000000009 0.515625 0.11250000000000009 0.515625 0.12291666666666676 0.52109375 0.12291666666666676
2 0.51171875 0.12500000000000008 0.50390625 0.12500000000000008 0.50390625 0.13750000000000007 0.51171875 0.13750000000000007
2 0.50859375 0.1062500000000001 0.5015625 0.1062500000000001 0.5015625 0.12083333333333342 0.50859375 0.12083333333333342
2 0.5 0.10000000000000009 0.49453125 0.10000000000000009 0.49453125 0.11250000000000009 0.5 0.11250000000000009
1 0.3773437500000001 0.5760416666666667 0.2812500000000001 0.5760416666666667 0.2812500000000001 0.778125 0.3773437500000001 0.778125
1 0.49375 0.5770833333333333 0.4109375 0.5770833333333333 0.4109375 0.7708333333333334 0.49375 0.7708333333333334
1 0.42109375 0.4416666666666667 0.35859375 0.44166666666666665 0.35859375000000004 0.5489583333333333 0.42109375 0.5489583333333333
1 0.51328125 0.3854166666666668 0.46484375 0.3854166666666668 0.46484375 0.4791666666666668 0.51328125 0.4791666666666668
1 0.453125 0.3406250000000001 0.40078125 0.3406250000000001 0.40078125 0.43020833333333347 0.453125 0.43020833333333347
1 0.47890625 0.2822916666666668 0.4421875 0.2822916666666668 0.4421875 0.3447916666666668 0.47890625 0.3447916666666668
1 0.4453125 0.24375000000000005 0.40703125 0.24375000000000005 0.40703125 0.3135416666666668 0.4453125 0.3135416666666668
1 0.53515625 0.2395833333333334 0.50625 0.2395833333333334 0.50625 0.2979166666666668 0.53515625 0.2979166666666668
1 0.50078125 0.22604166666666672 0.47109375 0.22604166666666672 0.47109375 0.2687500000000001 0.50078125 0.2687500000000001
1 0.49921875 0.19479166666666672 0.47578125 0.19479166666666672 0.47578125 0.22812500000000005 0.49921875 0.22812500000000005
1 0.525 0.15416666666666673 0.50546875 0.15416666666666673 0.50546875 0.18750000000000006 0.525 0.18750000000000006
1 0.52109375 0.14270833333333338 0.50546875 0.14270833333333338 0.50546875 0.15625000000000006 0.52109375 0.15625000000000006
1 0.52421875 0.13020833333333343 0.51015625 0.13020833333333343 0.51015625 0.14062500000000006 0.52421875 0.14062500000000006
3 0.471875 0.17812500000000006 0.4390625 0.17812500000000006 0.4390625 0.23437500000000006 0.471875 0.23437500000000006
1 0.17343750000000008 0.8947916666666667 0.02656250000000008 0.8947916666666667 0.026562500000000083 1 0.17343750000000008 1
2 0.5234375 0.12291666666666676 0.5171875 0.12291666666666676 0.5171875 0.12916666666666676 0.5234375 0.12916666666666676