1 0.46875 0.30833333333333346 0.4359375 0.30833333333333346 0.4359375 0.3916666666666668 0.46875 0.3916666666666668
1 0.4921875 0.2302083333333334 0.4703125 0.2302083333333334 0.4703125 0.2760416666666668 0.4921875 0.2760416666666668
1 0.53125 0.18541666666666673 0.50703125 0.18541666666666673 0.50703125 0.2270833333333334 0.53125 0.2270833333333334
3 0.5296875 0.11562500000000009 0.5125 0.11562500000000009 0.5125 0.1552083333333334 0.5296875 0.1552083333333334
2 0.5171875 0.11666666666666675 0.50078125 0.11666666666666675 0.50078125 0.13854166666666673 0.5171875 0.13854166666666673
2 0.51640625 0.10729166666666676 0.5046875 0.10729166666666676 0.5046875 0.12291666666666676 0.51640625 0.12291666666666676
2 0.50625 0.16562500000000005 0.4875 0.16562500000000005 0.4875 0.18750000000000006 0.50625 0.18750000000000006
2 0.5078125 0.14479166666666674 0.49765625 0.14479166666666674 0.49765625 0.1677083333333334 0.5078125 0.1677083333333334
2 0.50234375 0.11666666666666675 0.49296875 0.11666666666666675 0.49296875 0.13229166666666675 0.50234375 0.13229166666666675
2 0.49921875 0.1062500000000001 0.4890625 0.1062500000000001 0.4890625 0.12500000000000008 0.49921875 0.12500000000000008
2 0.478125 0.17604166666666674 0.4625 0.17604166666666674 0.4625 0.1989583333333334 0.478125 0.1989583333333334
2 0.3609375 0.38125 0.32890625 0.38125 0.32890625 0.4510416666666667 0.3609375 0.4510416666666667
2 0.26640625000000007 0.5791666666666667 0.2335937500000001 0.5791666666666667 0.2335937500000001 0.6760416666666667 0.26640625000000007 0.6760416666666667
2 0.31718750000000007 0.771875 0.2578125000000001 0.771875 0.2578125000000001 0.9145833333333333 0.31718750000000007 0.9145833333333333
2 0.12343750000000009 0.9510416666666667 0.05703125000000009 0.9510416666666667 0.05703125000000009 1 0.12343750000000009 1