2 0.97265625 0.9406250000000003 0.93125 0.9406250000000003 0.93125 1.0000000000000002 0.97265625 1.0000000000000002
2 0.9140625 0.8093750000000003 0.853125 0.8093750000000003 0.853125 0.9875000000000003 0.9140625 0.9875000000000003
2 0.84765625 0.8364583333333335 0.79765625 0.8364583333333335 0.7976562500000001 1.0000000000000002 0.84765625 1.0000000000000002
2 0.7398437500000001 0.9312500000000001 0.703125 0.93125 0.7031250000000001 1.0000000000000002 0.7398437500000001 1.0000000000000002
2 0.8140625 0.6875000000000002 0.77421875 0.6875000000000002 0.77421875 0.8114583333333336 0.8140625 0.8114583333333336
2 0.75859375 0.6447916666666668 0.72265625 0.6447916666666667 0.72265625 0.7718750000000001 0.75859375 0.7718750000000002
2 0.76015625 0.5937500000000002 0.73125 0.5937500000000002 0.73125 0.6833333333333336 0.76015625 0.6833333333333336
1 0.7359375 0.5979166666666668 0.62890625 0.5979166666666667 0.62890625 0.8406250000000001 0.7359375 0.8406250000000003
2 0.71484375 0.575 0.684375 0.575 0.684375 0.6697916666666667 0.71484375 0.6697916666666667
2 0.67109375 0.559375 0.63828125 0.559375 0.63828125 0.6197916666666666 0.67109375 0.6197916666666666
2 0.6265625 0.5697916666666667 0.58828125 0.5697916666666667 0.58828125 0.6770833333333334 0.6265625 0.6770833333333334
1 0.58125 0.49583333333333346 0.51171875 0.49583333333333346 0.51171875 0.6666666666666666 0.58125 0.6666666666666666
2 0.584375 0.4895833333333334 0.553125 0.4895833333333334 0.553125 0.5760416666666667 0.584375 0.5760416666666667
2 0.640625 0.49270833333333347 0.6140625 0.49270833333333347 0.6140625 0.5833333333333334 0.640625 0.5833333333333334
2 0.61484375 0.4854166666666668 0.58359375 0.4854166666666668 0.58359375 0.5802083333333333 0.61484375 0.5802083333333333
2 0.70625 0.5270833333333335 0.6828125 0.5270833333333335 0.6828125 0.6010416666666667 0.70625 0.6010416666666667
2 0.696875 0.45208333333333345 0.67890625 0.45208333333333345 0.67890625 0.54375 0.696875 0.54375
2 0.66875 0.42395833333333344 0.65 0.42395833333333344 0.65 0.5031250000000002 0.66875 0.5031250000000002
1 0.6265625 0.4031250000000001 0.58046875 0.4031250000000001 0.58046875 0.49895833333333345 0.6265625 0.49895833333333345
2 0.6375 0.3937500000000001 0.62109375 0.3937500000000001 0.62109375 0.4541666666666668 0.6375 0.4541666666666668
2 0.61640625 0.35208333333333347 0.6 0.35208333333333347 0.6 0.40208333333333346 0.61640625 0.40208333333333346
2 0.6546875 0.3875000000000001 0.6390625 0.3875000000000001 0.6390625 0.45729166666666676 0.6546875 0.45729166666666676
2 0.65078125 0.36562500000000014 0.63125 0.36562500000000014 0.63125 0.3906250000000001 0.65078125 0.3906250000000001
2 0.62578125 0.32187500000000013 0.6078125 0.32187500000000013 0.6078125 0.3718750000000001 0.62578125 0.3718750000000001
2 0.5703125 0.38437500000000013 0.55390625 0.38437500000000013 0.55390625 0.44583333333333347 0.5703125 0.44583333333333347
2 0.5609375 0.42083333333333345 0.54609375 0.42083333333333345 0.54609375 0.49375000000000013 0.5609375 0.49375000000000013
2 0.5859375 0.43645833333333345 0.56796875 0.43645833333333345 0.56796875 0.5072916666666668 0.5859375 0.5072916666666668
2 0.60546875 0.2812500000000001 0.59375 0.2812500000000001 0.59375 0.32708333333333345 0.60546875 0.32708333333333345
1 0.596875 0.2812500000000001 0.55859375 0.2812500000000001 0.55859375 0.3468750000000001 0.596875 0.3468750000000001
2 0.58359375 0.27187500000000014 0.57578125 0.27187500000000014 0.57578125 0.2822916666666668 0.58359375 0.2822916666666668
2 0.56328125 0.2760416666666668 0.553125 0.2760416666666668 0.553125 0.3020833333333334 0.56328125 0.3020833333333334
1 0.5703125 0.23541666666666677 0.5484375 0.23541666666666677 0.5484375 0.2885416666666668 0.5703125 0.2885416666666668
2 0.55703125 0.2635416666666668 0.546875 0.2635416666666668 0.546875 0.2968750000000001 0.55703125 0.2968750000000001
2 0.5484375 0.25208333333333344 0.5359375 0.2520833333333334 0.5359375 0.2916666666666668 0.5484375 0.2916666666666668
1 0.52421875 0.3489583333333334 0.4859375 0.3489583333333334 0.4859375 0.44687500000000013 0.52421875 0.44687500000000013
2 0.51796875 0.32083333333333347 0.50703125 0.32083333333333347 0.50703125 0.35833333333333345 0.51796875 0.35833333333333345
2 0.5859375 0.2447916666666668 0.578125 0.2447916666666668 0.578125 0.27500000000000013 0.5859375 0.27500000000000013
2 0.5765625 0.23541666666666677 0.56640625 0.23541666666666677 0.56640625 0.26979166666666676 0.5765625 0.26979166666666676
2 0.5671875 0.21979166666666677 0.55859375 0.21979166666666677 0.55859375 0.2437500000000001 0.5671875 0.2437500000000001
2 0.56015625 0.21666666666666679 0.5484375 0.21666666666666679 0.5484375 0.24270833333333344 0.56015625 0.24270833333333344
2 0.50234375 0.26250000000000007 0.49140625 0.26250000000000007 0.49140625 0.3000000000000001 0.50234375 0.3000000000000001
2 0.49140625 0.2666666666666668 0.47890625 0.2666666666666668 0.47890625 0.29583333333333345 0.49140625 0.29583333333333345
2 0.5078125 0.22500000000000006 0.49453125 0.22500000000000006 0.49453125 0.26979166666666676 0.5078125 0.26979166666666676
3 0.49375 0.18541666666666673 0.45859375 0.18541666666666673 0.45859375 0.2708333333333334 0.49375 0.2708333333333334
2 0.4640625 0.21562500000000007 0.4578125 0.21562500000000007 0.4578125 0.25312500000000004 0.4640625 0.25312500000000004
2 0.45859375 0.2083333333333334 0.45 0.2083333333333334 0.45 0.24375000000000005 0.45859375 0.24375000000000005
2 0.5046875 0.21041666666666672 0.49765625 0.21041666666666672 0.49765625 0.23125000000000007 0.5046875 0.23125000000000007
2 0.49921875 0.1979166666666667 0.49453125 0.1979166666666667 0.49453125 0.21562500000000007 0.49921875 0.21562500000000007
1 0.5140625 0.1822916666666667 0.49765625 0.1822916666666667 0.49765625 0.21562500000000007 0.5140625 0.21562500000000007
2 0.51953125 0.17812500000000006 0.51328125 0.17812500000000006 0.51328125 0.19375000000000006 0.51953125 0.19375000000000006
2 0.5 0.18541666666666673 0.49375 0.18541666666666673 0.49375 0.21041666666666672 0.5 0.21041666666666672
2 0.49375 0.18125000000000005 0.48671875 0.18125000000000005 0.48671875 0.2020833333333334 0.49375 0.2020833333333334
3 0.48046875 0.14791666666666672 0.4578125 0.14791666666666672 0.4578125 0.20520833333333338 0.48046875 0.20520833333333338
2 0.4609375 0.16875000000000007 0.45703125 0.16875000000000007 0.45703125 0.19166666666666674 0.4609375 0.19166666666666674
1 0.55625 0.1739583333333334 0.521875 0.17395833333333338 0.521875 0.23020833333333343 0.55625 0.23020833333333346
2 0.53046875 0.16875000000000007 0.52578125 0.16875000000000007 0.52578125 0.17812500000000006 0.53046875 0.17812500000000006
1 0.52734375 0.16875000000000007 0.50703125 0.16875000000000007 0.50703125 0.1802083333333334 0.52734375 0.1802083333333334
2 0.52578125 0.15833333333333338 0.51953125 0.15833333333333338 0.51953125 0.1677083333333334 0.52578125 0.1677083333333334
1 0.49765625 0.16354166666666672 0.48359375 0.16354166666666672 0.48359375 0.18541666666666673 0.49765625 0.18541666666666673
1 0.4953125 0.14791666666666672 0.48046875 0.14791666666666672 0.48046875 0.16041666666666674 0.4953125 0.16041666666666674
1 0.50390625 0.1395833333333334 0.49140625 0.1395833333333334 0.49140625 0.1614583333333334 0.50390625 0.1614583333333334
2 0.509375 0.1395833333333334 0.5046875 0.1395833333333334 0.5046875 0.15833333333333338 0.509375 0.15833333333333338
2 0.51484375 0.14479166666666674 0.509375 0.14479166666666674 0.509375 0.15833333333333338 0.51484375 0.15833333333333338
1 0.50703125 0.17187500000000006 0.49609375 0.17187500000000006 0.49609375 0.18541666666666673 0.50703125 0.18541666666666673
2 0.5015625 0.15729166666666672 0.49609375 0.15729166666666672 0.49609375 0.16875000000000007 0.5015625 0.16875000000000007
2 0.503125 0.12916666666666676 0.4984375 0.12916666666666676 0.4984375 0.14166666666666672 0.503125 0.14166666666666672
1 0.48671875 0.12500000000000008 0.4765625 0.12500000000000008 0.4765625 0.1489583333333334 0.48671875 0.1489583333333334
2 0.490625 0.11666666666666675 0.48671875 0.11666666666666675 0.48671875 0.1312500000000001 0.490625 0.1312500000000001
2 0.5 0.12083333333333342 0.496875 0.12083333333333342 0.496875 0.12916666666666676 0.5 0.12916666666666676
2 0.5078125 0.11979166666666675 0.50390625 0.11979166666666675 0.50390625 0.13020833333333343 0.5078125 0.13020833333333343
2 0.48359375 0.11458333333333343 0.48046875 0.11458333333333343 0.48046875 0.12604166666666675 0.48359375 0.12604166666666675
2 0.48515625 0.10729166666666676 0.47890625 0.10729166666666676 0.47890625 0.12395833333333342 0.48515625 0.12395833333333342
2 0.49140625 0.10416666666666675 0.48671875 0.10416666666666675 0.48671875 0.11458333333333343 0.49140625 0.11458333333333343
2 0.49765625 0.1062500000000001 0.4921875 0.1062500000000001 0.4921875 0.11770833333333343 0.49765625 0.11770833333333343
2 0.4984375 0.10104166666666675 0.49453125 0.10104166666666675 0.49453125 0.10729166666666676 0.4984375 0.10729166666666676
2 0.5015625 0.10104166666666675 0.4984375 0.10104166666666675 0.4984375 0.10729166666666676 0.5015625 0.10729166666666676
1 0.475 0.10729166666666676 0.46484375 0.10729166666666676 0.46484375 0.12916666666666676 0.475 0.12916666666666676
1 0.53125 0.20625000000000007 0.51171875 0.20625000000000007 0.51171875 0.2489583333333334 0.53125 0.2489583333333334
1 0.52890625 0.23125000000000007 0.5078125 0.23125000000000007 0.5078125 0.26979166666666676 0.52890625 0.26979166666666676
1 0.5125 0.29583333333333345 0.47578125 0.29583333333333345 0.47578125 0.3593750000000001 0.5125 0.3593750000000001
1 0.5390625 0.25729166666666675 0.51015625 0.25729166666666675 0.51015625 0.30625000000000013 0.5390625 0.30625000000000013
1 0.5578125 0.2916666666666668 0.5203125 0.2916666666666668 0.5203125 0.3625000000000001 0.5578125 0.3625000000000001
1 0.63203125 0.7614583333333333 0.521875 0.7614583333333333 0.5218750000000001 1 0.6320312500000002 1