3 0.5109375 0.08125000000000009 0.5015625 0.08125000000000009 0.5015625 0.10520833333333342 0.5109375 0.10520833333333342
2 0.5015625 0.10208333333333343 0.496875 0.10208333333333343 0.496875 0.11562500000000009 0.5015625 0.11562500000000009
2 0.5078125 0.11041666666666676 0.50234375 0.11041666666666676 0.50234375 0.11875000000000009 0.5078125 0.11875000000000009
2 0.4984375 0.12083333333333342 0.49375 0.12083333333333342 0.49375 0.1395833333333334 0.4984375 0.1395833333333334
2 0.10156250000000008 0.9864583333333333 0.07656250000000009 0.9864583333333333 0.07656250000000009 1 0.10156250000000008 1
2 0.1437500000000001 0.984375 0.12343750000000009 0.984375 0.12343750000000009 1 0.1437500000000001 1
2 0.49453125 0.10416666666666675 0.4890625 0.10416666666666675 0.4890625 0.11875000000000009 0.49453125 0.11875000000000009
2 0.22031250000000008 0.7125 0.17812500000000003 0.7125 0.17812500000000006 0.8114583333333333 0.22031250000000008 0.8114583333333333
2 0.2468750000000001 0.7364583333333333 0.2156250000000001 0.7364583333333333 0.2156250000000001 0.8270833333333333 0.2468750000000001 0.8270833333333333
2 0.2117187500000001 0.8135416666666667 0.17343750000000008 0.8135416666666667 0.17343750000000008 0.89375 0.2117187500000001 0.89375
2 0.19687500000000008 0.8979166666666667 0.1531250000000001 0.8979166666666667 0.1531250000000001 1 0.19687500000000008 1
2 0.41953125 0.4031250000000001 0.3875 0.4031250000000001 0.38750000000000007 0.4843750000000001 0.41953125 0.4843750000000001
2 0.41484375 0.32187500000000013 0.39140625 0.32187500000000013 0.39140625 0.38333333333333347 0.41484375 0.38333333333333347
2 0.43203125 0.25729166666666675 0.41875 0.25729166666666675 0.41875 0.3041666666666668 0.43203125 0.3041666666666668
2 0.44609375 0.2302083333333334 0.4359375 0.2302083333333334 0.4359375 0.26562500000000006 0.44609375 0.26562500000000006
2 0.4609375 0.22291666666666674 0.45078125 0.22291666666666674 0.45078125 0.26041666666666674 0.4609375 0.26041666666666674
1 0.46796875 0.1927083333333334 0.45703125 0.1927083333333334 0.45703125 0.2239583333333334 0.46796875 0.2239583333333334
1 0.52265625 0.26770833333333344 0.48125 0.26770833333333344 0.48125 0.32395833333333346 0.52265625 0.32395833333333346
1 0.4921875 0.44687500000000013 0.434375 0.44687500000000013 0.434375 0.5395833333333333 0.4921875 0.5395833333333333
1 0.49296875 0.5333333333333333 0.43125 0.5333333333333333 0.43125 0.6916666666666667 0.49296875 0.6916666666666667
1 0.3937500000000001 0.55 0.3218750000000001 0.55 0.3218750000000001 0.6885416666666667 0.3937500000000001 0.6885416666666667
1 0.37812500000000004 0.39791666666666675 0.31015625 0.39791666666666664 0.31015625 0.553125 0.3781250000000001 0.553125
1 0.5375 0.11979166666666675 0.51875 0.11979166666666675 0.51875 0.1510416666666667 0.5375 0.1510416666666667
1 0.5140625 0.11979166666666675 0.50078125 0.11979166666666675 0.50078125 0.14479166666666674 0.5140625 0.14479166666666674
1 0.35234375000000007 0.6583333333333333 0.19921875000000006 0.6583333333333333 0.19921875000000006 1 0.35234375000000007 1
0 0.4703125000000001 0.5885416666666666 0.2875000000000001 0.5885416666666666 0.2875000000000001 1 0.4703125000000002 1