2 0.428125 0.4385416666666668 0.3921875 0.4385416666666668 0.3921875 0.5427083333333333 0.428125 0.5427083333333333
2 0.3109375000000001 0.5104166666666666 0.2812500000000001 0.5104166666666666 0.2812500000000001 0.6229166666666667 0.3109375000000001 0.6229166666666667
2 0.39921875 0.32708333333333345 0.3703125 0.32708333333333345 0.3703125 0.41562500000000013 0.39921875 0.41562500000000013
2 0.44765625 0.26770833333333344 0.42890625 0.26770833333333344 0.42890625 0.3354166666666668 0.44765625 0.3354166666666668
2 0.465625 0.20000000000000007 0.453125 0.20000000000000007 0.453125 0.2458333333333334 0.465625 0.2458333333333334
2 0.4765625 0.16562500000000005 0.465625 0.16562500000000005 0.465625 0.20000000000000007 0.4765625 0.20000000000000007
2 0.50390625 0.1312500000000001 0.49609375 0.1312500000000001 0.49609375 0.15833333333333338 0.50390625 0.15833333333333338
2 0.5328125 0.11250000000000009 0.5265625 0.11250000000000009 0.5265625 0.1354166666666667 0.5328125 0.1354166666666667
2 0.51875 0.11354166666666675 0.51171875 0.11354166666666675 0.51171875 0.1354166666666667 0.51875 0.1354166666666667
2 0.51171875 0.09375000000000008 0.5078125 0.09375000000000008 0.5078125 0.11354166666666675 0.51171875 0.11354166666666675
3 0.50703125 0.09583333333333342 0.4984375 0.09583333333333342 0.4984375 0.11875000000000009 0.50703125 0.11875000000000009
1 0.51640625 0.08854166666666675 0.5078125 0.08854166666666675 0.5078125 0.10312500000000009 0.51640625 0.10312500000000009
1 0.5 0.08645833333333343 0.49375 0.08645833333333343 0.49375 0.09479166666666676 0.5 0.09479166666666676
2 0.13437500000000008 0.940625 0.07578125000000009 0.940625 0.07578125000000009 1 0.13437500000000008 1