1 0.15781250000000008 0.9104166666666667 0.09531250000000009 0.9104166666666667 0.09531250000000009 1 0.15781250000000008 1
1 0.3023437500000001 0.8677083333333333 0.19921875000000008 0.8677083333333333 0.19921875000000008 1 0.3023437500000001 1
1 0.48515625000000007 0.884375 0.3882812500000001 0.884375 0.3882812500000001 1 0.4851562500000002 1
1 0.47578125 0.6916666666666667 0.3867187500000001 0.6916666666666667 0.3867187500000001 0.9354166666666667 0.47578125 0.9354166666666667
1 0.4828125 0.5604166666666667 0.43359375 0.5604166666666667 0.43359375 0.715625 0.4828125 0.715625
1 0.4 0.5239583333333334 0.3109375000000001 0.5239583333333333 0.3109375000000001 0.65625 0.4 0.65625
1 0.3703125000000001 0.6833333333333333 0.28203125000000007 0.6833333333333333 0.28203125000000007 0.9125 0.3703125000000001 0.9125
1 0.30546875000000007 0.5395833333333333 0.22421875000000008 0.5395833333333333 0.22421875000000008 0.709375 0.30546875000000007 0.709375
1 0.2718750000000001 0.684375 0.16875000000000004 0.684375 0.16875000000000007 0.8552083333333333 0.2718750000000001 0.8552083333333333
1 0.35859375000000004 0.4510416666666667 0.30390625 0.4510416666666667 0.30390625000000004 0.534375 0.3585937500000001 0.534375
1 0.4109375 0.45208333333333345 0.36640625 0.45208333333333345 0.36640625000000004 0.5333333333333333 0.4109375 0.5333333333333333
1 0.49453125 0.4322916666666668 0.44609375 0.4322916666666668 0.44609375 0.5291666666666668 0.49453125 0.5291666666666668
1 0.42890625 0.37708333333333344 0.38046875 0.37708333333333344 0.38046875 0.45208333333333345 0.42890625 0.45208333333333345
1 0.49921875 0.3718750000000001 0.46171875 0.3718750000000001 0.46171875 0.4656250000000001 0.49921875 0.4656250000000001
1 0.45625 0.33020833333333344 0.4296875 0.33020833333333344 0.4296875 0.4250000000000001 0.45625 0.4250000000000001
1 0.509375 0.3385416666666668 0.47890625 0.3385416666666668 0.47890625 0.39895833333333347 0.509375 0.39895833333333347
1 0.52890625 0.29062500000000013 0.5 0.29062500000000013 0.5 0.33750000000000013 0.52890625 0.33750000000000013
1 0.4640625 0.26041666666666674 0.42578125 0.26041666666666674 0.42578125 0.33645833333333347 0.4640625 0.33645833333333347
1 0.428125 0.2687500000000001 0.396875 0.2687500000000001 0.396875 0.33229166666666676 0.428125 0.33229166666666676
2 0.4875 0.29895833333333344 0.4765625 0.29895833333333344 0.4765625 0.3385416666666668 0.4875 0.3385416666666668
2 0.490625 0.27395833333333347 0.47578125 0.27395833333333347 0.47578125 0.3156250000000001 0.490625 0.3156250000000001
1 0.48828125 0.2458333333333334 0.46015625 0.2458333333333334 0.46015625 0.30312500000000014 0.48828125 0.30312500000000014
1 0.459375 0.24687500000000007 0.42734375 0.24687500000000007 0.42734375 0.28958333333333347 0.459375 0.28958333333333347
1 0.453125 0.2239583333333334 0.4265625 0.2239583333333334 0.4265625 0.2666666666666668 0.453125 0.2666666666666668
1 0.53125 0.2458333333333334 0.50078125 0.2458333333333334 0.50078125 0.28958333333333347 0.53125 0.28958333333333347
1 0.49609375 0.2135416666666667 0.4609375 0.2135416666666667 0.4609375 0.2729166666666668 0.49609375 0.2729166666666668
1 0.53984375 0.22187500000000007 0.50703125 0.22187500000000007 0.50703125 0.2593750000000001 0.53984375 0.2593750000000001
0 0.5421875 0.1708333333333334 0.51796875 0.1708333333333334 0.51796875 0.2458333333333334 0.5421875 0.2458333333333334
1 0.54609375 0.13645833333333343 0.53125 0.1364583333333334 0.53125 0.16041666666666676 0.54609375 0.1604166666666668
0 0.54609375 0.10937500000000008 0.5296875 0.10937500000000008 0.5296875 0.17187500000000008 0.54609375 0.1718750000000001
1 0.5109375 0.19687500000000005 0.48515625 0.19687500000000005 0.48515625 0.23541666666666672 0.5109375 0.23541666666666672
1 0.4765625 0.1979166666666667 0.45625 0.1979166666666667 0.45625 0.23541666666666672 0.4765625 0.23541666666666672
1 0.5484375 0.1531250000000001 0.5296875 0.15312500000000007 0.5296875 0.17083333333333342 0.5484375 0.17083333333333345
1 0.51484375 0.17395833333333338 0.4953125 0.17395833333333338 0.4953125 0.20729166666666674 0.51484375 0.20729166666666674
1 0.5203125 0.1645833333333334 0.5015625 0.1645833333333334 0.5015625 0.18958333333333338 0.5203125 0.18958333333333338
1 0.52421875 0.1489583333333334 0.50234375 0.1489583333333334 0.50234375 0.1770833333333334 0.52421875 0.1770833333333334
1 0.52890625 0.14166666666666672 0.50859375 0.14166666666666672 0.50859375 0.1677083333333334 0.52890625 0.1677083333333334
1 0.525 0.12604166666666675 0.51015625 0.12604166666666675 0.51015625 0.1510416666666667 0.525 0.1510416666666667
1 0.51171875 0.14166666666666672 0.49453125 0.14166666666666672 0.49453125 0.16041666666666674 0.51171875 0.16041666666666674
1 0.50546875 0.1552083333333334 0.478125 0.1552083333333334 0.478125 0.18750000000000006 0.50546875 0.18750000000000006
1 0.49609375 0.16979166666666673 0.4796875 0.16979166666666673 0.4796875 0.20520833333333338 0.49609375 0.20520833333333338
1 0.4875 0.18437500000000007 0.4625 0.18437500000000007 0.4625 0.2239583333333334 0.4875 0.2239583333333334
2 0.5203125 0.09479166666666676 0.50703125 0.09479166666666676 0.50703125 0.12083333333333342 0.5203125 0.12083333333333342
1 0.5046875 0.09687500000000009 0.49140625 0.09687500000000009 0.49140625 0.12604166666666675 0.5046875 0.12604166666666675
1 0.5078125 0.10937500000000008 0.49453125 0.10937500000000008 0.49453125 0.1281250000000001 0.5078125 0.1281250000000001
1 0.53203125 0.10416666666666675 0.515625 0.10416666666666675 0.515625 0.1281250000000001 0.53203125 0.1281250000000001
1 0.5125 0.07812500000000008 0.49765625 0.07812500000000008 0.49765625 0.10833333333333342 0.5125 0.10833333333333342
2 0.4984375 0.1395833333333334 0.48828125 0.1395833333333334 0.48828125 0.15833333333333338 0.4984375 0.15833333333333338
2 0.49609375 0.12083333333333342 0.4921875 0.12083333333333342 0.4921875 0.14375000000000007 0.49609375 0.14375000000000007
2 0.4859375 0.1510416666666667 0.475 0.1510416666666667 0.475 0.17604166666666674 0.4859375 0.17604166666666674
2 0.49140625 0.13020833333333343 0.478125 0.13020833333333343 0.478125 0.15312500000000007 0.49140625 0.15312500000000007
2 0.478125 0.15625000000000006 0.465625 0.15625000000000006 0.465625 0.1822916666666667 0.478125 0.1822916666666667
2 0.46875 0.18125000000000005 0.453125 0.18125000000000005 0.453125 0.2114583333333334 0.46875 0.2114583333333334
2 0.47109375 0.17187500000000006 0.4578125 0.17187500000000006 0.4578125 0.1989583333333334 0.47109375 0.1989583333333334
2 0.46875 0.2270833333333334 0.4546875 0.2270833333333334 0.4546875 0.25520833333333337 0.46875 0.25520833333333337
2 0.46796875 0.2114583333333334 0.45390625 0.2114583333333334 0.45390625 0.23854166666666674 0.46796875 0.23854166666666674
2 0.4546875 0.1958333333333334 0.440625 0.1958333333333334 0.440625 0.2239583333333334 0.4546875 0.2239583333333334
2 0.55546875 0.1937500000000001 0.53984375 0.19375000000000006 0.53984375 0.23437500000000008 0.55546875 0.2343750000000001
2 0.5015625 0.2864583333333334 0.49140625 0.2864583333333334 0.49140625 0.3156250000000001 0.5015625 0.3156250000000001
2 0.50078125 0.2583333333333334 0.48515625 0.2583333333333334 0.48515625 0.3093750000000001 0.50078125 0.3093750000000001
2 0.50625 0.23750000000000007 0.4875 0.23750000000000007 0.4875 0.2812500000000001 0.50625 0.2812500000000001
2 0.49609375 0.2708333333333334 0.48828125 0.2708333333333334 0.48828125 0.2864583333333334 0.49609375 0.2864583333333334
2 0.4734375 0.2812500000000001 0.46171875 0.2812500000000001 0.46171875 0.3197916666666668 0.4734375 0.3197916666666668
2 0.44921875 0.28333333333333344 0.43125 0.28333333333333344 0.43125 0.32708333333333345 0.44921875 0.32708333333333345
2 0.42109375 0.2489583333333334 0.40859375 0.2489583333333334 0.40859375 0.27500000000000013 0.42109375 0.27500000000000013
2 0.415625 0.24687500000000007 0.3875 0.24687500000000007 0.3875 0.2822916666666668 0.415625 0.2822916666666668
2 0.41171875 0.27708333333333346 0.40078125 0.27708333333333346 0.40078125 0.3125000000000001 0.41171875 0.3125000000000001
2 0.403125 0.2812500000000001 0.3875 0.2812500000000001 0.3875 0.3197916666666668 0.403125 0.3197916666666668
2 0.4203125 0.32395833333333346 0.4015625 0.32395833333333346 0.4015625 0.36354166666666676 0.4203125 0.36354166666666676
2 0.40546875 0.3572916666666668 0.38125 0.3572916666666668 0.38125 0.39895833333333347 0.40546875 0.39895833333333347
2 0.4015625 0.33958333333333346 0.3875 0.33958333333333346 0.3875 0.3697916666666668 0.4015625 0.3697916666666668
2 0.403125 0.3333333333333334 0.3859375 0.3333333333333334 0.3859375 0.36562500000000014 0.403125 0.36562500000000014
2 0.40390625 0.3135416666666668 0.3921875 0.3135416666666668 0.3921875 0.3385416666666668 0.40390625 0.3385416666666668
2 0.39609375 0.3177083333333334 0.3796875 0.3177083333333334 0.3796875 0.3562500000000001 0.39609375 0.3562500000000001
2 0.38359375 0.3260416666666668 0.36484375 0.3260416666666668 0.36484375 0.36770833333333347 0.38359375 0.36770833333333347
2 0.3734375 0.3739583333333334 0.35625 0.37395833333333334 0.35625 0.43541666666666673 0.3734375 0.4354166666666668
2 0.37265625 0.35104166666666675 0.353125 0.35104166666666664 0.353125 0.3989583333333334 0.37265625 0.39895833333333347
2 0.40234375 0.38437500000000013 0.38046875 0.38437500000000013 0.38046875 0.42604166666666676 0.40234375 0.42604166666666676
2 0.390625 0.3604166666666668 0.3703125 0.3604166666666668 0.3703125 0.39479166666666676 0.390625 0.39479166666666676
2 0.35390625 0.39375 0.33515625 0.39375 0.33515625 0.4427083333333333 0.35390625 0.4427083333333333
2 0.35546875 0.37395833333333334 0.340625 0.37395833333333334 0.340625 0.41354166666666664 0.35546875 0.41354166666666664
2 0.37890625 0.41250000000000003 0.3625 0.4125 0.3625 0.46875000000000006 0.37890625 0.4687500000000001
2 0.440625 0.4895833333333334 0.4046875 0.4895833333333334 0.4046875 0.59375 0.440625 0.59375
2 0.4296875 0.4854166666666668 0.40703125 0.4854166666666668 0.40703125 0.5625 0.4296875 0.5625
2 0.52421875 0.4916666666666668 0.49296875 0.4916666666666668 0.49296875 0.5583333333333333 0.52421875 0.5583333333333333
2 0.52265625 0.5322916666666668 0.49921875 0.5322916666666668 0.49921875 0.6114583333333333 0.52265625 0.6114583333333333
2 0.49140625 0.5270833333333335 0.4734375 0.5270833333333335 0.4734375 0.5979166666666667 0.49140625 0.5979166666666667
2 0.45234375 0.5104166666666667 0.43671875 0.5104166666666667 0.43671875 0.5833333333333334 0.45234375 0.5833333333333334
2 0.4265625 0.5666666666666667 0.3984375000000001 0.5666666666666667 0.3984375000000001 0.6677083333333333 0.4265625 0.6677083333333333
2 0.425 0.5322916666666668 0.40078125 0.5322916666666668 0.40078125 0.5958333333333333 0.425 0.5958333333333333
2 0.41015625 0.6072916666666667 0.3710937500000001 0.6072916666666667 0.3710937500000001 0.7427083333333333 0.41015625 0.7427083333333333
2 0.3320312500000001 0.490625 0.3070312500000001 0.490625 0.3070312500000001 0.571875 0.3320312500000001 0.571875
2 0.29765625000000007 0.49895833333333334 0.2750000000000001 0.49895833333333334 0.2750000000000001 0.5625 0.29765625000000007 0.5625
2 0.2617187500000001 0.496875 0.2257812500000001 0.496875 0.2257812500000001 0.5979166666666667 0.2617187500000001 0.5979166666666667
2 0.20703125000000008 0.85 0.1710937500000001 0.85 0.1710937500000001 1 0.20703125000000008 1