2 0.3500000000000001 0.95625 0.3187500000000001 0.95625 0.3187500000000001 1 0.3500000000000001 1
2 0.2257812500000001 0.8760416666666667 0.1898437500000001 0.8760416666666667 0.1898437500000001 0.9989583333333333 0.2257812500000001 0.9989583333333333
2 0.1765625000000001 0.9302083333333333 0.1320312500000001 0.9302083333333333 0.1320312500000001 1 0.1765625000000001 1
2 0.13046875000000008 0.8677083333333333 0.09375000000000008 0.8677083333333333 0.09375000000000008 1 0.13046875000000008 1
2 0.09687500000000009 0.940625 0.04687500000000009 0.940625 0.04687500000000009 1 0.09687500000000009 1
2 0.05468750000000009 0.915625 0.005468750000000085 0.915625 0.005468750000000088 0.9989583333333333 0.05468750000000009 0.9989583333333333
2 0.2570312500000001 0.76875 0.21484375000000008 0.76875 0.21484375000000008 0.9364583333333333 0.2570312500000001 0.9364583333333333
2 0.1906250000000001 0.7635416666666667 0.15234375000000008 0.7635416666666667 0.15234375000000008 0.8822916666666667 0.1906250000000001 0.8822916666666667
2 0.1921875000000001 0.8322916666666667 0.14843750000000008 0.8322916666666667 0.14843750000000008 0.9447916666666667 0.1921875000000001 0.9447916666666667
2 0.1515625000000001 0.7916666666666666 0.10859375000000009 0.7916666666666666 0.10859375000000009 0.8989583333333333 0.1515625000000001 0.8989583333333333
2 0.2929687500000001 0.6583333333333333 0.2601562500000001 0.6583333333333333 0.2601562500000001 0.784375 0.2929687500000001 0.784375
2 0.2609375000000001 0.7229166666666667 0.2171875000000001 0.7229166666666667 0.2171875000000001 0.79375 0.2609375000000001 0.79375
2 0.2234375000000001 0.7166666666666667 0.19140625000000006 0.7166666666666667 0.19140625000000006 0.85 0.2234375000000001 0.85
2 0.2578125000000001 0.671875 0.2289062500000001 0.671875 0.2289062500000001 0.7791666666666667 0.2578125000000001 0.7791666666666667
2 0.2570312500000001 0.6291666666666667 0.2273437500000001 0.6291666666666667 0.2273437500000001 0.6885416666666667 0.2570312500000001 0.6885416666666667
2 0.2210937500000001 0.6458333333333334 0.19218750000000004 0.6458333333333334 0.19218750000000007 0.7375 0.2210937500000001 0.7375
2 0.18984375000000006 0.7114583333333333 0.15546875000000004 0.7114583333333333 0.15546875000000007 0.8083333333333333 0.1898437500000001 0.8083333333333333
2 0.18828125000000007 0.6552083333333333 0.15000000000000005 0.6552083333333333 0.15000000000000008 0.7875 0.1882812500000001 0.7875
2 0.25468750000000007 0.5854166666666667 0.21250000000000008 0.5854166666666667 0.21250000000000008 0.6677083333333333 0.25468750000000007 0.6677083333333333
2 0.2843750000000001 0.5875 0.2593750000000001 0.5875 0.2593750000000001 0.6770833333333334 0.2843750000000001 0.6770833333333334
2 0.3000000000000001 0.6010416666666667 0.2789062500000001 0.6010416666666667 0.2789062500000001 0.6958333333333333 0.3000000000000001 0.6958333333333333
2 0.3281250000000001 0.5666666666666667 0.2992187500000001 0.5666666666666667 0.2992187500000001 0.6552083333333333 0.3281250000000001 0.6552083333333333
2 0.2968750000000001 0.53125 0.2726562500000001 0.53125 0.2726562500000001 0.6114583333333333 0.2968750000000001 0.6114583333333333
2 0.3273437500000001 0.521875 0.3046875000000001 0.521875 0.3046875000000001 0.5770833333333333 0.3273437500000001 0.5770833333333333
2 0.3117187500000001 0.484375 0.28593750000000007 0.484375 0.28593750000000007 0.5708333333333333 0.3117187500000001 0.5708333333333333
2 0.3398437500000001 0.496875 0.3179687500000001 0.496875 0.3179687500000001 0.5739583333333333 0.3398437500000001 0.5739583333333333
2 0.33281250000000007 0.45208333333333334 0.309375 0.45208333333333334 0.30937500000000007 0.5208333333333334 0.33281250000000007 0.5208333333333334
2 0.35468750000000004 0.465625 0.334375 0.465625 0.33437500000000003 0.553125 0.3546875000000001 0.553125
2 0.35937500000000006 0.44375 0.34140625 0.44375 0.34140625 0.496875 0.3593750000000001 0.496875
2 0.34453125000000007 0.41458333333333336 0.32421875 0.41458333333333336 0.32421875000000006 0.49375 0.34453125000000007 0.49375
2 0.34765625 0.39479166666666665 0.328125 0.39479166666666665 0.328125 0.434375 0.34765625 0.434375
2 0.37500000000000006 0.4208333333333334 0.35625 0.42083333333333334 0.35625000000000007 0.48750000000000004 0.3750000000000001 0.4875000000000001
2 0.38828125 0.4041666666666668 0.36796875 0.4041666666666668 0.36796875 0.45208333333333345 0.38828125 0.45208333333333345
2 0.38125 0.3875000000000001 0.36640625 0.3875000000000001 0.36640625 0.42604166666666676 0.38125 0.42604166666666676
2 0.37109375 0.3635416666666667 0.35546875 0.36354166666666665 0.35546875 0.4364583333333334 0.37109375 0.43645833333333345
2 0.3953125 0.34583333333333344 0.38046875 0.34583333333333344 0.38046875 0.4135416666666668 0.3953125 0.4135416666666668
2 0.38125 0.33958333333333346 0.36953125 0.33958333333333346 0.36953125 0.3875000000000001 0.38125 0.3875000000000001
2 0.3890625 0.3177083333333334 0.375 0.3177083333333334 0.375 0.3489583333333334 0.3890625 0.3489583333333334
2 0.4125 0.3197916666666668 0.39765625 0.3197916666666668 0.39765625 0.38645833333333346 0.4125 0.38645833333333346
2 0.41875 0.2760416666666668 0.40078125 0.2760416666666668 0.40078125 0.32187500000000013 0.41875 0.32187500000000013
2 0.41171875 0.2968750000000001 0.39609375 0.2968750000000001 0.39609375 0.3281250000000001 0.41171875 0.3281250000000001
2 0.43203125 0.2593750000000001 0.4203125 0.2593750000000001 0.4203125 0.3072916666666668 0.43203125 0.3072916666666668
2 0.4421875 0.25000000000000006 0.43125 0.25000000000000006 0.43125 0.2937500000000001 0.4421875 0.2937500000000001
2 0.446875 0.23541666666666672 0.4359375 0.23541666666666672 0.4359375 0.26979166666666676 0.446875 0.26979166666666676
2 0.45859375 0.22187500000000007 0.446875 0.22187500000000007 0.446875 0.2708333333333334 0.45859375 0.2708333333333334
2 0.50234375 0.24062500000000006 0.4875 0.24062500000000006 0.4875 0.28750000000000014 0.50234375 0.28750000000000014
2 0.51484375 0.37083333333333346 0.49609375 0.37083333333333346 0.49609375 0.4010416666666668 0.51484375 0.4010416666666668
2 0.5171875 0.5572916666666666 0.4859375 0.5572916666666666 0.4859375 0.6864583333333333 0.5171875 0.6864583333333333
2 0.4375 0.4822916666666668 0.41796875 0.4822916666666668 0.41796875 0.56875 0.4375 0.56875
2 0.4578125 0.4562500000000001 0.4390625 0.4562500000000001 0.4390625 0.5072916666666668 0.4578125 0.5072916666666668
2 0.465625 0.3802083333333334 0.4484375 0.3802083333333334 0.4484375 0.44166666666666676 0.465625 0.44166666666666676
2 0.47265625 0.3937500000000001 0.453125 0.3937500000000001 0.453125 0.4718750000000001 0.47265625 0.4718750000000001
2 0.490625 0.37708333333333344 0.478125 0.37708333333333344 0.478125 0.4062500000000001 0.490625 0.4062500000000001
2 0.48203125 0.35208333333333347 0.4671875 0.35208333333333347 0.4671875 0.3958333333333334 0.48203125 0.3958333333333334
2 0.46953125 0.3197916666666668 0.45703125 0.3197916666666668 0.45703125 0.36354166666666676 0.46953125 0.36354166666666676
2 0.48125 0.3312500000000001 0.46796875 0.3312500000000001 0.46796875 0.3718750000000001 0.48125 0.3718750000000001
2 0.4625 0.3354166666666668 0.45078125 0.3354166666666668 0.45078125 0.3781250000000001 0.4625 0.3781250000000001
2 0.471875 0.3041666666666668 0.45703125 0.3041666666666668 0.45703125 0.3385416666666668 0.471875 0.3385416666666668
2 0.5015625 0.1270833333333334 0.4890625 0.1270833333333334 0.4890625 0.15625000000000006 0.5015625 0.15625000000000006
2 0.52734375 0.10312500000000009 0.51953125 0.10312500000000009 0.51953125 0.11979166666666675 0.52734375 0.11979166666666675
2 0.503125 0.09791666666666675 0.49453125 0.09791666666666675 0.49453125 0.11354166666666675 0.503125 0.11354166666666675
2 0.50859375 0.08854166666666675 0.5015625 0.08854166666666675 0.5015625 0.10312500000000009 0.50859375 0.10312500000000009
2 0.4984375 0.08645833333333343 0.4921875 0.08645833333333343 0.4921875 0.10104166666666675 0.4984375 0.10104166666666675
1 0.51796875 0.09687500000000009 0.50390625 0.09687500000000009 0.50390625 0.12291666666666676 0.51796875 0.12291666666666676
1 0.52890625 0.23645833333333338 0.49765625 0.23645833333333338 0.49765625 0.29270833333333346 0.52890625 0.29270833333333346
1 0.534375 0.2645833333333334 0.49765625 0.2645833333333334 0.49765625 0.3385416666666668 0.534375 0.3385416666666668
1 0.515625 0.30833333333333346 0.4796875 0.30833333333333346 0.4796875 0.3802083333333334 0.515625 0.3802083333333334
1 0.48359375 0.23750000000000007 0.4546875 0.23750000000000007 0.4546875 0.28750000000000014 0.48359375 0.28750000000000014
1 0.47109375 0.26562500000000006 0.43515625 0.26562500000000006 0.43515625 0.31458333333333344 0.47109375 0.31458333333333344
1 0.4578125 0.30104166666666676 0.4171875 0.30104166666666676 0.4171875 0.35312500000000013 0.4578125 0.35312500000000013
1 0.453125 0.34583333333333344 0.403125 0.34583333333333344 0.403125 0.4406250000000001 0.453125 0.4406250000000001
1 0.43359375 0.40208333333333346 0.3765625 0.40208333333333346 0.3765625 0.5083333333333334 0.43359375 0.5083333333333334
1 0.41484375 0.45312500000000006 0.34296875 0.453125 0.34296875000000004 0.603125 0.41484375 0.603125
0 0.484375 0.5010416666666668 0.41796875 0.5010416666666668 0.41796875 0.6604166666666667 0.484375 0.6604166666666667
1 0.48046875 0.63125 0.40390625 0.63125 0.40390625 0.8677083333333333 0.48046875 0.8677083333333333
1 0.484375 0.5010416666666668 0.41796875 0.5010416666666668 0.41796875 0.659375 0.484375 0.659375
1 0.4703125000000001 0.85625 0.3570312500000001 0.85625 0.3570312500000001 1 0.4703125000000002 1
1 0.3546875000000001 0.73125 0.23437500000000008 0.73125 0.23437500000000008 0.99375 0.3546875000000001 0.99375
1 0.28984375000000007 0.9479166666666666 0.1984375000000001 0.9479166666666666 0.1984375000000001 1 0.28984375000000007 1
1 0.3812500000000001 0.5697916666666667 0.2960937500000001 0.5697916666666667 0.2960937500000001 0.76875 0.3812500000000001 0.76875
1 0.51875 0.38958333333333345 0.46953125 0.38958333333333345 0.46953125 0.5145833333333335 0.51875 0.5145833333333335
3 0.50078125 0.18958333333333338 0.45546875 0.18958333333333338 0.45546875 0.26979166666666676 0.50078125 0.26979166666666676