3 0.6375000000000001 0.6072916666666667 0.51328125 0.6072916666666667 0.5132812500000001 0.9989583333333333 0.6375000000000002 0.9989583333333333
3 0.66484375 0.3156250000000001 0.60234375 0.3156250000000001 0.60234375 0.45520833333333344 0.66484375 0.45520833333333344
3 0.5359375 0.24687500000000007 0.46328125 0.24687500000000007 0.46328125 0.34583333333333344 0.5359375 0.34583333333333344
1 0.99921875 0.8354166666666669 0.8015625 0.8354166666666669 0.8015625 1.0000000000000002 0.99921875 1.0000000000000002
1 0.75703125 0.7708333333333335 0.60859375 0.7708333333333334 0.60859375 1.0000000000000002 0.7570312500000002 1.0000000000000002
1 0.684375 0.5822916666666667 0.5921875 0.5822916666666667 0.5921875 0.7677083333333333 0.684375 0.7677083333333333
1 0.5703125 0.5666666666666667 0.50078125 0.5666666666666667 0.50078125 0.7260416666666667 0.5703125 0.7260416666666667
1 0.57109375 0.4510416666666668 0.4921875 0.4510416666666668 0.4921875 0.5979166666666667 0.57109375 0.5979166666666667
1 0.61875 0.43333333333333346 0.55390625 0.43333333333333346 0.55390625 0.5270833333333335 0.61875 0.5270833333333335
1 0.60703125 0.38333333333333347 0.5421875 0.38333333333333347 0.5421875 0.4531250000000001 0.60703125 0.4531250000000001
1 0.540625 0.41562500000000013 0.49375 0.41562500000000013 0.49375 0.4916666666666668 0.540625 0.4916666666666668
1 0.55 0.3666666666666668 0.48125 0.3666666666666668 0.48125 0.4385416666666668 0.55 0.4385416666666668
1 0.515625 0.34791666666666676 0.47265625 0.34791666666666676 0.47265625 0.39479166666666676 0.515625 0.39479166666666676
1 0.590625 0.33645833333333347 0.53671875 0.33645833333333347 0.53671875 0.3885416666666668 0.590625 0.3885416666666668
1 0.63828125 0.3104166666666668 0.5875 0.3104166666666668 0.5875 0.4166666666666668 0.63828125 0.4166666666666668
1 0.56171875 0.3093750000000001 0.5234375 0.3093750000000001 0.5234375 0.37916666666666676 0.56171875 0.37916666666666676
1 0.60625 0.29062500000000013 0.5734375 0.29062500000000013 0.5734375 0.3729166666666668 0.60625 0.3729166666666668
1 0.5609375 0.27395833333333347 0.521875 0.27395833333333347 0.521875 0.33020833333333344 0.5609375 0.33020833333333344
1 0.59453125 0.24895833333333345 0.55703125 0.24895833333333345 0.55703125 0.3072916666666668 0.59453125 0.3072916666666668
1 0.546875 0.2510416666666668 0.50390625 0.2510416666666667 0.50390625 0.31145833333333345 0.546875 0.31145833333333345
1 0.5109375 0.2489583333333334 0.46484375 0.2489583333333334 0.46484375 0.29895833333333344 0.5109375 0.29895833333333344
1 0.54296875 0.2239583333333334 0.5046875 0.2239583333333334 0.5046875 0.27187500000000014 0.54296875 0.27187500000000014
1 0.50234375 0.22604166666666672 0.465625 0.22604166666666672 0.465625 0.27187500000000014 0.50234375 0.27187500000000014
1 0.52734375 0.20416666666666672 0.5 0.20416666666666672 0.5 0.25000000000000006 0.52734375 0.25000000000000006
1 0.490625 0.20520833333333338 0.465625 0.20520833333333338 0.465625 0.2541666666666667 0.490625 0.2541666666666667
1 0.51953125 0.19687500000000005 0.496875 0.19687500000000005 0.496875 0.2291666666666667 0.51953125 0.2291666666666667
1 0.4828125 0.19687500000000005 0.45703125 0.19687500000000005 0.45703125 0.23541666666666672 0.4828125 0.23541666666666672
1 0.48046875 0.1822916666666667 0.4484375 0.1822916666666667 0.4484375 0.22187500000000007 0.48046875 0.22187500000000007
1 0.51640625 0.18854166666666672 0.4828125 0.18854166666666672 0.4828125 0.21250000000000005 0.51640625 0.21250000000000005
1 0.515625 0.17812500000000006 0.496875 0.17812500000000006 0.496875 0.20625000000000007 0.515625 0.20625000000000007
1 0.52265625 0.1645833333333334 0.50625 0.1645833333333334 0.50625 0.19062500000000007 0.52265625 0.19062500000000007
1 0.528125 0.1614583333333334 0.51015625 0.1614583333333334 0.51015625 0.17812500000000006 0.528125 0.17812500000000006
1 0.49453125 0.16979166666666673 0.48203125 0.16979166666666673 0.48203125 0.19375000000000006 0.49453125 0.19375000000000006
1 0.4765625 0.1520833333333334 0.4609375 0.1520833333333334 0.4609375 0.17604166666666674 0.4765625 0.17604166666666674
1 0.4984375 0.1489583333333334 0.48203125 0.1489583333333334 0.48203125 0.16562500000000005 0.4984375 0.16562500000000005
1 0.5015625 0.15729166666666672 0.48125 0.15729166666666672 0.48125 0.16979166666666673 0.5015625 0.16979166666666673
1 0.4703125 0.14687500000000006 0.45546875 0.14687500000000006 0.45546875 0.1645833333333334 0.4703125 0.1645833333333334
1 0.475 0.13750000000000007 0.46015625 0.13750000000000007 0.46015625 0.1510416666666667 0.475 0.1510416666666667
1 0.49296875 0.13854166666666673 0.4765625 0.13854166666666673 0.4765625 0.15000000000000005 0.49296875 0.15000000000000005
2 0.50234375 0.14375000000000007 0.49453125 0.14375000000000007 0.49453125 0.1489583333333334 0.50234375 0.1489583333333334
1 0.51015625 0.12916666666666676 0.49453125 0.12916666666666676 0.49453125 0.14687500000000006 0.51015625 0.14687500000000006
1 0.4734375 0.12395833333333342 0.4609375 0.12395833333333342 0.4609375 0.14166666666666672 0.4734375 0.14166666666666672
1 0.490625 0.12291666666666676 0.4765625 0.12291666666666676 0.4765625 0.14166666666666672 0.490625 0.14166666666666672
1 0.47734375 0.11666666666666675 0.4640625 0.11666666666666675 0.4640625 0.13750000000000007 0.47734375 0.13750000000000007
2 0.47890625 0.11666666666666675 0.46796875 0.11666666666666675 0.46796875 0.12395833333333342 0.47890625 0.12395833333333342
2 0.48515625 0.11458333333333343 0.475 0.11458333333333343 0.475 0.12291666666666676 0.48515625 0.12291666666666676
2 0.48671875 0.11145833333333342 0.471875 0.11145833333333342 0.471875 0.11979166666666675 0.48671875 0.11979166666666675
2 0.4953125 0.12291666666666676 0.4890625 0.12291666666666676 0.4890625 0.1364583333333334 0.4953125 0.1364583333333334
2 0.496875 0.11979166666666675 0.490625 0.11979166666666675 0.490625 0.12604166666666675 0.496875 0.12604166666666675
2 0.496875 0.11041666666666676 0.48828125 0.11041666666666676 0.48828125 0.12395833333333342 0.496875 0.12395833333333342
2 0.5015625 0.1218750000000001 0.49453125 0.1218750000000001 0.49453125 0.1281250000000001 0.5015625 0.1281250000000001
2 0.51171875 0.13020833333333343 0.5046875 0.13020833333333343 0.5046875 0.13854166666666673 0.51171875 0.13854166666666673
2 0.51328125 0.12604166666666675 0.50546875 0.12604166666666675 0.50546875 0.1333333333333334 0.51328125 0.1333333333333334
2 0.51015625 0.11666666666666675 0.5015625 0.11666666666666675 0.5015625 0.12500000000000008 0.51015625 0.12500000000000008
2 0.51015625 0.11145833333333342 0.496875 0.11145833333333342 0.496875 0.12395833333333342 0.51015625 0.12395833333333342
2 0.48984375 0.10729166666666676 0.48125 0.10729166666666676 0.48125 0.11875000000000009 0.48984375 0.11875000000000009
2 0.51328125 0.10520833333333342 0.49453125 0.10520833333333342 0.49453125 0.1218750000000001 0.51328125 0.1218750000000001
2 0.5140625 0.09479166666666676 0.4953125 0.09479166666666676 0.4953125 0.11458333333333343 0.5140625 0.11458333333333343
1 0.5046875 0.09479166666666676 0.4921875 0.09479166666666676 0.4921875 0.12083333333333342 0.5046875 0.12083333333333342
1 0.48515625 0.09895833333333343 0.46875 0.09895833333333343 0.46875 0.12291666666666676 0.48515625 0.12291666666666676
2 1 0.9458333333333335 0.95 0.9458333333333335 0.95 1.0000000000000002 1 1.0000000000000002
2 0.821875 0.9572916666666669 0.77265625 0.9572916666666669 0.77265625 1.0000000000000002 0.821875 1.0000000000000002
2 0.7992187500000001 0.8468750000000003 0.73828125 0.8468750000000003 0.7382812500000001 0.9864583333333335 0.7992187500000002 0.9864583333333335
2 0.83125 0.8395833333333336 0.7796875 0.8395833333333336 0.7796875 0.9562500000000003 0.83125 0.9562500000000003
2 0.875 0.8322916666666669 0.840625 0.8322916666666669 0.840625 0.9458333333333335 0.875 0.9458333333333335
2 0.9109375 0.8385416666666669 0.86953125 0.8385416666666669 0.86953125 0.9312500000000002 0.9109375 0.9312500000000002
2 0.93828125 0.8083333333333336 0.90078125 0.8083333333333336 0.90078125 0.9312500000000002 0.93828125 0.9312500000000002
2 0.76875 0.7541666666666668 0.696875 0.7541666666666667 0.696875 0.8895833333333335 0.76875 0.8895833333333336
2 0.7796875 0.7385416666666669 0.74453125 0.7385416666666669 0.74453125 0.8635416666666669 0.7796875 0.8635416666666669
2 0.81953125 0.7541666666666669 0.7734375 0.7541666666666669 0.7734375 0.8729166666666669 0.81953125 0.8729166666666669
2 0.8625 0.7333333333333336 0.80234375 0.7333333333333336 0.80234375 0.8510416666666669 0.8625 0.8510416666666669
2 0.8875 0.6916666666666669 0.82421875 0.6916666666666669 0.82421875 0.8020833333333336 0.8875 0.8020833333333336
2 0.7375 0.7020833333333335 0.6890625 0.7020833333333333 0.6890625 0.8041666666666668 0.7375 0.8041666666666669
2 0.7609375 0.6781250000000002 0.728125 0.6781250000000002 0.728125 0.7822916666666669 0.7609375 0.7822916666666669
2 0.79140625 0.6989583333333336 0.73984375 0.6989583333333336 0.73984375 0.7958333333333336 0.79140625 0.7958333333333336
2 0.8203125 0.6739583333333335 0.77109375 0.6739583333333335 0.77109375 0.7625000000000003 0.8203125 0.7625000000000003
2 0.86171875 0.6208333333333336 0.78828125 0.6208333333333336 0.78828125 0.7343750000000002 0.86171875 0.7343750000000002
2 0.81015625 0.6281250000000003 0.74453125 0.6281250000000003 0.74453125 0.7114583333333335 0.81015625 0.7114583333333335
2 0.7859375 0.6458333333333335 0.72421875 0.6458333333333334 0.72421875 0.7312500000000001 0.7859375 0.7312500000000003
2 0.7171875 0.6583333333333333 0.66328125 0.6583333333333333 0.66328125 0.7385416666666667 0.7171875 0.7385416666666667
2 0.7296875 0.6135416666666668 0.6859375 0.6135416666666667 0.6859375 0.7156250000000001 0.7296875 0.7156250000000003
2 0.69609375 0.5916666666666667 0.65703125 0.5916666666666667 0.65703125 0.7 0.69609375 0.7
2 0.7796875 0.5812500000000002 0.7203125 0.58125 0.7203125 0.6625000000000001 0.7796875 0.6625000000000002
2 0.74765625 0.5802083333333334 0.696875 0.5802083333333333 0.696875 0.7010416666666668 0.74765625 0.7010416666666669
2 0.77421875 0.5479166666666668 0.7203125 0.5479166666666667 0.7203125 0.6416666666666668 0.77421875 0.6416666666666669
2 0.7390625 0.5520833333333335 0.70234375 0.5520833333333334 0.70234375 0.6156250000000001 0.7390625 0.6156250000000002
2 0.72890625 0.5552083333333334 0.66796875 0.5552083333333333 0.66796875 0.6395833333333335 0.72890625 0.6395833333333336
2 0.69375 0.5666666666666667 0.64609375 0.5666666666666667 0.64609375 0.6291666666666667 0.69375 0.6291666666666667
2 0.653125 0.5520833333333334 0.603125 0.5520833333333334 0.603125 0.609375 0.653125 0.609375
2 0.628125 0.5250000000000001 0.55703125 0.5250000000000001 0.55703125 0.59375 0.628125 0.59375
2 0.6015625 0.546875 0.5390625 0.546875 0.5390625 0.6354166666666666 0.6015625 0.6354166666666666
2 0.6484375 0.5156250000000001 0.6 0.5156250000000001 0.6 0.56875 0.6484375 0.56875
2 0.73046875 0.5052083333333335 0.6921875 0.5052083333333335 0.6921875 0.5791666666666668 0.73046875 0.5791666666666669
2 0.7359375 0.5041666666666668 0.70859375 0.5041666666666668 0.70859375 0.5833333333333335 0.7359375 0.5833333333333336
2 0.7078125 0.5197916666666668 0.66015625 0.5197916666666668 0.66015625 0.5927083333333333 0.7078125 0.5927083333333333
2 0.678125 0.5093750000000001 0.6359375 0.5093750000000001 0.6359375 0.5822916666666667 0.678125 0.5822916666666667
2 0.6375 0.4656250000000001 0.60546875 0.4656250000000001 0.60546875 0.534375 0.6375 0.534375
2 0.640625 0.49062500000000014 0.60703125 0.49062500000000014 0.60703125 0.5364583333333334 0.640625 0.5364583333333334
2 0.703125 0.4895833333333334 0.671875 0.4895833333333334 0.671875 0.5375 0.703125 0.5375
2 0.6734375 0.5000000000000001 0.64765625 0.5000000000000001 0.64765625 0.55625 0.6734375 0.55625
2 0.6640625 0.4697916666666668 0.6296875 0.4697916666666668 0.6296875 0.5208333333333335 0.6640625 0.5208333333333335
2 0.62734375 0.4385416666666668 0.60078125 0.4385416666666668 0.60078125 0.4843750000000001 0.62734375 0.4843750000000001
2 0.696875 0.4656250000000001 0.6640625 0.4656250000000001 0.6640625 0.5239583333333334 0.696875 0.5239583333333334
2 0.71015625 0.44375000000000014 0.665625 0.44375000000000014 0.665625 0.4979166666666668 0.71015625 0.4979166666666668
2 0.6671875 0.44687500000000013 0.63515625 0.44687500000000013 0.63515625 0.4947916666666668 0.6671875 0.4947916666666668
2 0.68515625 0.39687500000000014 0.6546875 0.39687500000000014 0.6546875 0.4687500000000001 0.68515625 0.4687500000000001
2 0.490625 0.29895833333333344 0.459375 0.29895833333333344 0.459375 0.3489583333333334 0.490625 0.3489583333333334
2 0.48828125 0.2822916666666668 0.45390625 0.2822916666666668 0.45390625 0.32083333333333347 0.48828125 0.32083333333333347
2 0.490625 0.25625000000000003 0.44609375 0.25625000000000003 0.44609375 0.30833333333333346 0.490625 0.30833333333333346
2 0.4765625 0.23645833333333338 0.44140625 0.23645833333333338 0.44140625 0.2708333333333334 0.4765625 0.2708333333333334
2 0.5703125 0.28958333333333347 0.54765625 0.28958333333333347 0.54765625 0.3385416666666668 0.5703125 0.3385416666666668
2 0.6265625 0.28541666666666676 0.5984375 0.28541666666666676 0.5984375 0.3291666666666668 0.6265625 0.3291666666666668
2 0.603125 0.3385416666666668 0.571875 0.3385416666666668 0.571875 0.4062500000000001 0.603125 0.4062500000000001
2 0.52265625 0.09687500000000009 0.50625 0.09687500000000009 0.50625 0.11875000000000009 0.52265625 0.11875000000000009
2 0.55859375 0.2708333333333334 0.53984375 0.2708333333333334 0.53984375 0.2979166666666668 0.55859375 0.2979166666666668
2 0.5546875 0.25729166666666675 0.53203125 0.25729166666666675 0.53203125 0.2843750000000001 0.5546875 0.2843750000000001
2 0.5640625 0.2447916666666668 0.5453125 0.2447916666666668 0.5453125 0.2781250000000001 0.5640625 0.2781250000000001
2 0.575 0.23958333333333345 0.5546875 0.23958333333333345 0.5546875 0.27187500000000014 0.575 0.27187500000000014
2 0.584375 0.24166666666666678 0.57578125 0.24166666666666678 0.57578125 0.26979166666666676 0.584375 0.26979166666666676
2 0.546875 0.23958333333333343 0.5328125 0.2395833333333334 0.5328125 0.26250000000000007 0.546875 0.2625000000000001
2 0.5578125 0.23229166666666676 0.54375 0.23229166666666673 0.54375 0.2583333333333334 0.5578125 0.25833333333333347
2 0.56640625 0.2291666666666668 0.55234375 0.2291666666666668 0.55234375 0.25208333333333344 0.56640625 0.25208333333333344
2 0.57578125 0.22604166666666678 0.56328125 0.22604166666666678 0.56328125 0.24895833333333345 0.57578125 0.24895833333333345
2 0.5421875 0.2239583333333334 0.5265625 0.2239583333333334 0.5265625 0.24062500000000006 0.5421875 0.24062500000000006
2 0.55390625 0.21666666666666676 0.53828125 0.21666666666666673 0.53828125 0.23437500000000008 0.55390625 0.2343750000000001
2 0.56328125 0.2135416666666668 0.54765625 0.2135416666666668 0.54765625 0.2281250000000001 0.56328125 0.2281250000000001
2 0.53359375 0.2145833333333334 0.5203125 0.2145833333333334 0.5203125 0.22604166666666672 0.53359375 0.22604166666666672
2 0.5390625 0.21250000000000005 0.53359375 0.21250000000000005 0.53359375 0.2270833333333334 0.5390625 0.2270833333333334
2 0.553125 0.21145833333333341 0.540625 0.2114583333333334 0.540625 0.2250000000000001 0.553125 0.22500000000000012
2 0.55703125 0.20208333333333345 0.54765625 0.20208333333333345 0.54765625 0.21458333333333346 0.55703125 0.21458333333333346
2 0.52890625 0.20729166666666674 0.51796875 0.20729166666666674 0.51796875 0.2177083333333334 0.52890625 0.2177083333333334
2 0.53828125 0.20520833333333338 0.52890625 0.20520833333333338 0.52890625 0.2177083333333334 0.53828125 0.2177083333333334
2 0.546875 0.20208333333333342 0.53359375 0.2020833333333334 0.53359375 0.21250000000000008 0.546875 0.2125000000000001
2 0.55 0.19583333333333341 0.5390625 0.1958333333333334 0.5390625 0.20312500000000008 0.55 0.2031250000000001
2 0.52734375 0.19687500000000005 0.5140625 0.19687500000000005 0.5140625 0.20729166666666674 0.52734375 0.20729166666666674
2 0.53671875 0.19479166666666672 0.525 0.19479166666666672 0.525 0.20416666666666672 0.53671875 0.20416666666666672
2 0.53984375 0.18437500000000007 0.5296875 0.18437500000000007 0.5296875 0.1958333333333334 0.53984375 0.1958333333333334
2 0.525 0.18958333333333338 0.51328125 0.18958333333333338 0.51328125 0.2020833333333334 0.525 0.2020833333333334
2 0.528125 0.18541666666666673 0.51953125 0.18541666666666673 0.51953125 0.19479166666666672 0.528125 0.19479166666666672
2 0.53671875 0.17395833333333338 0.525 0.17395833333333338 0.525 0.18541666666666673 0.53671875 0.18541666666666673
2 0.53359375 0.1822916666666667 0.52421875 0.1822916666666667 0.52421875 0.18541666666666673 0.53359375 0.18541666666666673
2 0.51484375 0.23750000000000007 0.49375 0.23750000000000007 0.49375 0.2666666666666668 0.51484375 0.2666666666666668
2 0.50859375 0.22604166666666672 0.48828125 0.22604166666666672 0.48828125 0.2427083333333334 0.50859375 0.2427083333333334
2 0.50390625 0.21562500000000007 0.4859375 0.21562500000000007 0.4859375 0.2333333333333334 0.50390625 0.2333333333333334
2 0.49765625 0.20312500000000006 0.484375 0.20312500000000006 0.484375 0.21875000000000006 0.49765625 0.21875000000000006
2 0.49140625 0.19166666666666674 0.47578125 0.19166666666666674 0.47578125 0.20729166666666674 0.49140625 0.20729166666666674
2 0.49140625 0.1833333333333334 0.475 0.1833333333333334 0.475 0.19479166666666672 0.49140625 0.19479166666666672
2 0.46171875 0.17916666666666672 0.4484375 0.17916666666666672 0.4484375 0.2114583333333334 0.46171875 0.2114583333333334
2 0.459375 0.1666666666666667 0.446875 0.1666666666666667 0.446875 0.18541666666666673 0.459375 0.18541666666666673
2 0.50859375 0.1677083333333334 0.49453125 0.1677083333333334 0.49453125 0.18125000000000005 0.50859375 0.18125000000000005
2 0.50390625 0.1510416666666667 0.4921875 0.1510416666666667 0.4921875 0.16875000000000007 0.50390625 0.16875000000000007
2 0.509375 0.15729166666666672 0.50234375 0.15729166666666672 0.50234375 0.16979166666666673 0.509375 0.16979166666666673
2 0.51796875 0.1552083333333334 0.5078125 0.1552083333333334 0.5078125 0.1645833333333334 0.51796875 0.1645833333333334
2 0.525 0.1552083333333334 0.51484375 0.1552083333333334 0.51484375 0.16250000000000006 0.525 0.16250000000000006
2 0.50390625 0.1520833333333334 0.49609375 0.1520833333333334 0.49609375 0.15833333333333338 0.50390625 0.15833333333333338
2 0.50625 0.15000000000000005 0.49921875 0.15000000000000005 0.49921875 0.15833333333333338 0.50625 0.15833333333333338
2 0.51015625 0.15000000000000005 0.5046875 0.15000000000000005 0.5046875 0.1552083333333334 0.51015625 0.1552083333333334
2 0.515625 0.14687500000000006 0.51015625 0.14687500000000006 0.51015625 0.15416666666666673 0.515625 0.15416666666666673
2 0.51328125 0.14062500000000006 0.50703125 0.14062500000000006 0.50703125 0.14791666666666672 0.51328125 0.14791666666666672