2 0.44531250000000017 0.971875 0.4156250000000002 0.971875 0.4156250000000002 1 0.44531250000000017 1
2 0.21640625000000008 0.8802083333333334 0.1648437500000001 0.8802083333333334 0.1648437500000001 0.9979166666666667 0.21640625000000008 0.9979166666666667
2 0.2671875000000001 0.8427083333333333 0.2195312500000001 0.8427083333333333 0.2195312500000001 0.9729166666666667 0.2671875000000001 0.9729166666666667
2 0.2312500000000001 0.9270833333333334 0.2023437500000001 0.9270833333333334 0.2023437500000001 0.9875 0.2312500000000001 0.9875
2 0.14609375000000008 0.9645833333333333 0.11171875000000009 0.9645833333333333 0.11171875000000009 1 0.14609375000000008 1
2 0.20078125000000008 0.8375 0.1570312500000001 0.8375 0.1570312500000001 0.9645833333333333 0.20078125000000008 0.9645833333333333
2 0.1609375000000001 0.8239583333333333 0.11718750000000008 0.8239583333333333 0.11718750000000008 0.9979166666666667 0.1609375000000001 0.9979166666666667
2 0.29765625000000007 0.7333333333333333 0.2640625000000001 0.7333333333333333 0.2640625000000001 0.8854166666666666 0.29765625000000007 0.8854166666666666
2 0.2554687500000001 0.778125 0.21875000000000008 0.778125 0.21875000000000008 0.8947916666666667 0.2554687500000001 0.8947916666666667
2 0.2171875000000001 0.7677083333333333 0.1820312500000001 0.7677083333333333 0.1820312500000001 0.8958333333333334 0.2171875000000001 0.8958333333333334
2 0.1976562500000001 0.7458333333333333 0.1609375000000001 0.7458333333333333 0.1609375000000001 0.8885416666666667 0.1976562500000001 0.8885416666666667
2 0.421875 0.6395833333333333 0.3828125000000001 0.6395833333333333 0.3828125000000001 0.7875 0.421875 0.7875
2 0.22421875000000008 0.6604166666666667 0.18281250000000004 0.6604166666666667 0.18281250000000007 0.775 0.22421875000000008 0.775
2 0.2484375000000001 0.6270833333333333 0.2210937500000001 0.6270833333333333 0.2210937500000001 0.7354166666666667 0.2484375000000001 0.7354166666666667
2 0.2929687500000001 0.5645833333333333 0.2656250000000001 0.5645833333333333 0.2656250000000001 0.64375 0.2929687500000001 0.64375
2 0.2671875000000001 0.5302083333333333 0.2414062500000001 0.5302083333333333 0.2414062500000001 0.5854166666666667 0.2671875000000001 0.5854166666666667
2 0.2679687500000001 0.5583333333333333 0.23984375000000008 0.5583333333333333 0.23984375000000008 0.64375 0.2679687500000001 0.64375
2 0.3492187500000001 0.5729166666666666 0.3203125000000001 0.5729166666666666 0.3203125000000001 0.690625 0.3492187500000001 0.690625
2 0.3281250000000001 0.5552083333333333 0.30156250000000007 0.5552083333333333 0.30156250000000007 0.6447916666666667 0.3281250000000001 0.6447916666666667
2 0.46171875 0.5208333333333335 0.4375 0.5208333333333335 0.4375 0.59375 0.46171875 0.59375
2 0.4609375 0.49062500000000014 0.434375 0.49062500000000014 0.434375 0.5375 0.4609375 0.5375
2 0.45625 0.4562500000000001 0.43828125 0.4562500000000001 0.43828125 0.5052083333333335 0.45625 0.5052083333333335
2 0.46875 0.4322916666666668 0.4515625 0.4322916666666668 0.4515625 0.5093750000000001 0.46875 0.5093750000000001
2 0.459375 0.4187500000000001 0.434375 0.4187500000000001 0.434375 0.47291666666666676 0.459375 0.47291666666666676
2 0.47890625 0.3906250000000001 0.46015625 0.3906250000000001 0.46015625 0.45729166666666676 0.47890625 0.45729166666666676
2 0.3742187500000001 0.5333333333333333 0.3429687500000001 0.5333333333333333 0.3429687500000001 0.6458333333333334 0.3742187500000001 0.6458333333333334
2 0.428125 0.4895833333333334 0.40546875 0.4895833333333334 0.40546875 0.559375 0.428125 0.559375
2 0.43046875 0.46770833333333345 0.41328125 0.46770833333333345 0.41328125 0.534375 0.43046875 0.534375
2 0.434375 0.44166666666666676 0.41484375 0.44166666666666676 0.41484375 0.5000000000000001 0.434375 0.5000000000000001
2 0.43125 0.4291666666666668 0.4109375 0.4291666666666668 0.4109375 0.47708333333333347 0.43125 0.47708333333333347
2 0.39140625000000007 0.5031250000000002 0.3710937500000001 0.5031250000000002 0.3710937500000001 0.5541666666666667 0.39140625000000007 0.5541666666666667
2 0.3359375000000001 0.5166666666666667 0.3156250000000001 0.5166666666666667 0.3156250000000001 0.571875 0.3359375000000001 0.571875
2 0.31718750000000007 0.5 0.2953125000000001 0.5 0.2953125000000001 0.5947916666666667 0.31718750000000007 0.5947916666666667
2 0.2968750000000001 0.49375 0.2718750000000001 0.49375 0.2718750000000001 0.5864583333333333 0.2968750000000001 0.5864583333333333
2 0.47890625 0.3333333333333334 0.45703125 0.3333333333333334 0.45703125 0.39895833333333347 0.47890625 0.39895833333333347
2 0.4765625 0.2947916666666668 0.45546875 0.2947916666666668 0.45546875 0.35833333333333345 0.4765625 0.35833333333333345
2 0.40859375 0.4135416666666668 0.3875 0.4135416666666668 0.3875 0.4791666666666668 0.40859375 0.4791666666666668
2 0.4078125 0.4375000000000001 0.384375 0.4375000000000001 0.384375 0.5020833333333334 0.4078125 0.5020833333333334
2 0.39765625000000004 0.47708333333333347 0.37421875 0.47708333333333347 0.37421875000000004 0.5250000000000001 0.3976562500000001 0.5250000000000001
2 0.36484375 0.48125000000000007 0.33984375 0.48125 0.33984375000000006 0.54375 0.3648437500000001 0.54375
2 0.32343750000000004 0.465625 0.30234375 0.465625 0.30234375 0.5197916666666667 0.3234375000000001 0.5197916666666667
2 0.33203125000000006 0.4395833333333333 0.31171875 0.4395833333333333 0.31171875000000004 0.48854166666666665 0.3320312500000001 0.48854166666666665
2 0.38046875 0.4552083333333334 0.3578125 0.4552083333333333 0.35781250000000003 0.5281250000000001 0.3804687500000001 0.5281250000000001
2 0.38046875 0.42500000000000004 0.359375 0.425 0.359375 0.4781250000000001 0.38046875 0.47812500000000013
2 0.36015625000000007 0.4354166666666667 0.3375 0.4354166666666667 0.3375 0.49583333333333335 0.36015625000000007 0.49583333333333335
2 0.38671875 0.38333333333333347 0.3640625 0.38333333333333347 0.3640625 0.44166666666666676 0.38671875 0.44166666666666676
2 0.36875 0.3635416666666667 0.34921875 0.36354166666666665 0.34921875 0.4239583333333334 0.36875 0.42395833333333344
2 0.3515625 0.3958333333333333 0.33671875 0.3958333333333333 0.33671875 0.4666666666666667 0.3515625 0.4666666666666667
2 0.4140625 0.31875000000000014 0.3984375 0.31875000000000014 0.3984375 0.3718750000000001 0.4140625 0.3718750000000001
2 0.39296875 0.32083333333333347 0.3765625 0.32083333333333347 0.3765625 0.3562500000000001 0.39296875 0.3562500000000001
2 0.39296875 0.3489583333333334 0.375 0.3489583333333334 0.375 0.40833333333333344 0.39296875 0.40833333333333344
2 0.33828125 0.4114583333333333 0.32265625 0.4114583333333333 0.32265625 0.465625 0.33828125 0.465625
2 0.346875 0.37916666666666665 0.33203125 0.37916666666666665 0.33203125 0.41770833333333335 0.346875 0.41770833333333335
2 0.403125 0.2885416666666668 0.38828125 0.2885416666666668 0.38828125 0.3468750000000001 0.403125 0.3468750000000001
2 0.4265625 0.2760416666666668 0.40859375 0.2760416666666668 0.40859375 0.33020833333333344 0.4265625 0.33020833333333344
2 0.4890625 0.2427083333333334 0.4765625 0.2427083333333334 0.4765625 0.2885416666666668 0.4890625 0.2885416666666668
2 0.5125 0.22083333333333338 0.50078125 0.22083333333333338 0.50078125 0.25625000000000003 0.5125 0.25625000000000003
2 0.5 0.22604166666666672 0.4890625 0.22604166666666672 0.4890625 0.25520833333333337 0.5 0.25520833333333337
2 0.50234375 0.20520833333333338 0.4875 0.20520833333333338 0.4875 0.2427083333333334 0.50234375 0.2427083333333334
2 0.47890625 0.19166666666666674 0.46640625 0.19166666666666674 0.46640625 0.23541666666666672 0.47890625 0.23541666666666672
2 0.44296875 0.23437500000000006 0.43125 0.23437500000000006 0.43125 0.27500000000000013 0.44296875 0.27500000000000013
2 0.4296875 0.24375000000000005 0.41796875 0.24375000000000005 0.41796875 0.2843750000000001 0.4296875 0.2843750000000001
2 0.4203125 0.25729166666666675 0.40546875 0.25729166666666675 0.40546875 0.2937500000000001 0.4203125 0.2937500000000001
2 0.459375 0.22500000000000006 0.4484375 0.22500000000000006 0.4484375 0.2687500000000001 0.459375 0.2687500000000001
2 0.4625 0.1989583333333334 0.4515625 0.1989583333333334 0.4515625 0.24062500000000006 0.4625 0.24062500000000006
2 0.51796875 0.15416666666666673 0.509375 0.15416666666666673 0.509375 0.1802083333333334 0.51796875 0.1802083333333334
2 0.5328125 0.14687500000000006 0.525 0.14687500000000006 0.525 0.17291666666666672 0.5328125 0.17291666666666672
2 0.52109375 0.1395833333333334 0.51015625 0.1395833333333334 0.51015625 0.15937500000000007 0.52109375 0.15937500000000007
2 0.50234375 0.10208333333333343 0.490625 0.10208333333333343 0.490625 0.1270833333333334 0.50234375 0.1270833333333334
2 0.50234375 0.08750000000000009 0.49453125 0.08750000000000009 0.49453125 0.10833333333333342 0.50234375 0.10833333333333342
2 0.5390625 0.11354166666666675 0.5296875 0.11354166666666675 0.5296875 0.14062500000000006 0.5390625 0.14062500000000006
2 0.53515625 0.10416666666666675 0.52421875 0.10416666666666675 0.52421875 0.12604166666666675 0.53515625 0.12604166666666675
3 0.2828125000000001 0.971875 0.16953125000000008 0.971875 0.16953125000000008 1 0.2828125000000001 1
1 0.3789062500000001 0.7229166666666667 0.2656250000000001 0.7229166666666667 0.2656250000000001 0.9958333333333333 0.3789062500000001 0.9958333333333333
1 0.4859375 0.6802083333333333 0.3921875000000001 0.6802083333333333 0.3921875000000001 0.9354166666666667 0.4859375 0.9354166666666667
1 0.3179687500000001 0.6291666666666667 0.2171875000000001 0.6291666666666667 0.2171875000000001 0.8 0.3179687500000001 0.8
1 0.51015625 0.5385416666666667 0.4296875 0.5385416666666667 0.4296875 0.7239583333333334 0.51015625 0.7239583333333334
1 0.43984375 0.5354166666666667 0.3539062500000001 0.5354166666666667 0.3539062500000001 0.6916666666666667 0.43984375 0.6916666666666667
1 0.52109375 0.4375000000000001 0.46015625 0.4375000000000001 0.46015625 0.5677083333333334 0.52109375 0.5677083333333334
1 0.44765625 0.31875000000000014 0.39453125 0.31875000000000014 0.39453125 0.43020833333333347 0.44765625 0.43020833333333347
1 0.4609375 0.2666666666666668 0.425 0.2666666666666668 0.425 0.33437500000000014 0.4609375 0.33437500000000014
1 0.534375 0.12291666666666676 0.51796875 0.12291666666666676 0.51796875 0.15416666666666673 0.534375 0.15416666666666673
3 0.521875 0.10520833333333342 0.503125 0.10520833333333342 0.503125 0.14270833333333338 0.521875 0.14270833333333338
0 0.521875 0.24062500000000006 0.4796875 0.24062500000000006 0.4796875 0.36875000000000013 0.521875 0.36875000000000013
3 0.528125 0.09270833333333342 0.51953125 0.09270833333333342 0.51953125 0.11562500000000009 0.528125 0.11562500000000009
0 0.525 0.08125000000000009 0.50234375 0.08125000000000009 0.50234375 0.11770833333333343 0.525 0.11770833333333343