1 0.6484375000000001 0.865625 0.56015625 0.865625 0.5601562500000001 1 0.6484375000000002 1
1 0.603125 0.6864583333333333 0.52890625 0.6864583333333333 0.52890625 0.86875 0.603125 0.86875
1 0.72578125 0.6354166666666667 0.6484375 0.6354166666666666 0.6484375 0.8239583333333335 0.72578125 0.8239583333333336
1 0.67890625 0.44687500000000013 0.58125 0.44687500000000013 0.58125 0.6260416666666667 0.67890625 0.6260416666666667
1 0.5390625 0.4510416666666668 0.4875 0.4510416666666668 0.4875 0.5875 0.5390625 0.5875
1 0.5828125 0.37916666666666676 0.525 0.37916666666666676 0.525 0.4854166666666668 0.5828125 0.4854166666666668
1 0.53203125 0.30833333333333346 0.49609375 0.30833333333333346 0.49609375 0.40000000000000013 0.53203125 0.40000000000000013
1 0.56015625 0.2562500000000001 0.5328125 0.25625000000000003 0.5328125 0.3197916666666668 0.56015625 0.3197916666666668
1 0.5515625 0.23229166666666676 0.51875 0.23229166666666673 0.51875 0.27708333333333346 0.5515625 0.27708333333333346
1 0.471875 0.11666666666666675 0.4578125 0.11666666666666675 0.4578125 0.14062500000000006 0.471875 0.14062500000000006
1 0.47578125 0.10729166666666676 0.4625 0.10729166666666676 0.4625 0.1270833333333334 0.47578125 0.1270833333333334
2 0.48046875 0.2302083333333334 0.4609375 0.2302083333333334 0.4609375 0.26979166666666676 0.48046875 0.26979166666666676
2 0.48515625 0.21250000000000005 0.4671875 0.21250000000000005 0.4671875 0.2458333333333334 0.48515625 0.2458333333333334
2 0.4765625 0.17812500000000006 0.46015625 0.17812500000000006 0.46015625 0.2135416666666667 0.4765625 0.2135416666666667
2 0.47578125 0.16041666666666674 0.46328125 0.16041666666666674 0.46328125 0.18541666666666673 0.47578125 0.18541666666666673
2 0.4875 0.14375000000000007 0.47578125 0.14375000000000007 0.47578125 0.16979166666666673 0.4875 0.16979166666666673
2 0.4890625 0.10833333333333342 0.48125 0.10833333333333342 0.48125 0.12500000000000008 0.4890625 0.12500000000000008
2 0.50078125 0.1218750000000001 0.49140625 0.1218750000000001 0.49140625 0.1395833333333334 0.50078125 0.1395833333333334
2 0.496875 0.10208333333333343 0.48671875 0.10208333333333343 0.48671875 0.1218750000000001 0.496875 0.1218750000000001
1 0.50859375 0.08437500000000009 0.49375 0.08437500000000009 0.49375 0.11041666666666676 0.50859375 0.11041666666666676
2 0.5109375 0.15729166666666672 0.4984375 0.15729166666666672 0.4984375 0.1864583333333334 0.5109375 0.1864583333333334
2 0.50703125 0.1281250000000001 0.4984375 0.1281250000000001 0.4984375 0.14479166666666674 0.50703125 0.14479166666666674
2 0.503125 0.22083333333333338 0.48984375 0.22083333333333338 0.48984375 0.2593750000000001 0.503125 0.2593750000000001
2 0.50546875 0.20104166666666673 0.49140625 0.20104166666666673 0.49140625 0.22604166666666672 0.50546875 0.22604166666666672
2 0.51328125 0.18125000000000005 0.50234375 0.18125000000000005 0.50234375 0.2114583333333334 0.51328125 0.2114583333333334
2 0.50546875 0.16979166666666673 0.4953125 0.16979166666666673 0.4953125 0.19687500000000005 0.50546875 0.19687500000000005
2 0.51953125 0.17500000000000007 0.509375 0.17500000000000007 0.509375 0.19375000000000006 0.51953125 0.19375000000000006
2 0.521875 0.1677083333333334 0.51328125 0.1677083333333334 0.51328125 0.18437500000000007 0.521875 0.18437500000000007
2 0.5203125 0.1489583333333334 0.51171875 0.1489583333333334 0.51171875 0.17187500000000006 0.5203125 0.17187500000000006
2 0.52734375 0.1677083333333334 0.5203125 0.1677083333333334 0.5203125 0.18854166666666672 0.52734375 0.18854166666666672
2 0.53671875 0.17916666666666672 0.525 0.17916666666666672 0.525 0.2020833333333334 0.53671875 0.2020833333333334
2 0.53359375 0.1770833333333334 0.52578125 0.1770833333333334 0.52578125 0.19375000000000006 0.53359375 0.19375000000000006
2 0.5359375 0.21250000000000005 0.5265625 0.21250000000000005 0.5265625 0.2270833333333334 0.5359375 0.2270833333333334
2 0.546875 0.20208333333333342 0.53046875 0.2020833333333334 0.53046875 0.21979166666666675 0.546875 0.21979166666666677
2 0.55703125 0.2281250000000001 0.54453125 0.2281250000000001 0.54453125 0.2552083333333334 0.55703125 0.2552083333333334
2 0.55546875 0.20208333333333342 0.5421875 0.2020833333333334 0.5421875 0.22708333333333341 0.55546875 0.22708333333333344
2 0.57265625 0.23541666666666677 0.559375 0.23541666666666677 0.559375 0.2760416666666668 0.57265625 0.2760416666666668
2 0.5875 0.25416666666666676 0.57421875 0.25416666666666676 0.57421875 0.29270833333333346 0.5875 0.29270833333333346
2 0.60390625 0.2968750000000001 0.58671875 0.2968750000000001 0.58671875 0.35000000000000014 0.60390625 0.35000000000000014
2 0.61015625 0.4114583333333334 0.596875 0.4114583333333334 0.596875 0.44687500000000013 0.61015625 0.44687500000000013
2 0.62578125 0.3781250000000001 0.61015625 0.3781250000000001 0.61015625 0.4354166666666668 0.62578125 0.4354166666666668
2 0.62421875 0.35312500000000013 0.6046875 0.35312500000000013 0.6046875 0.39687500000000014 0.62421875 0.39687500000000014
2 0.6328125 0.3385416666666668 0.61171875 0.3385416666666668 0.61171875 0.3916666666666668 0.6328125 0.3916666666666668
2 0.63515625 0.41250000000000014 0.61796875 0.41250000000000014 0.61796875 0.4447916666666668 0.63515625 0.4447916666666668
2 0.63671875 0.39479166666666676 0.61953125 0.39479166666666676 0.61953125 0.43020833333333347 0.63671875 0.43020833333333347
2 0.6484375 0.4385416666666668 0.628125 0.4385416666666668 0.628125 0.4760416666666668 0.6484375 0.4760416666666668
2 0.659375 0.4041666666666668 0.646875 0.4041666666666668 0.646875 0.45208333333333345 0.659375 0.45208333333333345
2 0.67265625 0.40000000000000013 0.65625 0.40000000000000013 0.65625 0.4510416666666668 0.67265625 0.4510416666666668
2 0.6734375 0.4843750000000001 0.65078125 0.4843750000000001 0.65078125 0.5458333333333333 0.6734375 0.5458333333333333
2 0.671875 0.4531250000000001 0.64921875 0.4531250000000001 0.64921875 0.5093750000000001 0.671875 0.5093750000000001
2 0.6796875 0.45937500000000014 0.6625 0.45937500000000014 0.6625 0.5187500000000002 0.6796875 0.5187500000000002
2 0.684375 0.44166666666666676 0.66640625 0.44166666666666676 0.66640625 0.5083333333333334 0.684375 0.5083333333333334
2 0.6875 0.5114583333333335 0.66015625 0.5114583333333335 0.66015625 0.5979166666666667 0.6875 0.5979166666666667
0 0.6703125 0.4854166666666668 0.66953125 0.4854166666666668 0.66953125 0.48645833333333344 0.6703125 0.48645833333333344
2 0.709375 0.4697916666666668 0.6859375 0.4697916666666668 0.6859375 0.559375 0.709375 0.559375
2 0.7046875 0.5479166666666667 0.678125 0.5479166666666667 0.678125 0.6322916666666667 0.7046875 0.6322916666666667
2 0.73515625 0.5416666666666667 0.7015625 0.5416666666666666 0.7015625 0.6208333333333335 0.73515625 0.6208333333333336
2 0.73359375 0.5916666666666668 0.7078125 0.5916666666666667 0.7078125 0.6843750000000001 0.73359375 0.6843750000000003
2 0.7484375 0.6354166666666667 0.7203125 0.6354166666666666 0.7203125 0.7635416666666668 0.7484375 0.7635416666666669
2 0.821875 0.6791666666666669 0.75703125 0.6791666666666669 0.75703125 0.8562500000000003 0.821875 0.8562500000000003
2 0.78046875 0.6385416666666669 0.7609375 0.6385416666666669 0.7609375 0.7270833333333335 0.78046875 0.7270833333333335
2 0.865625 0.6739583333333335 0.8203125 0.6739583333333335 0.8203125 0.8093750000000003 0.865625 0.8093750000000003
2 0.790625 0.7791666666666669 0.75703125 0.7791666666666669 0.75703125 0.8729166666666669 0.790625 0.8729166666666669
2 0.85546875 0.7302083333333336 0.82109375 0.7302083333333336 0.82109375 0.8343750000000002 0.85546875 0.8343750000000002
2 0.8578125 0.7854166666666669 0.83359375 0.7854166666666669 0.83359375 0.9197916666666669 0.8578125 0.9197916666666669
2 0.84453125 0.8385416666666669 0.80390625 0.8385416666666669 0.80390625 0.9979166666666669 0.84453125 0.9979166666666669
2 0.7453125 0.8302083333333334 0.71484375 0.8302083333333333 0.7148437500000001 0.9864583333333334 0.7453125000000002 0.9864583333333335
2 0.7125000000000001 0.9302083333333333 0.68828125 0.9302083333333333 0.6882812500000001 1 0.7125000000000001 1
2 0.7765625 0.9520833333333336 0.74453125 0.9520833333333336 0.7445312500000001 1.0000000000000002 0.7765625000000002 1.0000000000000002
2 0.6890625000000001 0.8354166666666667 0.65703125 0.8354166666666667 0.6570312500000001 0.9770833333333333 0.6890625000000001 0.9770833333333333
2 0.66328125 0.7635416666666667 0.63828125 0.7635416666666667 0.63828125 0.9 0.66328125 0.9
2 0.6515625 0.6979166666666666 0.62265625 0.6979166666666666 0.62265625 0.8239583333333333 0.6515625 0.8239583333333333
2 0.62578125 0.6572916666666667 0.58671875 0.6572916666666667 0.58671875 0.7708333333333334 0.62578125 0.7708333333333334
2 0.58125 0.6197916666666666 0.5421875 0.6197916666666666 0.5421875 0.6791666666666667 0.58125 0.6791666666666667
2 0.54609375 0.5614583333333333 0.52578125 0.5614583333333333 0.52578125 0.628125 0.54609375 0.628125
2 0.57734375 0.47708333333333347 0.54453125 0.47708333333333347 0.54453125 0.575 0.57734375 0.575
2 0.61328125 0.5791666666666667 0.60390625 0.5791666666666667 0.60390625 0.6020833333333333 0.61328125 0.6020833333333333
2 0.6484375 0.58125 0.61015625 0.58125 0.61015625 0.68125 0.6484375 0.68125
2 0.52421875 0.565625 0.4890625 0.565625 0.4890625 0.665625 0.52421875 0.665625
2 0.51953125 0.6614583333333334 0.48828125 0.6614583333333334 0.48828125 0.784375 0.51953125 0.784375
2 0.521875 0.6625 0.4859375 0.6625 0.4859375 0.7708333333333334 0.521875 0.7708333333333334
2 0.91953125 0.8104166666666669 0.88984375 0.8104166666666669 0.88984375 0.9166666666666669 0.91953125 0.9166666666666669
2 0.98359375 0.9354166666666669 0.93671875 0.9354166666666669 0.93671875 1.0000000000000002 0.98359375 1.0000000000000002
2 0.909375 0.9166666666666669 0.8703125 0.9166666666666669 0.8703125 1.0000000000000002 0.909375 1.0000000000000002