1 0.57109375 0.578125 0.4921875 0.578125 0.4921875 0.7885416666666667 0.57109375 0.7885416666666667
1 0.6703125 0.5187500000000002 0.60390625 0.5187500000000002 0.60390625 0.6864583333333333 0.6703125 0.6864583333333333
1 0.71015625 0.44375000000000014 0.6578125 0.44375000000000014 0.6578125 0.58125 0.71015625 0.58125
1 0.553125 0.4041666666666668 0.50859375 0.4041666666666668 0.50859375 0.5250000000000001 0.553125 0.5250000000000001
0 0.6015625 0.34270833333333345 0.5609375 0.34270833333333345 0.5609375 0.4760416666666668 0.6015625 0.4760416666666668
1 0.521875 0.33020833333333344 0.4859375 0.33020833333333344 0.4859375 0.44583333333333347 0.521875 0.44583333333333347
1 0.50625 0.29062500000000013 0.4859375 0.29062500000000013 0.4859375 0.3260416666666668 0.50625 0.3260416666666668
1 0.49375 0.2593750000000001 0.47421875 0.2593750000000001 0.47421875 0.3125000000000001 0.49375 0.3125000000000001
1 0.4796875 0.2489583333333334 0.4671875 0.2489583333333334 0.4671875 0.27500000000000013 0.4796875 0.27500000000000013
1 0.478125 0.2177083333333334 0.465625 0.2177083333333334 0.465625 0.24687500000000007 0.478125 0.24687500000000007
1 0.55546875 0.30520833333333347 0.53046875 0.30520833333333347 0.53046875 0.3489583333333334 0.55546875 0.3489583333333334
1 0.55703125 0.2656250000000001 0.53359375 0.26562500000000006 0.53359375 0.32395833333333346 0.55703125 0.32395833333333346
2 0.5171875 0.26562500000000006 0.5078125 0.26562500000000006 0.5078125 0.3156250000000001 0.5171875 0.3156250000000001
1 0.5328125 0.24375000000000005 0.51328125 0.24375000000000005 0.51328125 0.28750000000000014 0.5328125 0.28750000000000014
2 0.5 0.24375000000000005 0.49453125 0.24375000000000005 0.49453125 0.2729166666666668 0.5 0.2729166666666668
2 0.4984375 0.23229166666666673 0.4921875 0.23229166666666673 0.4921875 0.2614583333333334 0.4984375 0.2614583333333334
1 0.515625 0.22500000000000006 0.50390625 0.22500000000000006 0.50390625 0.25312500000000004 0.515625 0.25312500000000004
1 0.56484375 0.20937500000000012 0.54765625 0.20937500000000012 0.54765625 0.2500000000000001 0.56484375 0.2500000000000001
2 0.4953125 0.2239583333333334 0.4859375 0.2239583333333334 0.4859375 0.2510416666666667 0.4953125 0.2510416666666667
2 0.49453125 0.2083333333333334 0.4875 0.2083333333333334 0.4875 0.23229166666666673 0.49453125 0.23229166666666673
1 0.51328125 0.20625000000000007 0.50078125 0.20625000000000007 0.50078125 0.22812500000000005 0.51328125 0.22812500000000005
2 0.459375 0.1864583333333334 0.44921875 0.1864583333333334 0.44921875 0.21979166666666672 0.459375 0.21979166666666672
1 0.4734375 0.1958333333333334 0.46015625 0.1958333333333334 0.46015625 0.2145833333333334 0.4734375 0.2145833333333334
1 0.47890625 0.1822916666666667 0.4671875 0.1822916666666667 0.4671875 0.2083333333333334 0.47890625 0.2083333333333334
2 0.484375 0.20312500000000006 0.47734375 0.20312500000000006 0.47734375 0.2291666666666667 0.484375 0.2291666666666667
1 0.5078125 0.1822916666666667 0.4921875 0.1822916666666667 0.4921875 0.20312500000000006 0.5078125 0.20312500000000006
1 0.46640625 0.18125000000000005 0.45546875 0.18125000000000005 0.45546875 0.19479166666666672 0.46640625 0.19479166666666672
2 0.45625 0.1458333333333334 0.45078125 0.1458333333333334 0.45078125 0.17500000000000007 0.45625 0.17500000000000007
1 0.46640625 0.15729166666666672 0.4546875 0.15729166666666672 0.4546875 0.17812500000000006 0.46640625 0.17812500000000006
1 0.49375 0.16250000000000006 0.484375 0.16250000000000006 0.484375 0.1822916666666667 0.49375 0.1822916666666667
1 0.50078125 0.1708333333333334 0.4921875 0.1708333333333334 0.4921875 0.18750000000000006 0.50078125 0.18750000000000006
2 0.4796875 0.16875000000000007 0.4734375 0.16875000000000007 0.4734375 0.18750000000000006 0.4796875 0.18750000000000006
1 0.4875 0.15729166666666672 0.4765625 0.15729166666666672 0.4765625 0.17395833333333338 0.4875 0.17395833333333338
0 0.5203125 0.11562500000000009 0.5 0.11562500000000009 0.5 0.16875000000000007 0.5203125 0.16875000000000007
3 0.47265625 0.09687500000000009 0.45859375 0.09687500000000009 0.45859375 0.13437500000000005 0.47265625 0.13437500000000005
3 0.49375 0.0750000000000001 0.4828125 0.0750000000000001 0.4828125 0.09479166666666676 0.49375 0.09479166666666676
1 0.4625 0.1354166666666667 0.45234375 0.1354166666666667 0.45234375 0.15416666666666673 0.4625 0.15416666666666673
1 0.46875 0.14375000000000007 0.459375 0.14375000000000007 0.459375 0.15729166666666672 0.46875 0.15729166666666672
2 0.4734375 0.1364583333333334 0.46796875 0.1364583333333334 0.46796875 0.15625000000000006 0.4734375 0.15625000000000006
1 0.48671875 0.14479166666666674 0.4796875 0.14479166666666674 0.4796875 0.15625000000000006 0.48671875 0.15625000000000006
1 0.4859375 0.13229166666666675 0.4796875 0.13229166666666675 0.4796875 0.14791666666666672 0.4859375 0.14791666666666672
2 0.4890625 0.3197916666666668 0.478125 0.3197916666666668 0.478125 0.3822916666666668 0.4890625 0.3822916666666668
2 0.5453125 0.33229166666666676 0.53203125 0.33229166666666676 0.53203125 0.3822916666666668 0.5453125 0.3822916666666668
2 0.54921875 0.3750000000000001 0.53359375 0.3750000000000001 0.53359375 0.4270833333333334 0.54921875 0.4270833333333334
2 0.646875 0.45937500000000014 0.63515625 0.45937500000000014 0.63515625 0.5302083333333335 0.646875 0.5302083333333335
2 0.621875 0.78125 0.58203125 0.78125 0.58203125 0.9302083333333333 0.621875 0.9302083333333333
2 0.71953125 0.6385416666666667 0.69609375 0.6385416666666667 0.69609375 0.7791666666666667 0.71953125 0.7791666666666667
2 0.759375 0.6333333333333335 0.72890625 0.6333333333333335 0.72890625 0.7541666666666669 0.759375 0.7541666666666669
2 0.7734375 0.6031250000000002 0.74453125 0.6031250000000002 0.74453125 0.7239583333333336 0.7734375 0.7239583333333336
2 0.97734375 0.6010416666666669 0.9546875 0.6010416666666669 0.9546875 0.7083333333333336 0.97734375 0.7083333333333336
2 0.98828125 0.5260416666666667 0.96171875 0.5260416666666667 0.96171875 0.6270833333333335 0.98828125 0.6270833333333335
2 0.959375 0.5510416666666669 0.93359375 0.5510416666666669 0.93359375 0.6395833333333336 0.959375 0.6395833333333336
2 0.93984375 0.8718750000000003 0.903125 0.8718750000000003 0.903125 0.9979166666666669 0.93984375 0.9979166666666669
2 0.8875 0.9333333333333336 0.84296875 0.9333333333333336 0.84296875 1.0000000000000002 0.8875 1.0000000000000002
2 0.8875 0.8395833333333336 0.83046875 0.8395833333333336 0.83046875 0.9625000000000002 0.8875 0.9625000000000002
2 0.8359375 0.7135416666666669 0.78671875 0.7135416666666669 0.78671875 0.8604166666666669 0.8359375 0.8604166666666669
2 0.803125 0.7552083333333336 0.75390625 0.7552083333333336 0.75390625 0.8989583333333335 0.803125 0.8989583333333335
1 0.82734375 0.8739583333333335 0.7171875 0.8739583333333333 0.7171875000000001 1.0000000000000002 0.82734375 1.0000000000000002
3 0.721875 0.9583333333333334 0.55390625 0.9583333333333334 0.55390625 1 0.7218750000000002 1
2 0.62890625 0.3958333333333334 0.60703125 0.3958333333333334 0.60703125 0.4718750000000001 0.62890625 0.4718750000000001
2 0.6421875 0.3916666666666668 0.6265625 0.3916666666666668 0.6265625 0.4375000000000001 0.6421875 0.4375000000000001
2 0.64609375 0.43020833333333347 0.6328125 0.43020833333333347 0.6328125 0.4718750000000001 0.64609375 0.4718750000000001
2 0.6640625 0.39687500000000014 0.65234375 0.39687500000000014 0.65234375 0.4479166666666668 0.6640625 0.4479166666666668
2 0.67734375 0.4250000000000001 0.6625 0.4250000000000001 0.6625 0.4510416666666668 0.67734375 0.4510416666666668
2 0.6140625 0.3781250000000001 0.6015625 0.3781250000000001 0.6015625 0.4354166666666668 0.6140625 0.4354166666666668
2 0.6296875 0.3625000000000001 0.61875 0.3625000000000001 0.61875 0.41041666666666676 0.6296875 0.41041666666666676
2 0.6515625 0.3666666666666668 0.6359375 0.3666666666666668 0.6359375 0.4250000000000001 0.6515625 0.4250000000000001
2 0.63671875 0.3468750000000001 0.62265625 0.3468750000000001 0.62265625 0.38333333333333347 0.63671875 0.38333333333333347
2 0.62890625 0.32395833333333346 0.61640625 0.32395833333333346 0.61640625 0.3645833333333334 0.62890625 0.3645833333333334
2 0.634375 0.3312500000000001 0.62265625 0.3312500000000001 0.62265625 0.3625000000000001 0.634375 0.3625000000000001
2 0.609375 0.3125000000000001 0.5984375 0.3125000000000001 0.5984375 0.34270833333333345 0.609375 0.34270833333333345
2 0.621875 0.3135416666666668 0.61171875 0.3135416666666668 0.61171875 0.35208333333333347 0.621875 0.35208333333333347
2 0.57578125 0.3104166666666668 0.56484375 0.3104166666666668 0.56484375 0.33750000000000013 0.57578125 0.33750000000000013
2 0.58359375 0.30312500000000014 0.575 0.30312500000000014 0.575 0.33437500000000014 0.58359375 0.33437500000000014
2 0.5578125 0.34583333333333344 0.54453125 0.34583333333333344 0.54453125 0.38125000000000014 0.5578125 0.38125000000000014
2 0.58984375 0.28020833333333345 0.58203125 0.28020833333333345 0.58203125 0.3197916666666668 0.58984375 0.3197916666666668
2 0.60859375 0.2781250000000001 0.5953125 0.2781250000000001 0.5953125 0.3125000000000001 0.60859375 0.3125000000000001
2 0.6171875 0.28750000000000014 0.60703125 0.28750000000000014 0.60703125 0.31458333333333344 0.6171875 0.31458333333333344
2 0.56953125 0.2604166666666668 0.56015625 0.2604166666666668 0.56015625 0.29583333333333345 0.56953125 0.29583333333333345
2 0.58359375 0.25937500000000013 0.571875 0.25937500000000013 0.571875 0.2968750000000001 0.58359375 0.2968750000000001
2 0.59453125 0.2625000000000001 0.58515625 0.2625000000000001 0.58515625 0.28541666666666676 0.59453125 0.28541666666666676
2 0.596875 0.2708333333333334 0.5890625 0.2708333333333334 0.5890625 0.2947916666666668 0.596875 0.2947916666666668
2 0.5609375 0.24791666666666679 0.5515625 0.24791666666666679 0.5515625 0.2812500000000001 0.5609375 0.2812500000000001
2 0.571875 0.24270833333333344 0.56484375 0.24270833333333344 0.56484375 0.26458333333333345 0.571875 0.26458333333333345
2 0.584375 0.2447916666666668 0.575 0.2447916666666668 0.575 0.26458333333333345 0.584375 0.26458333333333345
2 0.578125 0.23645833333333346 0.5703125 0.23645833333333346 0.5703125 0.2572916666666668 0.578125 0.2572916666666668
2 0.5734375 0.2229166666666668 0.56640625 0.2229166666666668 0.56640625 0.2447916666666668 0.5734375 0.2447916666666668
2 0.53984375 0.2447916666666667 0.5328125 0.2447916666666667 0.5328125 0.26354166666666673 0.53984375 0.26354166666666673
2 0.546875 0.24479166666666677 0.5390625 0.2447916666666667 0.5390625 0.26979166666666676 0.546875 0.26979166666666676
2 0.52734375 0.22500000000000006 0.52109375 0.22500000000000006 0.52109375 0.24687500000000007 0.52734375 0.24687500000000007
2 0.53515625 0.22500000000000006 0.52890625 0.22500000000000006 0.52890625 0.2458333333333334 0.53515625 0.2458333333333334
2 0.5421875 0.22187500000000007 0.5359375 0.22187500000000007 0.5359375 0.2447916666666667 0.5421875 0.2447916666666667
2 0.52265625 0.2083333333333334 0.51484375 0.2083333333333334 0.51484375 0.2302083333333334 0.52265625 0.2302083333333334
2 0.5265625 0.21041666666666672 0.51796875 0.21041666666666672 0.51796875 0.2291666666666667 0.5265625 0.2291666666666667
1 0.54140625 0.1958333333333334 0.52265625 0.1958333333333334 0.52265625 0.2239583333333334 0.54140625 0.2239583333333334
2 0.534375 0.20729166666666674 0.52734375 0.20729166666666674 0.52734375 0.22500000000000006 0.534375 0.22500000000000006
2 0.5171875 0.1833333333333334 0.509375 0.1833333333333334 0.509375 0.20937500000000006 0.5171875 0.20937500000000006
1 0.5296875 0.18437500000000007 0.51796875 0.18437500000000007 0.51796875 0.20625000000000007 0.5296875 0.20625000000000007
2 0.53828125 0.17604166666666674 0.53203125 0.17604166666666674 0.53203125 0.19687500000000005 0.53828125 0.19687500000000005
2 0.54296875 0.17916666666666672 0.53671875 0.17916666666666672 0.53671875 0.1989583333333334 0.54296875 0.1989583333333334
2 0.54921875 0.19479166666666675 0.54296875 0.19479166666666672 0.54296875 0.2156250000000001 0.54921875 0.21562500000000012
2 0.55625 0.19895833333333346 0.55 0.19895833333333346 0.55 0.21041666666666678 0.55625 0.21041666666666678
2 0.5109375 0.16979166666666673 0.50546875 0.16979166666666673 0.50546875 0.19166666666666674 0.5109375 0.19166666666666674
2 0.521875 0.17291666666666672 0.51484375 0.17291666666666672 0.51484375 0.18958333333333338 0.521875 0.18958333333333338
2 0.5296875 0.1677083333333334 0.5234375 0.1677083333333334 0.5234375 0.18437500000000007 0.5296875 0.18437500000000007
2 0.528125 0.15416666666666673 0.52265625 0.15416666666666673 0.52265625 0.1708333333333334 0.528125 0.1708333333333334
2 0.49765625 0.13229166666666675 0.4921875 0.13229166666666675 0.4921875 0.1614583333333334 0.49765625 0.1614583333333334
2 0.49609375 0.12083333333333342 0.4890625 0.12083333333333342 0.4890625 0.14687500000000006 0.49609375 0.14687500000000006
1 0.4859375 0.11041666666666676 0.47734375 0.11041666666666676 0.47734375 0.12500000000000008 0.4859375 0.12500000000000008
2 0.49296875 0.10312500000000009 0.4875 0.10312500000000009 0.4875 0.11979166666666675 0.49296875 0.11979166666666675
1 0.48828125 0.10208333333333343 0.48125 0.10208333333333343 0.48125 0.11041666666666676 0.48828125 0.11041666666666676
1 0.48359375 0.12500000000000008 0.47578125 0.12500000000000008 0.47578125 0.13750000000000007 0.48359375 0.13750000000000007
2 0.45703125 0.11979166666666674 0.4515625 0.11979166666666673 0.4515625 0.14062500000000006 0.45703125 0.14062500000000006
2 0.49765625 0.10104166666666675 0.49375 0.10104166666666675 0.49375 0.10833333333333342 0.49765625 0.10833333333333342
2 0.4984375 0.11458333333333343 0.49375 0.11458333333333343 0.49375 0.13229166666666675 0.4984375 0.13229166666666675
2 0.503125 0.10416666666666675 0.5 0.10416666666666675 0.5 0.11666666666666675 0.503125 0.11666666666666675
2 0.50859375 0.10416666666666675 0.503125 0.10416666666666675 0.503125 0.11562500000000009 0.50859375 0.11562500000000009
1 0.50390625 0.09479166666666676 0.4984375 0.09479166666666676 0.4984375 0.11041666666666676 0.50390625 0.11041666666666676
2 0.5296875 0.2885416666666668 0.515625 0.2885416666666668 0.515625 0.3416666666666668 0.5296875 0.3416666666666668
2 0.51015625 0.2614583333333334 0.49765625 0.2614583333333334 0.49765625 0.2947916666666668 0.51015625 0.2947916666666668
2 0.4859375 0.1864583333333334 0.48046875 0.1864583333333334 0.48046875 0.21041666666666672 0.4859375 0.21041666666666672
2 0.87265625 0.41458333333333347 0.84765625 0.41458333333333347 0.84765625 0.5145833333333335 0.87265625 0.5145833333333335
2 0.87265625 0.3354166666666668 0.84296875 0.3354166666666668 0.84296875 0.4062500000000001 0.87265625 0.4062500000000001