1 0.63984375 0.6989583333333333 0.55078125 0.6989583333333333 0.55078125 0.9010416666666666 0.63984375 0.9010416666666666
2 0.55 0.6333333333333333 0.4828125 0.6333333333333333 0.4828125 0.7822916666666667 0.55 0.7822916666666667
1 0.63515625 0.4697916666666668 0.58203125 0.4697916666666668 0.58203125 0.5760416666666667 0.63515625 0.5760416666666667
1 0.54609375 0.36562500000000014 0.48828125 0.36562500000000014 0.48828125 0.46458333333333346 0.54609375 0.46458333333333346
1 0.61796875 0.35312500000000013 0.55625 0.35312500000000013 0.55625 0.47708333333333347 0.61796875 0.47708333333333347
1 0.6515625 0.33229166666666676 0.5859375 0.33229166666666676 0.5859375 0.4531250000000001 0.6515625 0.4531250000000001
2 0.68671875 0.5135416666666668 0.66171875 0.5135416666666668 0.66171875 0.6239583333333333 0.68671875 0.6239583333333333
2 0.5671875 0.4947916666666668 0.53203125 0.4947916666666668 0.53203125 0.5802083333333333 0.5671875 0.5802083333333333
2 0.4984375 0.1354166666666667 0.490625 0.1354166666666667 0.490625 0.1645833333333334 0.4984375 0.1645833333333334
2 0.48828125 0.13229166666666675 0.47890625 0.13229166666666675 0.47890625 0.17291666666666672 0.48828125 0.17291666666666672
2 0.503125 0.12395833333333342 0.4953125 0.12395833333333342 0.4953125 0.14062500000000006 0.503125 0.14062500000000006
2 0.48984375 0.11770833333333343 0.48515625 0.11770833333333343 0.48515625 0.1364583333333334 0.48984375 0.1364583333333334
2 0.49453125 0.10833333333333342 0.48515625 0.10833333333333342 0.48515625 0.12291666666666676 0.49453125 0.12291666666666676
2 0.5015625 0.09791666666666675 0.490625 0.09791666666666675 0.490625 0.12395833333333342 0.5015625 0.12395833333333342
2 0.51171875 0.09270833333333342 0.5 0.09270833333333342 0.5 0.11770833333333343 0.51171875 0.11770833333333343