2 0.1312500000000001 0.8895833333333333 0.08750000000000009 0.8895833333333333 0.08750000000000009 1 0.1312500000000001 1
2 0.2023437500000001 0.778125 0.1648437500000001 0.778125 0.1648437500000001 0.8625 0.2023437500000001 0.8625
2 0.20859375000000008 0.7333333333333333 0.1664062500000001 0.7333333333333333 0.1664062500000001 0.8239583333333333 0.20859375000000008 0.8239583333333333
2 0.2710937500000001 0.7677083333333333 0.23203125000000008 0.7677083333333333 0.23203125000000008 0.88125 0.2710937500000001 0.88125
2 0.24375000000000008 0.7010416666666667 0.2062500000000001 0.7010416666666667 0.2062500000000001 0.8458333333333333 0.24375000000000008 0.8458333333333333
2 0.28984375000000007 0.696875 0.2554687500000001 0.696875 0.2554687500000001 0.8166666666666667 0.28984375000000007 0.8166666666666667
2 0.2679687500000001 0.6635416666666667 0.24375000000000008 0.6635416666666667 0.24375000000000008 0.7791666666666667 0.2679687500000001 0.7791666666666667
2 0.30546875000000007 0.6322916666666667 0.2734375000000001 0.6322916666666667 0.2734375000000001 0.7614583333333333 0.30546875000000007 0.7614583333333333
2 0.38750000000000007 0.9635416666666666 0.3554687500000001 0.9635416666666666 0.3554687500000001 1 0.38750000000000007 1
2 0.4484375000000001 0.921875 0.409375 0.921875 0.4093750000000001 1 0.44843750000000016 1
2 0.41093750000000007 0.8729166666666667 0.3765625000000001 0.8729166666666667 0.3765625000000001 1 0.4109375000000002 1
2 0.4296875 0.775 0.39140625000000007 0.775 0.39140625000000007 0.93125 0.4296875 0.93125
2 0.4976562500000001 0.9614583333333333 0.45546875 0.9614583333333333 0.4554687500000001 1 0.4976562500000002 1
2 0.5109375 0.8604166666666667 0.48203125 0.8604166666666667 0.4820312500000001 1 0.5109375000000002 1
2 0.50703125 0.8322916666666667 0.49296875 0.8322916666666667 0.49296875 0.878125 0.50703125 0.878125
2 0.5359375 0.7802083333333333 0.509375 0.7802083333333333 0.509375 0.946875 0.5359375 0.946875
2 0.55078125 0.4427083333333334 0.53828125 0.4427083333333334 0.53828125 0.5312500000000001 0.55078125 0.5312500000000001
2 0.55390625 0.40208333333333346 0.53515625 0.40208333333333346 0.53515625 0.47812500000000013 0.55390625 0.47812500000000013
2 0.45390625 0.28333333333333344 0.44453125 0.28333333333333344 0.44453125 0.30625000000000013 0.45390625 0.30625000000000013
2 0.44921875 0.2593750000000001 0.434375 0.2593750000000001 0.434375 0.29583333333333345 0.44921875 0.29583333333333345
2 0.459375 0.24166666666666672 0.44375 0.24166666666666672 0.44375 0.28020833333333345 0.459375 0.28020833333333345
2 0.45703125 0.2270833333333334 0.43984375 0.2270833333333334 0.43984375 0.27500000000000013 0.45703125 0.27500000000000013
2 0.471875 0.2708333333333334 0.4578125 0.2708333333333334 0.4578125 0.3125000000000001 0.471875 0.3125000000000001
2 0.4796875 0.25625000000000003 0.4640625 0.25625000000000003 0.4640625 0.3020833333333334 0.4796875 0.3020833333333334
2 0.5015625 0.24375000000000005 0.48515625 0.24375000000000005 0.48515625 0.28750000000000014 0.5015625 0.28750000000000014
2 0.5203125 0.27395833333333347 0.50859375 0.27395833333333347 0.50859375 0.3125000000000001 0.5203125 0.3125000000000001
2 0.51875 0.2447916666666667 0.5046875 0.2447916666666667 0.5046875 0.27708333333333346 0.51875 0.27708333333333346
2 0.525 0.22291666666666674 0.51171875 0.22291666666666674 0.51171875 0.2510416666666667 0.525 0.2510416666666667
2 0.4765625 0.2114583333333334 0.46015625 0.2114583333333334 0.46015625 0.25625000000000003 0.4765625 0.25625000000000003
2 0.5 0.1979166666666667 0.4875 0.1979166666666667 0.4875 0.23750000000000007 0.5 0.23750000000000007
2 0.49296875 0.17812500000000006 0.484375 0.17812500000000006 0.484375 0.21250000000000005 0.49296875 0.21250000000000005
2 0.50625 0.18958333333333338 0.49375 0.18958333333333338 0.49375 0.2135416666666667 0.50625 0.2135416666666667
2 0.50703125 0.1708333333333334 0.49453125 0.1708333333333334 0.49453125 0.18750000000000006 0.50703125 0.18750000000000006
2 0.5109375 0.15729166666666672 0.50078125 0.15729166666666672 0.50078125 0.17812500000000006 0.5109375 0.17812500000000006
2 0.51875 0.14479166666666674 0.50390625 0.14479166666666674 0.50390625 0.17291666666666672 0.51875 0.17291666666666672
2 0.5265625 0.13437500000000005 0.51484375 0.13437500000000005 0.51484375 0.16562500000000005 0.5265625 0.16562500000000005
2 0.52734375 0.12604166666666675 0.51640625 0.12604166666666675 0.51640625 0.1364583333333334 0.52734375 0.1364583333333334
2 0.53125 0.11250000000000009 0.52109375 0.11250000000000009 0.52109375 0.13437500000000005 0.53125 0.13437500000000005
2 0.53203125 0.10000000000000009 0.5234375 0.10000000000000009 0.5234375 0.11354166666666675 0.53203125 0.11354166666666675
2 0.5375 0.09687500000000009 0.53203125 0.09687500000000009 0.53203125 0.1218750000000001 0.5375 0.1218750000000001
2 0.54765625 0.09479166666666676 0.53828125 0.09479166666666676 0.53828125 0.11354166666666675 0.54765625 0.11354166666666675
2 0.55390625 0.09270833333333342 0.54609375 0.09270833333333342 0.54609375 0.11354166666666675 0.55390625 0.11354166666666675
2 0.53515625 0.08229166666666675 0.5265625 0.08229166666666675 0.5265625 0.10000000000000009 0.53515625 0.10000000000000009
2 0.540625 0.07604166666666676 0.5359375 0.07604166666666676 0.5359375 0.09375000000000008 0.540625 0.09375000000000008
2 0.56328125 0.08437500000000009 0.55390625 0.08437500000000009 0.55390625 0.10520833333333342 0.56328125 0.10520833333333342
1 0.33281250000000007 0.9177083333333333 0.2210937500000001 0.9177083333333333 0.2210937500000001 1 0.33281250000000007 1
1 0.2468750000000001 0.828125 0.11718750000000008 0.828125 0.11718750000000008 1 0.2468750000000001 1
1 0.3898437500000001 0.6885416666666667 0.2648437500000001 0.6885416666666667 0.2648437500000001 0.9552083333333333 0.3898437500000001 0.9552083333333333
1 0.5578125 0.2822916666666668 0.53046875 0.2822916666666668 0.53046875 0.35312500000000013 0.5578125 0.35312500000000013
1 0.5015625 0.28020833333333345 0.47421875 0.28020833333333345 0.47421875 0.3260416666666668 0.5015625 0.3260416666666668
1 0.496875 0.31145833333333345 0.471875 0.31145833333333345 0.471875 0.38645833333333346 0.496875 0.38645833333333346
1 0.5296875 0.19375000000000006 0.50625 0.19375000000000006 0.50625 0.2427083333333334 0.5296875 0.2427083333333334
1 0.56953125 0.19375000000000012 0.55 0.19375000000000012 0.55 0.24583333333333346 0.56953125 0.24583333333333346
1 0.53203125 0.16041666666666674 0.50703125 0.16041666666666674 0.50703125 0.20104166666666673 0.53203125 0.20104166666666673
1 0.54453125 0.14062500000000008 0.5265625 0.14062500000000006 0.5265625 0.18645833333333342 0.54453125 0.18645833333333345
1 0.55390625 0.11041666666666676 0.540625 0.11041666666666676 0.540625 0.14479166666666676 0.55390625 0.1447916666666668
1 0.5515625 0.07395833333333342 0.540625 0.07395833333333342 0.540625 0.09583333333333342 0.5515625 0.09583333333333342
3 0.54296875 0.05416666666666676 0.5296875 0.05416666666666676 0.5296875 0.08958333333333342 0.54296875 0.08958333333333342
3 0.58125 0.09479166666666676 0.5546875 0.09479166666666676 0.5546875 0.16979166666666679 0.58125 0.16979166666666679
3 0.56171875 0.2000000000000001 0.52578125 0.20000000000000007 0.52578125 0.30104166666666676 0.56171875 0.30104166666666676
3 0.55390625 0.29270833333333346 0.4921875 0.29270833333333346 0.4921875 0.4291666666666668 0.55390625 0.4291666666666668
3 0.54296875 0.36354166666666676 0.41875 0.36354166666666676 0.41875 0.8052083333333333 0.54296875 0.8052083333333333
3 0.46328125 0.35104166666666675 0.303125 0.35104166666666664 0.30312500000000003 0.7020833333333333 0.46328125 0.7020833333333333
3 0.484375 0.30104166666666676 0.42109375 0.30104166666666676 0.42109375 0.4041666666666668 0.484375 0.4041666666666668
0 0.4375 0.2614583333333334 0.334375 0.2614583333333334 0.334375 0.4302083333333334 0.4375 0.43020833333333347
2 0.584375 0.1510416666666668 0.5734375 0.1510416666666668 0.5734375 0.18645833333333345 0.584375 0.18645833333333345