0 0.4859375 0.44375000000000014 0.39609375 0.44375000000000014 0.39609375 0.8052083333333333 0.4859375 0.8052083333333333
0 0.4390625 0.30000000000000004 0.3265625 0.3 0.32656250000000003 0.5166666666666667 0.4390625 0.5166666666666668
1 0.528125 0.11041666666666676 0.51015625 0.11041666666666676 0.51015625 0.1312500000000001 0.528125 0.1312500000000001
2 0.509375 0.13854166666666673 0.49765625 0.13854166666666673 0.49765625 0.15729166666666672 0.509375 0.15729166666666672
2 0.5140625 0.1270833333333334 0.5 0.1270833333333334 0.5 0.1395833333333334 0.5140625 0.1395833333333334
2 0.5109375 0.10937500000000008 0.49921875 0.10937500000000008 0.49921875 0.12604166666666675 0.5109375 0.12604166666666675
1 0.4953125 0.10520833333333342 0.478125 0.10520833333333342 0.478125 0.12291666666666676 0.4953125 0.12291666666666676
1 0.4828125 0.2791666666666668 0.43515625 0.2791666666666668 0.43515625 0.34270833333333345 0.4828125 0.34270833333333345
1 0.46640625 0.23645833333333338 0.4328125 0.23645833333333338 0.4328125 0.28750000000000014 0.46640625 0.28750000000000014
1 0.37187500000000007 0.5854166666666667 0.2890625000000001 0.5854166666666667 0.2890625000000001 0.8114583333333333 0.37187500000000007 0.8114583333333333
1 0.509375 0.3916666666666668 0.45546875 0.3916666666666668 0.45546875 0.578125 0.509375 0.578125
1 0.45390625000000007 0.925 0.3664062500000001 0.925 0.3664062500000001 1 0.4539062500000002 1
2 0.509375 0.09479166666666676 0.4953125 0.09479166666666676 0.4953125 0.11145833333333342 0.509375 0.11145833333333342
2 0.515625 0.17916666666666672 0.49609375 0.17916666666666672 0.49609375 0.2135416666666667 0.515625 0.2135416666666667
2 0.50625 0.17187500000000006 0.49453125 0.17187500000000006 0.49453125 0.1989583333333334 0.50625 0.1989583333333334
2 0.4390625 0.2270833333333334 0.4203125 0.2270833333333334 0.4203125 0.2729166666666668 0.4390625 0.2729166666666668
2 0.5109375 0.27708333333333346 0.4859375 0.27708333333333346 0.4859375 0.3260416666666668 0.5109375 0.3260416666666668
2 0.47890625 0.3437500000000001 0.459375 0.3437500000000001 0.459375 0.39687500000000014 0.47890625 0.39687500000000014
2 0.32656250000000003 0.4708333333333333 0.30546875 0.4708333333333333 0.30546875000000007 0.5416666666666666 0.3265625000000001 0.5416666666666666
2 0.32890625000000007 0.4375 0.30859375 0.4375 0.30859375000000006 0.490625 0.32890625000000007 0.490625
2 0.29765625000000007 0.6239583333333333 0.2656250000000001 0.6239583333333333 0.2656250000000001 0.7385416666666667 0.29765625000000007 0.7385416666666667
2 0.2718750000000001 0.7729166666666667 0.2257812500000001 0.7729166666666667 0.2257812500000001 0.8979166666666667 0.2718750000000001 0.8979166666666667
2 0.1921875000000001 0.8447916666666667 0.1492187500000001 0.8447916666666667 0.1492187500000001 0.9510416666666667 0.1921875000000001 0.9510416666666667
2 0.2351562500000001 0.9083333333333333 0.19296875000000008 0.9083333333333333 0.19296875000000008 1 0.2351562500000001 1
2 0.3343750000000001 0.9385416666666667 0.2890625000000001 0.9385416666666667 0.2890625000000001 1 0.3343750000000001 1
2 0.3453125000000001 0.8635416666666667 0.30937500000000007 0.8635416666666667 0.30937500000000007 0.9791666666666666 0.3453125000000001 0.9791666666666666
2 0.16562500000000008 0.9291666666666667 0.11328125000000008 0.9291666666666667 0.11328125000000008 1 0.16562500000000008 1
2 0.10546875000000008 0.9322916666666666 0.06796875000000009 0.9322916666666666 0.06796875000000009 1 0.10546875000000008 1
2 0.2117187500000001 0.9729166666666667 0.1742187500000001 0.9729166666666667 0.1742187500000001 1 0.2117187500000001 1
2 0.2804687500000001 0.9697916666666667 0.2531250000000001 0.9697916666666667 0.2531250000000001 1 0.2804687500000001 1