3 0.5012987012987014 0.692063492063492 0.4649350649350649 0.692063492063492 0.46493506493506503 0.7841269841269841 0.5012987012987015 0.7841269841269841
3 0.9428571428571428 0.9492063492063492 0.9090909090909091 0.9492063492063492 0.9090909090909091 0.9968253968253968 0.9428571428571428 0.9968253968253968
3 0.8857142857142857 0.9238095238095239 0.8519480519480519 0.9238095238095239 0.8519480519480519 1 0.8857142857142857 1
3 0.8753246753246753 0.8412698412698413 0.8285714285714286 0.8412698412698413 0.8285714285714286 0.9301587301587302 0.8753246753246753 0.9301587301587302
3 0.825974025974026 0.8698412698412699 0.8077922077922078 0.8698412698412699 0.8077922077922078 0.9365079365079365 0.825974025974026 0.9365079365079365
3 0.8 0.9079365079365079 0.7688311688311689 0.9079365079365079 0.7688311688311689 0.9904761904761905 0.8 0.9904761904761905
3 0.8363636363636363 0.7682539682539684 0.8051948051948052 0.7682539682539684 0.8051948051948052 0.8507936507936508 0.8363636363636363 0.8507936507936508
3 0.8415584415584415 0.6984126984126986 0.8077922077922078 0.6984126984126986 0.8077922077922078 0.7619047619047621 0.8415584415584415 0.7619047619047621
3 0.6753246753246753 0.596825396825397 0.6545454545454545 0.596825396825397 0.6545454545454545 0.7142857142857144 0.6753246753246753 0.7142857142857144
3 0.6701298701298701 0.5301587301587304 0.6519480519480519 0.5301587301587304 0.6519480519480519 0.5904761904761907 0.6701298701298701 0.5904761904761907
3 0.7246753246753247 0.5396825396825399 0.6909090909090909 0.5396825396825399 0.6909090909090909 0.6476190476190478 0.7246753246753247 0.6476190476190478
3 0.6935064935064935 0.4825396825396827 0.6675324675324675 0.4825396825396827 0.6675324675324675 0.5365079365079367 0.6935064935064935 0.5365079365079367
3 0.6415584415584416 0.4190476190476192 0.6337662337662338 0.4190476190476192 0.6337662337662338 0.4634920634920637 0.6415584415584416 0.4634920634920637
3 0.6337662337662338 0.4825396825396827 0.6155844155844156 0.4825396825396827 0.6155844155844156 0.5301587301587304 0.6337662337662338 0.5301587301587304
3 0.6415584415584416 0.558730158730159 0.6337662337662338 0.558730158730159 0.6337662337662338 0.6380952380952383 0.6415584415584416 0.6380952380952383
3 0.5844155844155845 0.7047619047619048 0.5636363636363636 0.7047619047619048 0.5636363636363637 0.7746031746031746 0.5844155844155846 0.7746031746031746
3 0.5896103896103896 0.3714285714285715 0.561038961038961 0.3714285714285715 0.561038961038961 0.41904761904761906 0.5896103896103896 0.41904761904761906
0 0.7714285714285715 0.8603174603174604 0.6727272727272727 0.8603174603174604 0.6727272727272727 1 0.7714285714285715 1
0 0.6000000000000001 0.7142857142857143 0.4961038961038961 0.7142857142857143 0.49610389610389616 0.9904761904761905 0.6000000000000002 0.9904761904761905
0 0.6883116883116883 0.6603174603174604 0.6025974025974026 0.6603174603174603 0.6025974025974027 0.8507936507936508 0.6883116883116883 0.8507936507936508
0 0.8051948051948052 0.6222222222222225 0.6961038961038961 0.6222222222222225 0.6961038961038961 0.8412698412698413 0.8051948051948052 0.8412698412698413
0 0.6285714285714286 0.523809523809524 0.5584415584415584 0.5238095238095238 0.5584415584415584 0.6507936507936509 0.6285714285714286 0.6507936507936509
0 0.5584415584415584 0.5238095238095238 0.4805194805194805 0.5238095238095238 0.4805194805194805 0.6825396825396826 0.5584415584415584 0.6825396825396826
0 0.5948051948051948 0.42857142857142855 0.5324675324675324 0.42857142857142855 0.5324675324675324 0.5174603174603175 0.5948051948051948 0.5174603174603175
0 0.5168831168831168 0.42857142857142855 0.45714285714285713 0.42857142857142855 0.45714285714285713 0.5365079365079365 0.5168831168831168 0.5365079365079365
0 0.4987012987012987 0.35873015873015884 0.4597402597402597 0.35873015873015884 0.4597402597402597 0.44126984126984126 0.4987012987012987 0.44126984126984126
0 0.5558441558441558 0.36507936507936517 0.5168831168831168 0.36507936507936517 0.5168831168831168 0.4253968253968254 0.5558441558441558 0.4253968253968254
0 0.535064935064935 0.2793650793650795 0.4909090909090909 0.2793650793650795 0.4909090909090909 0.36507936507936517 0.535064935064935 0.36507936507936517
0 0.4805194805194805 0.25396825396825407 0.44155844155844154 0.25396825396825407 0.44155844155844154 0.34285714285714297 0.4805194805194805 0.34285714285714297
0 0.5922077922077922 0.2730158730158731 0.5558441558441558 0.2730158730158731 0.5558441558441558 0.35873015873015884 0.5922077922077922 0.35873015873015884
0 0.4597402597402597 0.17777777777777784 0.42857142857142855 0.1777777777777778 0.42857142857142855 0.23174603174603184 0.4597402597402597 0.23174603174603184
0 0.4805194805194805 0.13333333333333341 0.4597402597402597 0.13333333333333341 0.4597402597402597 0.15238095238095248 0.4805194805194805 0.15238095238095248
0 0.4701298701298701 0.10476190476190485 0.4623376623376623 0.10476190476190485 0.4623376623376623 0.13333333333333341 0.4701298701298701 0.13333333333333341