3 0.5870129870129872 0.834920634920635 0.5636363636363638 0.834920634920635 0.5636363636363638 0.9873015873015873 0.5870129870129872 0.9873015873015873
3 0.7402597402597403 0.5873015873015874 0.7116883116883117 0.5873015873015874 0.7116883116883117 0.7079365079365081 0.7402597402597403 0.7079365079365081
3 0.6233766233766234 0.3746031746031747 0.5974025974025974 0.3746031746031747 0.5974025974025974 0.4253968253968255 0.6233766233766234 0.42539682539682555
3 0.5766233766233766 0.3015873015873017 0.561038961038961 0.3015873015873017 0.561038961038961 0.33968253968253975 0.5766233766233766 0.33968253968253975
3 0.548051948051948 0.2857142857142858 0.5376623376623376 0.2857142857142858 0.5376623376623376 0.3333333333333334 0.548051948051948 0.3333333333333334
3 0.5272727272727272 0.27619047619047626 0.5194805194805194 0.27619047619047626 0.5194805194805194 0.3238095238095239 0.5272727272727272 0.3238095238095239
3 0.5506493506493506 0.2476190476190477 0.5402597402597402 0.2476190476190477 0.5402597402597402 0.2793650793650795 0.5506493506493506 0.2793650793650795
3 0.5246753246753246 0.2000000000000001 0.5168831168831168 0.2000000000000001 0.5168831168831168 0.22539682539682548 0.5246753246753246 0.22539682539682548
3 0.4805194805194805 0.15873015873015883 0.4753246753246753 0.15873015873015883 0.4753246753246753 0.1746031746031747 0.4805194805194805 0.1746031746031747
3 0.5012987012987012 0.161904761904762 0.4935064935064935 0.161904761904762 0.4935064935064935 0.18412698412698422 0.5012987012987012 0.18412698412698422
3 0.4727272727272727 0.14603174603174612 0.4649350649350649 0.14603174603174612 0.4649350649350649 0.16507936507936516 0.4727272727272727 0.16507936507936516
3 0.45454545454545453 0.13333333333333341 0.44935064935064933 0.1333333333333334 0.44935064935064933 0.1492063492063493 0.45454545454545453 0.1492063492063493
3 0.44935064935064933 0.10158730158730163 0.44415584415584414 0.10158730158730163 0.44415584415584414 0.10793650793650798 0.44935064935064933 0.10793650793650798
3 0.43376623376623374 0.15873015873015878 0.42077922077922075 0.15873015873015878 0.42077922077922075 0.18412698412698417 0.43376623376623374 0.18412698412698417
3 0.4831168831168831 0.13015873015873025 0.4753246753246753 0.13015873015873025 0.4753246753246753 0.15238095238095248 0.4831168831168831 0.15238095238095248
3 0.4727272727272727 0.11746031746031756 0.4675324675324675 0.11746031746031756 0.4675324675324675 0.13015873015873025 0.4727272727272727 0.13015873015873025
0 0.638961038961039 0.42222222222222233 0.5818181818181818 0.4222222222222222 0.5818181818181818 0.5396825396825398 0.638961038961039 0.5396825396825399
0 0.6441558441558441 0.5269841269841271 0.5558441558441558 0.526984126984127 0.5558441558441558 0.7269841269841271 0.6441558441558441 0.7269841269841272
0 0.4909090909090909 0.18412698412698422 0.4727272727272727 0.18412698412698422 0.4727272727272727 0.21587301587301597 0.4909090909090909 0.21587301587301597
2 0.4935064935064935 0.26349206349206356 0.44675324675324674 0.26349206349206356 0.44675324675324674 0.4222222222222222 0.4935064935064935 0.4222222222222222
2 0.5194805194805194 0.234920634920635 0.4779220779220779 0.234920634920635 0.4779220779220779 0.34285714285714297 0.5194805194805194 0.34285714285714297
2 0.4675324675324675 0.1841269841269842 0.43896103896103894 0.18412698412698417 0.43896103896103894 0.26984126984126994 0.4675324675324675 0.26984126984126994
2 0.44155844155844154 0.10793650793650798 0.42337662337662335 0.10793650793650798 0.42337662337662335 0.16507936507936513 0.44155844155844154 0.16507936507936513