0 0.7350649350649351 0.8126984126984127 0.6311688311688313 0.8126984126984127 0.6311688311688313 1 0.7350649350649351 1
0 0.6779220779220779 0.6222222222222225 0.6181818181818182 0.6222222222222225 0.6181818181818183 0.819047619047619 0.6779220779220779 0.819047619047619
0 0.7922077922077922 0.6507936507936509 0.6909090909090909 0.6507936507936509 0.6909090909090909 0.8857142857142857 0.7922077922077922 0.8857142857142857
0 0.8753246753246753 0.6063492063492065 0.7844155844155845 0.6063492063492065 0.7844155844155845 0.742857142857143 0.8753246753246753 0.742857142857143
0 0.6571428571428571 0.49206349206349215 0.5948051948051948 0.49206349206349204 0.5948051948051948 0.6285714285714287 0.6571428571428571 0.6285714285714288
0 0.7090909090909091 0.4222222222222224 0.6597402597402597 0.4222222222222224 0.6597402597402597 0.5365079365079367 0.7090909090909091 0.5365079365079367
0 0.6935064935064935 0.35873015873015884 0.6623376623376623 0.35873015873015884 0.6623376623376623 0.42539682539682555 0.6935064935064935 0.42539682539682555
0 0.7558441558441559 0.35873015873015884 0.7116883116883117 0.35873015873015884 0.7116883116883117 0.4634920634920637 0.7558441558441559 0.4634920634920637
0 0.6025974025974026 0.2476190476190477 0.574025974025974 0.2476190476190477 0.574025974025974 0.307936507936508 0.6025974025974026 0.307936507936508
0 0.6311688311688312 0.22857142857142868 0.6155844155844156 0.22857142857142868 0.6155844155844156 0.2730158730158731 0.6311688311688312 0.2730158730158731
0 0.6701298701298701 0.22222222222222232 0.6493506493506493 0.22222222222222232 0.6493506493506493 0.27619047619047626 0.6701298701298701 0.27619047619047626
0 0.6337662337662338 0.16507936507936516 0.6077922077922078 0.16507936507936516 0.6077922077922078 0.21269841269841278 0.6337662337662338 0.21269841269841278
0 0.6025974025974026 0.2000000000000001 0.574025974025974 0.2000000000000001 0.574025974025974 0.234920634920635 0.6025974025974026 0.234920634920635
0 0.5922077922077922 0.14603174603174612 0.5714285714285714 0.14603174603174612 0.5714285714285714 0.18412698412698422 0.5922077922077922 0.18412698412698422
2 0.7818181818181819 0.45079365079365097 0.6857142857142857 0.45079365079365097 0.6857142857142857 0.6444444444444446 0.7818181818181819 0.6444444444444446
2 0.6519480519480519 0.28253968253968265 0.587012987012987 0.28253968253968265 0.587012987012987 0.45079365079365086 0.6519480519480519 0.45079365079365097
2 0.7428571428571429 0.2666666666666668 0.6857142857142857 0.2666666666666668 0.6857142857142857 0.35873015873015884 0.7428571428571429 0.35873015873015884
3 0.8389610389610389 0.9365079365079365 0.812987012987013 0.9365079365079365 0.812987012987013 1 0.8389610389610389 1
3 0.8779220779220779 0.9396825396825397 0.8597402597402597 0.9396825396825397 0.8597402597402597 0.9968253968253968 0.8779220779220779 0.9968253968253968
3 0.9298701298701298 0.8888888888888888 0.8961038961038961 0.8888888888888888 0.8961038961038961 0.9777777777777777 0.9298701298701298 0.9777777777777777
3 0.8779220779220779 0.8603174603174604 0.8493506493506493 0.8603174603174604 0.8493506493506493 0.9111111111111111 0.8779220779220779 0.9111111111111111
3 0.8337662337662337 0.8063492063492065 0.8103896103896104 0.8063492063492065 0.8103896103896104 0.8793650793650793 0.8337662337662337 0.8793650793650793
3 0.8077922077922078 0.7555555555555558 0.7948051948051948 0.7555555555555558 0.7948051948051948 0.8222222222222222 0.8077922077922078 0.8222222222222222
3 0.8571428571428571 0.8063492063492065 0.8441558441558441 0.8063492063492065 0.8441558441558441 0.8285714285714286 0.8571428571428571 0.8285714285714286
3 0.9064935064935065 0.6761904761904763 0.8831168831168831 0.6761904761904763 0.8831168831168831 0.7269841269841272 0.9064935064935065 0.7269841269841272
3 0.9688311688311688 0.8571428571428571 0.9376623376623376 0.8571428571428571 0.9376623376623376 0.9238095238095239 0.9688311688311688 0.9238095238095239
3 0.9922077922077922 0.7841269841269843 0.9636363636363636 0.7841269841269843 0.9636363636363636 0.834920634920635 0.9922077922077922 0.834920634920635
3 0.9506493506493506 0.7619047619047621 0.9324675324675324 0.7619047619047621 0.9324675324675324 0.8126984126984127 0.9506493506493506 0.8126984126984127
3 0.922077922077922 0.7682539682539684 0.8935064935064935 0.7682539682539684 0.8935064935064935 0.834920634920635 0.922077922077922 0.834920634920635
3 0.8337662337662337 0.542857142857143 0.812987012987013 0.542857142857143 0.812987012987013 0.5904761904761907 0.8337662337662337 0.5904761904761907
3 0.8727272727272727 0.5936507936507939 0.8545454545454545 0.5936507936507939 0.8545454545454545 0.66984126984127 0.8727272727272727 0.66984126984127
3 0.8 0.5619047619047621 0.7818181818181819 0.5619047619047621 0.7818181818181819 0.6063492063492065 0.8 0.6063492063492065
3 0.8025974025974026 0.45714285714285735 0.7740259740259741 0.45714285714285735 0.7740259740259741 0.4984126984126986 0.8025974025974026 0.4984126984126986
3 0.8 0.3904761904761906 0.7558441558441559 0.3904761904761906 0.7558441558441559 0.4412698412698414 0.8 0.4412698412698414
3 0.6 0.11428571428571438 0.5922077922077922 0.11428571428571438 0.5922077922077922 0.13968253968253977 0.6 0.13968253968253977
3 0.6311688311688312 0.11746031746031756 0.6181818181818182 0.11746031746031756 0.6181818181818182 0.14603174603174612 0.6311688311688312 0.14603174603174612