3 0.9532467532467532 0.9111111111111111 0.9142857142857143 0.9111111111111111 0.9142857142857143 1 0.9532467532467532 1
3 0.8545454545454545 0.8222222222222222 0.8181818181818182 0.8222222222222222 0.8181818181818182 0.9555555555555556 0.8545454545454545 0.9555555555555556
3 0.7610389610389611 0.8095238095238098 0.7142857142857143 0.8095238095238098 0.7142857142857143 0.926984126984127 0.7610389610389611 0.926984126984127
3 0.6415584415584416 0.45714285714285735 0.6103896103896104 0.45714285714285735 0.6103896103896104 0.5619047619047621 0.6415584415584416 0.5619047619047621
3 0.4753246753246753 0.29523809523809535 0.43896103896103894 0.29523809523809535 0.43896103896103894 0.38730158730158737 0.4753246753246753 0.38730158730158737
2 0.6363636363636365 0.561904761904762 0.4831168831168831 0.5619047619047619 0.48311688311688317 1 0.6363636363636365 1
2 0.5662337662337662 0.4158730158730159 0.4779220779220779 0.4158730158730159 0.4779220779220779 0.5777777777777777 0.5662337662337662 0.5777777777777777
0 0.587012987012987 0.36825396825396833 0.5454545454545454 0.36825396825396833 0.5454545454545454 0.4603174603174603 0.587012987012987 0.4603174603174603
0 0.5142857142857142 0.34603174603174613 0.45714285714285713 0.34603174603174613 0.45714285714285713 0.40317460317460324 0.5142857142857142 0.40317460317460324
0 0.5584415584415584 0.3015873015873017 0.5064935064935064 0.3015873015873017 0.5064935064935064 0.3777777777777779 0.5584415584415584 0.3777777777777779
0 0.5168831168831168 0.2507936507936509 0.4805194805194805 0.2507936507936509 0.4805194805194805 0.33015873015873026 0.5168831168831168 0.33015873015873026
0 0.4701298701298701 0.23174603174603184 0.44155844155844154 0.23174603174603184 0.44155844155844154 0.2984126984126985 0.4701298701298701 0.2984126984126985
0 0.44155844155844154 0.1777777777777778 0.43116883116883115 0.1777777777777778 0.43116883116883115 0.22539682539682548 0.44155844155844154 0.22539682539682548
0 0.5064935064935064 0.19365079365079374 0.4805194805194805 0.19365079365079374 0.4805194805194805 0.26349206349206356 0.5064935064935064 0.26349206349206356
0 0.44675324675324674 0.1174603174603175 0.42077922077922075 0.1174603174603175 0.42077922077922075 0.22539682539682548 0.44675324675324674 0.22539682539682548
0 0.4727272727272727 0.10158730158730166 0.44155844155844154 0.10158730158730163 0.44155844155844154 0.1587301587301588 0.4727272727272727 0.15873015873015883