3 0.95234375 0.8687500000000002 0.9015625 0.8687500000000002 0.9015625 1.0000000000000002 0.95234375 1.0000000000000002
3 0.89375 0.9395833333333335 0.8578125 0.9395833333333335 0.8578125 1.0000000000000002 0.89375 1.0000000000000002
3 0.98125 0.6083333333333336 0.95546875 0.6083333333333336 0.95546875 0.7354166666666669 0.98125 0.7354166666666669
3 0.79296875 0.5927083333333336 0.75625 0.5927083333333336 0.75625 0.6677083333333336 0.79296875 0.6677083333333336
3 0.7453125 0.5260416666666667 0.71171875 0.5260416666666667 0.71171875 0.6093750000000001 0.7453125 0.6093750000000002
3 0.68515625 0.5354166666666667 0.665625 0.5354166666666667 0.665625 0.6395833333333333 0.68515625 0.6395833333333333
3 0.6640625 0.58125 0.6203125 0.58125 0.6203125 0.7177083333333333 0.6640625 0.7177083333333333
3 0.69375 0.45208333333333345 0.67109375 0.45208333333333345 0.67109375 0.5239583333333334 0.69375 0.5239583333333334
3 0.696875 0.4875000000000001 0.6734375 0.4875000000000001 0.6734375 0.5864583333333333 0.696875 0.5864583333333333
3 0.634375 0.690625 0.59453125 0.690625 0.59453125 0.8333333333333334 0.634375 0.8333333333333334
3 0.58671875 0.6427083333333333 0.54765625 0.6427083333333333 0.54765625 0.7677083333333333 0.58671875 0.7677083333333333
3 0.6 0.7177083333333333 0.5625 0.7177083333333333 0.5625 0.8729166666666667 0.6 0.8729166666666667
3 0.6328125 0.7895833333333333 0.5828125 0.7895833333333333 0.5828125 0.959375 0.6328125 0.959375
3 0.63984375 0.9145833333333333 0.5984375 0.9145833333333333 0.5984375000000001 1 0.6398437500000002 1
3 0.56796875 0.7572916666666667 0.53359375 0.7572916666666667 0.53359375 0.9083333333333333 0.56796875 0.9083333333333333
3 0.5593750000000001 0.85625 0.51875 0.85625 0.51875 1 0.5593750000000002 1
3 0.5078125 0.4375000000000001 0.48515625 0.4375000000000001 0.48515625 0.5322916666666668 0.5078125 0.5322916666666668
3 0.4953125 0.31458333333333344 0.47734375 0.31458333333333344 0.47734375 0.37916666666666676 0.4953125 0.37916666666666676
3 0.53515625 0.3354166666666668 0.51796875 0.3354166666666668 0.51796875 0.39687500000000014 0.53515625 0.39687500000000014
3 0.51171875 0.2916666666666668 0.49609375 0.2916666666666668 0.49609375 0.3510416666666668 0.51171875 0.3510416666666668
3 0.49765625 0.18125000000000005 0.4859375 0.18125000000000005 0.4859375 0.22083333333333338 0.49765625 0.22083333333333338
3 0.49765625 0.1281250000000001 0.490625 0.1281250000000001 0.490625 0.1520833333333334 0.49765625 0.1520833333333334
3 0.49375 0.11458333333333343 0.4890625 0.11458333333333343 0.4890625 0.13437500000000005 0.49375 0.13437500000000005
3 0.5046875 0.10520833333333342 0.49765625 0.10520833333333342 0.49765625 0.12083333333333342 0.5046875 0.12083333333333342
3 0.50703125 0.09375000000000008 0.5015625 0.09375000000000008 0.5015625 0.10833333333333342 0.50703125 0.10833333333333342
0 0.48671875 0.19479166666666672 0.4640625 0.19479166666666672 0.4640625 0.23854166666666674 0.48671875 0.23854166666666674
3 0.65234375 0.3572916666666668 0.63203125 0.3572916666666668 0.63203125 0.4250000000000001 0.65234375 0.4250000000000001
3 0.621875 0.31458333333333344 0.61015625 0.31458333333333344 0.61015625 0.33958333333333346 0.621875 0.33958333333333346
3 0.58515625 0.29895833333333344 0.57265625 0.29895833333333344 0.57265625 0.33437500000000014 0.58515625 0.33437500000000014
3 0.60625 0.2885416666666668 0.59453125 0.2885416666666668 0.59453125 0.3281250000000001 0.60625 0.3281250000000001
3 0.56328125 0.24687500000000012 0.55546875 0.24687500000000012 0.55546875 0.2864583333333334 0.56328125 0.2864583333333334
3 0.57109375 0.24166666666666678 0.56484375 0.24166666666666678 0.56484375 0.27708333333333346 0.57109375 0.27708333333333346
3 0.5765625 0.25625000000000014 0.5703125 0.25625000000000014 0.5703125 0.28541666666666676 0.5765625 0.28541666666666676
3 0.5828125 0.2656250000000001 0.57421875 0.2656250000000001 0.57421875 0.2979166666666668 0.5828125 0.2979166666666668
3 0.55234375 0.20625000000000013 0.546875 0.20625000000000013 0.546875 0.2187500000000001 0.55234375 0.2187500000000001
3 0.565625 0.23333333333333345 0.55546875 0.23333333333333345 0.55546875 0.24895833333333345 0.565625 0.24895833333333345
3 0.56015625 0.21666666666666679 0.5484375 0.21666666666666679 0.5484375 0.23750000000000013 0.56015625 0.23750000000000013
3 0.525 0.1645833333333334 0.5171875 0.1645833333333334 0.5171875 0.1833333333333334 0.525 0.1833333333333334
0 0.5421875 0.19479166666666672 0.51953125 0.19479166666666672 0.51953125 0.2177083333333334 0.5421875 0.2177083333333334
0 0.57890625 0.2916666666666668 0.53984375 0.2916666666666668 0.53984375 0.3593750000000001 0.57890625 0.3593750000000001
0 0.63359375 0.3281250000000001 0.58125 0.3281250000000001 0.58125 0.4250000000000001 0.63359375 0.4250000000000001
3 0.58984375 0.3177083333333334 0.58046875 0.3177083333333334 0.58046875 0.35520833333333346 0.58984375 0.35520833333333346
3 0.596875 0.3020833333333334 0.5859375 0.3020833333333334 0.5859375 0.3260416666666668 0.596875 0.3260416666666668
0 0.58046875 0.34583333333333344 0.54140625 0.34583333333333344 0.54140625 0.4291666666666668 0.58046875 0.4291666666666668
0 0.625 0.3958333333333334 0.57265625 0.3958333333333334 0.57265625 0.5031250000000002 0.625 0.5031250000000002
0 0.8046875 0.6020833333333334 0.6890625 0.6020833333333333 0.6890625 0.7791666666666668 0.8046875 0.7791666666666669
0 0.80390625 0.7656250000000001 0.65234375 0.765625 0.6523437500000001 1.0000000000000002 0.80390625 1.0000000000000002
0 0.5671875 0.45208333333333345 0.5015625 0.45208333333333345 0.5015625 0.6020833333333333 0.5671875 0.6020833333333333
0 0.534375 0.3447916666666668 0.48515625 0.3447916666666668 0.48515625 0.44375000000000014 0.534375 0.44375000000000014
2 0.56171875 0.21354166666666677 0.51171875 0.2135416666666667 0.51171875 0.32187500000000013 0.56171875 0.32187500000000013