0 0.51015625 0.09270833333333342 0.5 0.09270833333333342 0.5 0.10416666666666675 0.51015625 0.10416666666666675
3 0.1625000000000001 0.84375 0.10781250000000009 0.84375 0.10781250000000009 1 0.1625000000000001 1
3 0.2351562500000001 0.9291666666666667 0.1843750000000001 0.9291666666666667 0.1843750000000001 1 0.2351562500000001 1
3 0.2500000000000001 0.8 0.20078125000000008 0.8 0.20078125000000008 0.9520833333333333 0.2500000000000001 0.9520833333333333
3 0.2234375000000001 0.7572916666666667 0.17187500000000008 0.7572916666666667 0.17187500000000008 0.9166666666666666 0.2234375000000001 0.9166666666666666
3 0.3351562500000001 0.6375 0.2960937500000001 0.6375 0.2960937500000001 0.753125 0.3351562500000001 0.753125
3 0.2765625000000001 0.6979166666666666 0.2367187500000001 0.6979166666666666 0.2367187500000001 0.84375 0.2765625000000001 0.84375
3 0.2492187500000001 0.628125 0.2140625000000001 0.628125 0.2140625000000001 0.7510416666666667 0.2492187500000001 0.7510416666666667
3 0.2796875000000001 0.646875 0.2414062500000001 0.646875 0.2414062500000001 0.765625 0.2796875000000001 0.765625
3 0.3492187500000001 0.5479166666666667 0.3140625000000001 0.5479166666666667 0.3140625000000001 0.6604166666666667 0.3492187500000001 0.6604166666666667
3 0.2984375000000001 0.5822916666666667 0.2726562500000001 0.5822916666666667 0.2726562500000001 0.6770833333333334 0.2984375000000001 0.6770833333333334
3 0.27812500000000007 0.55 0.2390625000000001 0.55 0.2390625000000001 0.6677083333333333 0.27812500000000007 0.6677083333333333
3 0.31328125000000007 0.525 0.2812500000000001 0.525 0.2812500000000001 0.625 0.31328125000000007 0.625
3 0.31093750000000003 0.46979166666666666 0.27890625 0.46979166666666666 0.27890625 0.5604166666666667 0.3109375000000001 0.5604166666666667
3 0.4171875 0.6166666666666667 0.3843750000000001 0.6166666666666667 0.3843750000000001 0.759375 0.4171875 0.759375
3 0.44453125 0.5802083333333333 0.41484375 0.5802083333333333 0.41484375 0.6770833333333334 0.44453125 0.6770833333333334
3 0.50625 0.5625 0.48125 0.5625 0.48125 0.6770833333333334 0.50625 0.6770833333333334
3 0.484375 0.5177083333333334 0.4578125 0.5177083333333334 0.4578125 0.621875 0.484375 0.621875
3 0.5125 0.4604166666666668 0.49453125 0.4604166666666668 0.49453125 0.55 0.5125 0.55
3 0.47890625 0.45729166666666676 0.46484375 0.45729166666666676 0.46484375 0.5375 0.47890625 0.5375
3 0.4671875 0.4968750000000001 0.446875 0.4968750000000001 0.446875 0.596875 0.4671875 0.596875
3 0.47578125 0.41770833333333346 0.45078125 0.41770833333333346 0.45078125 0.49895833333333345 0.47578125 0.49895833333333345
3 0.43984375 0.42604166666666676 0.4203125 0.42604166666666676 0.4203125 0.47500000000000014 0.43984375 0.47500000000000014
3 0.51640625 0.4010416666666668 0.496875 0.4010416666666668 0.496875 0.47083333333333344 0.51640625 0.47083333333333344
3 0.49609375 0.3875000000000001 0.46953125 0.3875000000000001 0.46953125 0.4406250000000001 0.49609375 0.4406250000000001
3 0.496875 0.4250000000000001 0.47578125 0.4250000000000001 0.47578125 0.5083333333333334 0.496875 0.5083333333333334
3 0.4890625 0.3625000000000001 0.46796875 0.3625000000000001 0.46796875 0.4270833333333334 0.4890625 0.4270833333333334
3 0.49296875 0.3260416666666668 0.47421875 0.3260416666666668 0.47421875 0.3750000000000001 0.49296875 0.3750000000000001
3 0.3625 0.34270833333333334 0.3390625 0.34270833333333334 0.3390625 0.3875 0.3625 0.3875
3 0.39140625 0.3281250000000001 0.37578125 0.3281250000000001 0.37578125 0.39270833333333344 0.39140625 0.39270833333333344
3 0.4953125 0.2885416666666668 0.478125 0.2885416666666668 0.478125 0.3229166666666668 0.4953125 0.3229166666666668
3 0.50234375 0.3093750000000001 0.48359375 0.3093750000000001 0.48359375 0.3562500000000001 0.50234375 0.3562500000000001
3 0.50859375 0.2666666666666668 0.49453125 0.2666666666666668 0.49453125 0.3135416666666668 0.50859375 0.3135416666666668
3 0.49140625 0.27395833333333347 0.4828125 0.27395833333333347 0.4828125 0.3041666666666668 0.49140625 0.3041666666666668
3 0.478125 0.27187500000000014 0.471875 0.27187500000000014 0.471875 0.3104166666666668 0.478125 0.3104166666666668
3 0.47578125 0.28750000000000014 0.4640625 0.28750000000000014 0.4640625 0.33958333333333346 0.47578125 0.33958333333333346
3 0.41015625 0.2760416666666668 0.39921875 0.2760416666666668 0.39921875 0.3020833333333334 0.41015625 0.3020833333333334
3 0.54921875 0.20208333333333342 0.53671875 0.2020833333333334 0.53671875 0.2364583333333334 0.54921875 0.23645833333333346
3 0.5359375 0.2135416666666667 0.52578125 0.2135416666666667 0.52578125 0.23750000000000007 0.5359375 0.23750000000000007
3 0.54296875 0.2270833333333334 0.5296875 0.2270833333333334 0.5296875 0.26041666666666674 0.54296875 0.26041666666666674
3 0.51171875 0.2333333333333334 0.50078125 0.2333333333333334 0.50078125 0.26770833333333344 0.51171875 0.26770833333333344
3 0.51640625 0.21979166666666672 0.509375 0.21979166666666672 0.509375 0.2489583333333334 0.51640625 0.2489583333333334
3 0.52109375 0.20729166666666674 0.51328125 0.20729166666666674 0.51328125 0.23750000000000007 0.52109375 0.23750000000000007
3 0.47265625 0.2333333333333334 0.46484375 0.2333333333333334 0.46484375 0.2729166666666668 0.47265625 0.2729166666666668
3 0.4625 0.23437500000000006 0.453125 0.23437500000000006 0.453125 0.2541666666666667 0.4625 0.2541666666666667
3 0.45 0.23125000000000007 0.44140625 0.23125000000000007 0.44140625 0.25312500000000004 0.45 0.25312500000000004
3 0.43984375 0.2333333333333334 0.42734375 0.2333333333333334 0.42734375 0.25520833333333337 0.43984375 0.25520833333333337
3 0.4671875 0.22812500000000005 0.45859375 0.22812500000000005 0.45859375 0.2510416666666667 0.4671875 0.2510416666666667
3 0.478125 0.22500000000000006 0.46953125 0.22500000000000006 0.46953125 0.23854166666666674 0.478125 0.23854166666666674
3 0.45546875 0.19166666666666674 0.4453125 0.19166666666666674 0.4453125 0.22500000000000006 0.45546875 0.22500000000000006
3 0.4484375 0.21041666666666672 0.43671875 0.21041666666666672 0.43671875 0.23750000000000007 0.4484375 0.23750000000000007
3 0.4609375 0.20000000000000007 0.45234375 0.20000000000000007 0.45234375 0.23125000000000007 0.4609375 0.23125000000000007
3 0.46953125 0.21041666666666672 0.4625 0.21041666666666672 0.4625 0.2302083333333334 0.46953125 0.2302083333333334
3 0.48046875 0.20000000000000007 0.4734375 0.20000000000000007 0.4734375 0.22500000000000006 0.48046875 0.22500000000000006
3 0.41875 0.25729166666666675 0.409375 0.25729166666666675 0.409375 0.2843750000000001 0.41875 0.2843750000000001
3 0.45703125 0.22500000000000006 0.4484375 0.22500000000000006 0.4484375 0.25520833333333337 0.45703125 0.25520833333333337
3 0.47109375 0.1927083333333334 0.46015625 0.1927083333333334 0.46015625 0.20937500000000006 0.47109375 0.20937500000000006
3 0.47421875 0.1802083333333334 0.46328125 0.1802083333333334 0.46328125 0.19166666666666674 0.47421875 0.19166666666666674
3 0.47421875 0.20625000000000007 0.46875 0.20625000000000007 0.46875 0.2239583333333334 0.47421875 0.2239583333333334
3 0.46640625 0.20416666666666672 0.4578125 0.20416666666666672 0.4578125 0.22812500000000005 0.46640625 0.22812500000000005
3 0.54921875 0.15104166666666677 0.54375 0.1510416666666667 0.54375 0.18333333333333343 0.54921875 0.18333333333333346
3 0.48671875 0.1833333333333334 0.475 0.1833333333333334 0.475 0.20104166666666673 0.48671875 0.20104166666666673
3 0.47734375 0.16250000000000006 0.47109375 0.16250000000000006 0.47109375 0.17500000000000007 0.47734375 0.17500000000000007
3 0.4859375 0.1708333333333334 0.47734375 0.1708333333333334 0.47734375 0.18125000000000005 0.4859375 0.18125000000000005
3 0.47734375 0.17187500000000006 0.46953125 0.17187500000000006 0.46953125 0.1822916666666667 0.47734375 0.1822916666666667
3 0.52421875 0.15000000000000005 0.51875 0.15000000000000005 0.51875 0.17187500000000006 0.52421875 0.17187500000000006
3 0.490625 0.1645833333333334 0.48359375 0.1645833333333334 0.48359375 0.18125000000000005 0.490625 0.18125000000000005
3 0.4984375 0.1614583333333334 0.490625 0.1614583333333334 0.490625 0.17187500000000006 0.4984375 0.17187500000000006
3 0.48828125 0.18750000000000006 0.48125 0.18750000000000006 0.48125 0.21562500000000007 0.48828125 0.21562500000000007
3 0.4796875 0.14791666666666672 0.4734375 0.14791666666666672 0.4734375 0.16041666666666674 0.4796875 0.16041666666666674
3 0.484375 0.1552083333333334 0.4765625 0.1552083333333334 0.4765625 0.1708333333333334 0.484375 0.1708333333333334
3 0.51875 0.14791666666666672 0.5140625 0.14791666666666672 0.5140625 0.16041666666666674 0.51875 0.16041666666666674
3 0.51796875 0.16041666666666674 0.515625 0.16041666666666674 0.515625 0.16979166666666673 0.51796875 0.16979166666666673
3 0.49765625 0.1510416666666667 0.49296875 0.1510416666666667 0.49296875 0.16041666666666674 0.49765625 0.16041666666666674
3 0.528125 0.1333333333333334 0.521875 0.1333333333333334 0.521875 0.15312500000000007 0.528125 0.15312500000000007
3 0.521875 0.13020833333333343 0.51796875 0.13020833333333343 0.51796875 0.1458333333333334 0.521875 0.1458333333333334
3 0.496875 0.12916666666666676 0.48984375 0.12916666666666676 0.48984375 0.1354166666666667 0.496875 0.1354166666666667
3 0.48359375 0.14062500000000006 0.478125 0.14062500000000006 0.478125 0.15000000000000005 0.48359375 0.15000000000000005
3 0.5296875 0.1218750000000001 0.52265625 0.1218750000000001 0.52265625 0.13020833333333343 0.5296875 0.13020833333333343
3 0.52109375 0.12500000000000008 0.515625 0.12500000000000008 0.515625 0.1364583333333334 0.52109375 0.1364583333333334
3 0.5125 0.11666666666666675 0.5046875 0.11666666666666675 0.5046875 0.12500000000000008 0.5125 0.12500000000000008
3 0.50703125 0.10937500000000008 0.50234375 0.10937500000000008 0.50234375 0.11979166666666675 0.50703125 0.11979166666666675
3 0.4984375 0.09687500000000009 0.49453125 0.09687500000000009 0.49453125 0.11145833333333342 0.4984375 0.11145833333333342
3 0.4921875 0.09583333333333342 0.48828125 0.09583333333333342 0.48828125 0.11041666666666676 0.4921875 0.11041666666666676
3 0.50234375 0.10833333333333342 0.4921875 0.10833333333333342 0.4921875 0.11458333333333343 0.50234375 0.11458333333333343
0 0.46171875000000007 0.9447916666666667 0.3617187500000001 0.9447916666666667 0.3617187500000001 1 0.4617187500000002 1
0 0.3734375000000001 0.7479166666666667 0.2593750000000001 0.7479166666666667 0.2593750000000001 0.9697916666666667 0.3734375000000001 0.9697916666666667
0 0.4921875 0.6354166666666666 0.4046875 0.6354166666666666 0.4046875 0.8635416666666667 0.4921875 0.8635416666666667
0 0.44140625 0.4583333333333334 0.37109375 0.4583333333333334 0.37109375000000006 0.6104166666666667 0.44140625 0.6104166666666667
0 0.384375 0.4208333333333334 0.31953125 0.42083333333333334 0.31953125000000004 0.54375 0.3843750000000001 0.54375
0 0.390625 0.35937500000000006 0.33515625 0.359375 0.33515625 0.44375000000000003 0.390625 0.44375000000000014
0 0.5296875 0.32708333333333345 0.4921875 0.32708333333333345 0.4921875 0.4041666666666668 0.5296875 0.4041666666666668
0 0.5328125 0.2729166666666668 0.50234375 0.2729166666666668 0.50234375 0.33020833333333344 0.5328125 0.33020833333333344
0 0.53671875 0.2395833333333334 0.50703125 0.2395833333333334 0.50703125 0.2812500000000001 0.53671875 0.2812500000000001
0 0.5 0.23125000000000007 0.47265625 0.23125000000000007 0.47265625 0.2843750000000001 0.5 0.2843750000000001
0 0.5046875 0.20937500000000006 0.48359375 0.20937500000000006 0.48359375 0.2447916666666667 0.5046875 0.2447916666666667
0 0.5359375 0.18125000000000005 0.515625 0.18125000000000005 0.515625 0.21666666666666673 0.5359375 0.21666666666666673
0 0.50625 0.16875000000000007 0.4859375 0.16875000000000007 0.4859375 0.20104166666666673 0.50625 0.20104166666666673
0 0.54609375 0.16145833333333343 0.52265625 0.1614583333333334 0.52265625 0.19479166666666675 0.54609375 0.19479166666666678
0 0.5359375 0.1510416666666667 0.525 0.1510416666666667 0.525 0.16250000000000006 0.5359375 0.16250000000000006
0 0.5453125 0.1427083333333334 0.528125 0.14270833333333338 0.528125 0.1625000000000001 0.5453125 0.16250000000000012
0 0.51484375 0.15625000000000006 0.49921875 0.15625000000000006 0.49921875 0.1927083333333334 0.51484375 0.1927083333333334
0 0.54375 0.1312500000000001 0.53203125 0.1312500000000001 0.53203125 0.14270833333333338 0.54375 0.14270833333333338
0 0.5375 0.12083333333333342 0.52890625 0.12083333333333342 0.52890625 0.1354166666666667 0.5375 0.1354166666666667
0 0.51171875 0.12916666666666676 0.50390625 0.12916666666666676 0.50390625 0.14687500000000006 0.51171875 0.14687500000000006
0 0.51640625 0.1354166666666667 0.50234375 0.1354166666666667 0.50234375 0.15312500000000007 0.51640625 0.15312500000000007
0 0.50859375 0.13750000000000007 0.49609375 0.13750000000000007 0.49609375 0.15937500000000007 0.50859375 0.15937500000000007
0 0.49375 0.14791666666666672 0.4765625 0.14791666666666672 0.4765625 0.16875000000000007 0.49375 0.16875000000000007
0 0.4984375 0.13229166666666675 0.48828125 0.13229166666666675 0.48828125 0.1489583333333334 0.4984375 0.1489583333333334
0 0.50546875 0.11562500000000009 0.490625 0.11562500000000009 0.490625 0.13229166666666675 0.50546875 0.13229166666666675
0 0.5390625 0.11458333333333343 0.52578125 0.11458333333333343 0.52578125 0.12916666666666676 0.5390625 0.12916666666666676
0 0.52109375 0.11354166666666675 0.51328125 0.11354166666666675 0.51328125 0.13229166666666675 0.52109375 0.13229166666666675
0 0.51328125 0.1218750000000001 0.5 0.1218750000000001 0.5 0.13229166666666675 0.51328125 0.13229166666666675
2 0.5375 0.10312500000000009 0.5265625 0.10312500000000009 0.5265625 0.11875000000000009 0.5375 0.11875000000000009
2 0.521875 0.09583333333333342 0.50546875 0.09583333333333342 0.50546875 0.11145833333333342 0.521875 0.11145833333333342
1 0.46953125 0.2458333333333334 0.38671875 0.2458333333333334 0.38671875 0.4479166666666668 0.46953125 0.4479166666666668
3 0.47734375 0.17812500000000006 0.47109375 0.17812500000000006 0.47109375 0.1989583333333334 0.47734375 0.1989583333333334
3 0.5046875 0.1312500000000001 0.4984375 0.1312500000000001 0.4984375 0.1364583333333334 0.5046875 0.1364583333333334
3 0.51484375 0.10937500000000008 0.50625 0.10937500000000008 0.50625 0.11770833333333343 0.51484375 0.11770833333333343
3 0.503125 0.10416666666666675 0.49921875 0.10416666666666675 0.49921875 0.10729166666666676 0.503125 0.10729166666666676
3 0.490625 0.10937500000000008 0.48828125 0.10937500000000008 0.48828125 0.1218750000000001 0.490625 0.1218750000000001