0 0.4203125 0.5072916666666667 0.3359375000000001 0.5072916666666667 0.3359375000000001 0.7125 0.4203125 0.7125
0 0.52734375 0.22083333333333338 0.4921875 0.22083333333333338 0.4921875 0.2781250000000001 0.52734375 0.2781250000000001
3 0.2312500000000001 0.6760416666666667 0.17968750000000006 0.6760416666666667 0.17968750000000006 0.8197916666666667 0.2312500000000001 0.8197916666666667
3 0.30546875000000007 0.5354166666666667 0.24765625000000008 0.5354166666666667 0.24765625000000008 0.653125 0.30546875000000007 0.653125
3 0.46171875 0.48854166666666676 0.415625 0.48854166666666676 0.415625 0.6302083333333334 0.46171875 0.6302083333333334
3 0.5 0.45208333333333345 0.46328125 0.45208333333333345 0.46328125 0.540625 0.5 0.540625
3 0.4296875 0.43125000000000013 0.41015625 0.43125000000000013 0.41015625 0.5020833333333334 0.4296875 0.5020833333333334
3 0.49296875 0.3593750000000001 0.45625 0.3593750000000001 0.45625 0.4375000000000001 0.49296875 0.4375000000000001
3 0.4609375 0.3406250000000001 0.4171875 0.3406250000000001 0.4171875 0.4447916666666668 0.4609375 0.4447916666666668
3 0.41015625 0.3281250000000001 0.38359375 0.3281250000000001 0.38359375 0.42083333333333345 0.41015625 0.42083333333333345
3 0.5078125 0.18437500000000007 0.47265625 0.18437500000000007 0.47265625 0.2520833333333334 0.5078125 0.2520833333333334
3 0.4828125 0.2020833333333334 0.47578125 0.2020833333333334 0.47578125 0.2729166666666668 0.4828125 0.2729166666666668
3 0.5546875 0.15000000000000008 0.490625 0.15000000000000005 0.490625 0.1906250000000001 0.5546875 0.19062500000000013
3 0.54140625 0.11875000000000009 0.51484375 0.11875000000000009 0.51484375 0.1489583333333334 0.54140625 0.1489583333333334
3 0.5046875 0.0906250000000001 0.48984375 0.0906250000000001 0.48984375 0.1645833333333334 0.5046875 0.1645833333333334
3 0.51640625 0.11354166666666675 0.49296875 0.11354166666666675 0.49296875 0.1614583333333334 0.51640625 0.1614583333333334