3 0.10078125000000009 0.7302083333333333 0.04765625000000007 0.7302083333333333 0.047656250000000074 0.8760416666666667 0.10078125000000009 0.8760416666666667
3 0.10156250000000008 0.8885416666666667 0.05156250000000009 0.8885416666666667 0.05156250000000009 1 0.10156250000000008 1
3 0.14843750000000008 0.8520833333333333 0.10703125000000009 0.8520833333333333 0.10703125000000009 0.9927083333333333 0.14843750000000008 0.9927083333333333
3 0.2078125000000001 0.8677083333333333 0.17578125000000008 0.8677083333333333 0.17578125000000008 0.9802083333333333 0.2078125000000001 0.9802083333333333
3 0.1859375000000001 0.83125 0.1546875000000001 0.83125 0.1546875000000001 0.9552083333333333 0.1859375000000001 0.9552083333333333
3 0.1867187500000001 0.7635416666666667 0.1414062500000001 0.7635416666666667 0.1414062500000001 0.9020833333333333 0.1867187500000001 0.9020833333333333
3 0.2640625000000001 0.83125 0.2210937500000001 0.83125 0.2210937500000001 0.99375 0.2640625000000001 0.99375
3 0.2406250000000001 0.9489583333333333 0.2078125000000001 0.9489583333333333 0.2078125000000001 1 0.2406250000000001 1
3 0.19531250000000008 0.9364583333333333 0.1710937500000001 0.9364583333333333 0.1710937500000001 1 0.19531250000000008 1
0 0.38750000000000007 0.7770833333333333 0.2609375000000001 0.7770833333333333 0.2609375000000001 1 0.38750000000000007 1
3 0.3070312500000001 0.740625 0.2671875000000001 0.740625 0.2671875000000001 0.9104166666666667 0.3070312500000001 0.9104166666666667
3 0.4015625 0.7145833333333333 0.3671875000000001 0.7145833333333333 0.3671875000000001 0.8479166666666667 0.4015625 0.8479166666666667
0 0.496875 0.6135416666666667 0.4109375 0.6135416666666667 0.4109375 0.8875 0.496875 0.8875
3 0.43359375 0.6333333333333333 0.41015625 0.6333333333333333 0.41015625 0.734375 0.43359375 0.734375
3 0.41484375 0.6583333333333333 0.3898437500000001 0.6583333333333333 0.3898437500000001 0.75 0.41484375 0.75
3 0.5109375 0.5927083333333333 0.48984375 0.5927083333333333 0.48984375 0.6864583333333333 0.5109375 0.6864583333333333
3 0.5203125 0.55 0.5 0.55 0.5 0.6333333333333333 0.5203125 0.6333333333333333
3 0.51953125 0.5000000000000001 0.50078125 0.5000000000000001 0.50078125 0.575 0.51953125 0.575
3 0.5140625 0.4531250000000001 0.49765625 0.4531250000000001 0.49765625 0.5333333333333333 0.5140625 0.5333333333333333
3 0.2000000000000001 0.7052083333333333 0.17109375000000004 0.7052083333333333 0.17109375000000007 0.8229166666666666 0.2000000000000001 0.8229166666666666
0 0.3078125000000001 0.6208333333333333 0.18906250000000005 0.6208333333333333 0.18906250000000008 0.8260416666666667 0.3078125000000001 0.8260416666666667
3 0.2171875000000001 0.659375 0.17578125000000006 0.659375 0.17578125000000006 0.7677083333333333 0.2171875000000001 0.7677083333333333
3 0.2429687500000001 0.6083333333333333 0.2078125000000001 0.6083333333333333 0.2078125000000001 0.6979166666666666 0.2429687500000001 0.6979166666666666
3 0.2765625000000001 0.6322916666666667 0.27031250000000007 0.6322916666666667 0.27031250000000007 0.65 0.2765625000000001 0.65
3 0.2851562500000001 0.5875 0.2687500000000001 0.5875 0.2687500000000001 0.6229166666666667 0.2851562500000001 0.6229166666666667
3 0.2593750000000001 0.5833333333333334 0.2445312500000001 0.5833333333333334 0.2445312500000001 0.6270833333333333 0.2593750000000001 0.6270833333333333
3 0.2992187500000001 0.546875 0.2773437500000001 0.546875 0.2773437500000001 0.6020833333333333 0.2992187500000001 0.6020833333333333
3 0.2734375000000001 0.5333333333333333 0.25468750000000007 0.5333333333333333 0.25468750000000007 0.590625 0.2734375000000001 0.590625
3 0.2632812500000001 0.5510416666666667 0.2429687500000001 0.5510416666666667 0.2429687500000001 0.6010416666666667 0.2632812500000001 0.6010416666666667
0 0.37187500000000007 0.49166666666666675 0.29765625000000007 0.49166666666666664 0.29765625000000007 0.6375 0.37187500000000007 0.6375
3 0.3101562500000001 0.5083333333333333 0.2890625000000001 0.5083333333333333 0.2890625000000001 0.5697916666666667 0.3101562500000001 0.5697916666666667
3 0.33046875000000003 0.48020833333333335 0.31328125 0.48020833333333335 0.31328125000000007 0.5333333333333333 0.3304687500000001 0.5333333333333333
3 0.31796875 0.4552083333333333 0.296875 0.4552083333333333 0.29687500000000006 0.534375 0.3179687500000001 0.534375
3 0.30234375 0.48333333333333334 0.28515625 0.48333333333333334 0.28515625000000006 0.5427083333333333 0.3023437500000001 0.5427083333333333
3 0.2757812500000001 0.5010416666666667 0.2523437500000001 0.5010416666666667 0.2523437500000001 0.559375 0.2757812500000001 0.559375
3 0.29453125 0.44583333333333336 0.26875 0.44583333333333336 0.26875000000000004 0.5260416666666666 0.2945312500000001 0.5260416666666666
0 0.4203125 0.4447916666666668 0.37890625 0.4447916666666668 0.37890625000000006 0.5541666666666667 0.4203125 0.5541666666666667
3 0.37343750000000003 0.42812500000000003 0.3546875 0.428125 0.35468750000000004 0.503125 0.3734375000000001 0.5031250000000002
3 0.35234375000000007 0.46458333333333335 0.34140625 0.46458333333333335 0.34140625 0.5 0.35234375000000007 0.5
3 0.34375000000000006 0.453125 0.33046875 0.453125 0.33046875000000003 0.496875 0.3437500000000001 0.496875
3 0.3484375 0.41770833333333335 0.33515625 0.41770833333333335 0.33515625 0.45208333333333334 0.3484375 0.45208333333333334
3 0.33828125 0.4010416666666667 0.31796875 0.4010416666666667 0.31796875 0.45416666666666666 0.33828125 0.45416666666666666
3 0.325 0.43125 0.3125 0.43125 0.3125 0.46458333333333335 0.325 0.46458333333333335
3 0.38984375 0.41562500000000013 0.375 0.41562500000000013 0.375 0.4718750000000001 0.38984375 0.4718750000000001
0 0.4421875 0.36875000000000013 0.39921875 0.36875000000000013 0.39921875 0.47083333333333344 0.4421875 0.47083333333333344
0 0.453125 0.33750000000000013 0.41640625 0.33750000000000013 0.41640625 0.4031250000000001 0.453125 0.4031250000000001
3 0.40703125 0.36875000000000013 0.39140625 0.36875000000000013 0.39140625 0.4166666666666668 0.40703125 0.4166666666666668
3 0.37421875 0.4010416666666668 0.36328125 0.4010416666666668 0.36328125 0.4250000000000001 0.37421875 0.4250000000000001
3 0.35859375 0.40625 0.346875 0.40625 0.346875 0.4322916666666667 0.35859375 0.4322916666666667
3 0.390625 0.3916666666666668 0.38125 0.3916666666666668 0.38125 0.41458333333333347 0.390625 0.41458333333333347
3 0.371875 0.3458333333333334 0.35546875 0.3458333333333333 0.35546875 0.39687500000000003 0.371875 0.39687500000000014
3 0.35390625 0.378125 0.3421875 0.378125 0.3421875 0.40520833333333334 0.35390625 0.40520833333333334
3 0.38984375 0.3541666666666668 0.37734375 0.3541666666666668 0.37734375 0.3875000000000001 0.38984375 0.3875000000000001
3 0.40078125 0.3468750000000001 0.39140625 0.3468750000000001 0.39140625 0.3729166666666668 0.40078125 0.3729166666666668
3 0.4140625 0.3197916666666668 0.3984375 0.3197916666666668 0.3984375 0.35833333333333345 0.4140625 0.35833333333333345
3 0.38828125 0.3291666666666668 0.37421875 0.3291666666666668 0.37421875 0.3645833333333334 0.38828125 0.3645833333333334
0 0.46875 0.3041666666666668 0.43671875 0.3041666666666668 0.43671875 0.3718750000000001 0.46875 0.3718750000000001
3 0.428125 0.31666666666666676 0.415625 0.31666666666666676 0.415625 0.3489583333333334 0.428125 0.3489583333333334
3 0.39921875 0.31666666666666676 0.3859375 0.31666666666666676 0.3859375 0.3468750000000001 0.39921875 0.3468750000000001
0 0.46015625 0.26979166666666676 0.42890625 0.26979166666666676 0.42890625 0.32708333333333345 0.46015625 0.32708333333333345
3 0.428125 0.30833333333333346 0.41953125 0.30833333333333346 0.41953125 0.3250000000000001 0.428125 0.3250000000000001
0 0.4515625 0.24375000000000005 0.42734375 0.24375000000000005 0.42734375 0.3093750000000001 0.4515625 0.3093750000000001
3 0.41796875 0.2781250000000001 0.40625 0.2781250000000001 0.40625 0.3072916666666668 0.41796875 0.3072916666666668
3 0.4109375 0.2937500000000001 0.3984375 0.2937500000000001 0.3984375 0.31666666666666676 0.4109375 0.31666666666666676
3 0.425 0.26354166666666673 0.41015625 0.26354166666666673 0.41015625 0.2916666666666668 0.425 0.2916666666666668
0 0.52421875 0.2947916666666668 0.490625 0.2947916666666668 0.490625 0.37395833333333345 0.52421875 0.37395833333333345
3 0.49453125 0.2593750000000001 0.47734375 0.2593750000000001 0.47734375 0.30625000000000013 0.49453125 0.30625000000000013
0 0.50859375 0.37708333333333344 0.46875 0.37708333333333344 0.46875 0.47083333333333344 0.50859375 0.47083333333333344
0 0.5125 0.33437500000000014 0.471875 0.33437500000000014 0.471875 0.4062500000000001 0.5125 0.4062500000000001
3 0.4765625 0.3437500000000001 0.46015625 0.3437500000000001 0.46015625 0.3885416666666668 0.4765625 0.3885416666666668
3 0.48125 0.3333333333333334 0.4703125 0.3333333333333334 0.4703125 0.3541666666666668 0.48125 0.3541666666666668
3 0.48203125 0.31875000000000014 0.46953125 0.31875000000000014 0.46953125 0.33645833333333347 0.48203125 0.33645833333333347
3 0.47890625 0.2937500000000001 0.46640625 0.2937500000000001 0.46640625 0.32083333333333347 0.47890625 0.32083333333333347
3 0.46953125 0.37395833333333345 0.45546875 0.37395833333333345 0.45546875 0.41458333333333347 0.46953125 0.41458333333333347
0 0.49453125 0.49062500000000014 0.42421875 0.49062500000000014 0.42421875 0.653125 0.49453125 0.653125
0 0.4796875 0.42812500000000014 0.4390625 0.42812500000000014 0.4390625 0.546875 0.4796875 0.546875
3 0.46328125 0.4031250000000001 0.4484375 0.4031250000000001 0.4484375 0.4322916666666668 0.46328125 0.4322916666666668
3 0.5375 0.25520833333333337 0.52578125 0.25520833333333337 0.52578125 0.31145833333333345 0.5375 0.31145833333333345
0 0.52734375 0.25312500000000004 0.50546875 0.25312500000000004 0.50546875 0.29895833333333344 0.52734375 0.29895833333333344
0 0.53203125 0.22291666666666674 0.5140625 0.22291666666666674 0.5140625 0.25625000000000003 0.53203125 0.25625000000000003
3 0.51328125 0.22291666666666674 0.5015625 0.22291666666666674 0.5015625 0.2614583333333334 0.51328125 0.2614583333333334
0 0.50546875 0.18958333333333338 0.48984375 0.18958333333333338 0.48984375 0.2291666666666667 0.50546875 0.2291666666666667
0 0.49609375 0.2135416666666667 0.47734375 0.2135416666666667 0.47734375 0.27708333333333346 0.49609375 0.27708333333333346
3 0.48125 0.20416666666666672 0.47265625 0.20416666666666672 0.47265625 0.23437500000000006 0.48125 0.23437500000000006
0 0.48046875 0.25000000000000006 0.4640625 0.25000000000000006 0.4640625 0.29062500000000013 0.48046875 0.29062500000000013
3 0.471875 0.2177083333333334 0.46328125 0.2177083333333334 0.46328125 0.23645833333333338 0.471875 0.23645833333333338
3 0.54375 0.2020833333333334 0.5375 0.2020833333333334 0.5375 0.23437500000000006 0.54375 0.23437500000000006
3 0.5515625 0.17291666666666675 0.5421875 0.17291666666666672 0.5421875 0.20208333333333342 0.5515625 0.20208333333333345
0 0.465625 0.23229166666666673 0.4453125 0.23229166666666673 0.4453125 0.27708333333333346 0.465625 0.27708333333333346
3 0.434375 0.23750000000000007 0.42578125 0.23750000000000007 0.42578125 0.2593750000000001 0.434375 0.2593750000000001
0 0.51171875 0.18541666666666673 0.4984375 0.18541666666666673 0.4984375 0.2114583333333334 0.51171875 0.2114583333333334
3 0.49375 0.17916666666666672 0.4859375 0.17916666666666672 0.4859375 0.2020833333333334 0.49375 0.2020833333333334
3 0.4875 0.18750000000000006 0.48203125 0.18750000000000006 0.48203125 0.20625000000000007 0.4875 0.20625000000000007
0 0.48984375 0.15416666666666673 0.471875 0.15416666666666673 0.471875 0.18541666666666673 0.48984375 0.18541666666666673
0 0.47265625 0.1833333333333334 0.46015625 0.1833333333333334 0.46015625 0.21875000000000006 0.47265625 0.21875000000000006
3 0.4734375 0.16562500000000005 0.4671875 0.16562500000000005 0.4671875 0.1864583333333334 0.4734375 0.1864583333333334
0 0.51171875 0.1520833333333334 0.4984375 0.1520833333333334 0.4984375 0.18541666666666673 0.51171875 0.18541666666666673
3 0.5 0.1552083333333334 0.490625 0.1552083333333334 0.490625 0.17916666666666672 0.5 0.17916666666666672
0 0.5359375 0.20416666666666672 0.51484375 0.20416666666666672 0.51484375 0.23854166666666674 0.5359375 0.23854166666666674
0 0.53671875 0.19375000000000006 0.52265625 0.19375000000000006 0.52265625 0.20729166666666674 0.53671875 0.20729166666666674
0 0.5375 0.18125000000000005 0.525 0.18125000000000005 0.525 0.1958333333333334 0.5375 0.1958333333333334
3 0.52265625 0.16250000000000006 0.5140625 0.16250000000000006 0.5140625 0.18958333333333338 0.52265625 0.18958333333333338
3 0.521875 0.1520833333333334 0.51640625 0.1520833333333334 0.51640625 0.16875000000000007 0.521875 0.16875000000000007
0 0.546875 0.1583333333333334 0.52734375 0.15833333333333338 0.52734375 0.1739583333333334 0.546875 0.17395833333333346
3 0.54609375 0.15416666666666676 0.53984375 0.15416666666666673 0.53984375 0.16145833333333343 0.54609375 0.16145833333333345
0 0.5375 0.14270833333333338 0.5265625 0.14270833333333338 0.5265625 0.15937500000000007 0.5375 0.15937500000000007
3 0.525 0.1395833333333334 0.51953125 0.1395833333333334 0.51953125 0.15833333333333338 0.525 0.15833333333333338
0 0.51171875 0.11875000000000009 0.50234375 0.11875000000000009 0.50234375 0.13229166666666675 0.51171875 0.13229166666666675
0 0.5046875 0.13229166666666675 0.49609375 0.13229166666666675 0.49609375 0.1489583333333334 0.5046875 0.1489583333333334
0 0.49765625 0.13750000000000007 0.4859375 0.13750000000000007 0.4859375 0.15937500000000007 0.49765625 0.15937500000000007
3 0.49609375 0.1270833333333334 0.48984375 0.1270833333333334 0.48984375 0.1354166666666667 0.49609375 0.1354166666666667
3 0.49296875 0.13020833333333343 0.48515625 0.13020833333333343 0.48515625 0.13750000000000007 0.49296875 0.13750000000000007
3 0.50078125 0.11770833333333343 0.49296875 0.11770833333333343 0.49296875 0.1270833333333334 0.50078125 0.1270833333333334
0 0.5484375 0.13958333333333342 0.5359375 0.1395833333333334 0.5359375 0.14791666666666675 0.5484375 0.14791666666666678
0 0.546875 0.11875000000000009 0.534375 0.11875000000000009 0.534375 0.14062500000000008 0.546875 0.1406250000000001
0 0.546875 0.10312500000000009 0.5328125 0.10312500000000009 0.5328125 0.12291666666666676 0.546875 0.12291666666666676
3 0.534375 0.1270833333333334 0.53046875 0.1270833333333334 0.53046875 0.13750000000000007 0.534375 0.13750000000000007
0 0.53046875 0.11250000000000009 0.5171875 0.11250000000000009 0.5171875 0.1333333333333334 0.53046875 0.1333333333333334
0 0.528125 0.10729166666666676 0.51953125 0.10729166666666676 0.51953125 0.11250000000000009 0.528125 0.11250000000000009
0 0.534375 0.09895833333333343 0.5265625 0.09895833333333343 0.5265625 0.10729166666666676 0.534375 0.10729166666666676
0 0.5234375 0.10208333333333343 0.51484375 0.10208333333333343 0.51484375 0.11041666666666676 0.5234375 0.11041666666666676
0 0.51015625 0.11145833333333342 0.5046875 0.11145833333333342 0.5046875 0.12083333333333342 0.51015625 0.12083333333333342
3 0.5109375 0.09687500000000009 0.50546875 0.09687500000000009 0.50546875 0.11145833333333342 0.5109375 0.11145833333333342
3 0.503125 0.10104166666666675 0.49765625 0.10104166666666675 0.49765625 0.11666666666666675 0.503125 0.11666666666666675
0 0.52578125 0.0906250000000001 0.51796875 0.0906250000000001 0.51796875 0.10104166666666675 0.52578125 0.10104166666666675
3 0.52734375 0.09479166666666676 0.52421875 0.09479166666666676 0.52421875 0.10520833333333342 0.52734375 0.10520833333333342
0 0.5171875 0.09791666666666675 0.509375 0.09791666666666675 0.509375 0.10416666666666675 0.5171875 0.10416666666666675
0 0.51484375 0.08541666666666675 0.5 0.08541666666666675 0.5 0.09479166666666676 0.51484375 0.09479166666666676
0 0.5 0.08020833333333342 0.49296875 0.08020833333333342 0.49296875 0.10208333333333343 0.5 0.10208333333333343
0 0.4578125 0.1989583333333334 0.43046875 0.1989583333333334 0.43046875 0.2489583333333334 0.4578125 0.2489583333333334
0 0.3867187500000001 0.5947916666666667 0.3109375000000001 0.5947916666666667 0.3109375000000001 0.7802083333333333 0.3867187500000001 0.7802083333333333
0 0.4835937500000001 0.7947916666666667 0.3882812500000001 0.7947916666666667 0.3882812500000001 1 0.48359375000000016 1