3 0.36796875000000007 0.959375 0.33281250000000007 0.959375 0.33281250000000007 1 0.36796875000000007 1
3 0.3554687500000001 0.9166666666666666 0.3046875000000001 0.9166666666666666 0.3046875000000001 1 0.3554687500000001 1
3 0.35625000000000007 0.8333333333333334 0.30156250000000007 0.8333333333333334 0.30156250000000007 1 0.35625000000000007 1
3 0.29765625000000007 0.8354166666666667 0.24375000000000008 0.8354166666666667 0.24375000000000008 1 0.29765625000000007 1
3 0.22421875000000008 0.8864583333333333 0.1710937500000001 0.8864583333333333 0.1710937500000001 1 0.22421875000000008 1
3 0.2351562500000001 0.7947916666666667 0.1882812500000001 0.7947916666666667 0.1882812500000001 0.915625 0.2351562500000001 0.915625
3 0.4 0.75625 0.3585937500000001 0.75625 0.3585937500000001 0.9020833333333333 0.4 0.9020833333333333
3 0.36015625000000007 0.728125 0.3203125000000001 0.728125 0.3203125000000001 0.846875 0.36015625000000007 0.846875
3 0.3000000000000001 0.6895833333333333 0.2554687500000001 0.6895833333333333 0.2554687500000001 0.821875 0.3000000000000001 0.821875
3 0.3625000000000001 0.646875 0.31718750000000007 0.646875 0.31718750000000007 0.7760416666666666 0.3625000000000001 0.7760416666666666
3 0.3320312500000001 0.6229166666666667 0.30156250000000007 0.6229166666666667 0.30156250000000007 0.7489583333333333 0.3320312500000001 0.7489583333333333
3 0.3023437500000001 0.6041666666666666 0.2617187500000001 0.6041666666666666 0.2617187500000001 0.7239583333333334 0.3023437500000001 0.7239583333333334
3 0.2562500000000001 0.625 0.2179687500000001 0.625 0.2179687500000001 0.721875 0.2562500000000001 0.721875
3 0.43203125 0.6958333333333333 0.3968750000000001 0.6958333333333333 0.3968750000000001 0.8104166666666667 0.43203125 0.8104166666666667
3 0.5015625 0.678125 0.47265625 0.678125 0.47265625 0.7885416666666667 0.5015625 0.7885416666666667
3 0.48515625 0.6083333333333333 0.45 0.6083333333333333 0.45 0.7239583333333334 0.48515625 0.7239583333333334
3 0.4484375 0.6145833333333334 0.41953125 0.6145833333333334 0.41953125 0.7333333333333333 0.4484375 0.7333333333333333
3 0.43828125 0.5447916666666667 0.4125 0.5447916666666667 0.4125 0.6583333333333333 0.43828125 0.6583333333333333
3 0.47421875 0.5625 0.4484375 0.5625 0.4484375 0.6489583333333333 0.47421875 0.6489583333333333
3 0.51171875 0.5427083333333333 0.4859375 0.5427083333333333 0.4859375 0.6489583333333333 0.51171875 0.6489583333333333
3 0.3476562500000001 0.48854166666666665 0.3195312500000001 0.48854166666666665 0.3195312500000001 0.5635416666666667 0.3476562500000001 0.5635416666666667
3 0.33437500000000003 0.459375 0.31015625 0.459375 0.31015625 0.5270833333333333 0.3343750000000001 0.5270833333333333
3 0.3375 0.4239583333333333 0.3078125 0.4239583333333333 0.30781250000000004 0.4979166666666667 0.3375000000000001 0.4979166666666667
3 0.35781250000000003 0.4552083333333333 0.3328125 0.4552083333333333 0.33281250000000007 0.528125 0.3578125000000001 0.528125
3 0.37734375000000003 0.45937500000000003 0.35234375 0.459375 0.35234375000000007 0.5291666666666667 0.3773437500000001 0.5291666666666668
3 0.46484375 0.5197916666666668 0.4375 0.5197916666666668 0.4375 0.6114583333333333 0.46484375 0.6114583333333333
3 0.48046875 0.4635416666666668 0.45546875 0.4635416666666668 0.45546875 0.5770833333333333 0.48046875 0.5770833333333333
3 0.45703125 0.45937500000000014 0.42890625 0.45937500000000014 0.42890625 0.5447916666666667 0.45703125 0.5447916666666667
3 0.38828125 0.4187500000000001 0.3671875 0.4187500000000001 0.36718750000000006 0.4843750000000001 0.3882812500000001 0.4843750000000001
3 0.40390625 0.4406250000000001 0.38671875 0.4406250000000001 0.38671875 0.48333333333333345 0.40390625 0.48333333333333345
3 0.40546875 0.40000000000000013 0.3828125 0.40000000000000013 0.3828125 0.46145833333333347 0.40546875 0.46145833333333347
3 0.35859375 0.40729166666666666 0.34296875 0.40729166666666666 0.34296875 0.47708333333333336 0.35859375 0.47708333333333336
3 0.38515625 0.3895833333333334 0.36015625 0.38958333333333334 0.36015625 0.45312500000000006 0.38515625 0.4531250000000001
3 0.4078125 0.37083333333333346 0.38671875 0.37083333333333346 0.38671875 0.42395833333333344 0.4078125 0.42395833333333344
3 0.4109375 0.34270833333333345 0.39453125 0.34270833333333345 0.39453125 0.38958333333333345 0.4109375 0.38958333333333345
3 0.47578125 0.35520833333333346 0.45859375 0.35520833333333346 0.45859375 0.41041666666666676 0.47578125 0.41041666666666676
3 0.53203125 0.3260416666666668 0.5171875 0.3260416666666668 0.5171875 0.37708333333333344 0.53203125 0.37708333333333344
3 0.4953125 0.32083333333333347 0.48203125 0.32083333333333347 0.48203125 0.3729166666666668 0.4953125 0.3729166666666668
3 0.4796875 0.32395833333333346 0.47109375 0.32395833333333346 0.47109375 0.36770833333333347 0.4796875 0.36770833333333347
3 0.46640625 0.3312500000000001 0.45078125 0.3312500000000001 0.45078125 0.38645833333333346 0.46640625 0.38645833333333346
3 0.47265625 0.30520833333333347 0.46015625 0.30520833333333347 0.46015625 0.3510416666666668 0.47265625 0.3510416666666668
3 0.44296875 0.33750000000000013 0.42578125 0.33750000000000013 0.42578125 0.3718750000000001 0.44296875 0.3718750000000001
3 0.4296875 0.32708333333333345 0.41484375 0.32708333333333345 0.41484375 0.37916666666666676 0.4296875 0.37916666666666676
3 0.43984375 0.30104166666666676 0.4234375 0.30104166666666676 0.4234375 0.3447916666666668 0.43984375 0.3447916666666668
3 0.4328125 0.2947916666666668 0.41875 0.2947916666666668 0.41875 0.3354166666666668 0.4328125 0.3354166666666668
3 0.41875 0.28020833333333345 0.40625 0.28020833333333345 0.40625 0.3260416666666668 0.41875 0.3260416666666668
3 0.4875 0.2885416666666668 0.471875 0.2885416666666668 0.471875 0.3260416666666668 0.4875 0.3260416666666668
3 0.490625 0.2708333333333334 0.4765625 0.2708333333333334 0.4765625 0.30625000000000013 0.490625 0.30625000000000013
3 0.48046875 0.25000000000000006 0.46953125 0.25000000000000006 0.46953125 0.2864583333333334 0.48046875 0.2864583333333334
3 0.49921875 0.24375000000000005 0.484375 0.24375000000000005 0.484375 0.2864583333333334 0.49921875 0.2864583333333334
3 0.45234375 0.2614583333333334 0.4421875 0.2614583333333334 0.4421875 0.29270833333333346 0.45234375 0.29270833333333346
3 0.43984375 0.27187500000000014 0.42734375 0.27187500000000014 0.42734375 0.30104166666666676 0.43984375 0.30104166666666676
3 0.4234375 0.26770833333333344 0.409375 0.26770833333333344 0.409375 0.29062500000000013 0.4234375 0.29062500000000013
3 0.54609375 0.2093750000000001 0.53359375 0.20937500000000006 0.53359375 0.2468750000000001 0.54609375 0.24687500000000012
0 0.4992187500000001 0.7427083333333333 0.3867187500000001 0.7427083333333333 0.3867187500000001 1 0.49921875000000016 1
3 0.46484375 0.24375000000000005 0.45546875 0.24375000000000005 0.45546875 0.2687500000000001 0.46484375 0.2687500000000001
3 0.51015625 0.21979166666666672 0.5 0.21979166666666672 0.5 0.25312500000000004 0.51015625 0.25312500000000004
3 0.51953125 0.20416666666666672 0.51015625 0.20416666666666672 0.51015625 0.23750000000000007 0.51953125 0.23750000000000007
3 0.50859375 0.20104166666666673 0.4984375 0.20104166666666673 0.4984375 0.23229166666666673 0.50859375 0.23229166666666673
3 0.496875 0.2083333333333334 0.48671875 0.2083333333333334 0.48671875 0.24375000000000005 0.496875 0.24375000000000005
3 0.49375 0.19479166666666672 0.484375 0.19479166666666672 0.484375 0.23125000000000007 0.49375 0.23125000000000007
3 0.48203125 0.22500000000000006 0.47109375 0.22500000000000006 0.47109375 0.2541666666666667 0.48203125 0.2541666666666667
3 0.46875 0.2291666666666667 0.459375 0.2291666666666667 0.459375 0.26041666666666674 0.46875 0.26041666666666674
3 0.453125 0.23854166666666674 0.4453125 0.23854166666666674 0.4453125 0.26770833333333344 0.453125 0.26770833333333344
3 0.484375 0.1979166666666667 0.47109375 0.1979166666666667 0.47109375 0.22812500000000005 0.484375 0.22812500000000005
3 0.4578125 0.18958333333333338 0.4515625 0.18958333333333338 0.4515625 0.21979166666666672 0.4578125 0.21979166666666672
3 0.459375 0.22500000000000006 0.44921875 0.22500000000000006 0.44921875 0.2489583333333334 0.459375 0.2489583333333334
3 0.446875 0.2270833333333334 0.440625 0.2270833333333334 0.440625 0.25000000000000006 0.446875 0.25000000000000006
3 0.471875 0.17812500000000006 0.46484375 0.17812500000000006 0.46484375 0.2083333333333334 0.471875 0.2083333333333334
3 0.49375 0.16875000000000007 0.4859375 0.16875000000000007 0.4859375 0.1927083333333334 0.49375 0.1927083333333334
3 0.5234375 0.19375000000000006 0.51484375 0.19375000000000006 0.51484375 0.21666666666666673 0.5234375 0.21666666666666673
3 0.525 0.17604166666666674 0.51796875 0.17604166666666674 0.51796875 0.19687500000000005 0.525 0.19687500000000005
3 0.51640625 0.17187500000000006 0.5078125 0.17187500000000006 0.5078125 0.19375000000000006 0.51640625 0.19375000000000006
3 0.48203125 0.1666666666666667 0.471875 0.1666666666666667 0.471875 0.20104166666666673 0.48203125 0.20104166666666673
3 0.48671875 0.14687500000000006 0.47890625 0.14687500000000006 0.47890625 0.17500000000000007 0.48671875 0.17500000000000007
3 0.496875 0.14791666666666672 0.4921875 0.14791666666666672 0.4921875 0.16562500000000005 0.496875 0.16562500000000005
3 0.49375 0.15833333333333338 0.4875 0.15833333333333338 0.4875 0.17500000000000007 0.49375 0.17500000000000007
3 0.50703125 0.14479166666666674 0.496875 0.14479166666666674 0.496875 0.1708333333333334 0.50703125 0.1708333333333334
3 0.51328125 0.15000000000000005 0.50859375 0.15000000000000005 0.50859375 0.17187500000000006 0.51328125 0.17187500000000006
3 0.52578125 0.15416666666666673 0.51796875 0.15416666666666673 0.51796875 0.17500000000000007 0.52578125 0.17500000000000007
3 0.49453125 0.13020833333333343 0.48671875 0.13020833333333343 0.48671875 0.15000000000000005 0.49453125 0.15000000000000005
3 0.50703125 0.1333333333333334 0.49609375 0.1333333333333334 0.49609375 0.15312500000000007 0.50703125 0.15312500000000007
3 0.24375000000000008 0.66875 0.15000000000000005 0.66875 0.15000000000000008 0.9020833333333333 0.24375000000000008 0.9020833333333333
0 0.41953125 0.46875000000000006 0.34453125 0.46875 0.34453125000000007 0.61875 0.41953125 0.61875
0 0.4578125 0.3572916666666668 0.40859375 0.3572916666666668 0.40859375 0.47500000000000014 0.4578125 0.47500000000000014
0 0.51875 0.34270833333333345 0.47734375 0.34270833333333345 0.47734375 0.4385416666666668 0.51875 0.4385416666666668
0 0.4109375 0.30520833333333347 0.37734375 0.30520833333333347 0.37734375 0.37395833333333345 0.4109375 0.37395833333333345
0 0.46953125 0.2614583333333334 0.44453125 0.2614583333333334 0.44453125 0.32083333333333347 0.46953125 0.32083333333333347
0 0.52265625 0.28750000000000014 0.48359375 0.28750000000000014 0.48359375 0.35208333333333347 0.52265625 0.35208333333333347
0 0.52421875 0.24375000000000005 0.4953125 0.24375000000000005 0.4953125 0.3000000000000001 0.52421875 0.3000000000000001
0 0.5359375 0.22083333333333338 0.50859375 0.22083333333333338 0.50859375 0.27395833333333347 0.5359375 0.27395833333333347
0 0.5078125 0.16875000000000007 0.48046875 0.16875000000000007 0.48046875 0.21979166666666672 0.5078125 0.21979166666666672
0 0.54609375 0.19270833333333343 0.525 0.1927083333333334 0.525 0.22291666666666676 0.54609375 0.2229166666666668
0 0.54453125 0.17083333333333342 0.52421875 0.1708333333333334 0.52421875 0.1937500000000001 0.54453125 0.19375000000000012
0 0.521875 0.12604166666666675 0.50859375 0.12604166666666675 0.50859375 0.1552083333333334 0.521875 0.1552083333333334
0 0.53046875 0.09895833333333343 0.521875 0.09895833333333343 0.521875 0.11770833333333343 0.53046875 0.11770833333333343
1 0.546875 0.09895833333333343 0.52578125 0.09895833333333343 0.52578125 0.1593750000000001 0.546875 0.15937500000000013
1 0.51640625 0.09166666666666676 0.49375 0.09166666666666676 0.49375 0.1354166666666667 0.51640625 0.1354166666666667
1 0.53203125 0.08125000000000009 0.51328125 0.08125000000000009 0.51328125 0.09895833333333343 0.53203125 0.09895833333333343
1 0.50078125 0.07083333333333343 0.48984375 0.07083333333333343 0.48984375 0.09270833333333342 0.50078125 0.09270833333333342