3 0.9484375 0.8677083333333335 0.903125 0.8677083333333335 0.903125 1.0000000000000002 0.9484375 1.0000000000000002
3 0.96640625 0.7770833333333336 0.92265625 0.7770833333333336 0.92265625 0.9510416666666669 0.96640625 0.9510416666666669
3 0.90859375 0.6635416666666669 0.87578125 0.6635416666666669 0.87578125 0.8187500000000002 0.90859375 0.8187500000000002
3 0.85 0.6562500000000002 0.815625 0.6562500000000002 0.815625 0.7802083333333336 0.85 0.7802083333333336
3 0.859375 0.6135416666666669 0.83046875 0.6135416666666669 0.83046875 0.7333333333333336 0.859375 0.7333333333333336
3 0.86953125 0.5656250000000003 0.83828125 0.5656250000000003 0.83828125 0.6875000000000002 0.86953125 0.6875000000000002
3 0.81953125 0.5354166666666669 0.79375 0.5354166666666669 0.79375 0.6385416666666669 0.81953125 0.6385416666666669
3 0.76015625 0.41041666666666676 0.74140625 0.41041666666666676 0.74140625 0.47291666666666676 0.76015625 0.47291666666666676
3 0.7835937500000001 0.8916666666666669 0.74453125 0.8916666666666669 0.7445312500000001 1.0000000000000002 0.7835937500000002 1.0000000000000002
3 0.7429687500000001 0.8062500000000001 0.7046875 0.80625 0.7046875000000001 0.9770833333333334 0.7429687500000002 0.9770833333333335
3 0.74375 0.7500000000000001 0.7125 0.75 0.7125 0.8656250000000001 0.74375 0.8656250000000002
3 0.75234375 0.7093750000000001 0.725 0.709375 0.725 0.8500000000000001 0.75234375 0.8500000000000002
3 0.6390625 0.7197916666666667 0.6109375 0.7197916666666667 0.6109375 0.8427083333333333 0.6390625 0.8427083333333333
3 0.7203125 0.596875 0.68828125 0.596875 0.68828125 0.7125 0.7203125 0.7125
3 0.59296875 0.3156250000000001 0.57421875 0.3156250000000001 0.57421875 0.3885416666666668 0.59296875 0.3885416666666668
3 0.715625 0.34270833333333345 0.70234375 0.34270833333333345 0.70234375 0.37708333333333344 0.715625 0.37708333333333344
3 0.7359375 0.31458333333333344 0.721875 0.31458333333333344 0.721875 0.3437500000000001 0.7359375 0.3437500000000001
3 0.7265625 0.3020833333333334 0.7140625 0.3020833333333334 0.7140625 0.3385416666666668 0.7265625 0.3385416666666668
3 0.75703125 0.3312500000000001 0.73671875 0.3312500000000001 0.73671875 0.34791666666666676 0.75703125 0.34791666666666676
3 0.70703125 0.32187500000000013 0.69375 0.32187500000000013 0.69375 0.3437500000000001 0.70703125 0.3437500000000001
3 0.71328125 0.30520833333333347 0.7046875 0.30520833333333347 0.7046875 0.3437500000000001 0.71328125 0.3437500000000001
3 0.72109375 0.27708333333333346 0.7125 0.27708333333333346 0.7125 0.30312500000000014 0.72109375 0.30312500000000014
3 0.709375 0.2791666666666668 0.69765625 0.2791666666666668 0.69765625 0.3125000000000001 0.709375 0.3125000000000001
3 0.684375 0.28958333333333347 0.67109375 0.28958333333333347 0.67109375 0.3135416666666668 0.684375 0.3135416666666668
3 0.69921875 0.3135416666666668 0.68984375 0.3135416666666668 0.68984375 0.33020833333333344 0.69921875 0.33020833333333344
3 0.69609375 0.27500000000000013 0.6828125 0.27500000000000013 0.6828125 0.3135416666666668 0.69609375 0.3135416666666668
3 0.70078125 0.25416666666666676 0.6875 0.25416666666666676 0.6875 0.28541666666666676 0.70078125 0.28541666666666676
3 0.684375 0.26979166666666676 0.66953125 0.26979166666666676 0.66953125 0.2864583333333334 0.684375 0.2864583333333334
3 0.671875 0.26979166666666676 0.65859375 0.26979166666666676 0.65859375 0.29583333333333345 0.671875 0.29583333333333345
3 0.6765625 0.2510416666666668 0.65859375 0.2510416666666668 0.65859375 0.27500000000000013 0.6765625 0.27500000000000013
3 0.6984375 0.24583333333333346 0.68828125 0.24583333333333346 0.68828125 0.2666666666666668 0.6984375 0.2666666666666668
3 0.69765625 0.23333333333333345 0.6828125 0.23333333333333345 0.6828125 0.2572916666666668 0.69765625 0.2572916666666668
3 0.6265625 0.25937500000000013 0.6078125 0.25937500000000013 0.6078125 0.29895833333333344 0.6265625 0.29895833333333344
3 0.5828125 0.26145833333333346 0.56328125 0.26145833333333346 0.56328125 0.29270833333333346 0.5828125 0.29270833333333346
3 0.575 0.22500000000000012 0.56328125 0.22500000000000012 0.56328125 0.2604166666666668 0.575 0.2604166666666668
3 0.57109375 0.2072916666666668 0.5609375 0.2072916666666668 0.5609375 0.22395833333333345 0.57109375 0.22395833333333345
3 0.6078125 0.22187500000000013 0.5953125 0.22187500000000013 0.5953125 0.25625000000000014 0.6078125 0.25625000000000014
3 0.59921875 0.17812500000000012 0.5921875 0.17812500000000012 0.5921875 0.20104166666666679 0.59921875 0.20104166666666679
3 0.6515625 0.23645833333333346 0.640625 0.23645833333333346 0.640625 0.25625000000000014 0.6515625 0.25625000000000014