3 0.97890625 0.9072916666666669 0.925 0.9072916666666669 0.925 1.0000000000000002 0.97890625 1.0000000000000002
3 0.84921875 0.5468750000000002 0.8203125 0.5468750000000002 0.8203125 0.6635416666666669 0.84921875 0.6635416666666669
3 0.8140625 0.5114583333333335 0.78515625 0.5114583333333335 0.78515625 0.6104166666666669 0.8140625 0.6104166666666669
3 0.77890625 0.41562500000000013 0.76328125 0.41562500000000013 0.76328125 0.5093750000000001 0.77890625 0.5093750000000001
3 0.75390625 0.4072916666666668 0.7359375 0.4072916666666668 0.7359375 0.48020833333333346 0.75390625 0.48020833333333346
3 0.74609375 0.36875000000000013 0.73046875 0.36875000000000013 0.73046875 0.43125000000000013 0.74609375 0.43125000000000013
3 0.74921875 0.3385416666666668 0.73515625 0.3385416666666668 0.73515625 0.39895833333333347 0.74921875 0.39895833333333347
3 0.72734375 0.31458333333333344 0.71484375 0.31458333333333344 0.71484375 0.3750000000000001 0.72734375 0.3750000000000001
3 0.71640625 0.2968750000000001 0.7078125 0.2968750000000001 0.7078125 0.3510416666666668 0.71640625 0.3510416666666668
3 0.721875 0.27395833333333347 0.70859375 0.27395833333333347 0.70859375 0.32083333333333347 0.721875 0.32083333333333347
3 0.63046875 0.2343750000000001 0.62109375 0.2343750000000001 0.62109375 0.27187500000000014 0.63046875 0.27187500000000014
3 0.64765625 0.2229166666666668 0.6375 0.2229166666666668 0.6375 0.25208333333333344 0.64765625 0.25208333333333344
3 0.665625 0.20208333333333345 0.65859375 0.20208333333333345 0.65859375 0.23229166666666679 0.665625 0.23229166666666679
3 0.653125 0.19270833333333345 0.64609375 0.19270833333333345 0.64609375 0.2281250000000001 0.653125 0.2281250000000001
3 0.64765625 0.17708333333333345 0.6359375 0.17708333333333345 0.6359375 0.20937500000000012 0.64765625 0.20937500000000012
3 0.6328125 0.14895833333333344 0.62421875 0.14895833333333344 0.62421875 0.1760416666666668 0.6328125 0.1760416666666668
3 0.621875 0.13645833333333346 0.6140625 0.13645833333333346 0.6140625 0.16250000000000012 0.621875 0.16250000000000012
3 0.621875 0.11145833333333342 0.61640625 0.11145833333333342 0.61640625 0.13229166666666675 0.621875 0.13229166666666675
3 0.61640625 0.11770833333333343 0.60859375 0.11770833333333343 0.60859375 0.1343750000000001 0.61640625 0.1343750000000001
3 0.615625 0.10208333333333343 0.6078125 0.10208333333333343 0.6078125 0.12604166666666675 0.615625 0.12604166666666675
3 0.6078125 0.08125000000000009 0.60078125 0.08125000000000009 0.60078125 0.09166666666666676 0.6078125 0.09166666666666676
3 0.61640625 0.08125000000000009 0.6109375 0.08125000000000009 0.6109375 0.09687500000000009 0.61640625 0.09687500000000009
3 0.6234375 0.08333333333333343 0.61796875 0.08333333333333343 0.61796875 0.09791666666666675 0.6234375 0.09791666666666675
0 0.84453125 0.6937500000000002 0.74453125 0.6937500000000002 0.74453125 0.9000000000000002 0.84453125 0.9000000000000002
0 0.91640625 0.9072916666666669 0.803125 0.9072916666666669 0.803125 1.0000000000000002 0.91640625 1.0000000000000002
0 0.8078125 0.5583333333333335 0.72265625 0.5583333333333333 0.72265625 0.7104166666666668 0.8078125 0.7104166666666669
0 0.76640625 0.4760416666666668 0.70625 0.4760416666666668 0.70625 0.5770833333333335 0.76640625 0.5770833333333336
0 0.72578125 0.3781250000000001 0.67265625 0.3781250000000001 0.67265625 0.47812500000000013 0.72578125 0.47812500000000013
0 0.61015625 0.2572916666666668 0.58828125 0.2572916666666668 0.58828125 0.30312500000000014 0.61015625 0.30312500000000014
0 0.60078125 0.23333333333333345 0.57734375 0.23333333333333345 0.57734375 0.28541666666666676 0.60078125 0.28541666666666676
0 0.6234375 0.20937500000000012 0.5953125 0.20937500000000012 0.5953125 0.25937500000000013 0.6234375 0.25937500000000013
0 0.59296875 0.1968750000000001 0.56796875 0.1968750000000001 0.56796875 0.23333333333333345 0.59296875 0.23333333333333345
0 0.58984375 0.17083333333333345 0.57265625 0.17083333333333345 0.57265625 0.2031250000000001 0.58984375 0.2031250000000001
0 0.58828125 0.15729166666666677 0.565625 0.15729166666666677 0.565625 0.19895833333333346 0.58828125 0.19895833333333346
0 0.61796875 0.16770833333333346 0.5984375 0.16770833333333346 0.5984375 0.21041666666666678 0.61796875 0.21041666666666678
0 0.61484375 0.1500000000000001 0.59453125 0.1500000000000001 0.59453125 0.17708333333333345 0.61484375 0.17708333333333345
0 0.60859375 0.13645833333333346 0.590625 0.13645833333333346 0.590625 0.16354166666666678 0.60859375 0.16354166666666678
0 0.58515625 0.1218750000000001 0.5703125 0.1218750000000001 0.5703125 0.1510416666666668 0.58515625 0.1510416666666668
0 0.6046875 0.11875000000000009 0.58984375 0.11875000000000009 0.58984375 0.13854166666666679 0.6046875 0.13854166666666679
0 0.58125 0.10520833333333342 0.5671875 0.10520833333333342 0.5671875 0.12916666666666676 0.58125 0.12916666666666676
0 0.6 0.1062500000000001 0.5890625 0.1062500000000001 0.5890625 0.12083333333333342 0.6 0.12083333333333342
0 0.5875 0.09166666666666676 0.5765625 0.09166666666666676 0.5765625 0.10520833333333342 0.5875 0.10520833333333342
0 0.60234375 0.09375000000000008 0.590625 0.09375000000000008 0.590625 0.11041666666666676 0.60234375 0.11041666666666676
0 0.59296875 0.07708333333333342 0.58125 0.07708333333333342 0.58125 0.09791666666666675 0.59296875 0.09791666666666675
2 0.71796875 0.45937500000000014 0.60078125 0.45937500000000014 0.60078125 0.8427083333333333 0.71796875 0.8427083333333333
2 0.65703125 0.27500000000000013 0.58671875 0.27500000000000013 0.58671875 0.4791666666666668 0.65703125 0.4791666666666668
1 0.70234375 0.2281250000000001 0.64375 0.2281250000000001 0.64375 0.3822916666666668 0.70234375 0.3822916666666668