2 0.7312500000000001 0.6458333333333335 0.48203125 0.6458333333333334 0.4820312500000001 1.0000000000000002 0.7312500000000002 1.0000000000000002
0 0.575 0.64375 0.50859375 0.64375 0.50859375 0.7447916666666666 0.575 0.7447916666666666
0 0.63671875 0.42083333333333345 0.565625 0.42083333333333345 0.565625 0.5218750000000001 0.63671875 0.5218750000000001
2 0.54765625 0.4114583333333334 0.47734375 0.4114583333333334 0.47734375 0.5104166666666667 0.54765625 0.5104166666666667
0 0.534375 0.3354166666666668 0.4921875 0.3354166666666668 0.4921875 0.42604166666666676 0.534375 0.42604166666666676
0 0.59453125 0.3666666666666668 0.54375 0.3666666666666668 0.54375 0.45208333333333345 0.59453125 0.45208333333333345
0 0.5796875 0.3250000000000001 0.5375 0.3250000000000001 0.5375 0.38645833333333346 0.5796875 0.38645833333333346
0 0.5390625 0.1989583333333334 0.50625 0.1989583333333334 0.50625 0.25520833333333337 0.5390625 0.25520833333333337
3 0.49453125 0.12395833333333342 0.48515625 0.12395833333333342 0.48515625 0.13750000000000007 0.49453125 0.13750000000000007
0 0.50078125 0.10000000000000009 0.4828125 0.10000000000000009 0.4828125 0.12083333333333342 0.50078125 0.12083333333333342
0 0.80546875 0.8406250000000001 0.69140625 0.840625 0.6914062500000001 1.0000000000000002 0.80546875 1.0000000000000002
0 0.7328125 0.6781250000000001 0.64140625 0.678125 0.64140625 0.8500000000000001 0.7328125 0.8500000000000002
2 0.51171875 0.2729166666666668 0.47265625 0.2729166666666668 0.47265625 0.34791666666666676 0.51171875 0.34791666666666676
3 0.9578125 0.9489583333333336 0.91171875 0.9489583333333336 0.91171875 1.0000000000000002 0.9578125 1.0000000000000002
3 0.88359375 0.8604166666666669 0.84609375 0.8604166666666669 0.84609375 1.0000000000000002 0.88359375 1.0000000000000002
3 0.9171875 0.9760416666666669 0.871875 0.9760416666666669 0.871875 1.0000000000000002 0.9171875 1.0000000000000002
3 0.84296875 0.9031250000000003 0.79296875 0.9031250000000003 0.7929687500000001 1.0000000000000002 0.84296875 1.0000000000000002
3 0.81953125 0.8260416666666669 0.78515625 0.8260416666666669 0.78515625 0.9479166666666669 0.81953125 0.9479166666666669
3 0.78984375 0.7479166666666669 0.74375 0.7479166666666669 0.74375 0.8614583333333335 0.78984375 0.8614583333333335
3 0.72578125 0.7145833333333335 0.68515625 0.7145833333333333 0.68515625 0.8270833333333335 0.72578125 0.8270833333333336
3 0.69765625 0.6697916666666667 0.67265625 0.6697916666666667 0.67265625 0.728125 0.69765625 0.728125
3 0.73515625 0.6083333333333335 0.70234375 0.6083333333333333 0.70234375 0.7489583333333335 0.73515625 0.7489583333333336
3 0.63046875 0.634375 0.5984375 0.634375 0.5984375 0.7020833333333333 0.63046875 0.7020833333333333
3 0.66953125 0.6166666666666667 0.63984375 0.6166666666666667 0.63984375 0.6875 0.66953125 0.6875
3 0.7015625 0.6010416666666667 0.67734375 0.6010416666666667 0.67734375 0.68125 0.7015625 0.68125
3 0.64375 0.603125 0.61953125 0.603125 0.61953125 0.6625 0.64375 0.6625
3 0.659375 0.565625 0.64140625 0.565625 0.64140625 0.6270833333333333 0.659375 0.6270833333333333
3 0.63671875 0.5145833333333335 0.5765625 0.5145833333333335 0.5765625 0.6322916666666667 0.63671875 0.6322916666666667
3 0.5734375 0.5062500000000001 0.528125 0.5062500000000001 0.528125 0.6114583333333333 0.5734375 0.6114583333333333
3 0.53984375 0.5739583333333333 0.5015625 0.5739583333333333 0.5015625 0.6479166666666667 0.53984375 0.6479166666666667
3 0.5953125 0.3156250000000001 0.5734375 0.3156250000000001 0.5734375 0.36354166666666676 0.5953125 0.36354166666666676
3 0.51171875 0.22500000000000006 0.49296875 0.22500000000000006 0.49296875 0.2666666666666668 0.51171875 0.2666666666666668
3 0.52734375 0.1770833333333334 0.51640625 0.1770833333333334 0.51640625 0.20625000000000007 0.52734375 0.20625000000000007
3 0.53828125 0.1802083333333334 0.5265625 0.1802083333333334 0.5265625 0.20312500000000006 0.53828125 0.20312500000000006
3 0.50703125 0.11145833333333342 0.5 0.11145833333333342 0.5 0.12291666666666676 0.50703125 0.12291666666666676
3 0.50390625 0.09687500000000009 0.4984375 0.09687500000000009 0.4984375 0.10833333333333342 0.50390625 0.10833333333333342
3 0.5078125 0.09375000000000008 0.50234375 0.09375000000000008 0.50234375 0.10833333333333342 0.5078125 0.10833333333333342