3 0.74453125 0.7500000000000001 0.69453125 0.75 0.69453125 0.9041666666666668 0.74453125 0.9041666666666669
3 0.59765625 0.5927083333333333 0.5640625 0.5927083333333333 0.5640625 0.725 0.59765625 0.725
3 0.621875 0.5364583333333334 0.59453125 0.5364583333333334 0.59453125 0.6604166666666667 0.621875 0.6604166666666667
3 0.70703125 0.5322916666666668 0.67265625 0.5322916666666668 0.67265625 0.6489583333333333 0.70703125 0.6489583333333333
3 0.79453125 0.6177083333333335 0.76328125 0.6177083333333335 0.76328125 0.7375000000000003 0.79453125 0.7375000000000003
3 0.5203125 0.2270833333333334 0.49609375 0.2270833333333334 0.49609375 0.28750000000000014 0.5203125 0.28750000000000014
3 0.54140625 0.22500000000000006 0.5265625 0.22500000000000006 0.5265625 0.28020833333333345 0.54140625 0.28020833333333345
3 0.54765625 0.1895833333333334 0.528125 0.18958333333333338 0.528125 0.23020833333333343 0.54765625 0.23020833333333346
3 0.484375 0.17187500000000006 0.4671875 0.17187500000000006 0.4671875 0.2135416666666667 0.484375 0.2135416666666667
3 0.50703125 0.14479166666666674 0.4921875 0.14479166666666674 0.4921875 0.1802083333333334 0.50703125 0.1802083333333334
3 0.47421875 0.11666666666666675 0.4640625 0.11666666666666675 0.4640625 0.15000000000000005 0.47421875 0.15000000000000005
3 0.49296875 0.10520833333333342 0.48515625 0.10520833333333342 0.48515625 0.1333333333333334 0.49296875 0.1333333333333334
3 0.50703125 0.11562500000000009 0.49765625 0.11562500000000009 0.49765625 0.1395833333333334 0.50703125 0.1395833333333334