2 0.6687500000000001 0.6635416666666667 0.5390625 0.6635416666666667 0.5390625000000001 1 0.6687500000000002 1
0 0.67890625 0.615625 0.615625 0.615625 0.615625 0.7854166666666667 0.67890625 0.7854166666666667
0 0.559375 0.4697916666666668 0.50234375 0.4697916666666668 0.50234375 0.5822916666666667 0.559375 0.5822916666666667
0 0.60625 0.3916666666666668 0.56171875 0.3916666666666668 0.56171875 0.4979166666666668 0.60625 0.4979166666666668
0 0.628125 0.3625000000000001 0.5921875 0.3625000000000001 0.5921875 0.44166666666666676 0.628125 0.44166666666666676
0 0.56328125 0.3125000000000001 0.53203125 0.3125000000000001 0.53203125 0.36562500000000014 0.56328125 0.36562500000000014
0 0.55234375 0.2687500000000001 0.53046875 0.2687500000000001 0.53046875 0.3156250000000001 0.55234375 0.3156250000000001
3 0.5109375 0.23854166666666674 0.49921875 0.23854166666666674 0.49921875 0.2812500000000001 0.5109375 0.2812500000000001
0 0.53828125 0.2427083333333334 0.51953125 0.2427083333333334 0.51953125 0.28020833333333345 0.53828125 0.28020833333333345
0 0.52734375 0.20937500000000006 0.51015625 0.20937500000000006 0.51015625 0.24687500000000007 0.52734375 0.24687500000000007
2 0.49296875 0.20729166666666674 0.4671875 0.20729166666666674 0.4671875 0.28541666666666676 0.49296875 0.28541666666666676
0 0.47890625 0.1979166666666667 0.46171875 0.1979166666666667 0.46171875 0.22187500000000007 0.47890625 0.22187500000000007
0 0.5125 0.17916666666666672 0.5 0.17916666666666672 0.5 0.20937500000000006 0.5125 0.20937500000000006
1 0.475 0.11875000000000009 0.45625 0.11875000000000009 0.45625 0.17395833333333338 0.475 0.17395833333333338
0 0.5015625 0.15416666666666673 0.48828125 0.15416666666666673 0.48828125 0.17916666666666672 0.5015625 0.17916666666666672
3 0.4875 0.14166666666666672 0.48125 0.14166666666666672 0.48125 0.16979166666666673 0.4875 0.16979166666666673
0 0.4875 0.1354166666666667 0.47734375 0.1354166666666667 0.47734375 0.15416666666666673 0.4875 0.15416666666666673
0 0.50234375 0.12604166666666675 0.4921875 0.12604166666666675 0.4921875 0.14687500000000006 0.50234375 0.14687500000000006
0 0.48515625 0.12604166666666675 0.47578125 0.12604166666666675 0.47578125 0.1364583333333334 0.48515625 0.1364583333333334
0 0.48515625 0.11770833333333343 0.478125 0.11770833333333343 0.478125 0.12916666666666676 0.48515625 0.12916666666666676
3 0.89765625 0.8864583333333336 0.83671875 0.8864583333333336 0.83671875 1.0000000000000002 0.89765625 1.0000000000000002
3 0.81484375 0.8375000000000002 0.76484375 0.8375000000000002 0.76484375 0.9822916666666669 0.81484375 0.9822916666666669
3 0.83046875 0.6885416666666669 0.79609375 0.6885416666666669 0.79609375 0.8177083333333336 0.83046875 0.8177083333333336
3 0.8 0.7354166666666669 0.7671875 0.7354166666666669 0.7671875 0.8552083333333336 0.8 0.8552083333333336
3 0.746875 0.6354166666666667 0.7140625 0.6354166666666666 0.7140625 0.7635416666666668 0.746875 0.7635416666666669
3 0.703125 0.5833333333333334 0.6796875 0.5833333333333334 0.6796875 0.7 0.703125 0.7
3 0.72734375 0.5687500000000001 0.703125 0.56875 0.703125 0.6677083333333335 0.72734375 0.6677083333333336
3 0.671875 0.5395833333333333 0.65078125 0.5395833333333333 0.65078125 0.6322916666666667 0.671875 0.6322916666666667
3 0.71171875 0.4979166666666668 0.68984375 0.4979166666666668 0.68984375 0.584375 0.71171875 0.584375
3 0.67734375 0.4385416666666668 0.65859375 0.4385416666666668 0.65859375 0.5177083333333334 0.67734375 0.5177083333333334
3 0.671875 0.4031250000000001 0.65546875 0.4031250000000001 0.65546875 0.4656250000000001 0.671875 0.4656250000000001
3 0.63828125 0.33958333333333346 0.61640625 0.33958333333333346 0.61640625 0.41250000000000014 0.63828125 0.41250000000000014
3 0.55078125 0.5552083333333333 0.51953125 0.5552083333333333 0.51953125 0.6677083333333333 0.55078125 0.6677083333333333
3 0.53203125 0.6479166666666667 0.50390625 0.6479166666666667 0.50390625 0.78125 0.53203125 0.78125
3 0.5046875 0.40833333333333344 0.48515625 0.40833333333333344 0.48515625 0.4979166666666668 0.5046875 0.4979166666666668
3 0.49765625 0.36770833333333347 0.48046875 0.36770833333333347 0.48046875 0.4229166666666668 0.49765625 0.4229166666666668
3 0.52734375 0.38125000000000014 0.5125 0.38125000000000014 0.5125 0.4479166666666668 0.52734375 0.4479166666666668
3 0.553125 0.3854166666666668 0.5359375 0.3854166666666668 0.5359375 0.45729166666666676 0.553125 0.45729166666666676
3 0.5484375 0.3510416666666668 0.53359375 0.3510416666666668 0.53359375 0.4041666666666668 0.5484375 0.4041666666666668
3 0.5171875 0.33750000000000013 0.50390625 0.33750000000000013 0.50390625 0.4010416666666668 0.5171875 0.4010416666666668
3 0.52578125 0.32083333333333347 0.51171875 0.32083333333333347 0.51171875 0.38437500000000013 0.52578125 0.38437500000000013
3 0.49609375 0.30104166666666676 0.48046875 0.30104166666666676 0.48046875 0.3572916666666668 0.49609375 0.3572916666666668
3 0.49609375 0.2729166666666668 0.48359375 0.2729166666666668 0.48359375 0.3250000000000001 0.49609375 0.3250000000000001
3 0.51640625 0.2822916666666668 0.503125 0.2822916666666668 0.503125 0.33020833333333344 0.51640625 0.33020833333333344
3 0.49921875 0.1927083333333334 0.4921875 0.1927083333333334 0.4921875 0.2270833333333334 0.49921875 0.2270833333333334
3 0.484375 0.1802083333333334 0.4765625 0.1802083333333334 0.4765625 0.21041666666666672 0.484375 0.21041666666666672
3 0.615625 0.32708333333333345 0.60390625 0.32708333333333345 0.60390625 0.3666666666666668 0.615625 0.3666666666666668
3 0.61015625 0.3135416666666668 0.60078125 0.3135416666666668 0.60078125 0.34583333333333344 0.61015625 0.34583333333333344
3 0.60078125 0.29270833333333346 0.590625 0.29270833333333346 0.590625 0.3385416666666668 0.60078125 0.3385416666666668
3 0.59453125 0.3250000000000001 0.58359375 0.3250000000000001 0.58359375 0.36770833333333347 0.59453125 0.36770833333333347
3 0.58671875 0.31666666666666676 0.5765625 0.31666666666666676 0.5765625 0.3625000000000001 0.58671875 0.3625000000000001
3 0.5734375 0.29583333333333345 0.56484375 0.29583333333333345 0.56484375 0.33750000000000013 0.5734375 0.33750000000000013
3 0.58515625 0.2864583333333334 0.578125 0.2864583333333334 0.578125 0.3250000000000001 0.58515625 0.3250000000000001
3 0.58984375 0.2687500000000001 0.5796875 0.2687500000000001 0.5796875 0.3093750000000001 0.58984375 0.3093750000000001
3 0.56953125 0.2781250000000001 0.5625 0.2781250000000001 0.5625 0.31458333333333344 0.56953125 0.31458333333333344
3 0.5640625 0.26145833333333346 0.55703125 0.26145833333333346 0.55703125 0.2968750000000001 0.5640625 0.2968750000000001
3 0.578125 0.2531250000000001 0.571875 0.2531250000000001 0.571875 0.2864583333333334 0.578125 0.2864583333333334
3 0.55390625 0.24270833333333344 0.54609375 0.24270833333333344 0.54609375 0.2822916666666668 0.55390625 0.2822916666666668
3 0.56484375 0.24062500000000012 0.55703125 0.24062500000000012 0.55703125 0.2729166666666668 0.56484375 0.2729166666666668
3 0.56875 0.2281250000000001 0.5625 0.2281250000000001 0.5625 0.2656250000000001 0.56875 0.2656250000000001
3 0.5453125 0.23333333333333342 0.540625 0.2333333333333334 0.540625 0.26354166666666673 0.5453125 0.2635416666666668
3 0.55234375 0.22083333333333346 0.54609375 0.22083333333333346 0.54609375 0.24687500000000012 0.55234375 0.24687500000000012
3 0.53984375 0.2145833333333334 0.5328125 0.2145833333333334 0.5328125 0.24375000000000005 0.53984375 0.24375000000000005
3 0.5484375 0.20208333333333342 0.54140625 0.2020833333333334 0.54140625 0.2312500000000001 0.5484375 0.23125000000000012
3 0.53125 0.20000000000000007 0.52265625 0.20000000000000007 0.52265625 0.2302083333333334 0.53125 0.2302083333333334
3 0.5375 0.1802083333333334 0.5296875 0.1802083333333334 0.5296875 0.2083333333333334 0.5375 0.2083333333333334
3 0.525 0.19166666666666674 0.51640625 0.19166666666666674 0.51640625 0.21562500000000007 0.525 0.21562500000000007
3 0.5234375 0.17604166666666674 0.5171875 0.17604166666666674 0.5171875 0.20104166666666673 0.5234375 0.20104166666666673
3 0.5296875 0.1677083333333334 0.52421875 0.1677083333333334 0.52421875 0.1958333333333334 0.5296875 0.1958333333333334
3 0.51875 0.15833333333333338 0.51328125 0.15833333333333338 0.51328125 0.18437500000000007 0.51875 0.18437500000000007
3 0.4765625 0.10312500000000009 0.47109375 0.10312500000000009 0.47109375 0.1218750000000001 0.4765625 0.1218750000000001
3 0.490625 0.10729166666666676 0.48515625 0.10729166666666676 0.48515625 0.12604166666666675 0.490625 0.12604166666666675
3 0.49765625 0.09583333333333342 0.4921875 0.09583333333333342 0.4921875 0.10833333333333342 0.49765625 0.10833333333333342
3 0.50390625 0.0906250000000001 0.49921875 0.0906250000000001 0.49921875 0.10937500000000008 0.50390625 0.10937500000000008
3 0.509375 0.09166666666666676 0.50546875 0.09166666666666676 0.50546875 0.11354166666666675 0.509375 0.11354166666666675
3 0.5078125 0.12500000000000008 0.5015625 0.12500000000000008 0.5015625 0.15312500000000007 0.5078125 0.15312500000000007
3 0.5046875 0.1520833333333334 0.49921875 0.1520833333333334 0.49921875 0.17291666666666672 0.5046875 0.17291666666666672
3 0.5109375 0.1552083333333334 0.50546875 0.1552083333333334 0.50546875 0.17812500000000006 0.5109375 0.17812500000000006
3 0.51796875 0.15000000000000005 0.51328125 0.15000000000000005 0.51328125 0.1645833333333334 0.51796875 0.1645833333333334
3 0.52421875 0.16250000000000006 0.51796875 0.16250000000000006 0.51796875 0.1833333333333334 0.52421875 0.1833333333333334
3 0.4921875 0.11562500000000009 0.4890625 0.11562500000000009 0.4890625 0.1354166666666667 0.4921875 0.1354166666666667
3 0.49765625 0.11041666666666676 0.49296875 0.11041666666666676 0.49296875 0.1281250000000001 0.49765625 0.1281250000000001
3 0.50390625 0.10833333333333342 0.4984375 0.10833333333333342 0.4984375 0.1270833333333334 0.50390625 0.1270833333333334