2 0.6976562500000001 0.771875 0.5375 0.771875 0.5375000000000001 1 0.6976562500000002 1
3 0.665625 0.7708333333333334 0.6109375 0.7708333333333334 0.6109375 0.925 0.665625 0.925
3 0.940625 0.9281250000000002 0.871875 0.9281250000000002 0.871875 1.0000000000000002 0.940625 1.0000000000000002
3 0.846875 0.8145833333333335 0.81171875 0.8145833333333335 0.81171875 0.9447916666666669 0.846875 0.9447916666666669
0 0.78671875 0.7062500000000002 0.703125 0.70625 0.703125 0.9562500000000002 0.78671875 0.9562500000000003
3 0.82421875 0.7083333333333336 0.78515625 0.7083333333333336 0.78515625 0.8020833333333336 0.82421875 0.8020833333333336
3 0.7953125 0.6041666666666669 0.75546875 0.6041666666666669 0.75546875 0.7354166666666669 0.7953125 0.7354166666666669
3 0.503125 0.4375000000000001 0.4796875 0.4375000000000001 0.4796875 0.5520833333333334 0.503125 0.5520833333333334
0 0.62578125 0.45520833333333344 0.57734375 0.45520833333333344 0.57734375 0.6041666666666666 0.62578125 0.6041666666666666
0 0.72578125 0.42083333333333345 0.6515625 0.42083333333333345 0.6515625 0.5822916666666668 0.72578125 0.5822916666666669
3 0.67734375 0.4114583333333334 0.65546875 0.4114583333333334 0.65546875 0.4718750000000001 0.67734375 0.4718750000000001
3 0.64921875 0.3406250000000001 0.63046875 0.3406250000000001 0.63046875 0.43958333333333344 0.64921875 0.43958333333333344
3 0.56953125 0.24375000000000008 0.52109375 0.24375000000000005 0.52109375 0.3177083333333334 0.56953125 0.3177083333333334
3 0.58125 0.2708333333333334 0.540625 0.2708333333333334 0.540625 0.30833333333333346 0.58125 0.30833333333333346
3 0.5078125 0.1822916666666667 0.484375 0.1822916666666667 0.484375 0.21250000000000005 0.5078125 0.21250000000000005
3 0.5296875 0.16875000000000007 0.5109375 0.16875000000000007 0.5109375 0.23229166666666673 0.5296875 0.23229166666666673
3 0.471875 0.14270833333333338 0.45078125 0.14270833333333338 0.45078125 0.1864583333333334 0.471875 0.1864583333333334
3 0.5 0.10416666666666675 0.4765625 0.10416666666666675 0.4765625 0.15625000000000006 0.5 0.15625000000000006
3 0.51484375 0.09270833333333342 0.471875 0.09270833333333342 0.471875 0.11979166666666675 0.51484375 0.11979166666666675
0 0.50390625 0.14270833333333338 0.4578125 0.14270833333333338 0.4578125 0.1989583333333334 0.50390625 0.1989583333333334
0 0.5484375 0.4187500000000001 0.4921875 0.4187500000000001 0.4921875 0.5489583333333333 0.5484375 0.5489583333333333
0 0.7046875 0.5625 0.6171875 0.5625 0.6171875 0.7322916666666667 0.7046875 0.7322916666666667