3 0.1257812500000001 0.8479166666666667 0.07265625000000009 0.8479166666666667 0.07265625000000009 1 0.1257812500000001 1
3 0.2648437500000001 0.89375 0.2156250000000001 0.89375 0.2156250000000001 1 0.2648437500000001 1
3 0.2195312500000001 0.8604166666666667 0.1687500000000001 0.8604166666666667 0.1687500000000001 1 0.2195312500000001 1
3 0.2796875000000001 0.7125 0.2484375000000001 0.7125 0.2484375000000001 0.859375 0.2796875000000001 0.859375
3 0.2468750000000001 0.7072916666666667 0.21250000000000008 0.7072916666666667 0.21250000000000008 0.8645833333333334 0.2468750000000001 0.8645833333333334
3 0.2093750000000001 0.7083333333333334 0.17500000000000004 0.7083333333333334 0.17500000000000007 0.8583333333333333 0.2093750000000001 0.8583333333333333
3 0.2718750000000001 0.603125 0.2328125000000001 0.603125 0.2328125000000001 0.7239583333333334 0.2718750000000001 0.7239583333333334
3 0.2750000000000001 0.5552083333333333 0.2429687500000001 0.5552083333333333 0.2429687500000001 0.6458333333333334 0.2750000000000001 0.6458333333333334
3 0.2960937500000001 0.5625 0.2687500000000001 0.5625 0.2687500000000001 0.6510416666666666 0.2960937500000001 0.6510416666666666
3 0.3031250000000001 0.6166666666666667 0.2640625000000001 0.6166666666666667 0.2640625000000001 0.7229166666666667 0.3031250000000001 0.7229166666666667
3 0.34062500000000007 0.846875 0.2953125000000001 0.846875 0.2953125000000001 1 0.34062500000000007 1
3 0.3968750000000001 0.7791666666666667 0.36015625000000007 0.7791666666666667 0.36015625000000007 0.9375 0.3968750000000001 0.9375
3 0.43671875 0.728125 0.3976562500000001 0.728125 0.3976562500000001 0.8375 0.43671875 0.8375
3 0.428125 0.6572916666666667 0.39531250000000007 0.6572916666666667 0.39531250000000007 0.7708333333333334 0.428125 0.7708333333333334
3 0.3742187500000001 0.7041666666666667 0.34062500000000007 0.7041666666666667 0.34062500000000007 0.8447916666666667 0.3742187500000001 0.8447916666666667
3 0.34062500000000007 0.6645833333333333 0.3062500000000001 0.6645833333333333 0.3062500000000001 0.8052083333333333 0.34062500000000007 0.8052083333333333
3 0.38750000000000007 0.6447916666666667 0.3492187500000001 0.6447916666666667 0.3492187500000001 0.7479166666666667 0.38750000000000007 0.7479166666666667
3 0.32109375000000007 0.6427083333333333 0.2929687500000001 0.6427083333333333 0.2929687500000001 0.765625 0.32109375000000007 0.765625
3 0.3398437500000001 0.5635416666666667 0.3109375000000001 0.5635416666666667 0.3109375000000001 0.6697916666666667 0.3398437500000001 0.6697916666666667
3 0.3453125000000001 0.525 0.32109375000000007 0.525 0.32109375000000007 0.6083333333333333 0.3453125000000001 0.6083333333333333
3 0.46171875 0.546875 0.43046875 0.546875 0.43046875 0.6479166666666667 0.46171875 0.6479166666666667
3 0.3226562500000001 0.5041666666666667 0.2929687500000001 0.5041666666666667 0.2929687500000001 0.60625 0.3226562500000001 0.60625
3 0.36250000000000004 0.459375 0.3484375 0.459375 0.34843750000000007 0.54375 0.3625000000000001 0.54375
3 0.34609375000000003 0.47604166666666664 0.3265625 0.47604166666666664 0.32656250000000003 0.5333333333333333 0.3460937500000001 0.5333333333333333
3 0.32734375000000004 0.47291666666666665 0.303125 0.47291666666666665 0.30312500000000003 0.5270833333333333 0.3273437500000001 0.5270833333333333
3 0.32500000000000007 0.44583333333333336 0.309375 0.44583333333333336 0.30937500000000007 0.4979166666666667 0.32500000000000007 0.4979166666666667
3 0.38828125 0.44375000000000014 0.3703125 0.44375000000000014 0.37031250000000004 0.5250000000000001 0.3882812500000001 0.5250000000000001
3 0.37031250000000004 0.43541666666666673 0.35625 0.4354166666666667 0.35625000000000007 0.4937500000000001 0.3703125000000001 0.49375000000000013
3 0.35468750000000004 0.4166666666666667 0.334375 0.4166666666666667 0.33437500000000003 0.4875 0.3546875000000001 0.4875
3 0.36015625 0.39166666666666666 0.34140625 0.39166666666666666 0.34140625 0.4479166666666667 0.36015625 0.4479166666666667
3 0.44921875 0.4270833333333334 0.43046875 0.4270833333333334 0.43046875 0.5166666666666668 0.44921875 0.5166666666666668
3 0.425 0.40000000000000013 0.40390625 0.40000000000000013 0.40390625 0.4760416666666668 0.425 0.4760416666666668
3 0.40078125 0.39270833333333344 0.384375 0.39270833333333344 0.384375 0.4666666666666668 0.40078125 0.4666666666666668
3 0.39375 0.37083333333333346 0.378125 0.37083333333333346 0.378125 0.43645833333333345 0.39375 0.43645833333333345
3 0.378125 0.36979166666666674 0.359375 0.3697916666666667 0.359375 0.43541666666666673 0.378125 0.4354166666666668
3 0.3796875 0.34375000000000006 0.3625 0.34375 0.3625 0.39687500000000003 0.3796875 0.39687500000000014
3 0.41796875 0.34270833333333345 0.39921875 0.34270833333333345 0.39921875 0.40208333333333346 0.41796875 0.40208333333333346
3 0.4109375 0.3250000000000001 0.3953125 0.3250000000000001 0.3953125 0.3906250000000001 0.4109375 0.3906250000000001
3 0.39765625 0.3197916666666668 0.3828125 0.3197916666666668 0.3828125 0.3760416666666668 0.39765625 0.3760416666666668
3 0.409375 0.2864583333333334 0.396875 0.2864583333333334 0.396875 0.3312500000000001 0.409375 0.3312500000000001
3 0.4109375 0.2885416666666668 0.39453125 0.2885416666666668 0.39453125 0.33750000000000013 0.4109375 0.33750000000000013
3 0.43671875 0.3072916666666668 0.42109375 0.3072916666666668 0.42109375 0.3645833333333334 0.43671875 0.3645833333333334
0 0.459375 0.2687500000000001 0.425 0.2687500000000001 0.425 0.3291666666666668 0.459375 0.3291666666666668
3 0.45078125 0.2916666666666668 0.43828125 0.2916666666666668 0.43828125 0.33645833333333347 0.45078125 0.33645833333333347
3 0.41796875 0.27708333333333346 0.4078125 0.27708333333333346 0.4078125 0.3156250000000001 0.41796875 0.3156250000000001
3 0.4125 0.2822916666666668 0.3984375 0.2822916666666668 0.3984375 0.3072916666666668 0.4125 0.3072916666666668
3 0.4359375 0.2583333333333334 0.4234375 0.2583333333333334 0.4234375 0.29895833333333344 0.4359375 0.29895833333333344
3 0.42265625 0.2541666666666667 0.4109375 0.2541666666666667 0.4109375 0.29583333333333345 0.42265625 0.29583333333333345
3 0.4328125 0.23645833333333338 0.42109375 0.23645833333333338 0.42109375 0.26979166666666676 0.4328125 0.26979166666666676
0 0.521875 0.3312500000000001 0.47578125 0.3312500000000001 0.47578125 0.42083333333333345 0.521875 0.42083333333333345
3 0.4890625 0.31666666666666676 0.47734375 0.31666666666666676 0.47734375 0.3802083333333334 0.4890625 0.3802083333333334
3 0.4765625 0.31145833333333345 0.46484375 0.31145833333333345 0.46484375 0.36145833333333344 0.4765625 0.36145833333333344
3 0.49765625 0.26354166666666673 0.48671875 0.26354166666666673 0.48671875 0.30833333333333346 0.49765625 0.30833333333333346
3 0.4828125 0.27500000000000013 0.46640625 0.27500000000000013 0.46640625 0.32083333333333347 0.4828125 0.32083333333333347
0 0.49375 0.24166666666666672 0.4703125 0.24166666666666672 0.4703125 0.28750000000000014 0.49375 0.28750000000000014
3 0.47421875 0.22083333333333338 0.46328125 0.22083333333333338 0.46328125 0.25520833333333337 0.47421875 0.25520833333333337
3 0.54375 0.19062500000000007 0.5375 0.19062500000000007 0.5375 0.22291666666666674 0.54375 0.22291666666666674
0 0.5375 0.20000000000000007 0.5171875 0.20000000000000007 0.5171875 0.24062500000000006 0.5375 0.24062500000000006
3 0.53203125 0.17812500000000006 0.52421875 0.17812500000000006 0.52421875 0.20729166666666674 0.53203125 0.20729166666666674
3 0.51875 0.18854166666666672 0.51171875 0.18854166666666672 0.51171875 0.2145833333333334 0.51875 0.2145833333333334
3 0.5140625 0.18958333333333338 0.50625 0.18958333333333338 0.50625 0.22083333333333338 0.5140625 0.22083333333333338
2 0.50703125 0.16250000000000006 0.48046875 0.16250000000000006 0.48046875 0.21875000000000006 0.50703125 0.21875000000000006
3 0.50859375 0.19062500000000007 0.5 0.19062500000000007 0.5 0.21979166666666672 0.50859375 0.21979166666666672
3 0.5453125 0.17291666666666675 0.5375 0.17291666666666672 0.5375 0.19687500000000008 0.5453125 0.1968750000000001
0 0.54296875 0.16041666666666674 0.53203125 0.16041666666666674 0.53203125 0.17812500000000006 0.54296875 0.17812500000000006
3 0.53046875 0.15729166666666672 0.52421875 0.15729166666666672 0.52421875 0.17500000000000007 0.53046875 0.17500000000000007
3 0.48046875 0.1833333333333334 0.471875 0.1833333333333334 0.471875 0.21250000000000005 0.48046875 0.21250000000000005
3 0.48359375 0.15937500000000007 0.47734375 0.15937500000000007 0.47734375 0.18125000000000005 0.48359375 0.18125000000000005
3 0.50703125 0.5822916666666667 0.47578125 0.5822916666666667 0.47578125 0.70625 0.50703125 0.70625
0 0.4757812500000001 0.81875 0.3742187500000001 0.81875 0.3742187500000001 1 0.47578125000000016 1
0 0.4296875 0.49166666666666675 0.3585937500000001 0.49166666666666664 0.3585937500000001 0.6520833333333333 0.4296875 0.6520833333333333
0 0.5046875 0.43125000000000013 0.4515625 0.43125000000000013 0.4515625 0.5583333333333333 0.5046875 0.5583333333333333
0 0.47109375 0.3281250000000001 0.428125 0.3281250000000001 0.428125 0.40520833333333345 0.47109375 0.40520833333333345
0 0.53203125 0.2666666666666668 0.49453125 0.2666666666666668 0.49453125 0.33750000000000013 0.53203125 0.33750000000000013
0 0.53046875 0.22187500000000007 0.5015625 0.22187500000000007 0.5015625 0.27708333333333346 0.53046875 0.27708333333333346
0 0.47265625 0.19687500000000005 0.45 0.19687500000000005 0.45 0.23854166666666674 0.47265625 0.23854166666666674
0 0.4609375 0.22291666666666674 0.43359375 0.22291666666666674 0.43359375 0.2583333333333334 0.4609375 0.2583333333333334
0 0.521875 0.16041666666666674 0.50859375 0.16041666666666674 0.50859375 0.18958333333333338 0.521875 0.18958333333333338
0 0.54296875 0.1458333333333334 0.5296875 0.1458333333333334 0.5296875 0.1645833333333334 0.54296875 0.1645833333333334
0 0.54296875 0.12500000000000008 0.53359375 0.12500000000000008 0.53359375 0.14375000000000007 0.54296875 0.14375000000000007
0 0.53828125 0.1333333333333334 0.5265625 0.1333333333333334 0.5265625 0.1489583333333334 0.53828125 0.1489583333333334
0 0.5421875 0.11458333333333343 0.5375 0.11458333333333343 0.5375 0.12916666666666676 0.5421875 0.12916666666666676
0 0.53515625 0.11979166666666675 0.525 0.11979166666666675 0.525 0.13437500000000005 0.53515625 0.13437500000000005
0 0.5359375 0.11041666666666676 0.525 0.11041666666666676 0.525 0.12083333333333342 0.5359375 0.12083333333333342