3 0.46015625 0.1489583333333334 0.45390625 0.1489583333333334 0.45390625 0.16875000000000007 0.46015625 0.16875000000000007
3 0.86171875 0.8218750000000002 0.80625 0.8218750000000002 0.80625 0.9958333333333336 0.86171875 0.9958333333333336
3 0.79609375 0.7843750000000003 0.75234375 0.7843750000000003 0.75234375 0.9572916666666669 0.79609375 0.9572916666666669
3 0.72578125 0.8072916666666667 0.67734375 0.8072916666666666 0.6773437500000001 0.9729166666666668 0.7257812500000002 0.9729166666666669
3 0.7039062500000001 0.9020833333333333 0.6515625 0.9020833333333333 0.6515625 1 0.7039062500000002 1
3 0.77265625 0.9520833333333335 0.72421875 0.9520833333333333 0.7242187500000001 1.0000000000000002 0.7726562500000002 1.0000000000000002
3 0.7109375 0.6697916666666667 0.67421875 0.6697916666666667 0.67421875 0.80625 0.7109375 0.80625
3 0.7234375 0.60625 0.68515625 0.60625 0.68515625 0.7447916666666666 0.7234375 0.7447916666666666
3 0.65390625 0.5875 0.61328125 0.5875 0.61328125 0.7145833333333333 0.65390625 0.7145833333333333
3 0.534375 0.615625 0.4921875 0.615625 0.4921875 0.734375 0.534375 0.734375
3 0.56640625 0.559375 0.53671875 0.559375 0.53671875 0.6666666666666666 0.56640625 0.6666666666666666
3 0.584375 0.5197916666666668 0.546875 0.5197916666666668 0.546875 0.6229166666666667 0.584375 0.6229166666666667
3 0.61875 0.4822916666666668 0.5875 0.4822916666666668 0.5875 0.584375 0.61875 0.584375
3 0.659375 0.5145833333333335 0.63046875 0.5145833333333335 0.63046875 0.6166666666666667 0.659375 0.6166666666666667
3 0.628125 0.5395833333333333 0.5953125 0.5395833333333333 0.5953125 0.6302083333333334 0.628125 0.6302083333333334
3 0.65078125 0.4562500000000001 0.62109375 0.4562500000000001 0.62109375 0.5333333333333333 0.65078125 0.5333333333333333
3 0.66796875 0.4250000000000001 0.6453125 0.4250000000000001 0.6453125 0.5135416666666668 0.66796875 0.5135416666666668
3 0.64765625 0.4062500000000001 0.625 0.4062500000000001 0.625 0.4739583333333334 0.64765625 0.4739583333333334
3 0.65234375 0.3854166666666668 0.62890625 0.3854166666666668 0.62890625 0.4531250000000001 0.65234375 0.4531250000000001
3 0.634375 0.36562500000000014 0.6125 0.36562500000000014 0.6125 0.43333333333333346 0.634375 0.43333333333333346
3 0.4984375 0.3937500000000001 0.4796875 0.3937500000000001 0.4796875 0.4812500000000001 0.4984375 0.4812500000000001
3 0.5328125 0.2666666666666668 0.51328125 0.2666666666666668 0.51328125 0.3250000000000001 0.5328125 0.3250000000000001
3 0.5484375 0.31458333333333344 0.53515625 0.31458333333333344 0.53515625 0.3781250000000001 0.5484375 0.3781250000000001
3 0.5703125 0.33437500000000014 0.5515625 0.33437500000000014 0.5515625 0.4093750000000001 0.5703125 0.4093750000000001
3 0.5953125 0.31145833333333345 0.571875 0.31145833333333345 0.571875 0.35833333333333345 0.5953125 0.35833333333333345
3 0.60390625 0.28020833333333345 0.584375 0.28020833333333345 0.584375 0.3333333333333334 0.60390625 0.3333333333333334
3 0.6234375 0.3072916666666668 0.5984375 0.3072916666666668 0.5984375 0.36562500000000014 0.6234375 0.36562500000000014
3 0.621875 0.33958333333333346 0.5890625 0.33958333333333346 0.5890625 0.39479166666666676 0.621875 0.39479166666666676
3 0.59375 0.2552083333333334 0.5734375 0.2552083333333334 0.5734375 0.3000000000000001 0.59375 0.3000000000000001
3 0.5484375 0.24270833333333341 0.5328125 0.2427083333333334 0.5328125 0.29583333333333345 0.5484375 0.29583333333333345
3 0.565625 0.23750000000000013 0.55 0.23750000000000013 0.55 0.26458333333333345 0.565625 0.26458333333333345
3 0.5484375 0.1937500000000001 0.53828125 0.19375000000000006 0.53828125 0.22812500000000008 0.5484375 0.2281250000000001
3 0.56015625 0.2135416666666668 0.54921875 0.2135416666666668 0.54921875 0.24583333333333346 0.56015625 0.24583333333333346
3 0.5671875 0.22187500000000013 0.55625 0.22187500000000013 0.55625 0.2625000000000001 0.5671875 0.2625000000000001
3 0.534375 0.18125000000000005 0.52578125 0.18125000000000005 0.52578125 0.20416666666666672 0.534375 0.20416666666666672
3 0.54296875 0.1822916666666667 0.534375 0.1822916666666667 0.534375 0.20937500000000006 0.54296875 0.20937500000000006
3 0.5265625 0.15729166666666672 0.5171875 0.15729166666666672 0.5171875 0.1927083333333334 0.5265625 0.1927083333333334
3 0.51484375 0.17291666666666672 0.50546875 0.17291666666666672 0.50546875 0.20625000000000007 0.51484375 0.20625000000000007
3 0.51875 0.18750000000000006 0.51328125 0.18750000000000006 0.51328125 0.20625000000000007 0.51875 0.20625000000000007
3 0.5140625 0.1489583333333334 0.50703125 0.1489583333333334 0.50703125 0.17187500000000006 0.5140625 0.17187500000000006
3 0.51484375 0.13229166666666675 0.50859375 0.13229166666666675 0.50859375 0.15416666666666673 0.51484375 0.15416666666666673
3 0.52265625 0.15000000000000005 0.515625 0.15000000000000005 0.515625 0.1677083333333334 0.52265625 0.1677083333333334
3 0.5109375 0.1218750000000001 0.5015625 0.1218750000000001 0.5015625 0.14270833333333338 0.5109375 0.14270833333333338
3 0.49140625 0.13229166666666675 0.48671875 0.13229166666666675 0.48671875 0.14062500000000006 0.49140625 0.14062500000000006
3 0.4890625 0.12291666666666676 0.4828125 0.12291666666666676 0.4828125 0.1364583333333334 0.4890625 0.1364583333333334
3 0.4953125 0.13020833333333343 0.490625 0.13020833333333343 0.490625 0.1395833333333334 0.4953125 0.1395833333333334
3 0.46796875 0.13437500000000005 0.4609375 0.13437500000000005 0.4609375 0.1395833333333334 0.46796875 0.1395833333333334
3 0.4828125 0.14062500000000006 0.478125 0.14062500000000006 0.478125 0.15312500000000007 0.4828125 0.15312500000000007
3 0.5109375 0.10520833333333342 0.50546875 0.10520833333333342 0.50546875 0.11875000000000009 0.5109375 0.11875000000000009
3 0.51015625 0.09479166666666676 0.50546875 0.09479166666666676 0.50546875 0.10520833333333342 0.51015625 0.10520833333333342
3 0.50546875 0.10000000000000009 0.49921875 0.10000000000000009 0.49921875 0.11250000000000009 0.50546875 0.11250000000000009
3 0.47265625 0.1333333333333334 0.471875 0.1333333333333334 0.471875 0.13437500000000005 0.47265625 0.13437500000000005
3 0.478125 0.11041666666666676 0.471875 0.11041666666666676 0.471875 0.12395833333333342 0.478125 0.12395833333333342
3 0.48359375 0.09687500000000009 0.475 0.09687500000000009 0.475 0.11250000000000009 0.48359375 0.11250000000000009
3 0.47421875 0.11354166666666675 0.465625 0.11354166666666675 0.465625 0.1281250000000001 0.47421875 0.1281250000000001
0 0.64921875 0.6822916666666666 0.54765625 0.6822916666666666 0.54765625 0.93125 0.64921875 0.93125
0 0.7296875 0.47500000000000014 0.6546875 0.47500000000000014 0.6546875 0.6322916666666668 0.7296875 0.6322916666666669
0 0.540625 0.43645833333333345 0.4875 0.43645833333333345 0.4875 0.5520833333333334 0.540625 0.5520833333333334
0 0.6171875 0.34791666666666676 0.56171875 0.34791666666666676 0.56171875 0.4604166666666668 0.6171875 0.4604166666666668
0 0.5453125 0.3250000000000001 0.50078125 0.3250000000000001 0.50078125 0.4197916666666668 0.5453125 0.4197916666666668
0 0.58203125 0.2666666666666668 0.540625 0.2666666666666668 0.540625 0.33229166666666676 0.58203125 0.33229166666666676
0 0.5140625 0.2614583333333334 0.47890625 0.2614583333333334 0.47890625 0.3312500000000001 0.5140625 0.3312500000000001
0 0.50078125 0.2427083333333334 0.46875 0.2427083333333334 0.46875 0.2947916666666668 0.50078125 0.2947916666666668
0 0.540625 0.20000000000000007 0.5140625 0.20000000000000007 0.5140625 0.2447916666666667 0.540625 0.2447916666666667
0 0.49140625 0.19062500000000007 0.4671875 0.19062500000000007 0.4671875 0.24166666666666672 0.49140625 0.24166666666666672
0 0.5078125 0.1770833333333334 0.48671875 0.1770833333333334 0.48671875 0.22604166666666672 0.5078125 0.22604166666666672
0 0.475 0.1520833333333334 0.4546875 0.1520833333333334 0.4546875 0.1833333333333334 0.475 0.1833333333333334
0 0.5 0.15416666666666673 0.48203125 0.15416666666666673 0.48203125 0.18125000000000005 0.5 0.18125000000000005
0 0.4953125 0.15000000000000005 0.47890625 0.15000000000000005 0.47890625 0.17291666666666672 0.4953125 0.17291666666666672
0 0.503125 0.1395833333333334 0.484375 0.1395833333333334 0.484375 0.16354166666666672 0.503125 0.16354166666666672
0 0.50625 0.1281250000000001 0.49453125 0.1281250000000001 0.49453125 0.1520833333333334 0.50625 0.1520833333333334
0 0.5015625 0.11979166666666675 0.48828125 0.11979166666666675 0.48828125 0.13437500000000005 0.5015625 0.13437500000000005
0 0.46953125 0.1270833333333334 0.45859375 0.1270833333333334 0.45859375 0.1354166666666667 0.46953125 0.1354166666666667
0 0.471875 0.13750000000000007 0.45703125 0.13750000000000007 0.45703125 0.15312500000000007 0.471875 0.15312500000000007
0 0.490625 0.11145833333333342 0.47734375 0.11145833333333342 0.47734375 0.13020833333333343 0.490625 0.13020833333333343
0 0.490625 0.09479166666666676 0.48359375 0.09479166666666676 0.48359375 0.10833333333333342 0.490625 0.10833333333333342
0 0.49453125 0.09270833333333342 0.490625 0.09270833333333342 0.490625 0.09895833333333343 0.49453125 0.09895833333333343
0 0.49921875 0.08854166666666675 0.4953125 0.08854166666666675 0.4953125 0.09479166666666676 0.49921875 0.09479166666666676
2 0.48359375 0.1281250000000001 0.47109375 0.1281250000000001 0.47109375 0.1552083333333334 0.48359375 0.1552083333333334
3 0.49921875 0.11250000000000009 0.49296875 0.11250000000000009 0.49296875 0.11875000000000009 0.49921875 0.11875000000000009
3 0.4984375 0.10729166666666676 0.49296875 0.10729166666666676 0.49296875 0.11250000000000009 0.4984375 0.11250000000000009
0 0.50546875 0.11041666666666676 0.4984375 0.11041666666666676 0.4984375 0.11979166666666675 0.50546875 0.11979166666666675
3 0.49921875 0.10104166666666675 0.4921875 0.10104166666666675 0.4921875 0.10520833333333342 0.49921875 0.10520833333333342
3 0.5015625 0.09687500000000009 0.49453125 0.09687500000000009 0.49453125 0.10208333333333343 0.5015625 0.10208333333333343
3 0.50546875 0.09166666666666676 0.50078125 0.09166666666666676 0.50078125 0.09895833333333343 0.50546875 0.09895833333333343
0 0.971875 0.9697916666666669 0.9078125 0.9697916666666669 0.9078125 1.0000000000000002 0.971875 1.0000000000000002
0 0.47109375 0.10416666666666675 0.46328125 0.10416666666666675 0.46328125 0.1218750000000001 0.47109375 0.1218750000000001