3 0.690625 0.4229166666666668 0.66484375 0.4229166666666668 0.66484375 0.4812500000000001 0.690625 0.4812500000000001
3 0.65859375 0.38958333333333345 0.64296875 0.38958333333333345 0.64296875 0.4583333333333334 0.65859375 0.4583333333333334
3 0.64609375 0.3437500000000001 0.6296875 0.3437500000000001 0.6296875 0.3958333333333334 0.64609375 0.3958333333333334
3 0.625 0.3125000000000001 0.609375 0.3125000000000001 0.609375 0.35208333333333347 0.625 0.35208333333333347
3 0.61015625 0.2843750000000001 0.596875 0.2843750000000001 0.596875 0.32187500000000013 0.61015625 0.32187500000000013
3 0.53828125 0.4166666666666668 0.51953125 0.4166666666666668 0.51953125 0.48020833333333346 0.53828125 0.48020833333333346
3 0.53984375 0.3822916666666668 0.521875 0.3822916666666668 0.521875 0.4187500000000001 0.53984375 0.4187500000000001
3 0.5140625 0.37395833333333345 0.490625 0.37395833333333345 0.490625 0.4406250000000001 0.5140625 0.4406250000000001
3 0.49921875 0.40208333333333346 0.4796875 0.40208333333333346 0.4796875 0.4739583333333334 0.49921875 0.4739583333333334
3 0.51015625 0.4354166666666668 0.490625 0.4354166666666668 0.490625 0.5041666666666668 0.51015625 0.5041666666666668
3 0.596875 0.26770833333333344 0.58125 0.26770833333333344 0.58125 0.28958333333333347 0.596875 0.28958333333333347
3 0.5890625 0.25208333333333344 0.57578125 0.25208333333333344 0.57578125 0.26770833333333344 0.5890625 0.26770833333333344
3 0.528125 0.2020833333333334 0.5171875 0.2020833333333334 0.5171875 0.22187500000000007 0.528125 0.22187500000000007
3 0.54140625 0.20625000000000007 0.53203125 0.20625000000000007 0.53203125 0.22187500000000007 0.54140625 0.22187500000000007
3 0.559375 0.20625000000000013 0.55 0.20625000000000013 0.55 0.21666666666666679 0.559375 0.21666666666666679
3 0.5484375 0.19687500000000008 0.53984375 0.19687500000000005 0.53984375 0.21145833333333341 0.5484375 0.21145833333333344
3 0.5375 0.17916666666666672 0.52734375 0.17916666666666672 0.52734375 0.20312500000000006 0.5375 0.20312500000000006
3 0.57578125 0.2687500000000001 0.5671875 0.2687500000000001 0.5671875 0.2864583333333334 0.57578125 0.2864583333333334
3 0.50390625 0.10937500000000008 0.49921875 0.10937500000000008 0.49921875 0.12395833333333342 0.50390625 0.12395833333333342
3 0.50546875 0.12916666666666676 0.503125 0.12916666666666676 0.503125 0.14270833333333338 0.50546875 0.14270833333333338
3 0.49921875 0.12500000000000008 0.49453125 0.12500000000000008 0.49453125 0.14375000000000007 0.49921875 0.14375000000000007
0 0.8828125 0.7281250000000002 0.74375 0.7281250000000002 0.7437500000000001 0.9885416666666669 0.8828125 0.9885416666666669
0 0.83125 0.8364583333333334 0.70234375 0.8364583333333333 0.70234375 1.0000000000000002 0.83125 1.0000000000000002
0 0.70625 0.6302083333333334 0.5984375 0.6302083333333334 0.5984375 0.8104166666666667 0.70625 0.8104166666666667
0 0.7203125 0.47500000000000014 0.65703125 0.47500000000000014 0.65703125 0.5947916666666667 0.7203125 0.5947916666666667
0 0.509375 0.29583333333333345 0.46875 0.29583333333333345 0.46875 0.36875000000000013 0.509375 0.36875000000000013
0 0.4890625 0.22187500000000007 0.459375 0.22187500000000007 0.459375 0.27395833333333347 0.4890625 0.27395833333333347
0 0.4828125 0.1770833333333334 0.45703125 0.1770833333333334 0.45703125 0.2145833333333334 0.4828125 0.2145833333333334
0 0.5140625 0.19062500000000007 0.4875 0.19062500000000007 0.4875 0.2333333333333334 0.5140625 0.2333333333333334
0 0.5359375 0.1864583333333334 0.51328125 0.1864583333333334 0.51328125 0.21875000000000006 0.5359375 0.21875000000000006
0 0.4984375 0.14270833333333338 0.48046875 0.14270833333333338 0.48046875 0.17395833333333338 0.4984375 0.17395833333333338
0 0.48828125 0.1218750000000001 0.478125 0.1218750000000001 0.478125 0.14270833333333338 0.48828125 0.14270833333333338
0 0.49375 0.10729166666666676 0.4828125 0.10729166666666676 0.4828125 0.1270833333333334 0.49375 0.1270833333333334
0 0.5609375 0.4791666666666668 0.4921875 0.4791666666666668 0.4921875 0.559375 0.5609375 0.559375
2 0.4734375 0.11770833333333343 0.45703125 0.11770833333333343 0.45703125 0.1510416666666667 0.4734375 0.1510416666666667
1 0.57265625 0.22395833333333343 0.50390625 0.2239583333333334 0.50390625 0.38958333333333345 0.57265625 0.38958333333333345
2 0.61796875 0.5479166666666667 0.4921875 0.5479166666666667 0.4921875 0.9458333333333333 0.61796875 0.9458333333333333
1 0.6640625 0.29583333333333345 0.54453125 0.29583333333333345 0.54453125 0.5947916666666667 0.6640625 0.5947916666666667
3 0.5171875 0.1364583333333334 0.503125 0.1364583333333334 0.503125 0.1708333333333334 0.5171875 0.1708333333333334