0 0.47734375000000007 0.9354166666666667 0.3789062500000001 0.9354166666666667 0.3789062500000001 1 0.4773437500000002 1
3 0.4890625 0.7958333333333333 0.39921875000000007 0.7958333333333333 0.39921875000000007 0.934375 0.4890625 0.934375
0 0.33671875000000007 0.8458333333333333 0.2195312500000001 0.8458333333333333 0.2195312500000001 1 0.33671875000000007 1
0 0.3851562500000001 0.6802083333333333 0.2710937500000001 0.6802083333333333 0.2710937500000001 0.8791666666666667 0.3851562500000001 0.8791666666666667
0 0.40625 0.525 0.32890625000000007 0.525 0.32890625000000007 0.6875 0.40625 0.6875
2 0.5140625 0.5114583333333335 0.403125 0.5114583333333335 0.403125 0.8052083333333333 0.5140625 0.8052083333333333
0 0.50546875 0.4687500000000001 0.45625 0.4687500000000001 0.45625 0.5520833333333334 0.50546875 0.5520833333333334
0 0.5171875 0.3916666666666668 0.46484375 0.3916666666666668 0.46484375 0.48645833333333344 0.5171875 0.48645833333333344
0 0.5234375 0.24791666666666673 0.48359375 0.24791666666666673 0.48359375 0.3260416666666668 0.5234375 0.3260416666666668
0 0.50625 0.11458333333333343 0.48671875 0.11458333333333343 0.48671875 0.15000000000000005 0.50625 0.15000000000000005
0 0.521875 0.10416666666666675 0.5078125 0.10416666666666675 0.5078125 0.12604166666666675 0.521875 0.12604166666666675
0 0.50234375 0.09270833333333342 0.4921875 0.09270833333333342 0.4921875 0.11666666666666675 0.50234375 0.11666666666666675
3 0.5296875 0.10312500000000009 0.52265625 0.10312500000000009 0.52265625 0.12604166666666675 0.5296875 0.12604166666666675
3 0.52578125 0.11562500000000009 0.5171875 0.11562500000000009 0.5171875 0.14270833333333338 0.52578125 0.14270833333333338
3 0.51484375 0.11666666666666675 0.5078125 0.11666666666666675 0.5078125 0.14375000000000007 0.51484375 0.14375000000000007
3 0.4859375 0.16041666666666674 0.47890625 0.16041666666666674 0.47890625 0.1833333333333334 0.4859375 0.1833333333333334
3 0.48125 0.16875000000000007 0.4734375 0.16875000000000007 0.4734375 0.1979166666666667 0.48125 0.1979166666666667
3 0.47265625 0.21250000000000005 0.45703125 0.21250000000000005 0.45703125 0.26041666666666674 0.47265625 0.26041666666666674
3 0.453125 0.23645833333333338 0.44140625 0.23645833333333338 0.44140625 0.2614583333333334 0.453125 0.2614583333333334
3 0.4484375 0.2239583333333334 0.43203125 0.2239583333333334 0.43203125 0.2593750000000001 0.4484375 0.2593750000000001
3 0.4046875 0.2822916666666668 0.39140625 0.2822916666666668 0.39140625 0.3135416666666668 0.4046875 0.3135416666666668
3 0.3890625 0.3229166666666668 0.37578125 0.3229166666666668 0.37578125 0.3697916666666668 0.3890625 0.3697916666666668
3 0.4578125 0.4427083333333334 0.4375 0.4427083333333334 0.4375 0.5156250000000001 0.4578125 0.5156250000000001
3 0.48515625 0.3593750000000001 0.46171875 0.3593750000000001 0.46171875 0.4229166666666668 0.48515625 0.4229166666666668
3 0.3484375 0.41770833333333335 0.31875 0.41770833333333335 0.31875 0.48020833333333335 0.3484375 0.48020833333333335
3 0.35390625000000003 0.4552083333333333 0.32421875 0.4552083333333333 0.32421875000000006 0.540625 0.3539062500000001 0.540625
1 0.4703125 0.25729166666666675 0.37890625 0.25729166666666675 0.37890625 0.4375000000000001 0.4703125 0.4375000000000001
2 0.4390625 0.33854166666666674 0.35078125 0.3385416666666667 0.35078125000000004 0.5375 0.4390625 0.5375
3 0.3351562500000001 0.5479166666666667 0.3117187500000001 0.5479166666666667 0.3117187500000001 0.65625 0.3351562500000001 0.65625
3 0.3085937500000001 0.525 0.2828125000000001 0.525 0.2828125000000001 0.58125 0.3085937500000001 0.58125
3 0.3125000000000001 0.553125 0.27812500000000007 0.553125 0.27812500000000007 0.6333333333333333 0.3125000000000001 0.6333333333333333
3 0.3148437500000001 0.5958333333333333 0.2906250000000001 0.5958333333333333 0.2906250000000001 0.69375 0.3148437500000001 0.69375
3 0.2968750000000001 0.6520833333333333 0.2687500000000001 0.6520833333333333 0.2687500000000001 0.7604166666666666 0.2968750000000001 0.7604166666666666
3 0.2562500000000001 0.565625 0.22265625000000008 0.565625 0.22265625000000008 0.6708333333333333 0.2562500000000001 0.6708333333333333
3 0.2726562500000001 0.5947916666666667 0.2484375000000001 0.5947916666666667 0.2484375000000001 0.678125 0.2726562500000001 0.678125
3 0.27421875000000007 0.6447916666666667 0.2492187500000001 0.6447916666666667 0.2492187500000001 0.7395833333333334 0.27421875000000007 0.7395833333333334
3 0.2445312500000001 0.6510416666666666 0.2195312500000001 0.6510416666666666 0.2195312500000001 0.7458333333333333 0.2445312500000001 0.7458333333333333
3 0.2539062500000001 0.7020833333333333 0.2210937500000001 0.7020833333333333 0.2210937500000001 0.7947916666666667 0.2539062500000001 0.7947916666666667
3 0.2710937500000001 0.734375 0.2406250000000001 0.734375 0.2406250000000001 0.8604166666666667 0.2710937500000001 0.8604166666666667
3 0.23593750000000008 0.8239583333333333 0.2015625000000001 0.8239583333333333 0.2015625000000001 0.9739583333333334 0.23593750000000008 0.9739583333333334
3 0.2289062500000001 0.7697916666666667 0.19296875000000008 0.7697916666666667 0.19296875000000008 0.9083333333333333 0.2289062500000001 0.9083333333333333
3 0.21093750000000008 0.696875 0.17968750000000006 0.696875 0.17968750000000006 0.8427083333333333 0.21093750000000008 0.8427083333333333
3 0.19375000000000006 0.671875 0.16484375000000004 0.671875 0.16484375000000007 0.8072916666666666 0.1937500000000001 0.8072916666666666
3 0.15781250000000008 0.7416666666666667 0.12656250000000008 0.7416666666666667 0.12656250000000008 0.8552083333333333 0.15781250000000008 0.8552083333333333
3 0.17968750000000008 0.7791666666666667 0.14062500000000008 0.7791666666666667 0.14062500000000008 0.8927083333333333 0.17968750000000008 0.8927083333333333
3 0.17968750000000008 0.8572916666666667 0.14218750000000008 0.8572916666666667 0.14218750000000008 0.9791666666666666 0.17968750000000008 0.9791666666666666
3 0.1984375000000001 0.9072916666666667 0.1570312500000001 0.9072916666666667 0.1570312500000001 0.9989583333333333 0.1984375000000001 0.9989583333333333
3 0.12656250000000008 0.70625 0.07500000000000007 0.70625 0.07500000000000007 0.8375 0.12656250000000008 0.8375
3 0.1351562500000001 0.85625 0.0984375000000001 0.85625 0.0984375000000001 0.9833333333333333 0.1351562500000001 0.9833333333333333
3 0.1179687500000001 0.8270833333333333 0.08203125000000007 0.8270833333333333 0.08203125000000008 0.9614583333333333 0.1179687500000001 0.9614583333333333
3 0.12500000000000008 0.9520833333333333 0.0867187500000001 0.9520833333333333 0.0867187500000001 1 0.12500000000000008 1
3 0.08593750000000008 0.9354166666666667 0.06250000000000008 0.9354166666666667 0.06250000000000008 1 0.08593750000000008 1
3 0.06406250000000009 0.9020833333333333 0.010156250000000084 0.9020833333333333 0.010156250000000087 0.996875 0.06406250000000009 0.996875