3 0.6812500000000001 0.95625 0.65 0.95625 0.6500000000000001 1 0.6812500000000001 1
3 0.81015625 0.8760416666666669 0.77421875 0.8760416666666669 0.7742187500000001 0.9989583333333336 0.81015625 0.9989583333333336
3 0.86796875 0.9302083333333335 0.8234375 0.9302083333333335 0.8234375 1.0000000000000002 0.86796875 1.0000000000000002
3 0.90625 0.8677083333333335 0.86953125 0.8677083333333335 0.86953125 1.0000000000000002 0.90625 1.0000000000000002
3 0.953125 0.9406250000000003 0.903125 0.9406250000000003 0.903125 1.0000000000000002 0.953125 1.0000000000000002
3 0.99453125 0.9156250000000002 0.9453125 0.9156250000000002 0.9453125 0.9989583333333336 0.99453125 0.9989583333333336
3 0.78515625 0.7687500000000003 0.74296875 0.7687500000000003 0.74296875 0.9364583333333336 0.78515625 0.9364583333333336
3 0.84765625 0.7635416666666669 0.809375 0.7635416666666669 0.809375 0.8822916666666669 0.84765625 0.8822916666666669
3 0.8515625 0.8322916666666669 0.8078125 0.8322916666666669 0.8078125 0.9447916666666669 0.8515625 0.9447916666666669
3 0.89140625 0.7916666666666669 0.8484375 0.7916666666666669 0.8484375 0.8989583333333335 0.89140625 0.8989583333333335
3 0.73984375 0.6583333333333334 0.70703125 0.6583333333333333 0.70703125 0.7843750000000002 0.73984375 0.7843750000000003
3 0.7828125 0.7229166666666669 0.7390625 0.7229166666666669 0.7390625 0.7937500000000003 0.7828125 0.7937500000000003
3 0.80859375 0.7166666666666669 0.7765625 0.7166666666666669 0.7765625 0.8500000000000002 0.80859375 0.8500000000000002
3 0.77109375 0.6718750000000002 0.7421875 0.6718750000000002 0.7421875 0.7791666666666669 0.77109375 0.7791666666666669
3 0.77265625 0.6291666666666669 0.74296875 0.6291666666666669 0.74296875 0.6885416666666669 0.77265625 0.6885416666666669
3 0.8078125 0.6458333333333336 0.77890625 0.6458333333333336 0.77890625 0.7375000000000003 0.8078125 0.7375000000000003
3 0.84453125 0.7114583333333335 0.81015625 0.7114583333333335 0.81015625 0.8083333333333336 0.84453125 0.8083333333333336
3 0.85 0.6552083333333336 0.81171875 0.6552083333333336 0.81171875 0.7875000000000002 0.85 0.7875000000000002
3 0.7875 0.5854166666666669 0.7453125 0.5854166666666669 0.7453125 0.6677083333333336 0.7875 0.6677083333333336
3 0.740625 0.5875000000000001 0.715625 0.5875 0.715625 0.6770833333333335 0.740625 0.6770833333333336
3 0.72109375 0.6010416666666667 0.7 0.6010416666666667 0.7 0.6958333333333333 0.72109375 0.6958333333333333
3 0.70078125 0.5666666666666667 0.671875 0.5666666666666667 0.671875 0.6552083333333333 0.70078125 0.6552083333333333
3 0.72734375 0.5312500000000001 0.703125 0.5312500000000001 0.703125 0.6114583333333334 0.72734375 0.6114583333333335
3 0.6953125 0.5218750000000001 0.67265625 0.5218750000000001 0.67265625 0.5770833333333333 0.6953125 0.5770833333333333
3 0.7140625 0.4843750000000001 0.68828125 0.4843750000000001 0.68828125 0.5708333333333333 0.7140625 0.5708333333333333
3 0.68203125 0.4968750000000001 0.66015625 0.4968750000000001 0.66015625 0.5739583333333333 0.68203125 0.5739583333333333
3 0.690625 0.45208333333333345 0.6671875 0.45208333333333345 0.6671875 0.5208333333333335 0.690625 0.5208333333333335
3 0.665625 0.4656250000000001 0.6453125 0.4656250000000001 0.6453125 0.553125 0.665625 0.553125
3 0.65859375 0.44375000000000014 0.640625 0.44375000000000014 0.640625 0.4968750000000001 0.65859375 0.4968750000000001
3 0.67578125 0.41458333333333347 0.65546875 0.41458333333333347 0.65546875 0.49375000000000013 0.67578125 0.49375000000000013
3 0.671875 0.39479166666666676 0.65234375 0.39479166666666676 0.65234375 0.4343750000000001 0.671875 0.4343750000000001
3 0.64375 0.42083333333333345 0.625 0.42083333333333345 0.625 0.4875000000000001 0.64375 0.4875000000000001
3 0.63203125 0.4041666666666668 0.61171875 0.4041666666666668 0.61171875 0.45208333333333345 0.63203125 0.45208333333333345
3 0.63359375 0.3875000000000001 0.61875 0.3875000000000001 0.61875 0.42604166666666676 0.63359375 0.42604166666666676
3 0.64453125 0.36354166666666676 0.62890625 0.36354166666666676 0.62890625 0.43645833333333345 0.64453125 0.43645833333333345
3 0.61953125 0.34583333333333344 0.6046875 0.34583333333333344 0.6046875 0.4135416666666668 0.61953125 0.4135416666666668
3 0.63046875 0.33958333333333346 0.61875 0.33958333333333346 0.61875 0.3875000000000001 0.63046875 0.3875000000000001
3 0.625 0.3177083333333334 0.6109375 0.3177083333333334 0.6109375 0.3489583333333334 0.625 0.3489583333333334
3 0.60234375 0.3197916666666668 0.5875 0.3197916666666668 0.5875 0.38645833333333346 0.60234375 0.38645833333333346
3 0.59921875 0.2760416666666668 0.58125 0.2760416666666668 0.58125 0.32187500000000013 0.59921875 0.32187500000000013
3 0.60390625 0.2968750000000001 0.58828125 0.2968750000000001 0.58828125 0.3281250000000001 0.60390625 0.3281250000000001
3 0.5796875 0.25937500000000013 0.56796875 0.25937500000000013 0.56796875 0.3072916666666668 0.5796875 0.3072916666666668
3 0.56875 0.2500000000000001 0.5578125 0.2500000000000001 0.5578125 0.2937500000000001 0.56875 0.2937500000000001
3 0.5640625 0.23541666666666677 0.553125 0.23541666666666677 0.553125 0.26979166666666676 0.5640625 0.26979166666666676
3 0.553125 0.2218750000000001 0.54140625 0.22187500000000007 0.54140625 0.2708333333333334 0.553125 0.2708333333333334
3 0.5125 0.24062500000000006 0.49765625 0.24062500000000006 0.49765625 0.28750000000000014 0.5125 0.28750000000000014
3 0.50390625 0.37083333333333346 0.48515625 0.37083333333333346 0.48515625 0.4010416666666668 0.50390625 0.4010416666666668
3 0.5140625 0.5572916666666666 0.4828125 0.5572916666666666 0.4828125 0.6864583333333333 0.5140625 0.6864583333333333
3 0.58203125 0.4822916666666668 0.5625 0.4822916666666668 0.5625 0.56875 0.58203125 0.56875
3 0.5609375 0.4562500000000001 0.5421875 0.4562500000000001 0.5421875 0.5072916666666668 0.5609375 0.5072916666666668
3 0.5515625 0.3802083333333334 0.534375 0.3802083333333334 0.534375 0.44166666666666676 0.5515625 0.44166666666666676
3 0.546875 0.3937500000000001 0.52734375 0.3937500000000001 0.52734375 0.4718750000000001 0.546875 0.4718750000000001
3 0.521875 0.37708333333333344 0.509375 0.37708333333333344 0.509375 0.4062500000000001 0.521875 0.4062500000000001
3 0.5328125 0.35208333333333347 0.51796875 0.35208333333333347 0.51796875 0.3958333333333334 0.5328125 0.3958333333333334
3 0.54296875 0.3197916666666668 0.53046875 0.3197916666666668 0.53046875 0.36354166666666676 0.54296875 0.36354166666666676
3 0.53203125 0.3312500000000001 0.51875 0.3312500000000001 0.51875 0.3718750000000001 0.53203125 0.3718750000000001
3 0.54921875 0.3354166666666668 0.5375 0.3354166666666668 0.5375 0.3781250000000001 0.54921875 0.3781250000000001
3 0.54296875 0.3041666666666668 0.528125 0.3041666666666668 0.528125 0.3385416666666668 0.54296875 0.3385416666666668
3 0.5109375 0.1270833333333334 0.4984375 0.1270833333333334 0.4984375 0.15625000000000006 0.5109375 0.15625000000000006
3 0.48046875 0.10312500000000009 0.47265625 0.10312500000000009 0.47265625 0.11979166666666675 0.48046875 0.11979166666666675
3 0.50546875 0.09791666666666675 0.496875 0.09791666666666675 0.496875 0.11354166666666675 0.50546875 0.11354166666666675
3 0.4984375 0.08854166666666675 0.49140625 0.08854166666666675 0.49140625 0.10312500000000009 0.4984375 0.10312500000000009
3 0.5078125 0.08645833333333343 0.5015625 0.08645833333333343 0.5015625 0.10104166666666675 0.5078125 0.10104166666666675
0 0.49609375 0.09687500000000009 0.48203125 0.09687500000000009 0.48203125 0.12291666666666676 0.49609375 0.12291666666666676
0 0.50234375 0.23645833333333338 0.47109375 0.23645833333333338 0.47109375 0.29270833333333346 0.50234375 0.29270833333333346
0 0.50234375 0.2645833333333334 0.465625 0.2645833333333334 0.465625 0.3385416666666668 0.50234375 0.3385416666666668
0 0.5203125 0.30833333333333346 0.484375 0.30833333333333346 0.484375 0.3802083333333334 0.5203125 0.3802083333333334
0 0.5453125 0.2375000000000001 0.51640625 0.23750000000000007 0.51640625 0.28750000000000014 0.5453125 0.28750000000000014
0 0.56484375 0.2656250000000001 0.52890625 0.26562500000000006 0.52890625 0.31458333333333344 0.56484375 0.31458333333333344
0 0.5828125 0.30104166666666676 0.5421875 0.30104166666666676 0.5421875 0.35312500000000013 0.5828125 0.35312500000000013
0 0.596875 0.34583333333333344 0.546875 0.34583333333333344 0.546875 0.4406250000000001 0.596875 0.4406250000000001
0 0.6234375 0.40208333333333346 0.56640625 0.40208333333333346 0.56640625 0.5083333333333334 0.6234375 0.5083333333333334
0 0.65703125 0.4531250000000001 0.58515625 0.4531250000000001 0.58515625 0.603125 0.65703125 0.603125
1 0.58203125 0.5010416666666668 0.515625 0.5010416666666668 0.515625 0.6604166666666667 0.58203125 0.6604166666666667
0 0.59609375 0.63125 0.51953125 0.63125 0.51953125 0.8677083333333333 0.59609375 0.8677083333333333
0 0.58203125 0.5010416666666668 0.515625 0.5010416666666668 0.515625 0.659375 0.58203125 0.659375
0 0.6429687500000001 0.85625 0.5296875 0.85625 0.5296875000000001 1 0.6429687500000002 1
0 0.7656250000000001 0.7312500000000001 0.6453125 0.73125 0.6453125000000001 0.9937500000000001 0.7656250000000002 0.9937500000000002
0 0.8015625 0.9479166666666667 0.71015625 0.9479166666666666 0.71015625 1.0000000000000002 0.8015625 1.0000000000000002
0 0.70390625 0.5697916666666667 0.61875 0.5697916666666667 0.61875 0.76875 0.70390625 0.76875
0 0.53046875 0.38958333333333345 0.48125 0.38958333333333345 0.48125 0.5145833333333335 0.53046875 0.5145833333333335
2 0.54453125 0.1895833333333334 0.49921875 0.18958333333333338 0.49921875 0.26979166666666676 0.54453125 0.26979166666666676