3 0.93359375 0.8541666666666669 0.88828125 0.8541666666666669 0.88828125 1.0000000000000002 0.93359375 1.0000000000000002
3 0.8953125 0.9052083333333336 0.85703125 0.9052083333333336 0.85703125 1.0000000000000002 0.8953125 1.0000000000000002
3 0.878125 0.7895833333333335 0.84296875 0.7895833333333335 0.84296875 0.9343750000000003 0.878125 0.9343750000000003
3 0.84921875 0.7812500000000002 0.80625 0.7812500000000002 0.80625 0.9281250000000002 0.84921875 0.9281250000000002
3 0.80234375 0.7729166666666669 0.7640625 0.7729166666666669 0.7640625 0.9364583333333336 0.80234375 0.9364583333333336
3 0.83359375 0.8604166666666669 0.80546875 0.8604166666666669 0.80546875 0.9843750000000002 0.83359375 0.9843750000000002
0 0.7875000000000001 0.7260416666666668 0.6609375 0.7260416666666667 0.6609375000000001 0.9739583333333335 0.7875000000000002 0.9739583333333336
3 0.7007812500000001 0.9135416666666667 0.6640625 0.9135416666666667 0.6640625000000001 1 0.7007812500000001 1
3 0.5718750000000001 0.9291666666666667 0.53125 0.9291666666666667 0.5312500000000001 1 0.5718750000000001 1
3 0.6125 0.959375 0.5875 0.959375 0.5875000000000001 1 0.6125000000000002 1
3 0.68125 0.8104166666666667 0.63828125 0.8104166666666667 0.63828125 0.9541666666666667 0.68125 0.9541666666666667
1 0.66015625 0.4010416666666668 0.58828125 0.4010416666666668 0.58828125 0.58125 0.66015625 0.58125
2 0.73515625 0.44687500000000013 0.628125 0.44687500000000013 0.628125 0.7854166666666668 0.73515625 0.7854166666666669
3 0.66796875 0.42083333333333345 0.6515625 0.42083333333333345 0.6515625 0.44895833333333346 0.66796875 0.44895833333333346
1 0.640625 0.4062500000000001 0.490625 0.4062500000000001 0.490625 0.9458333333333333 0.640625 0.9458333333333333
3 0.64765625 0.3854166666666668 0.6359375 0.3854166666666668 0.6359375 0.4375000000000001 0.64765625 0.4375000000000001
3 0.6640625 0.3760416666666668 0.6484375 0.3760416666666668 0.6484375 0.4250000000000001 0.6640625 0.4250000000000001
2 0.61875 0.33229166666666676 0.565625 0.33229166666666676 0.565625 0.45208333333333345 0.61875 0.45208333333333345
3 0.62734375 0.3906250000000001 0.61796875 0.3906250000000001 0.61796875 0.4062500000000001 0.62734375 0.4062500000000001
3 0.6421875 0.3541666666666668 0.63515625 0.3541666666666668 0.63515625 0.37395833333333345 0.6421875 0.37395833333333345
3 0.634375 0.3197916666666668 0.621875 0.3197916666666668 0.621875 0.3489583333333334 0.634375 0.3489583333333334
3 0.6265625 0.3020833333333334 0.6109375 0.3020833333333334 0.6109375 0.33437500000000014 0.6265625 0.33437500000000014
3 0.6015625 0.27708333333333346 0.58671875 0.27708333333333346 0.58671875 0.30833333333333346 0.6015625 0.30833333333333346
3 0.57265625 0.2437500000000001 0.56484375 0.2437500000000001 0.56484375 0.2656250000000001 0.57265625 0.2656250000000001
3 0.559375 0.20729166666666676 0.540625 0.20729166666666674 0.540625 0.2468750000000001 0.559375 0.24687500000000012
3 0.56953125 0.2229166666666668 0.559375 0.2229166666666668 0.559375 0.2531250000000001 0.56953125 0.2531250000000001
3 0.484375 0.1979166666666667 0.46875 0.1979166666666667 0.46875 0.23750000000000007 0.484375 0.23750000000000007
3 0.5203125 0.15312500000000007 0.5109375 0.15312500000000007 0.5109375 0.1822916666666667 0.5203125 0.1822916666666667
3 0.5140625 0.14687500000000006 0.50546875 0.14687500000000006 0.50546875 0.1666666666666667 0.5140625 0.1666666666666667
3 0.509375 0.13750000000000007 0.50234375 0.13750000000000007 0.50234375 0.15833333333333338 0.509375 0.15833333333333338
3 0.4859375 0.17395833333333338 0.47578125 0.17395833333333338 0.47578125 0.1989583333333334 0.4859375 0.1989583333333334
3 0.4765625 0.1552083333333334 0.46953125 0.1552083333333334 0.46953125 0.1822916666666667 0.4765625 0.1822916666666667
3 0.48359375 0.15416666666666673 0.475 0.15416666666666673 0.475 0.17500000000000007 0.48359375 0.17500000000000007
3 0.4828125 0.14791666666666672 0.47578125 0.14791666666666672 0.47578125 0.15937500000000007 0.4828125 0.15937500000000007
3 0.47265625 0.12604166666666675 0.4671875 0.12604166666666675 0.4671875 0.14270833333333338 0.47265625 0.14270833333333338
3 0.48671875 0.12604166666666675 0.48046875 0.12604166666666675 0.48046875 0.14166666666666672 0.48671875 0.14166666666666672
3 0.4796875 0.11250000000000009 0.47578125 0.11250000000000009 0.47578125 0.1270833333333334 0.4796875 0.1270833333333334
3 0.48671875 0.10833333333333342 0.48125 0.10833333333333342 0.48125 0.12083333333333342 0.48671875 0.12083333333333342
3 0.50390625 0.11666666666666675 0.49921875 0.11666666666666675 0.49921875 0.1333333333333334 0.50390625 0.1333333333333334
3 0.5125 0.10312500000000009 0.509375 0.10312500000000009 0.509375 0.11458333333333343 0.5125 0.11458333333333343
0 0.503125 0.10000000000000009 0.49453125 0.10000000000000009 0.49453125 0.11979166666666675 0.503125 0.11979166666666675
0 0.50625 0.09583333333333342 0.496875 0.09583333333333342 0.496875 0.1062500000000001 0.50625 0.1062500000000001
3 0.50859375 0.09583333333333342 0.50546875 0.09583333333333342 0.50546875 0.10937500000000008 0.50859375 0.10937500000000008
0 0.50625 0.15625000000000006 0.49453125 0.15625000000000006 0.49453125 0.1864583333333334 0.50625 0.1864583333333334
0 0.51484375 0.17187500000000006 0.4984375 0.17187500000000006 0.4984375 0.1979166666666667 0.51484375 0.1979166666666667
0 0.5125 0.18958333333333338 0.496875 0.18958333333333338 0.496875 0.20416666666666672 0.5125 0.20416666666666672
0 0.5203125 0.2145833333333334 0.5 0.2145833333333334 0.5 0.25625000000000003 0.5203125 0.25625000000000003
0 0.51328125 0.20520833333333338 0.49609375 0.20520833333333338 0.49609375 0.2489583333333334 0.51328125 0.2489583333333334
1 0.55546875 0.26250000000000007 0.47734375 0.26250000000000007 0.47734375 0.4968750000000001 0.55546875 0.4968750000000001
0 0.528125 0.23645833333333338 0.50703125 0.23645833333333338 0.50703125 0.2645833333333334 0.528125 0.2645833333333334
0 0.5578125 0.24583333333333343 0.5359375 0.2458333333333334 0.5359375 0.2822916666666668 0.5578125 0.2822916666666668
0 0.55546875 0.26770833333333344 0.528125 0.26770833333333344 0.528125 0.31875000000000014 0.55546875 0.31875000000000014
0 0.58125 0.26770833333333344 0.5546875 0.26770833333333344 0.5546875 0.3197916666666668 0.58125 0.3197916666666668
0 0.4921875 0.25729166666666675 0.47265625 0.25729166666666675 0.47265625 0.31875000000000014 0.4921875 0.31875000000000014
2 0.57578125 0.31145833333333345 0.5359375 0.31145833333333345 0.5359375 0.4093750000000001 0.57578125 0.4093750000000001
0 0.79453125 0.5479166666666668 0.72109375 0.5479166666666667 0.72109375 0.7333333333333335 0.79453125 0.7333333333333336
3 0.7390625 0.5250000000000001 0.72421875 0.5250000000000001 0.72421875 0.5614583333333335 0.7390625 0.5614583333333336
3 0.70859375 0.4718750000000001 0.7 0.4718750000000001 0.7 0.49062500000000014 0.70859375 0.49062500000000014
0 0.8265625 0.9677083333333336 0.7625000000000002 0.9677083333333336 0.7625000000000002 1.0000000000000002 0.8265625 1.0000000000000002