3 0.6570312500000001 0.8854166666666666 0.6140625 0.8854166666666666 0.6140625000000001 1 0.6570312500000002 1
3 0.82265625 0.8625000000000003 0.77734375 0.8625000000000003 0.7773437500000001 1.0000000000000002 0.82265625 1.0000000000000002
3 0.93984375 0.8552083333333336 0.88359375 0.8552083333333336 0.88359375 1.0000000000000002 0.93984375 1.0000000000000002
3 0.8390625 0.6843750000000003 0.80625 0.6843750000000003 0.80625 0.7989583333333335 0.8390625 0.7989583333333335
3 0.725 0.678125 0.69140625 0.678125 0.69140625 0.75625 0.725 0.75625
3 0.78671875 0.6125000000000003 0.7453125 0.6125000000000003 0.7453125 0.6833333333333336 0.78671875 0.6833333333333336
3 0.71796875 0.5822916666666667 0.68046875 0.5822916666666667 0.68046875 0.68125 0.71796875 0.68125
3 0.7421875 0.5312500000000001 0.7109375 0.5312500000000001 0.7109375 0.6239583333333335 0.7421875 0.6239583333333336
3 0.7140625 0.534375 0.68515625 0.534375 0.68515625 0.6197916666666666 0.7140625 0.6197916666666666
3 0.675 0.5333333333333333 0.63671875 0.5333333333333333 0.63671875 0.63125 0.675 0.63125
3 0.5859375 0.5645833333333333 0.55625 0.5645833333333333 0.55625 0.6520833333333333 0.5859375 0.6520833333333333
3 0.59453125 0.5125000000000001 0.56015625 0.5125000000000001 0.56015625 0.6041666666666666 0.59453125 0.6041666666666666
3 0.67265625 0.4687500000000001 0.64296875 0.4687500000000001 0.64296875 0.5697916666666667 0.67265625 0.5697916666666667
3 0.70078125 0.46458333333333346 0.67578125 0.46458333333333346 0.67578125 0.55625 0.70078125 0.55625
3 0.6828125 0.42604166666666676 0.659375 0.42604166666666676 0.659375 0.5062500000000001 0.6828125 0.5062500000000001
3 0.65703125 0.3958333333333334 0.6328125 0.3958333333333334 0.6328125 0.48020833333333346 0.65703125 0.48020833333333346
3 0.63046875 0.3937500000000001 0.60859375 0.3937500000000001 0.60859375 0.46250000000000013 0.63046875 0.46250000000000013
3 0.6359375 0.3562500000000001 0.61484375 0.3562500000000001 0.61484375 0.4322916666666668 0.6359375 0.4322916666666668
3 0.6078125 0.3312500000000001 0.584375 0.3312500000000001 0.584375 0.38333333333333347 0.6078125 0.38333333333333347
3 0.5515625 0.3437500000000001 0.528125 0.3437500000000001 0.528125 0.4114583333333334 0.5515625 0.4114583333333334
3 0.5078125 0.4479166666666668 0.4859375 0.4479166666666668 0.4859375 0.5218750000000001 0.5078125 0.5218750000000001
3 0.50546875 0.15625000000000006 0.49609375 0.15625000000000006 0.49609375 0.1958333333333334 0.50546875 0.1958333333333334
3 0.52890625 0.16041666666666674 0.51640625 0.16041666666666674 0.51640625 0.1989583333333334 0.52890625 0.1989583333333334
3 0.4984375 0.11562500000000009 0.48828125 0.11562500000000009 0.48828125 0.13854166666666673 0.4984375 0.13854166666666673
0 0.49765625 0.21666666666666673 0.46796875 0.21666666666666673 0.46796875 0.27395833333333347 0.49765625 0.27395833333333347
0 0.565625 0.2208333333333334 0.53359375 0.22083333333333338 0.53359375 0.2885416666666668 0.565625 0.2885416666666668
0 0.53125 0.36562500000000014 0.48359375 0.36562500000000014 0.48359375 0.4760416666666668 0.53125 0.4760416666666668
0 0.59765625 0.3510416666666668 0.55859375 0.3510416666666668 0.55859375 0.4406250000000001 0.59765625 0.4406250000000001
0 0.62265625 0.41562500000000013 0.578125 0.41562500000000013 0.578125 0.534375 0.62265625 0.534375
0 0.6515625 0.559375 0.60234375 0.559375 0.60234375 0.71875 0.6515625 0.71875
0 0.56640625 0.5697916666666667 0.50625 0.5697916666666667 0.50625 0.765625 0.56640625 0.765625
0 0.5421875 0.4895833333333334 0.50234375 0.4895833333333334 0.50234375 0.5916666666666667 0.5421875 0.5916666666666667
0 0.6000000000000001 0.778125 0.51015625 0.778125 0.5101562500000001 0.996875 0.6000000000000002 0.996875
0 0.7343750000000001 0.7395833333333335 0.66015625 0.7395833333333334 0.6601562500000001 0.9770833333333334 0.7343750000000002 0.9770833333333335
0 0.8203125 0.6750000000000003 0.75625 0.6750000000000003 0.75625 0.8718750000000003 0.8203125 0.8718750000000003
0 0.89140625 0.9520833333333336 0.83671875 0.9520833333333336 0.83671875 1.0000000000000002 0.89140625 1.0000000000000002
0 0.478125 0.13750000000000007 0.4640625 0.13750000000000007 0.4640625 0.16875000000000007 0.478125 0.16875000000000007
0 0.49609375 0.13854166666666673 0.4828125 0.13854166666666673 0.4828125 0.17395833333333338 0.49609375 0.17395833333333338
0 0.48359375 0.11250000000000009 0.4734375 0.11250000000000009 0.4734375 0.1354166666666667 0.48359375 0.1354166666666667
0 0.50546875 0.09583333333333342 0.4921875 0.09583333333333342 0.4921875 0.11666666666666675 0.50546875 0.11666666666666675