3 0.5453125 0.7260416666666667 0.50546875 0.7260416666666667 0.50546875 0.8677083333333333 0.5453125 0.8677083333333333
3 0.721875 0.878125 0.67109375 0.878125 0.67109375 1 0.7218750000000002 1
3 0.7945312500000001 0.8572916666666669 0.74296875 0.8572916666666669 0.7429687500000001 0.9958333333333336 0.7945312500000001 0.9958333333333336
3 0.85390625 0.8635416666666669 0.8046875 0.8635416666666669 0.8046875 1.0000000000000002 0.85390625 1.0000000000000002
3 0.93046875 0.8270833333333336 0.87265625 0.8270833333333336 0.87265625 0.9927083333333335 0.93046875 0.9927083333333335
3 0.98828125 0.9562500000000003 0.9484375 0.9562500000000003 0.9484375 1.0000000000000002 0.98828125 1.0000000000000002
3 0.7796875 0.7239583333333336 0.72578125 0.7239583333333336 0.72578125 0.8614583333333335 0.7796875 0.8614583333333335
3 0.8109375 0.6989583333333336 0.75703125 0.6989583333333336 0.75703125 0.8468750000000003 0.8109375 0.8468750000000003
3 0.8015625 0.6093750000000002 0.75 0.6093750000000002 0.75 0.7270833333333335 0.8015625 0.7270833333333335
3 0.6828125 0.603125 0.64609375 0.603125 0.64609375 0.7375 0.6828125 0.7375
3 0.7140625 0.5312500000000001 0.6765625 0.5312500000000001 0.6765625 0.6375 0.7140625 0.6375
3 0.6296875 0.4447916666666668 0.60859375 0.4447916666666668 0.60859375 0.5291666666666668 0.6296875 0.5291666666666668
3 0.54453125 0.4895833333333334 0.51015625 0.4895833333333334 0.51015625 0.58125 0.54453125 0.58125
3 0.534375 0.2937500000000001 0.5140625 0.2937500000000001 0.5140625 0.35312500000000013 0.534375 0.35312500000000013
3 0.5453125 0.3416666666666668 0.51796875 0.3416666666666668 0.51796875 0.41041666666666676 0.5453125 0.41041666666666676
3 0.54609375 0.28541666666666676 0.53515625 0.28541666666666676 0.53515625 0.33750000000000013 0.54609375 0.33750000000000013
3 0.58984375 0.30833333333333346 0.5765625 0.30833333333333346 0.5765625 0.3593750000000001 0.58984375 0.3593750000000001
3 0.61015625 0.3072916666666668 0.59609375 0.3072916666666668 0.59609375 0.3604166666666668 0.61015625 0.3604166666666668
3 0.60546875 0.28750000000000014 0.58984375 0.28750000000000014 0.58984375 0.3291666666666668 0.60546875 0.3291666666666668
3 0.58046875 0.2864583333333334 0.5640625 0.2864583333333334 0.5640625 0.32187500000000013 0.58046875 0.32187500000000013
3 0.58671875 0.2635416666666668 0.575 0.2635416666666668 0.575 0.30312500000000014 0.58671875 0.30312500000000014
3 0.5734375 0.2291666666666668 0.56171875 0.2291666666666668 0.56171875 0.27187500000000014 0.5734375 0.27187500000000014
3 0.5546875 0.21041666666666678 0.54453125 0.21041666666666678 0.54453125 0.24166666666666678 0.5546875 0.24166666666666678
3 0.5484375 0.18750000000000008 0.5390625 0.18750000000000006 0.5390625 0.21979166666666675 0.5484375 0.21979166666666677
3 0.5046875 0.17395833333333338 0.49609375 0.17395833333333338 0.49609375 0.20520833333333338 0.5046875 0.20520833333333338
3 0.49765625 0.1645833333333334 0.49140625 0.1645833333333334 0.49140625 0.18958333333333338 0.49765625 0.18958333333333338
3 0.5109375 0.16979166666666673 0.5046875 0.16979166666666673 0.5046875 0.1958333333333334 0.5109375 0.1958333333333334
3 0.52109375 0.1666666666666667 0.51328125 0.1666666666666667 0.51328125 0.19375000000000006 0.52109375 0.19375000000000006
3 0.534375 0.17500000000000007 0.52265625 0.17500000000000007 0.52265625 0.19062500000000007 0.534375 0.19062500000000007
3 0.51328125 0.13437500000000005 0.50703125 0.13437500000000005 0.50703125 0.15729166666666672 0.51328125 0.15729166666666672
3 0.50625 0.12500000000000008 0.50078125 0.12500000000000008 0.50078125 0.1458333333333334 0.50625 0.1458333333333334
3 0.48671875 0.11875000000000009 0.48203125 0.11875000000000009 0.48203125 0.1281250000000001 0.48671875 0.1281250000000001
3 0.4875 0.11041666666666676 0.48359375 0.11041666666666676 0.48359375 0.11875000000000009 0.4875 0.11875000000000009
3 0.4953125 0.11562500000000009 0.48828125 0.11562500000000009 0.48828125 0.12604166666666675 0.4953125 0.12604166666666675
3 0.5015625 0.11562500000000009 0.49609375 0.11562500000000009 0.49609375 0.12395833333333342 0.5015625 0.12395833333333342
3 0.50859375 0.11562500000000009 0.50234375 0.11562500000000009 0.50234375 0.12604166666666675 0.50859375 0.12604166666666675
0 0.60234375 0.5572916666666666 0.53359375 0.5572916666666666 0.53359375 0.734375 0.60234375 0.734375
0 0.54765625 0.3916666666666668 0.49453125 0.3916666666666668 0.49453125 0.5041666666666668 0.54765625 0.5041666666666668
0 0.5890625 0.3156250000000001 0.546875 0.3156250000000001 0.546875 0.39687500000000014 0.5890625 0.39687500000000014
0 0.65390625 0.32187500000000013 0.60546875 0.32187500000000013 0.60546875 0.4479166666666668 0.65390625 0.4479166666666668
0 0.55 0.24270833333333341 0.50703125 0.2427083333333334 0.50703125 0.3072916666666668 0.55 0.3072916666666668
0 0.53203125 0.20416666666666672 0.49921875 0.20416666666666672 0.49921875 0.25000000000000006 0.53203125 0.25000000000000006
0 0.5390625 0.18854166666666672 0.515625 0.18854166666666672 0.515625 0.22812500000000005 0.5390625 0.22812500000000005
0 0.503125 0.15000000000000005 0.4890625 0.15000000000000005 0.4890625 0.16979166666666673 0.503125 0.16979166666666673
0 0.50078125 0.12395833333333342 0.48671875 0.12395833333333342 0.48671875 0.1510416666666667 0.50078125 0.1510416666666667
0 0.47890625 0.11145833333333342 0.4671875 0.11145833333333342 0.4671875 0.1270833333333334 0.47890625 0.1270833333333334
0 0.47890625 0.10000000000000009 0.46953125 0.10000000000000009 0.46953125 0.10833333333333342 0.47890625 0.10833333333333342
0 0.484375 0.09375000000000008 0.47578125 0.09375000000000008 0.47578125 0.11145833333333342 0.484375 0.11145833333333342
1 0.50078125 0.08437500000000009 0.48671875 0.08437500000000009 0.48671875 0.11145833333333342 0.50078125 0.11145833333333342
2 0.48828125 0.1312500000000001 0.45703125 0.1312500000000001 0.45703125 0.2177083333333334 0.48828125 0.2177083333333334
0 0.5109375 0.08750000000000009 0.503125 0.08750000000000009 0.503125 0.10208333333333343 0.5109375 0.10208333333333343