3 0.17578125000000008 0.8135416666666667 0.08359375000000006 0.8135416666666667 0.08359375000000008 0.9833333333333333 0.17578125000000008 0.9833333333333333
3 0.421875 0.6041666666666666 0.3648437500000001 0.6041666666666666 0.3648437500000001 0.70625 0.421875 0.70625
3 0.39140625000000007 0.5666666666666667 0.31718750000000007 0.5666666666666667 0.31718750000000007 0.6947916666666667 0.39140625000000007 0.6947916666666667
3 0.3460937500000001 0.5 0.24765625000000008 0.5 0.24765625000000008 0.6052083333333333 0.3460937500000001 0.6052083333333333
3 0.44296875 0.30312500000000014 0.3921875 0.30312500000000014 0.3921875 0.3979166666666668 0.44296875 0.3979166666666668
3 0.484375 0.21562500000000007 0.46171875 0.21562500000000007 0.46171875 0.26770833333333344 0.484375 0.26770833333333344
3 0.53515625 0.17500000000000007 0.50703125 0.17500000000000007 0.50703125 0.24062500000000006 0.53515625 0.24062500000000006
3 0.47265625 0.1770833333333334 0.4578125 0.1770833333333334 0.4578125 0.21562500000000007 0.47265625 0.21562500000000007
3 0.51171875 0.14791666666666672 0.4953125 0.14791666666666672 0.4953125 0.17395833333333338 0.51171875 0.17395833333333338
3 0.50234375 0.1458333333333334 0.490625 0.1458333333333334 0.490625 0.17395833333333338 0.50234375 0.17395833333333338
0 0.5046875 0.13437500000000005 0.48203125 0.13437500000000005 0.48203125 0.16354166666666672 0.5046875 0.16354166666666672
3 0.503125 0.1218750000000001 0.48671875 0.1218750000000001 0.48671875 0.1458333333333334 0.503125 0.1458333333333334
0 0.50625 0.08958333333333342 0.4921875 0.08958333333333342 0.4921875 0.11041666666666676 0.50625 0.11041666666666676
3 0.4953125 0.08229166666666675 0.48359375 0.08229166666666675 0.48359375 0.10833333333333342 0.4953125 0.10833333333333342
0 0.50625 0.5447916666666667 0.41328125 0.5447916666666667 0.41328125 0.740625 0.50625 0.740625
0 0.30937500000000007 0.7479166666666667 0.1671875000000001 0.7479166666666667 0.1671875000000001 0.9958333333333333 0.30937500000000007 0.9958333333333333
0 0.53984375 0.11979166666666675 0.5109375 0.11979166666666675 0.5109375 0.1770833333333334 0.53984375 0.1770833333333334