3 0.60546875 0.37708333333333344 0.59296875 0.37708333333333344 0.59296875 0.4479166666666668 0.60546875 0.4479166666666668
3 0.63359375 0.3697916666666668 0.6171875 0.3697916666666668 0.6171875 0.4218750000000001 0.63359375 0.4218750000000001
3 0.6 0.3416666666666668 0.58828125 0.3416666666666668 0.58828125 0.39895833333333347 0.6 0.39895833333333347
3 0.52109375 0.22187500000000007 0.50625 0.22187500000000007 0.50625 0.25625000000000003 0.52109375 0.25625000000000003
3 0.51953125 0.2020833333333334 0.51171875 0.2020833333333334 0.51171875 0.24062500000000006 0.51953125 0.24062500000000006
3 0.50546875 0.1520833333333334 0.49609375 0.1520833333333334 0.49609375 0.19062500000000007 0.50546875 0.19062500000000007
3 0.49375 0.14375000000000007 0.4828125 0.14375000000000007 0.4828125 0.16562500000000005 0.49375 0.16562500000000005
3 0.48359375 0.15625000000000006 0.47421875 0.15625000000000006 0.47421875 0.16979166666666673 0.48359375 0.16979166666666673
3 0.48203125 0.12395833333333342 0.47421875 0.12395833333333342 0.47421875 0.1520833333333334 0.48203125 0.1520833333333334
3 0.47890625 0.10937500000000008 0.475 0.10937500000000008 0.475 0.12291666666666676 0.47890625 0.12291666666666676
3 0.46953125 0.11250000000000009 0.46328125 0.11250000000000009 0.46328125 0.12604166666666675 0.46953125 0.12604166666666675
3 0.47109375 0.09583333333333342 0.465625 0.09583333333333342 0.465625 0.11666666666666675 0.47109375 0.11666666666666675
3 0.47421875 0.0906250000000001 0.46640625 0.0906250000000001 0.46640625 0.10833333333333342 0.47421875 0.10833333333333342
3 0.4703125 0.0750000000000001 0.4640625 0.0750000000000001 0.4640625 0.09375000000000008 0.4703125 0.09375000000000008
3 0.459375 0.07500000000000008 0.45234375 0.07500000000000005 0.45234375 0.0927083333333334 0.459375 0.09270833333333342
0 0.565625 0.5479166666666667 0.48984375 0.5479166666666667 0.48984375 0.7083333333333334 0.565625 0.7083333333333334
0 0.63671875 0.4697916666666668 0.5703125 0.4697916666666668 0.5703125 0.6177083333333333 0.63671875 0.6177083333333333
0 0.65390625 0.41562500000000013 0.6015625 0.41562500000000013 0.6015625 0.5093750000000001 0.65390625 0.5093750000000001
0 0.59609375 0.37083333333333346 0.53203125 0.37083333333333346 0.53203125 0.49375000000000013 0.59609375 0.49375000000000013
0 0.553125 0.26041666666666674 0.5125 0.26041666666666674 0.5125 0.3416666666666668 0.553125 0.3416666666666668
0 0.50390625 0.2291666666666667 0.48046875 0.2291666666666667 0.48046875 0.30104166666666676 0.50390625 0.30104166666666676
0 0.48984375 0.17500000000000007 0.465625 0.17500000000000007 0.465625 0.22187500000000007 0.48984375 0.22187500000000007
0 0.47265625 0.13854166666666673 0.45625 0.13854166666666673 0.45625 0.17291666666666672 0.47265625 0.17291666666666672
0 0.465625 0.11666666666666674 0.4515625 0.11666666666666672 0.4515625 0.14166666666666672 0.465625 0.14166666666666672
0 0.46328125 0.09895833333333341 0.45 0.0989583333333334 0.45 0.11458333333333341 0.46328125 0.11458333333333343
2 0.4984375 0.24062500000000006 0.4453125 0.24062500000000006 0.4453125 0.3875000000000001 0.4984375 0.3875000000000001
2 0.43984375 0.08229166666666672 0.425 0.08229166666666672 0.425 0.12604166666666672 0.43984375 0.12604166666666672
2 0.446875 0.07500000000000005 0.4390625 0.07500000000000005 0.4390625 0.10312500000000006 0.446875 0.10312500000000006
2 0.6585937500000001 0.7 0.48515625 0.7 0.48515625000000007 1 0.6585937500000002 1
2 0.95703125 0.48854166666666676 0.621875 0.48854166666666676 0.6218750000000001 1.0000000000000002 0.95703125 1.0000000000000002