3 0.11093750000000009 0.93125 0.0750000000000001 0.93125 0.0750000000000001 1 0.11093750000000009 1
0 0.2867187500000001 0.6270833333333333 0.2023437500000001 0.6270833333333333 0.2023437500000001 0.7895833333333333 0.2867187500000001 0.7895833333333333
2 0.3257812500000001 0.7541666666666667 0.10781250000000009 0.7541666666666667 0.10781250000000009 1 0.3257812500000001 1
3 0.2062500000000001 0.6677083333333333 0.17656250000000004 0.6677083333333333 0.17656250000000007 0.796875 0.2062500000000001 0.796875
3 0.24609375000000008 0.5885416666666666 0.2171875000000001 0.5885416666666666 0.2171875000000001 0.6885416666666667 0.24609375000000008 0.6885416666666667
0 0.38750000000000007 0.5427083333333333 0.31718750000000007 0.5427083333333333 0.31718750000000007 0.74375 0.38750000000000007 0.74375
0 0.3656250000000001 0.6958333333333333 0.2671875000000001 0.6958333333333333 0.2671875000000001 0.965625 0.3656250000000001 0.965625
3 0.3109375000000001 0.6072916666666667 0.2843750000000001 0.6072916666666667 0.2843750000000001 0.7041666666666667 0.3109375000000001 0.7041666666666667
3 0.2960937500000001 0.49895833333333334 0.2726562500000001 0.49895833333333334 0.2726562500000001 0.5760416666666667 0.2960937500000001 0.5760416666666667
2 0.5328125 0.2458333333333334 0.453125 0.2458333333333334 0.453125 0.46250000000000013 0.5328125 0.46250000000000013
1 0.51015625 0.4500000000000001 0.375 0.4500000000000001 0.37500000000000006 0.8239583333333333 0.51015625 0.8239583333333333
3 0.50234375 0.4041666666666668 0.47578125 0.4041666666666668 0.47578125 0.45729166666666676 0.50234375 0.45729166666666676
3 0.42578125 0.26250000000000007 0.41640625 0.26250000000000007 0.41640625 0.3156250000000001 0.42578125 0.3156250000000001
3 0.41640625 0.2593750000000001 0.4078125 0.2593750000000001 0.4078125 0.3093750000000001 0.41640625 0.3093750000000001
0 0.54296875 0.1666666666666667 0.52265625 0.1666666666666667 0.52265625 0.2145833333333334 0.54296875 0.2145833333333334
3 0.51953125 0.15937500000000007 0.51328125 0.15937500000000007 0.51328125 0.1833333333333334 0.51953125 0.1833333333333334
0 0.52734375 0.2145833333333334 0.4796875 0.2145833333333334 0.4796875 0.26770833333333344 0.52734375 0.26770833333333344
0 0.51171875 0.18125000000000005 0.4921875 0.18125000000000005 0.4921875 0.21666666666666673 0.51171875 0.21666666666666673
3 0.5109375 0.1614583333333334 0.50546875 0.1614583333333334 0.50546875 0.18437500000000007 0.5109375 0.18437500000000007
3 0.49453125 0.14375000000000007 0.48828125 0.14375000000000007 0.48828125 0.1645833333333334 0.49453125 0.1645833333333334
3 0.50078125 0.1708333333333334 0.496875 0.1708333333333334 0.496875 0.18125000000000005 0.50078125 0.18125000000000005
0 0.52265625 0.1270833333333334 0.51015625 0.1270833333333334 0.51015625 0.1520833333333334 0.52265625 0.1520833333333334
0 0.5328125 0.11145833333333342 0.52265625 0.11145833333333342 0.52265625 0.1333333333333334 0.5328125 0.1333333333333334
0 0.5140625 0.11979166666666675 0.50390625 0.11979166666666675 0.50390625 0.13750000000000007 0.5140625 0.13750000000000007
3 0.496875 0.12291666666666676 0.49140625 0.12291666666666676 0.49140625 0.14062500000000006 0.496875 0.14062500000000006
3 0.5046875 0.11145833333333342 0.49765625 0.11145833333333342 0.49765625 0.13229166666666675 0.5046875 0.13229166666666675
0 0.49453125 0.1979166666666667 0.4734375 0.1979166666666667 0.4734375 0.23125000000000007 0.49453125 0.23125000000000007
0 0.53125 0.21666666666666673 0.5296875 0.21666666666666673 0.5296875 0.21875000000000006 0.53125 0.21875000000000006
0 0.4671875 0.2145833333333334 0.434375 0.2145833333333334 0.434375 0.28958333333333347 0.4671875 0.28958333333333347
0 0.4515625 0.3281250000000001 0.40859375 0.3281250000000001 0.40859375 0.42395833333333344 0.4515625 0.42395833333333344
0 0.40625 0.32291666666666674 0.3609375 0.3229166666666667 0.3609375 0.40416666666666673 0.40625 0.4041666666666668
0 0.38593750000000004 0.40104166666666674 0.3265625 0.4010416666666667 0.32656250000000003 0.5114583333333333 0.3859375000000001 0.5114583333333335
0 0.43359375 0.39895833333333347 0.384375 0.39895833333333347 0.384375 0.4562500000000001 0.43359375 0.4562500000000001
0 0.41796875 0.4541666666666667 0.3515625 0.45416666666666666 0.35156250000000006 0.5635416666666667 0.41796875 0.5635416666666667
0 0.4765625000000001 0.7520833333333333 0.3570312500000001 0.7520833333333333 0.3570312500000001 1 0.47656250000000017 1