0 0.46953125000000007 0.8416666666666667 0.3593750000000001 0.8416666666666667 0.3593750000000001 1 0.4695312500000002 1
0 0.4875 0.6489583333333333 0.3976562500000001 0.6489583333333333 0.3976562500000001 0.8677083333333333 0.4875 0.8677083333333333
3 0.3937500000000001 0.7479166666666667 0.3468750000000001 0.7479166666666667 0.3468750000000001 0.8916666666666667 0.3937500000000001 0.8916666666666667
0 0.509375 0.4604166666666668 0.4328125 0.4604166666666668 0.4328125 0.6447916666666667 0.509375 0.6447916666666667
0 0.4265625 0.4010416666666668 0.36953125 0.4010416666666668 0.36953125 0.4822916666666668 0.4265625 0.4822916666666668
0 0.42265625 0.46354166666666674 0.35546875 0.4635416666666667 0.35546875000000006 0.5916666666666667 0.42265625 0.5916666666666667
0 0.3921875000000001 0.5197916666666668 0.2992187500000001 0.5197916666666667 0.2992187500000001 0.721875 0.3921875000000001 0.721875
0 0.34843750000000007 0.7229166666666667 0.23203125000000008 0.7229166666666667 0.23203125000000008 0.971875 0.34843750000000007 0.971875
3 0.3242187500000001 0.95625 0.2796875000000001 0.95625 0.2796875000000001 1 0.3242187500000001 1
3 0.1625000000000001 0.9510416666666667 0.12500000000000008 0.9510416666666667 0.12500000000000008 1 0.1625000000000001 1
3 0.20078125000000008 0.8510416666666667 0.1648437500000001 0.8510416666666667 0.1648437500000001 0.965625 0.20078125000000008 0.965625
3 0.2406250000000001 0.7614583333333333 0.19140625000000008 0.7614583333333333 0.19140625000000008 0.9052083333333333 0.2406250000000001 0.9052083333333333
3 0.1726562500000001 0.7822916666666667 0.12890625000000008 0.7822916666666667 0.12890625000000008 0.9364583333333333 0.1726562500000001 0.9364583333333333
3 0.2140625000000001 0.6729166666666667 0.16484375000000004 0.6729166666666667 0.16484375000000007 0.8177083333333334 0.2140625000000001 0.8177083333333334
3 0.27812500000000007 0.6802083333333333 0.23437500000000008 0.6802083333333333 0.23437500000000008 0.821875 0.27812500000000007 0.821875
3 0.2687500000000001 0.5708333333333333 0.2351562500000001 0.5708333333333333 0.2351562500000001 0.6708333333333333 0.2687500000000001 0.6708333333333333
3 0.3226562500000001 0.5114583333333333 0.2968750000000001 0.5114583333333333 0.2968750000000001 0.6208333333333333 0.3226562500000001 0.6208333333333333
3 0.3085937500000001 0.48854166666666665 0.2843750000000001 0.48854166666666665 0.2843750000000001 0.5864583333333333 0.3085937500000001 0.5864583333333333
3 0.3640625 0.3833333333333334 0.3375 0.38333333333333336 0.3375 0.4770833333333334 0.3640625 0.47708333333333347
0 0.44609375 0.2781250000000001 0.403125 0.2781250000000001 0.403125 0.35520833333333346 0.44609375 0.35520833333333346
3 0.453125 0.2447916666666667 0.440625 0.2447916666666667 0.440625 0.29583333333333345 0.453125 0.29583333333333345
3 0.44609375 0.22500000000000006 0.43359375 0.22500000000000006 0.43359375 0.26562500000000006 0.44609375 0.26562500000000006
3 0.465625 0.1958333333333334 0.4515625 0.1958333333333334 0.4515625 0.24687500000000007 0.465625 0.24687500000000007
3 0.48046875 0.1770833333333334 0.47109375 0.1770833333333334 0.47109375 0.21666666666666673 0.48046875 0.21666666666666673
3 0.478125 0.1614583333333334 0.47109375 0.1614583333333334 0.47109375 0.18125000000000005 0.478125 0.18125000000000005
2 0.50546875 0.1614583333333334 0.48046875 0.1614583333333334 0.48046875 0.22604166666666672 0.50546875 0.22604166666666672
3 0.51875 0.1489583333333334 0.51015625 0.1489583333333334 0.51015625 0.1822916666666667 0.51875 0.1822916666666667
3 0.50859375 0.1354166666666667 0.5 0.1354166666666667 0.5 0.1666666666666667 0.50859375 0.1666666666666667
3 0.49375 0.13437500000000005 0.48359375 0.13437500000000005 0.48359375 0.1666666666666667 0.49375 0.1666666666666667
3 0.50234375 0.1218750000000001 0.4953125 0.1218750000000001 0.4953125 0.14270833333333338 0.50234375 0.14270833333333338
3 0.5296875 0.11145833333333342 0.521875 0.11145833333333342 0.521875 0.1333333333333334 0.5296875 0.1333333333333334
3 0.5171875 0.10208333333333343 0.51171875 0.10208333333333343 0.51171875 0.1218750000000001 0.5171875 0.1218750000000001
3 0.503125 0.10937500000000008 0.496875 0.10937500000000008 0.496875 0.12291666666666676 0.503125 0.12291666666666676
3 0.50859375 0.10520833333333342 0.50390625 0.10520833333333342 0.50390625 0.1218750000000001 0.50859375 0.1218750000000001
3 0.50625 0.09687500000000009 0.5 0.09687500000000009 0.5 0.11145833333333342 0.50625 0.11145833333333342
3 0.5015625 0.09270833333333342 0.49765625 0.09270833333333342 0.49765625 0.10833333333333342 0.5015625 0.10833333333333342
3 0.4984375 0.09791666666666675 0.49375 0.09791666666666675 0.49375 0.11250000000000009 0.4984375 0.11250000000000009
3 0.49609375 0.0906250000000001 0.49140625 0.0906250000000001 0.49140625 0.10208333333333343 0.49609375 0.10208333333333343
0 0.4984375 0.25000000000000006 0.453125 0.25000000000000006 0.453125 0.3177083333333334 0.4984375 0.3177083333333334