0 0.69453125 0.5729166666666666 0.603125 0.5729166666666666 0.603125 0.771875 0.69453125 0.771875
0 0.67109375 0.41041666666666676 0.5984375 0.41041666666666676 0.5984375 0.5197916666666668 0.67109375 0.5197916666666668
0 0.5671875 0.28333333333333344 0.515625 0.28333333333333344 0.515625 0.3697916666666668 0.5671875 0.3697916666666668
3 0.48203125 0.1458333333333334 0.4578125 0.1458333333333334 0.4578125 0.1645833333333334 0.48203125 0.1645833333333334
3 0.478125 0.12916666666666676 0.46328125 0.12916666666666676 0.46328125 0.14687500000000006 0.478125 0.14687500000000006
3 0.49609375 0.10000000000000009 0.48515625 0.10000000000000009 0.48515625 0.11562500000000009 0.49609375 0.11562500000000009
3 0.4921875 0.08958333333333342 0.4859375 0.08958333333333342 0.4859375 0.10104166666666675 0.4921875 0.10104166666666675
0 0.50390625 0.09479166666666676 0.496875 0.09479166666666676 0.496875 0.1062500000000001 0.50390625 0.1062500000000001
3 0.503125 0.17604166666666674 0.4828125 0.17604166666666674 0.4828125 0.21250000000000005 0.503125 0.21250000000000005
3 0.50078125 0.16250000000000006 0.490625 0.16250000000000006 0.490625 0.18437500000000007 0.50078125 0.18437500000000007
3 0.50390625 0.14375000000000007 0.48984375 0.14375000000000007 0.48984375 0.1614583333333334 0.50390625 0.1614583333333334
3 0.52265625 0.19687500000000005 0.5109375 0.19687500000000005 0.5109375 0.22604166666666672 0.52265625 0.22604166666666672
3 0.55546875 0.23541666666666675 0.53125 0.23541666666666672 0.53125 0.2656250000000001 0.55546875 0.2656250000000001
3 0.55390625 0.20312500000000008 0.534375 0.20312500000000006 0.534375 0.2406250000000001 0.55390625 0.24062500000000012
3 0.57421875 0.5145833333333335 0.4953125 0.5145833333333335 0.4953125 0.68125 0.57421875 0.68125