2 0.4906250000000001 0.6833333333333333 0.2929687500000001 0.6833333333333333 0.2929687500000001 1 0.4906250000000002 1
0 0.434375 0.48020833333333346 0.36796875 0.48020833333333346 0.36796875000000007 0.6 0.434375 0.6
3 0.1828125000000001 0.775 0.12656250000000008 0.775 0.12656250000000008 0.86875 0.1828125000000001 0.86875
3 0.13281250000000008 0.9604166666666667 0.04296875000000009 0.9604166666666667 0.04296875000000009 1 0.13281250000000008 1
3 0.3187500000000001 0.53125 0.2328125000000001 0.53125 0.2328125000000001 0.6333333333333333 0.3187500000000001 0.6333333333333333
3 0.4484375 0.33020833333333344 0.41875 0.33020833333333344 0.41875 0.3916666666666668 0.4484375 0.3916666666666668
3 0.43984375 0.3000000000000001 0.4 0.3000000000000001 0.4 0.35833333333333345 0.43984375 0.35833333333333345
3 0.45078125 0.2541666666666667 0.428125 0.2541666666666667 0.428125 0.30833333333333346 0.45078125 0.30833333333333346
3 0.4296875 0.26979166666666676 0.38828125 0.26979166666666676 0.38828125 0.31145833333333345 0.4296875 0.31145833333333345
3 0.471875 0.2687500000000001 0.440625 0.2687500000000001 0.440625 0.3250000000000001 0.471875 0.3250000000000001
3 0.51953125 0.11666666666666675 0.5078125 0.11666666666666675 0.5078125 0.14479166666666674 0.51953125 0.14479166666666674
3 0.53359375 0.10729166666666676 0.52421875 0.10729166666666676 0.52421875 0.13229166666666675 0.53359375 0.13229166666666675
3 0.50234375 0.12083333333333342 0.4953125 0.12083333333333342 0.4953125 0.15416666666666673 0.50234375 0.15416666666666673
3 0.5015625 0.16354166666666672 0.4859375 0.16354166666666672 0.4859375 0.20104166666666673 0.5015625 0.20104166666666673
3 0.49296875 0.13750000000000007 0.48515625 0.13750000000000007 0.48515625 0.1614583333333334 0.49296875 0.1614583333333334
3 0.534375 0.10520833333333342 0.5265625 0.10520833333333342 0.5265625 0.11562500000000009 0.534375 0.11562500000000009
3 0.525 0.10000000000000009 0.51484375 0.10000000000000009 0.51484375 0.11250000000000009 0.525 0.11250000000000009
3 0.49765625 0.10104166666666675 0.48984375 0.10104166666666675 0.48984375 0.11562500000000009 0.49765625 0.11562500000000009
0 0.50546875 0.08854166666666675 0.49375 0.08854166666666675 0.49375 0.10729166666666676 0.50546875 0.10729166666666676