0 0.7585937500000001 0.8239583333333335 0.6375 0.8239583333333333 0.6375000000000001 1.0000000000000002 0.7585937500000002 1.0000000000000002
3 0.784375 0.7843750000000003 0.7390625 0.7843750000000003 0.7390625 0.9385416666666669 0.784375 0.9385416666666669
3 0.821875 0.7635416666666669 0.78359375 0.7635416666666669 0.78359375 0.9250000000000003 0.821875 0.9250000000000003
3 0.86171875 0.7114583333333335 0.8171875 0.7114583333333335 0.8171875 0.8916666666666669 0.86171875 0.8916666666666669
3 0.81015625 0.6791666666666669 0.7703125 0.6791666666666669 0.7703125 0.7875000000000002 0.81015625 0.7875000000000002
3 0.76796875 0.6802083333333335 0.7296875 0.6802083333333335 0.7296875 0.7906250000000002 0.76796875 0.7906250000000002
3 0.71484375 0.6479166666666667 0.675 0.6479166666666667 0.675 0.7833333333333333 0.71484375 0.7833333333333333
3 0.74765625 0.5854166666666668 0.71171875 0.5854166666666667 0.71171875 0.6927083333333335 0.74765625 0.6927083333333336
3 0.77421875 0.5802083333333335 0.74140625 0.5802083333333335 0.74140625 0.6885416666666669 0.77421875 0.6885416666666669
3 0.696875 0.5822916666666667 0.6703125 0.5822916666666667 0.6703125 0.675 0.696875 0.675
3 0.721875 0.5364583333333334 0.696875 0.5364583333333334 0.696875 0.63125 0.721875 0.63125
3 0.68515625 0.5291666666666668 0.65859375 0.5291666666666668 0.65859375 0.6145833333333334 0.68515625 0.6145833333333334
3 0.71875 0.49270833333333347 0.69296875 0.49270833333333347 0.69296875 0.5604166666666667 0.71875 0.5604166666666667
3 0.6921875 0.5062500000000001 0.6671875 0.5062500000000001 0.6671875 0.5791666666666667 0.6921875 0.5791666666666667
3 0.590625 0.47708333333333347 0.56171875 0.47708333333333347 0.56171875 0.5760416666666667 0.590625 0.5760416666666667
3 0.6375 0.47291666666666676 0.609375 0.47291666666666676 0.609375 0.5739583333333333 0.6375 0.5739583333333333
3 0.653125 0.4541666666666668 0.628125 0.4541666666666668 0.628125 0.5479166666666667 0.653125 0.5479166666666667
3 0.68515625 0.4604166666666668 0.66015625 0.4604166666666668 0.66015625 0.5260416666666667 0.68515625 0.5260416666666667
3 0.6421875 0.3916666666666668 0.61796875 0.3916666666666668 0.61796875 0.46770833333333345 0.6421875 0.46770833333333345
3 0.65703125 0.38437500000000013 0.63984375 0.38437500000000013 0.63984375 0.4604166666666668 0.65703125 0.4604166666666668
3 0.571875 0.2864583333333334 0.55546875 0.2864583333333334 0.55546875 0.3416666666666668 0.571875 0.3416666666666668
3 0.52421875 0.3135416666666668 0.50859375 0.3135416666666668 0.50859375 0.36145833333333344 0.52421875 0.36145833333333344
3 0.5171875 0.2937500000000001 0.503125 0.2937500000000001 0.503125 0.3416666666666668 0.5171875 0.3416666666666668
3 0.53671875 0.24166666666666672 0.5203125 0.24166666666666672 0.5203125 0.30312500000000014 0.53671875 0.30312500000000014
3 0.55625 0.2250000000000001 0.54375 0.22500000000000006 0.54375 0.2593750000000001 0.55625 0.25937500000000013
3 0.5609375 0.2125000000000001 0.553125 0.2125000000000001 0.553125 0.24166666666666678 0.5609375 0.24166666666666678
3 0.5578125 0.20104166666666679 0.54921875 0.20104166666666679 0.54921875 0.23020833333333346 0.5578125 0.23020833333333346
3 0.5453125 0.2000000000000001 0.53828125 0.20000000000000007 0.53828125 0.23229166666666676 0.5453125 0.23229166666666679
3 0.54921875 0.19270833333333343 0.54296875 0.1927083333333334 0.54296875 0.2208333333333334 0.54921875 0.22083333333333346
3 0.54921875 0.1843750000000001 0.53828125 0.18437500000000007 0.53828125 0.20416666666666675 0.54921875 0.20416666666666677
3 0.521875 0.20520833333333338 0.51015625 0.20520833333333338 0.51015625 0.2395833333333334 0.521875 0.2395833333333334
3 0.5328125 0.20000000000000007 0.525 0.20000000000000007 0.525 0.22083333333333338 0.5328125 0.22083333333333338
0 0.57578125 0.5770833333333333 0.49296875 0.5770833333333333 0.49296875 0.7791666666666667 0.57578125 0.7791666666666667
0 0.6515625 0.5541666666666667 0.575 0.5541666666666667 0.575 0.7083333333333334 0.6515625 0.7083333333333334
0 0.546875 0.41770833333333346 0.490625 0.41770833333333346 0.490625 0.540625 0.546875 0.540625
0 0.596875 0.3625000000000001 0.54375 0.3625000000000001 0.54375 0.4562500000000001 0.596875 0.4562500000000001
0 0.53046875 0.34270833333333345 0.4859375 0.34270833333333345 0.4859375 0.4291666666666668 0.53046875 0.4291666666666668
0 0.565625 0.2968750000000001 0.5265625 0.2968750000000001 0.5265625 0.36562500000000014 0.565625 0.36562500000000014
0 0.615625 0.2937500000000001 0.571875 0.2937500000000001 0.571875 0.3729166666666668 0.615625 0.3729166666666668
0 0.57734375 0.23750000000000013 0.54921875 0.23750000000000013 0.54921875 0.29583333333333345 0.57734375 0.29583333333333345
3 0.5703125 0.2229166666666668 0.56015625 0.2229166666666668 0.56015625 0.24687500000000012 0.5703125 0.24687500000000012
3 0.525 0.1864583333333334 0.5171875 0.1864583333333334 0.5171875 0.20625000000000007 0.525 0.20625000000000007
3 0.51484375 0.19375000000000006 0.5078125 0.19375000000000006 0.5078125 0.21250000000000005 0.51484375 0.21250000000000005
3 0.51796875 0.1770833333333334 0.5078125 0.1770833333333334 0.5078125 0.18958333333333338 0.51796875 0.18958333333333338
3 0.5078125 0.16979166666666673 0.50078125 0.16979166666666673 0.50078125 0.19166666666666674 0.5078125 0.19166666666666674
3 0.51015625 0.1614583333333334 0.503125 0.1614583333333334 0.503125 0.1802083333333334 0.51015625 0.1802083333333334
3 0.534375 0.18125000000000005 0.5265625 0.18125000000000005 0.5265625 0.20520833333333338 0.534375 0.20520833333333338
3 0.47265625 0.15312500000000007 0.46640625 0.15312500000000007 0.46640625 0.16979166666666673 0.47265625 0.16979166666666673
3 0.47890625 0.1489583333333334 0.471875 0.1489583333333334 0.471875 0.16875000000000007 0.47890625 0.16875000000000007
3 0.48203125 0.1395833333333334 0.4734375 0.1395833333333334 0.4734375 0.1552083333333334 0.48203125 0.1552083333333334
3 0.475 0.13020833333333343 0.46953125 0.13020833333333343 0.46953125 0.14479166666666674 0.475 0.14479166666666674
3 0.4796875 0.1218750000000001 0.47265625 0.1218750000000001 0.47265625 0.13750000000000007 0.4796875 0.13750000000000007
3 0.4984375 0.14479166666666674 0.49296875 0.14479166666666674 0.49296875 0.1614583333333334 0.4984375 0.1614583333333334
3 0.5109375 0.1520833333333334 0.50390625 0.1520833333333334 0.50390625 0.16875000000000007 0.5109375 0.16875000000000007
3 0.5140625 0.14270833333333338 0.50703125 0.14270833333333338 0.50703125 0.15729166666666672 0.5140625 0.15729166666666672
3 0.52265625 0.13750000000000007 0.515625 0.13750000000000007 0.515625 0.1552083333333334 0.52265625 0.1552083333333334
3 0.50234375 0.1312500000000001 0.4953125 0.1312500000000001 0.4953125 0.15000000000000005 0.50234375 0.15000000000000005
3 0.50625 0.13229166666666675 0.50078125 0.13229166666666675 0.50078125 0.1510416666666667 0.50625 0.1510416666666667
3 0.5125 0.12916666666666676 0.50703125 0.12916666666666676 0.50703125 0.1458333333333334 0.5125 0.1458333333333334
3 0.4890625 0.11562500000000009 0.48203125 0.11562500000000009 0.48203125 0.1354166666666667 0.4890625 0.1354166666666667
0 0.50234375 0.08020833333333342 0.4953125 0.08020833333333342 0.4953125 0.09270833333333342 0.50234375 0.09270833333333342
0 0.5078125 0.08645833333333343 0.4953125 0.08645833333333343 0.4953125 0.10416666666666675 0.5078125 0.10416666666666675
0 0.4828125 0.08958333333333342 0.47578125 0.08958333333333342 0.47578125 0.10312500000000009 0.4828125 0.10312500000000009
0 0.49453125 0.08541666666666675 0.4875 0.08541666666666675 0.4875 0.09687500000000009 0.49453125 0.09687500000000009
0 0.4890625 0.08541666666666675 0.48203125 0.08541666666666675 0.48203125 0.10312500000000009 0.4890625 0.10312500000000009
0 0.49140625 0.10312500000000009 0.48046875 0.10312500000000009 0.48046875 0.11666666666666675 0.49140625 0.11666666666666675
0 0.478125 0.09687500000000009 0.46875 0.09687500000000009 0.46875 0.10833333333333342 0.478125 0.10833333333333342
0 0.4734375 0.10000000000000009 0.46015625 0.10000000000000009 0.46015625 0.11770833333333343 0.4734375 0.11770833333333343
0 0.4734375 0.11354166666666675 0.46328125 0.11354166666666675 0.46328125 0.1270833333333334 0.4734375 0.1270833333333334
0 0.50078125 0.11250000000000009 0.48984375 0.11250000000000009 0.48984375 0.12604166666666675 0.50078125 0.12604166666666675
0 0.47109375 0.1218750000000001 0.4578125 0.1218750000000001 0.4578125 0.13750000000000007 0.47109375 0.13750000000000007
0 0.47109375 0.13020833333333343 0.4578125 0.13020833333333343 0.4578125 0.1458333333333334 0.47109375 0.1458333333333334
0 0.46953125 0.14166666666666672 0.45546875 0.14166666666666672 0.45546875 0.1614583333333334 0.46953125 0.1614583333333334
0 0.4875 0.12916666666666676 0.47734375 0.12916666666666676 0.47734375 0.14687500000000006 0.4875 0.14687500000000006
0 0.49765625 0.1354166666666667 0.48359375 0.1354166666666667 0.48359375 0.15625000000000006 0.49765625 0.15625000000000006
0 0.4984375 0.15000000000000005 0.48125 0.15000000000000005 0.48125 0.17291666666666672 0.4984375 0.17291666666666672
0 0.46953125 0.16041666666666674 0.45234375 0.16041666666666674 0.45234375 0.1770833333333334 0.46953125 0.1770833333333334
0 0.5234375 0.15312500000000007 0.50703125 0.15312500000000007 0.50703125 0.18437500000000007 0.5234375 0.18437500000000007
0 0.46953125 0.17604166666666674 0.4546875 0.17604166666666674 0.4546875 0.21562500000000007 0.46953125 0.21562500000000007
1 0.51171875 0.1666666666666667 0.46328125 0.1666666666666667 0.46328125 0.2760416666666668 0.51171875 0.2760416666666668
0 0.5453125 0.21250000000000008 0.5140625 0.21250000000000005 0.5140625 0.26458333333333345 0.5453125 0.26458333333333345