3 0.49296875000000007 0.8041666666666667 0.3968750000000001 0.8041666666666667 0.3968750000000001 0.9697916666666667 0.4929687500000002 0.9697916666666667
3 0.33671875000000007 0.8802083333333334 0.2640625000000001 0.8802083333333334 0.2640625000000001 0.9885416666666667 0.33671875000000007 0.9885416666666667
3 0.23593750000000008 0.9177083333333333 0.18906250000000008 0.9177083333333333 0.18906250000000008 1 0.23593750000000008 1
3 0.12890625000000008 0.8354166666666667 0.06718750000000007 0.8354166666666667 0.06718750000000008 0.9770833333333333 0.12890625000000008 0.9770833333333333
3 0.2578125000000001 0.7125 0.18281250000000004 0.7125 0.18281250000000007 0.8791666666666667 0.2578125000000001 0.8791666666666667
3 0.2093750000000001 0.6770833333333334 0.15312500000000004 0.6770833333333334 0.15312500000000007 0.8760416666666667 0.2093750000000001 0.8760416666666667
3 0.3851562500000001 0.7177083333333333 0.31718750000000007 0.7177083333333333 0.31718750000000007 0.8354166666666667 0.3851562500000001 0.8354166666666667
3 0.30546875000000007 0.5989583333333334 0.2835937500000001 0.5989583333333334 0.2835937500000001 0.7260416666666667 0.30546875000000007 0.7260416666666667
3 0.2539062500000001 0.6427083333333333 0.20468750000000008 0.6427083333333333 0.20468750000000008 0.721875 0.2539062500000001 0.721875
3 0.27812500000000007 0.5760416666666667 0.2296875000000001 0.5760416666666667 0.2296875000000001 0.7 0.27812500000000007 0.7
3 0.40625 0.6114583333333333 0.3382812500000001 0.6114583333333333 0.3382812500000001 0.7760416666666666 0.40625 0.7760416666666666
3 0.40625 0.5333333333333333 0.3585937500000001 0.5333333333333333 0.3585937500000001 0.6302083333333334 0.40625 0.6302083333333334
3 0.37578125000000007 0.5312500000000001 0.32890625000000007 0.53125 0.32890625000000007 0.6239583333333333 0.37578125000000007 0.6239583333333333
3 0.3164062500000001 0.5177083333333333 0.27812500000000007 0.5177083333333333 0.27812500000000007 0.6354166666666666 0.3164062500000001 0.6354166666666666
0 0.49765625 0.5677083333333334 0.41875 0.5677083333333334 0.41875 0.740625 0.49765625 0.740625
3 0.4734375 0.5072916666666668 0.41796875 0.5072916666666668 0.41796875 0.6020833333333333 0.4734375 0.6020833333333333
3 0.421875 0.4479166666666668 0.371875 0.4479166666666668 0.37187500000000007 0.565625 0.421875 0.565625
3 0.37343750000000003 0.47604166666666675 0.33203125 0.47604166666666664 0.33203125000000006 0.5625 0.3734375000000001 0.5625
3 0.39453125 0.3635416666666667 0.32734375 0.36354166666666665 0.32734375 0.43437500000000007 0.39453125 0.4343750000000001
0 0.4703125 0.38958333333333345 0.41875 0.38958333333333345 0.41875 0.46458333333333346 0.4703125 0.46458333333333346
0 0.43828125 0.3312500000000001 0.3859375 0.3312500000000001 0.3859375 0.44166666666666676 0.43828125 0.44166666666666676
3 0.41796875 0.3145833333333334 0.3609375 0.3145833333333333 0.3609375 0.40625000000000006 0.41796875 0.4062500000000001
3 0.47890625 0.29583333333333345 0.45 0.29583333333333345 0.45 0.3645833333333334 0.47890625 0.3645833333333334
3 0.5125 0.22291666666666674 0.47734375 0.22291666666666674 0.47734375 0.30625000000000013 0.5125 0.30625000000000013
3 0.5046875 0.25000000000000006 0.46640625 0.25000000000000006 0.46640625 0.30312500000000014 0.5046875 0.30312500000000014
3 0.4796875 0.1927083333333334 0.43359375 0.1927083333333334 0.43359375 0.27187500000000014 0.4796875 0.27187500000000014
0 0.546875 0.14895833333333341 0.51640625 0.1489583333333334 0.51640625 0.19583333333333341 0.546875 0.19583333333333344
0 0.5421875 0.1062500000000001 0.5234375 0.1062500000000001 0.5234375 0.15625000000000006 0.5421875 0.15625000000000006
0 0.521875 0.1270833333333334 0.5109375 0.1270833333333334 0.5109375 0.17187500000000006 0.521875 0.17187500000000006
3 0.496875 0.11875000000000009 0.48203125 0.11875000000000009 0.48203125 0.16041666666666674 0.496875 0.16041666666666674
3 0.51171875 0.10000000000000009 0.48984375 0.10000000000000009 0.48984375 0.1281250000000001 0.51171875 0.1281250000000001
0 0.4296875000000001 0.946875 0.3492187500000001 0.946875 0.3492187500000001 1 0.42968750000000017 1