3 0.2695312500000001 0.7510416666666667 0.22265625000000008 0.7510416666666667 0.22265625000000008 0.9229166666666667 0.2695312500000001 0.9229166666666667
3 0.2554687500000001 0.6541666666666667 0.2117187500000001 0.6541666666666667 0.2117187500000001 0.796875 0.2554687500000001 0.796875
3 0.51796875 0.3885416666666668 0.4828125 0.3885416666666668 0.4828125 0.48333333333333345 0.51796875 0.48333333333333345
3 0.42109375 0.33958333333333346 0.3828125 0.33958333333333346 0.3828125 0.42083333333333345 0.42109375 0.42083333333333345
3 0.54609375 0.3229166666666668 0.5171875 0.3229166666666668 0.5171875 0.39895833333333347 0.54609375 0.39895833333333347
3 0.5296875 0.17187500000000006 0.50390625 0.17187500000000006 0.50390625 0.22187500000000007 0.5296875 0.22187500000000007
3 0.52734375 0.12604166666666675 0.51171875 0.12604166666666675 0.51171875 0.16562500000000005 0.52734375 0.16562500000000005
3 0.565625 0.1281250000000001 0.55078125 0.1281250000000001 0.55078125 0.17083333333333345 0.565625 0.17083333333333345
3 0.54609375 0.11354166666666675 0.53203125 0.11354166666666675 0.53203125 0.14895833333333341 0.54609375 0.14895833333333344
3 0.5515625 0.08958333333333342 0.540625 0.08958333333333342 0.540625 0.11562500000000009 0.5515625 0.11562500000000009
3 0.540625 0.09791666666666675 0.528125 0.09791666666666675 0.528125 0.11250000000000009 0.540625 0.11250000000000009
3 0.53046875 0.07708333333333342 0.5171875 0.07708333333333342 0.5171875 0.08958333333333342 0.53046875 0.08958333333333342
2 0.5453125 0.04583333333333342 0.5234375 0.04583333333333342 0.5234375 0.08645833333333343 0.5453125 0.08645833333333343