3 0.496875 0.09687500000000009 0.4890625 0.09687500000000009 0.4890625 0.11458333333333343 0.496875 0.11458333333333343
3 0.5015625 0.11562500000000009 0.49296875 0.11562500000000009 0.49296875 0.13854166666666673 0.5015625 0.13854166666666673
3 0.47578125 0.1708333333333334 0.46328125 0.1708333333333334 0.46328125 0.20937500000000006 0.47578125 0.20937500000000006
3 0.48046875 0.20104166666666673 0.46875 0.20104166666666673 0.46875 0.2447916666666667 0.48046875 0.2447916666666667
3 0.49453125 0.22604166666666672 0.47890625 0.22604166666666672 0.47890625 0.27187500000000014 0.49453125 0.27187500000000014
3 0.4984375 0.17916666666666672 0.48515625 0.17916666666666672 0.48515625 0.2177083333333334 0.4984375 0.2177083333333334
3 0.5078125 0.18437500000000007 0.496875 0.18437500000000007 0.496875 0.2145833333333334 0.5078125 0.2145833333333334
3 0.509375 0.20000000000000007 0.496875 0.20000000000000007 0.496875 0.24166666666666672 0.509375 0.24166666666666672
3 0.46328125 0.2593750000000001 0.44765625 0.2593750000000001 0.44765625 0.31458333333333344 0.46328125 0.31458333333333344
3 0.43984375 0.26041666666666674 0.42421875 0.26041666666666674 0.42421875 0.3104166666666668 0.43984375 0.3104166666666668
3 0.41796875 0.27395833333333347 0.4046875 0.27395833333333347 0.4046875 0.32708333333333345 0.41796875 0.32708333333333345
3 0.4234375 0.2427083333333334 0.40546875 0.2427083333333334 0.40546875 0.2864583333333334 0.4234375 0.2864583333333334
3 0.521875 0.37083333333333346 0.50234375 0.37083333333333346 0.50234375 0.43645833333333345 0.521875 0.43645833333333345
3 0.41171875 0.3541666666666668 0.3953125 0.3541666666666668 0.3953125 0.42395833333333344 0.41171875 0.42395833333333344
3 0.4 0.3416666666666668 0.38046875 0.3416666666666668 0.38046875 0.4010416666666668 0.4 0.4010416666666668
3 0.36953125 0.3218750000000001 0.35078125 0.321875 0.35078125 0.37187500000000007 0.36953125 0.3718750000000001
3 0.37265625 0.34375000000000006 0.35390625 0.34375 0.35390625 0.3927083333333334 0.37265625 0.39270833333333344
3 0.36640625 0.3604166666666667 0.35078125 0.36041666666666666 0.35078125 0.4000000000000001 0.36640625 0.40000000000000013
3 0.3734375 0.3833333333333334 0.35078125 0.38333333333333336 0.35078125 0.42187500000000006 0.3734375 0.4218750000000001
3 0.39609375 0.3916666666666668 0.375 0.3916666666666668 0.375 0.4583333333333334 0.39609375 0.4583333333333334
3 0.43125 0.5479166666666667 0.41015625 0.5479166666666667 0.41015625 0.6427083333333333 0.43125 0.6427083333333333
3 0.42265625 0.5010416666666668 0.3984375000000001 0.5010416666666668 0.3984375000000001 0.5885416666666666 0.42265625 0.5885416666666666
3 0.4203125 0.4656250000000001 0.3984375 0.4656250000000001 0.39843750000000006 0.5281250000000001 0.4203125 0.5281250000000001
3 0.39296875000000003 0.4562500000000001 0.3734375 0.4562500000000001 0.37343750000000003 0.5072916666666668 0.3929687500000001 0.5072916666666668
3 0.37890625000000006 0.43750000000000006 0.36171875 0.4375 0.36171875000000003 0.5104166666666667 0.3789062500000001 0.5104166666666667
3 0.3609375 0.45625 0.33671875 0.45625 0.33671875000000007 0.5083333333333333 0.3609375000000001 0.5083333333333333
3 0.3945312500000001 0.4895833333333334 0.3703125000000001 0.4895833333333334 0.3703125000000001 0.559375 0.3945312500000001 0.559375
3 0.3937500000000001 0.5333333333333333 0.3648437500000001 0.5333333333333333 0.3648437500000001 0.6072916666666667 0.3937500000000001 0.6072916666666667
3 0.3687500000000001 0.5041666666666668 0.3437500000000001 0.5041666666666667 0.3437500000000001 0.590625 0.3687500000000001 0.590625
3 0.34843750000000007 0.48541666666666666 0.3257812500000001 0.48541666666666666 0.3257812500000001 0.5614583333333333 0.34843750000000007 0.5614583333333333
3 0.3351562500000001 0.5302083333333333 0.3140625000000001 0.5302083333333333 0.3140625000000001 0.5885416666666666 0.3351562500000001 0.5885416666666666
3 0.34453125000000007 0.5677083333333334 0.3164062500000001 0.5677083333333334 0.3164062500000001 0.653125 0.34453125000000007 0.653125
3 0.3156250000000001 0.55 0.28984375000000007 0.55 0.28984375000000007 0.665625 0.3156250000000001 0.665625
3 0.2828125000000001 0.6166666666666667 0.24765625000000008 0.6166666666666667 0.24765625000000008 0.7270833333333333 0.2828125000000001 0.7270833333333333
3 0.3023437500000001 0.6625 0.26640625000000007 0.6625 0.26640625000000007 0.7947916666666667 0.3023437500000001 0.7947916666666667
3 0.409375 0.7697916666666667 0.3617187500000001 0.7697916666666667 0.3617187500000001 0.9270833333333334 0.409375 0.9270833333333334
3 0.4195312500000001 0.8697916666666666 0.37578125000000007 0.8697916666666666 0.37578125000000007 0.9927083333333333 0.4195312500000002 0.9927083333333333
3 0.2695312500000001 0.8854166666666666 0.2179687500000001 0.8854166666666666 0.2179687500000001 1 0.2695312500000001 1
3 0.2445312500000001 0.8083333333333333 0.1984375000000001 0.8083333333333333 0.1984375000000001 0.9552083333333333 0.2445312500000001 0.9552083333333333
3 0.19609375000000007 0.721875 0.14921875000000004 0.721875 0.14921875000000007 0.8635416666666667 0.1960937500000001 0.8635416666666667
3 0.1687500000000001 0.8177083333333334 0.11875000000000009 0.8177083333333334 0.11875000000000009 0.93125 0.1687500000000001 0.93125
3 0.1703125000000001 0.8854166666666666 0.12343750000000009 0.8854166666666666 0.12343750000000009 1 0.1703125000000001 1
3 0.1867187500000001 0.9697916666666667 0.1593750000000001 0.9697916666666667 0.1593750000000001 1 0.1867187500000001 1
0 0.3929687500000001 0.5854166666666667 0.3062500000000001 0.5854166666666667 0.3062500000000001 0.7864583333333334 0.3929687500000001 0.7864583333333334
0 0.49453125 0.5614583333333333 0.40859375 0.5614583333333333 0.40859375 0.7625 0.49453125 0.7625
0 0.48984375 0.44687500000000013 0.42890625 0.44687500000000013 0.42890625 0.584375 0.48984375 0.584375
0 0.5015625 0.3750000000000001 0.459375 0.3750000000000001 0.459375 0.4843750000000001 0.5015625 0.4843750000000001
0 0.465625 0.34583333333333344 0.4171875 0.34583333333333344 0.4171875 0.42395833333333344 0.465625 0.42395833333333344
0 0.44140625 0.38645833333333346 0.396875 0.38645833333333346 0.39687500000000003 0.5010416666666668 0.44140625 0.5010416666666668
0 0.36640625000000004 0.4020833333333334 0.30546875 0.40208333333333335 0.30546875000000007 0.509375 0.3664062500000001 0.5093750000000001
0 0.5265625 0.3020833333333334 0.4734375 0.3020833333333334 0.4734375 0.38645833333333346 0.5265625 0.38645833333333346
2 0.52890625 0.23750000000000007 0.484375 0.23750000000000007 0.484375 0.32395833333333346 0.52890625 0.32395833333333346