0 0.6429687500000001 0.9197916666666667 0.5453125 0.9197916666666667 0.5453125000000001 1 0.6429687500000002 1
3 0.6890625000000001 0.875 0.64765625 0.875 0.64765625 1 0.6890625000000001 1
0 0.80234375 0.8708333333333335 0.69765625 0.8708333333333333 0.6976562500000001 1.0000000000000002 0.80234375 1.0000000000000002
0 0.9125 0.8979166666666669 0.803125 0.8979166666666669 0.803125 1.0000000000000002 0.9125 1.0000000000000002
3 0.978125 0.9218750000000002 0.9265625 0.9218750000000002 0.9265625 1.0000000000000002 0.978125 1.0000000000000002
0 0.61015625 0.6635416666666667 0.509375 0.6635416666666667 0.509375 0.9177083333333333 0.61015625 0.9177083333333333
3 0.659375 0.7635416666666667 0.61484375 0.7635416666666667 0.61484375 0.9083333333333333 0.659375 0.9083333333333333
3 0.75703125 0.8062500000000001 0.721875 0.80625 0.721875 0.8822916666666668 0.75703125 0.8822916666666669
3 0.609375 0.6104166666666667 0.57421875 0.6104166666666667 0.57421875 0.7375 0.609375 0.7375
3 0.71796875 0.7625 0.6796875 0.7625 0.6796875 0.8947916666666667 0.71796875 0.8947916666666667
3 0.7109375 0.7041666666666667 0.66640625 0.7041666666666667 0.66640625 0.8104166666666667 0.7109375 0.8104166666666667
3 0.796875 0.6989583333333336 0.7546875 0.6989583333333336 0.7546875 0.8697916666666669 0.796875 0.8697916666666669
3 0.90390625 0.8333333333333336 0.84375 0.8333333333333336 0.84375 0.9364583333333336 0.90390625 0.9364583333333336
3 0.8640625 0.7750000000000002 0.815625 0.7750000000000002 0.815625 0.8864583333333336 0.8640625 0.8864583333333336
3 0.87734375 0.7218750000000003 0.8328125 0.7218750000000003 0.8328125 0.8416666666666669 0.87734375 0.8416666666666669
3 0.7484375 0.6822916666666667 0.703125 0.6822916666666666 0.703125 0.8166666666666668 0.7484375 0.8166666666666669
3 0.81328125 0.6739583333333335 0.77890625 0.6739583333333335 0.77890625 0.7968750000000002 0.81328125 0.7968750000000002
3 0.83671875 0.6510416666666669 0.79765625 0.6510416666666669 0.79765625 0.7656250000000002 0.83671875 0.7656250000000002
3 0.7375 0.5979166666666668 0.70078125 0.5979166666666667 0.70078125 0.6906250000000002 0.7375 0.6906250000000003
3 0.77109375 0.6072916666666669 0.740625 0.6072916666666669 0.740625 0.7145833333333336 0.77109375 0.7145833333333336
3 0.7625 0.5510416666666669 0.7328125 0.5510416666666669 0.7328125 0.6333333333333335 0.7625 0.6333333333333335
3 0.72578125 0.5531250000000001 0.69765625 0.553125 0.69765625 0.6343750000000001 0.72578125 0.6343750000000002
3 0.7296875 0.5125000000000001 0.70546875 0.5125000000000001 0.70546875 0.6020833333333334 0.7296875 0.6020833333333335
3 0.6953125 0.553125 0.66640625 0.553125 0.66640625 0.65625 0.6953125 0.65625
3 0.5859375 0.5125000000000001 0.56171875 0.5125000000000001 0.56171875 0.6197916666666666 0.5859375 0.6197916666666666
3 0.5640625 0.46458333333333346 0.54140625 0.46458333333333346 0.54140625 0.546875 0.5640625 0.546875
3 0.67109375 0.5083333333333334 0.6421875 0.5083333333333334 0.6421875 0.5979166666666667 0.67109375 0.5979166666666667
3 0.69921875 0.5010416666666668 0.675 0.5010416666666668 0.675 0.584375 0.69921875 0.584375
3 0.66484375 0.46145833333333347 0.64296875 0.46145833333333347 0.64296875 0.5427083333333333 0.66484375 0.5427083333333333
3 0.6953125 0.46250000000000013 0.6703125 0.46250000000000013 0.6703125 0.5333333333333333 0.6953125 0.5333333333333333
3 0.55546875 0.40833333333333344 0.52890625 0.40833333333333344 0.52890625 0.4822916666666668 0.55546875 0.4822916666666668
3 0.68046875 0.41770833333333346 0.6578125 0.41770833333333346 0.6578125 0.49375000000000013 0.68046875 0.49375000000000013
3 0.6421875 0.4093750000000001 0.61953125 0.4093750000000001 0.61953125 0.4947916666666668 0.6421875 0.4947916666666668
3 0.65703125 0.3937500000000001 0.63671875 0.3937500000000001 0.63671875 0.46145833333333347 0.65703125 0.46145833333333347
3 0.6578125 0.37395833333333345 0.6328125 0.37395833333333345 0.6328125 0.4166666666666668 0.6578125 0.4166666666666668
3 0.634375 0.3541666666666668 0.6171875 0.3541666666666668 0.6171875 0.4197916666666668 0.634375 0.4197916666666668
3 0.55078125 0.35312500000000013 0.53046875 0.35312500000000013 0.53046875 0.41770833333333346 0.55078125 0.41770833333333346
3 0.625 0.3260416666666668 0.603125 0.3260416666666668 0.603125 0.3885416666666668 0.625 0.3885416666666668
3 0.603125 0.3072916666666668 0.58515625 0.3072916666666668 0.58515625 0.35312500000000013 0.603125 0.35312500000000013
3 0.6078125 0.29270833333333346 0.58984375 0.29270833333333346 0.58984375 0.3281250000000001 0.6078125 0.3281250000000001
3 0.58828125 0.28541666666666676 0.57265625 0.28541666666666676 0.57265625 0.3333333333333334 0.58828125 0.3333333333333334
3 0.5390625 0.3229166666666668 0.51875 0.3229166666666668 0.51875 0.3854166666666668 0.5390625 0.3854166666666668
3 0.5359375 0.30520833333333347 0.51875 0.30520833333333347 0.51875 0.3604166666666668 0.5359375 0.3604166666666668
3 0.5421875 0.29062500000000013 0.52734375 0.29062500000000013 0.52734375 0.34791666666666676 0.5421875 0.34791666666666676
3 0.534375 0.2666666666666668 0.5203125 0.2666666666666668 0.5203125 0.31145833333333345 0.534375 0.31145833333333345
3 0.55234375 0.26979166666666676 0.53671875 0.26979166666666676 0.53671875 0.32187500000000013 0.55234375 0.32187500000000013
3 0.48984375 0.2427083333333334 0.4765625 0.2427083333333334 0.4765625 0.2885416666666668 0.48984375 0.2885416666666668
3 0.49765625 0.23541666666666672 0.4828125 0.23541666666666672 0.4828125 0.2812500000000001 0.49765625 0.2812500000000001
3 0.58125 0.23958333333333345 0.565625 0.23958333333333345 0.565625 0.30104166666666676 0.58125 0.30104166666666676
3 0.56015625 0.24791666666666679 0.54921875 0.24791666666666679 0.54921875 0.2968750000000001 0.56015625 0.2968750000000001
3 0.54609375 0.2208333333333334 0.5359375 0.22083333333333338 0.5359375 0.26979166666666676 0.54609375 0.26979166666666676
3 0.5578125 0.21562500000000012 0.5484375 0.21562500000000012 0.5484375 0.25937500000000013 0.5578125 0.25937500000000013
3 0.5328125 0.2020833333333334 0.521875 0.2020833333333334 0.521875 0.24062500000000006 0.5328125 0.24062500000000006
3 0.54765625 0.19791666666666677 0.5359375 0.1979166666666667 0.5359375 0.23020833333333343 0.54765625 0.23020833333333346
3 0.5265625 0.1864583333333334 0.51640625 0.1864583333333334 0.51640625 0.22291666666666674 0.5265625 0.22291666666666674
3 0.5390625 0.17812500000000006 0.53125 0.17812500000000006 0.53125 0.21041666666666672 0.5390625 0.21041666666666672
3 0.534375 0.1822916666666667 0.528125 0.1822916666666667 0.528125 0.21666666666666673 0.534375 0.21666666666666673
3 0.528125 0.16041666666666674 0.51796875 0.16041666666666674 0.51796875 0.1927083333333334 0.528125 0.1927083333333334
3 0.48046875 0.16041666666666674 0.47109375 0.16041666666666674 0.47109375 0.1833333333333334 0.48046875 0.1833333333333334
3 0.51953125 0.1520833333333334 0.5109375 0.1520833333333334 0.5109375 0.17812500000000006 0.51953125 0.17812500000000006
3 0.50859375 0.16041666666666674 0.5015625 0.16041666666666674 0.5015625 0.18750000000000006 0.50859375 0.18750000000000006
3 0.5015625 0.1510416666666667 0.49453125 0.1510416666666667 0.49453125 0.17916666666666672 0.5015625 0.17916666666666672
3 0.4953125 0.1364583333333334 0.48984375 0.1364583333333334 0.48984375 0.1614583333333334 0.4953125 0.1614583333333334
3 0.475 0.14062500000000006 0.4671875 0.14062500000000006 0.4671875 0.16562500000000005 0.475 0.16562500000000005
3 0.5046875 0.1458333333333334 0.50078125 0.1458333333333334 0.50078125 0.16979166666666673 0.5046875 0.16979166666666673
3 0.5109375 0.14062500000000006 0.50625 0.14062500000000006 0.50625 0.16250000000000006 0.5109375 0.16250000000000006
3 0.50546875 0.12916666666666676 0.5 0.12916666666666676 0.5 0.1510416666666667 0.50546875 0.1510416666666667
3 0.50078125 0.1270833333333334 0.4953125 0.1270833333333334 0.4953125 0.1489583333333334 0.50078125 0.1489583333333334
3 0.496875 0.11458333333333343 0.49140625 0.11458333333333343 0.49140625 0.1354166666666667 0.496875 0.1354166666666667
3 0.48203125 0.12395833333333342 0.47578125 0.12395833333333342 0.47578125 0.14375000000000007 0.48203125 0.14375000000000007
3 0.475 0.12916666666666676 0.46875 0.12916666666666676 0.46875 0.15000000000000005 0.475 0.15000000000000005
3 0.471875 0.11145833333333342 0.46796875 0.11145833333333342 0.46796875 0.1312500000000001 0.471875 0.1312500000000001
3 0.47578125 0.11145833333333342 0.471875 0.11145833333333342 0.471875 0.1281250000000001 0.47578125 0.1281250000000001
3 0.5046875 0.12291666666666676 0.50078125 0.12291666666666676 0.50078125 0.1354166666666667 0.5046875 0.1354166666666667
3 0.5015625 0.1062500000000001 0.49609375 0.1062500000000001 0.49609375 0.1270833333333334 0.5015625 0.1270833333333334
3 0.50703125 0.10520833333333342 0.5015625 0.10520833333333342 0.5015625 0.1218750000000001 0.50703125 0.1218750000000001
3 0.51484375 0.09583333333333342 0.509375 0.09583333333333342 0.509375 0.11250000000000009 0.51484375 0.11250000000000009
1 0.50390625 0.08020833333333342 0.49296875 0.08020833333333342 0.49296875 0.1062500000000001 0.50390625 0.1062500000000001
0 0.49609375 0.10000000000000009 0.48359375 0.10000000000000009 0.48359375 0.12395833333333342 0.49609375 0.12395833333333342
0 0.47265625 0.11562500000000009 0.45859375 0.11562500000000009 0.45859375 0.14687500000000006 0.47265625 0.14687500000000006
0 0.49375 0.12083333333333342 0.48125 0.12083333333333342 0.48125 0.1489583333333334 0.49375 0.1489583333333334
0 0.490625 0.14479166666666674 0.4734375 0.14479166666666674 0.4734375 0.1770833333333334 0.490625 0.1770833333333334
0 0.48359375 0.17500000000000007 0.46171875 0.17500000000000007 0.46171875 0.21979166666666672 0.48359375 0.21979166666666672
0 0.51953125 0.18541666666666673 0.490625 0.18541666666666673 0.490625 0.2239583333333334 0.51953125 0.2239583333333334
0 0.5296875 0.22083333333333338 0.496875 0.22083333333333338 0.496875 0.2791666666666668 0.5296875 0.2791666666666668
0 0.5125 0.2812500000000001 0.47578125 0.2812500000000001 0.47578125 0.3468750000000001 0.5125 0.3468750000000001
0 0.52734375 0.35208333333333347 0.4828125 0.35208333333333347 0.4828125 0.4604166666666668 0.52734375 0.4604166666666668
0 0.60625 0.3156250000000001 0.55703125 0.3156250000000001 0.55703125 0.4041666666666668 0.60625 0.4041666666666668
0 0.61953125 0.4187500000000001 0.5671875 0.4187500000000001 0.5671875 0.5322916666666668 0.61953125 0.5322916666666668
0 0.56640625 0.5125000000000001 0.49921875 0.5125000000000001 0.49921875 0.678125 0.56640625 0.678125
0 0.675 0.5364583333333334 0.59375 0.5364583333333334 0.59375 0.7177083333333333 0.675 0.7177083333333333