0 0.6296875000000001 0.9458333333333333 0.540625 0.9458333333333333 0.5406250000000001 1 0.6296875000000002 1
3 0.6835937500000001 0.9 0.63515625 0.9 0.6351562500000001 1 0.6835937500000002 1
3 0.665625 0.7958333333333333 0.6140625 0.7958333333333333 0.6140625 0.9354166666666667 0.665625 0.9354166666666667
3 0.7195312500000001 0.8083333333333333 0.67734375 0.8083333333333333 0.6773437500000001 0.996875 0.7195312500000002 0.996875
3 0.76484375 0.8708333333333336 0.72734375 0.8708333333333336 0.7273437500000001 1.0000000000000002 0.7648437500000002 1.0000000000000002
3 0.80078125 0.8520833333333335 0.76796875 0.8520833333333335 0.7679687500000001 0.9989583333333336 0.80078125 0.9989583333333336
3 0.84296875 0.8041666666666669 0.79296875 0.8041666666666669 0.7929687500000001 0.9729166666666669 0.84296875 0.9729166666666669
3 0.91640625 0.8760416666666669 0.85859375 0.8760416666666669 0.85859375 1.0000000000000002 0.91640625 1.0000000000000002
3 0.89765625 0.7822916666666669 0.853125 0.7822916666666669 0.853125 0.9010416666666669 0.89765625 0.9010416666666669
3 0.94296875 0.7093750000000002 0.890625 0.7093750000000002 0.890625 0.8552083333333336 0.94296875 0.8552083333333336
3 0.65625 0.69375 0.61328125 0.69375 0.61328125 0.80625 0.65625 0.80625
3 0.7328125 0.7416666666666668 0.6953125 0.7416666666666667 0.6953125 0.8875000000000001 0.7328125 0.8875000000000003
3 0.73828125 0.6833333333333335 0.70234375 0.6833333333333333 0.70234375 0.8020833333333335 0.73828125 0.8020833333333336
3 0.77578125 0.6864583333333336 0.74140625 0.6864583333333336 0.74140625 0.8114583333333336 0.77578125 0.8114583333333336
3 0.81171875 0.6583333333333335 0.77734375 0.6583333333333335 0.77734375 0.7802083333333336 0.81171875 0.7802083333333336
3 0.825 0.6187500000000002 0.7953125 0.6187500000000002 0.7953125 0.7427083333333335 0.825 0.7427083333333335
3 0.86171875 0.6635416666666669 0.8265625 0.6635416666666669 0.8265625 0.8000000000000003 0.86171875 0.8000000000000003
3 0.73359375 0.6208333333333335 0.7109375 0.6208333333333333 0.7109375 0.7114583333333334 0.73359375 0.7114583333333335
3 0.775 0.6343750000000002 0.7390625 0.6343750000000002 0.7390625 0.7281250000000002 0.775 0.7281250000000002
3 0.775 0.5895833333333336 0.75078125 0.5895833333333336 0.75078125 0.6770833333333336 0.775 0.6770833333333336
3 0.77890625 0.5604166666666669 0.740625 0.5604166666666669 0.740625 0.6593750000000003 0.77890625 0.6593750000000003
3 0.740625 0.5781250000000001 0.7171875 0.578125 0.7171875 0.6645833333333334 0.740625 0.6645833333333335
3 0.71640625 0.571875 0.6875 0.571875 0.6875 0.6885416666666667 0.71640625 0.6885416666666667
3 0.72421875 0.540625 0.6953125 0.540625 0.6953125 0.6197916666666666 0.72421875 0.6197916666666666
3 0.609375 0.5125000000000001 0.58046875 0.5125000000000001 0.58046875 0.621875 0.609375 0.621875
3 0.584375 0.4822916666666668 0.559375 0.4822916666666668 0.559375 0.5739583333333333 0.584375 0.5739583333333333
3 0.6375 0.46145833333333347 0.60625 0.46145833333333347 0.60625 0.546875 0.6375 0.546875
3 0.64296875 0.5062500000000001 0.6203125 0.5062500000000001 0.6203125 0.5729166666666666 0.64296875 0.5729166666666666
3 0.69609375 0.540625 0.66953125 0.540625 0.66953125 0.634375 0.69609375 0.634375
3 0.6703125 0.5125000000000001 0.64765625 0.5125000000000001 0.64765625 0.59375 0.6703125 0.59375
3 0.690625 0.5062500000000001 0.6703125 0.5062500000000001 0.6703125 0.55625 0.690625 0.55625
3 0.7234375 0.5156250000000001 0.69609375 0.5156250000000001 0.69609375 0.5791666666666667 0.7234375 0.5791666666666667
3 0.71875 0.48854166666666676 0.6921875 0.48854166666666676 0.6921875 0.5479166666666667 0.71875 0.5479166666666667
3 0.64765625 0.45937500000000014 0.62890625 0.45937500000000014 0.62890625 0.5312500000000001 0.64765625 0.5312500000000001
3 0.665625 0.47812500000000013 0.6484375 0.47812500000000013 0.6484375 0.5375 0.665625 0.5375
3 0.69296875 0.4791666666666668 0.6703125 0.4791666666666668 0.6703125 0.5385416666666667 0.69296875 0.5385416666666667
3 0.69921875 0.45729166666666676 0.6796875 0.45729166666666676 0.6796875 0.5156250000000001 0.69921875 0.5156250000000001
3 0.6734375 0.4510416666666668 0.65 0.4510416666666668 0.65 0.5166666666666668 0.6734375 0.5166666666666668
3 0.6453125 0.4270833333333334 0.62109375 0.4270833333333334 0.62109375 0.47812500000000013 0.6453125 0.47812500000000013
3 0.6546875 0.4166666666666668 0.6390625 0.4166666666666668 0.6390625 0.47083333333333344 0.6546875 0.47083333333333344
3 0.68125 0.42604166666666676 0.66484375 0.42604166666666676 0.66484375 0.4916666666666668 0.68125 0.4916666666666668
3 0.62265625 0.3958333333333334 0.60234375 0.3958333333333334 0.60234375 0.4656250000000001 0.62265625 0.4656250000000001
3 0.66953125 0.3906250000000001 0.65234375 0.3906250000000001 0.65234375 0.4500000000000001 0.66953125 0.4500000000000001
3 0.6328125 0.3760416666666668 0.61875 0.3760416666666668 0.61875 0.43020833333333347 0.6328125 0.43020833333333347
3 0.61015625 0.3697916666666668 0.59140625 0.3697916666666668 0.59140625 0.41770833333333346 0.61015625 0.41770833333333346
3 0.58125 0.3718750000000001 0.565625 0.3718750000000001 0.565625 0.3979166666666668 0.58125 0.3979166666666668
3 0.59609375 0.33645833333333347 0.58359375 0.33645833333333347 0.58359375 0.3916666666666668 0.59609375 0.3916666666666668
3 0.61796875 0.33750000000000013 0.60390625 0.33750000000000013 0.60390625 0.3781250000000001 0.61796875 0.3781250000000001
3 0.628125 0.3156250000000001 0.6109375 0.3156250000000001 0.6109375 0.36354166666666676 0.628125 0.36354166666666676
3 0.58515625 0.30104166666666676 0.5703125 0.30104166666666676 0.5703125 0.33958333333333346 0.58515625 0.33958333333333346
3 0.6015625 0.3104166666666668 0.58828125 0.3104166666666668 0.58828125 0.3406250000000001 0.6015625 0.3406250000000001
3 0.61015625 0.2916666666666668 0.59609375 0.2916666666666668 0.59609375 0.3291666666666668 0.61015625 0.3291666666666668
3 0.6 0.27187500000000014 0.584375 0.27187500000000014 0.584375 0.32395833333333346 0.6 0.32395833333333346
3 0.5828125 0.27708333333333346 0.56796875 0.27708333333333346 0.56796875 0.3156250000000001 0.5828125 0.3156250000000001
3 0.5640625 0.41458333333333347 0.5453125 0.41458333333333347 0.5453125 0.46458333333333346 0.5640625 0.46458333333333346
3 0.56171875 0.3729166666666668 0.5390625 0.3729166666666668 0.5390625 0.43020833333333347 0.56171875 0.43020833333333347
3 0.54453125 0.3489583333333334 0.52890625 0.3489583333333334 0.52890625 0.39687500000000014 0.54453125 0.39687500000000014
3 0.52890625 0.32395833333333346 0.51328125 0.32395833333333346 0.51328125 0.3729166666666668 0.52890625 0.3729166666666668
3 0.51484375 0.6083333333333333 0.48671875 0.6083333333333333 0.48671875 0.728125 0.51484375 0.728125
3 0.50546875 0.5416666666666666 0.484375 0.5416666666666666 0.484375 0.621875 0.50546875 0.621875
3 0.50234375 0.5000000000000001 0.4796875 0.5000000000000001 0.4796875 0.5541666666666667 0.50234375 0.5541666666666667
3 0.496875 0.44166666666666676 0.478125 0.44166666666666676 0.478125 0.5083333333333334 0.496875 0.5083333333333334
3 0.50390625 0.42083333333333345 0.48515625 0.42083333333333345 0.48515625 0.48645833333333344 0.50390625 0.48645833333333344
3 0.49609375 0.39895833333333347 0.48125 0.39895833333333347 0.48125 0.44375000000000014 0.49609375 0.44375000000000014
3 0.496875 0.3625000000000001 0.48046875 0.3625000000000001 0.48046875 0.4135416666666668 0.496875 0.4135416666666668
3 0.48984375 0.35208333333333347 0.478125 0.35208333333333347 0.478125 0.38645833333333346 0.48984375 0.38645833333333346
3 0.478125 0.2843750000000001 0.465625 0.2843750000000001 0.465625 0.32395833333333346 0.478125 0.32395833333333346
3 0.47578125 0.27500000000000013 0.46484375 0.27500000000000013 0.46484375 0.3104166666666668 0.47578125 0.3104166666666668
3 0.48671875 0.26354166666666673 0.47578125 0.26354166666666673 0.47578125 0.3020833333333334 0.48671875 0.3020833333333334
3 0.4765625 0.2458333333333334 0.46328125 0.2458333333333334 0.46328125 0.27187500000000014 0.4765625 0.27187500000000014
3 0.46796875 0.22291666666666674 0.45703125 0.22291666666666674 0.45703125 0.26250000000000007 0.46796875 0.26250000000000007
3 0.4640625 0.19166666666666674 0.45078125 0.19166666666666674 0.45078125 0.22500000000000006 0.4640625 0.22500000000000006
3 0.4765625 0.19375000000000006 0.46484375 0.19375000000000006 0.46484375 0.2270833333333334 0.4765625 0.2270833333333334
3 0.55390625 0.2364583333333334 0.54140625 0.23645833333333338 0.54140625 0.27187500000000014 0.55390625 0.27187500000000014
3 0.56796875 0.2604166666666668 0.55703125 0.2604166666666668 0.55703125 0.30312500000000014 0.56796875 0.30312500000000014
3 0.459375 0.1510416666666667 0.44765625 0.1510416666666667 0.44765625 0.18437500000000007 0.459375 0.18437500000000007
3 0.45859375 0.13854166666666673 0.45 0.13854166666666673 0.45 0.15729166666666672 0.45859375 0.15729166666666672
3 0.46953125 0.11979166666666675 0.46171875 0.11979166666666675 0.46171875 0.1489583333333334 0.46953125 0.1489583333333334
3 0.47578125 0.13020833333333343 0.46875 0.13020833333333343 0.46875 0.15937500000000007 0.47578125 0.15937500000000007
3 0.48359375 0.12500000000000008 0.4765625 0.12500000000000008 0.4765625 0.1510416666666667 0.48359375 0.1510416666666667
3 0.51015625 0.0906250000000001 0.5046875 0.0906250000000001 0.5046875 0.10833333333333342 0.51015625 0.10833333333333342
3 0.50234375 0.08958333333333342 0.496875 0.08958333333333342 0.496875 0.10833333333333342 0.50234375 0.10833333333333342
3 0.490625 0.11979166666666675 0.48515625 0.11979166666666675 0.48515625 0.13750000000000007 0.490625 0.13750000000000007
3 0.4953125 0.11562500000000009 0.48984375 0.11562500000000009 0.48984375 0.1364583333333334 0.4953125 0.1364583333333334
3 0.50078125 0.11250000000000009 0.4953125 0.11250000000000009 0.4953125 0.1364583333333334 0.50078125 0.1364583333333334
3 0.50703125 0.11875000000000009 0.49921875 0.11875000000000009 0.49921875 0.13854166666666673 0.50703125 0.13854166666666673
3 0.4875 0.1062500000000001 0.48046875 0.1062500000000001 0.48046875 0.12604166666666675 0.4875 0.12604166666666675
3 0.49453125 0.10416666666666675 0.48984375 0.10416666666666675 0.48984375 0.1218750000000001 0.49453125 0.1218750000000001
0 0.48828125 0.08958333333333342 0.475 0.08958333333333342 0.475 0.11354166666666675 0.48828125 0.11354166666666675
0 0.5 0.08750000000000009 0.48984375 0.08750000000000009 0.48984375 0.10416666666666675 0.5 0.10416666666666675
0 0.47265625 0.14375000000000007 0.4578125 0.14375000000000007 0.4578125 0.15937500000000007 0.47265625 0.15937500000000007
0 0.478125 0.15312500000000007 0.45703125 0.15312500000000007 0.45703125 0.1989583333333334 0.478125 0.1989583333333334
3 0.496875 0.13229166666666675 0.490625 0.13229166666666675 0.490625 0.1552083333333334 0.496875 0.1552083333333334
3 0.49140625 0.12395833333333342 0.484375 0.12395833333333342 0.484375 0.1489583333333334 0.49140625 0.1489583333333334
3 0.48515625 0.1489583333333334 0.47890625 0.1489583333333334 0.47890625 0.16562500000000005 0.48515625 0.16562500000000005
3 0.48984375 0.1666666666666667 0.48046875 0.1666666666666667 0.48046875 0.1822916666666667 0.48984375 0.1822916666666667
3 0.49296875 0.17916666666666672 0.47734375 0.17916666666666672 0.47734375 0.2020833333333334 0.49296875 0.2020833333333334
3 0.50546875 0.13854166666666673 0.49921875 0.13854166666666673 0.49921875 0.15833333333333338 0.50546875 0.15833333333333338
3 0.51640625 0.1354166666666667 0.50546875 0.1354166666666667 0.50546875 0.15937500000000007 0.51640625 0.15937500000000007
3 0.52265625 0.1520833333333334 0.51328125 0.1520833333333334 0.51328125 0.1770833333333334 0.52265625 0.1770833333333334
3 0.528125 0.17395833333333338 0.51796875 0.17395833333333338 0.51796875 0.1958333333333334 0.528125 0.1958333333333334
3 0.50546875 0.19479166666666672 0.49921875 0.19479166666666672 0.49921875 0.2177083333333334 0.50546875 0.2177083333333334
3 0.51171875 0.20520833333333338 0.50390625 0.20520833333333338 0.50390625 0.2270833333333334 0.51171875 0.2270833333333334
3 0.50078125 0.20729166666666674 0.490625 0.20729166666666674 0.490625 0.23125000000000007 0.50078125 0.23125000000000007
3 0.54375 0.1927083333333334 0.53359375 0.1927083333333334 0.53359375 0.2145833333333334 0.54375 0.2145833333333334
3 0.55625 0.20520833333333346 0.54765625 0.20520833333333346 0.54765625 0.22708333333333344 0.55625 0.22708333333333344
3 0.5484375 0.21458333333333343 0.5390625 0.2145833333333334 0.5390625 0.2375000000000001 0.5484375 0.23750000000000013
3 0.55859375 0.22395833333333345 0.55 0.22395833333333345 0.55 0.24583333333333346 0.55859375 0.24583333333333346
3 0.56953125 0.23958333333333345 0.55859375 0.23958333333333345 0.55859375 0.2729166666666668 0.56953125 0.2729166666666668
3 0.58125 0.24583333333333346 0.57109375 0.24583333333333346 0.57109375 0.27395833333333347 0.58125 0.27395833333333347
3 0.58671875 0.2572916666666668 0.5734375 0.2572916666666668 0.5734375 0.28750000000000014 0.58671875 0.28750000000000014
0 0.50390625 0.16250000000000006 0.490625 0.16250000000000006 0.490625 0.18854166666666672 0.50390625 0.18854166666666672
0 0.51484375 0.1552083333333334 0.49765625 0.1552083333333334 0.49765625 0.18125000000000005 0.51484375 0.18125000000000005
0 0.51484375 0.17395833333333338 0.4953125 0.17395833333333338 0.4953125 0.20104166666666673 0.51484375 0.20104166666666673
0 0.52890625 0.18854166666666672 0.509375 0.18854166666666672 0.509375 0.20937500000000006 0.52890625 0.20937500000000006
0 0.49296875 0.18750000000000006 0.47421875 0.18750000000000006 0.47421875 0.2114583333333334 0.49296875 0.2114583333333334
0 0.49140625 0.20520833333333338 0.47265625 0.20520833333333338 0.47265625 0.23645833333333338 0.49140625 0.23645833333333338
0 0.4953125 0.22604166666666672 0.471875 0.22604166666666672 0.471875 0.26354166666666673 0.4953125 0.26354166666666673
0 0.5375 0.20416666666666672 0.51796875 0.20416666666666672 0.51796875 0.2302083333333334 0.5375 0.2302083333333334
0 0.51953125 0.23125000000000007 0.49375 0.23125000000000007 0.49375 0.2885416666666668 0.51953125 0.2885416666666668
0 0.54140625 0.2291666666666667 0.5171875 0.2291666666666667 0.5171875 0.2812500000000001 0.54140625 0.2812500000000001
0 0.51328125 0.26250000000000007 0.48671875 0.26250000000000007 0.48671875 0.3125000000000001 0.51328125 0.3125000000000001
0 0.56015625 0.26354166666666673 0.5265625 0.26354166666666673 0.5265625 0.3000000000000001 0.56015625 0.3000000000000001
0 0.56484375 0.28541666666666676 0.52890625 0.28541666666666676 0.52890625 0.3312500000000001 0.56484375 0.3312500000000001
0 0.5125 0.29895833333333344 0.478125 0.29895833333333344 0.478125 0.3625000000000001 0.5125 0.3625000000000001
0 0.578125 0.3177083333333334 0.53828125 0.3177083333333334 0.53828125 0.3781250000000001 0.578125 0.3781250000000001
0 0.53984375 0.3625000000000001 0.50078125 0.3625000000000001 0.50078125 0.44687500000000013 0.53984375 0.44687500000000013
0 0.56015625 0.41458333333333347 0.50390625 0.41458333333333347 0.50390625 0.5312500000000001 0.56015625 0.5312500000000001
0 0.61640625 0.38333333333333347 0.56015625 0.38333333333333347 0.56015625 0.49375000000000013 0.61640625 0.49375000000000013
0 0.58125 0.5260416666666667 0.5171875 0.5260416666666667 0.5171875 0.6552083333333333 0.58125 0.6552083333333333
0 0.6828125 0.5583333333333333 0.6 0.5583333333333333 0.6 0.7375 0.6828125 0.7375
0 0.60234375 0.6416666666666667 0.51640625 0.6416666666666667 0.51640625 0.8375 0.60234375 0.8375