0 0.6921875000000001 0.8416666666666667 0.5703125 0.8416666666666667 0.5703125000000001 1 0.6921875000000002 1
0 0.85546875 0.7583333333333334 0.69375 0.7583333333333333 0.6937500000000001 1.0000000000000002 0.85546875 1.0000000000000002
3 0.478125 0.21875000000000006 0.46171875 0.21875000000000006 0.46171875 0.27500000000000013 0.478125 0.27500000000000013
0 0.51328125 0.1770833333333334 0.47578125 0.1770833333333334 0.47578125 0.23645833333333338 0.51328125 0.23645833333333338
0 0.48203125 0.11354166666666675 0.459375 0.11354166666666675 0.459375 0.14375000000000007 0.48203125 0.14375000000000007
3 0.49609375 0.11875000000000009 0.48203125 0.11875000000000009 0.48203125 0.1489583333333334 0.49609375 0.1489583333333334
0 0.4921875 0.10104166666666675 0.47578125 0.10104166666666675 0.47578125 0.13229166666666675 0.4921875 0.13229166666666675
3 0.509375 0.11354166666666675 0.496875 0.11354166666666675 0.496875 0.1333333333333334 0.509375 0.1333333333333334
3 0.503125 0.08125000000000009 0.48984375 0.08125000000000009 0.48984375 0.10520833333333342 0.503125 0.10520833333333342
3 0.51171875 0.10000000000000009 0.49765625 0.10000000000000009 0.49765625 0.11666666666666675 0.51171875 0.11666666666666675
3 0.53046875 0.25729166666666675 0.50625 0.25729166666666675 0.50625 0.32187500000000013 0.53046875 0.32187500000000013
3 0.5296875 0.23437500000000006 0.50859375 0.23437500000000006 0.50859375 0.2781250000000001 0.5296875 0.2781250000000001
3 0.54609375 0.18020833333333341 0.525 0.1802083333333334 0.525 0.22916666666666677 0.54609375 0.2291666666666668
3 0.58203125 0.25208333333333344 0.5609375 0.25208333333333344 0.5609375 0.2937500000000001 0.58203125 0.2937500000000001
3 0.68828125 0.4385416666666668 0.653125 0.4385416666666668 0.653125 0.5312500000000001 0.68828125 0.5312500000000001
3 0.72734375 0.5458333333333335 0.68046875 0.5458333333333333 0.68046875 0.6562500000000001 0.72734375 0.6562500000000002
3 0.6265625 0.6333333333333333 0.5796875 0.6333333333333333 0.5796875 0.753125 0.6265625 0.753125