3 0.44609375000000007 0.8145833333333333 0.39921875000000007 0.8145833333333333 0.39921875000000007 0.9885416666666667 0.4460937500000002 0.9885416666666667
3 0.440625 0.6604166666666667 0.4140625 0.6604166666666667 0.4140625 0.78125 0.440625 0.78125
3 0.44609375 0.5510416666666667 0.41484375 0.5510416666666667 0.41484375 0.6552083333333333 0.44609375 0.6552083333333333
3 0.4875 0.5364583333333334 0.446875 0.5364583333333334 0.446875 0.675 0.4875 0.675
3 0.4375 0.4968750000000001 0.4046875 0.4968750000000001 0.4046875 0.565625 0.4375 0.565625
0 0.40234375 0.61875 0.2992187500000001 0.61875 0.2992187500000001 0.921875 0.40234375 0.921875
3 0.3695312500000001 0.584375 0.3421875000000001 0.584375 0.3421875000000001 0.634375 0.3695312500000001 0.634375
3 0.3421875000000001 0.5708333333333333 0.3203125000000001 0.5708333333333333 0.3203125000000001 0.6583333333333333 0.3421875000000001 0.6583333333333333
3 0.13281250000000008 0.89375 0.07812500000000008 0.89375 0.07812500000000008 1 0.13281250000000008 1
3 0.1859375000000001 0.8916666666666667 0.1429687500000001 0.8916666666666667 0.1429687500000001 1 0.1859375000000001 1
3 0.1804687500000001 0.7697916666666667 0.1359375000000001 0.7697916666666667 0.1359375000000001 0.9114583333333334 0.1804687500000001 0.9114583333333334
3 0.2156250000000001 0.790625 0.1710937500000001 0.790625 0.1710937500000001 0.9083333333333333 0.2156250000000001 0.9083333333333333
3 0.2593750000000001 0.68125 0.21875000000000008 0.68125 0.21875000000000008 0.8208333333333333 0.2593750000000001 0.8208333333333333
3 0.23984375000000008 0.6104166666666667 0.2101562500000001 0.6104166666666667 0.2101562500000001 0.7145833333333333 0.23984375000000008 0.7145833333333333
3 0.3085937500000001 0.6020833333333333 0.2757812500000001 0.6020833333333333 0.2757812500000001 0.7020833333333333 0.3085937500000001 0.7020833333333333
3 0.28593750000000007 0.5791666666666667 0.2570312500000001 0.5791666666666667 0.2570312500000001 0.69375 0.28593750000000007 0.69375
3 0.30937500000000007 0.4864583333333333 0.2882812500000001 0.4864583333333333 0.2882812500000001 0.5739583333333333 0.30937500000000007 0.5739583333333333
3 0.34453125000000007 0.49270833333333336 0.3148437500000001 0.49270833333333336 0.3148437500000001 0.5729166666666666 0.34453125000000007 0.5729166666666666
3 0.38515625000000003 0.45937500000000003 0.3625 0.459375 0.36250000000000004 0.5395833333333333 0.3851562500000001 0.5395833333333333
3 0.35390625 0.4083333333333333 0.3375 0.4083333333333333 0.3375 0.48125 0.35390625 0.48125
3 0.3765625 0.4229166666666667 0.359375 0.42291666666666666 0.359375 0.47187500000000004 0.3765625 0.4718750000000001
3 0.36875 0.37500000000000006 0.3546875 0.375 0.3546875 0.42187500000000006 0.36875 0.4218750000000001
3 0.38671875 0.33437500000000014 0.3734375 0.33437500000000014 0.3734375 0.38333333333333347 0.38671875 0.38333333333333347
3 0.36953125 0.35416666666666674 0.35859375 0.3541666666666667 0.35859375 0.3864583333333334 0.36953125 0.38645833333333346
3 0.39765625 0.38333333333333347 0.3828125 0.38333333333333347 0.3828125 0.4291666666666668 0.39765625 0.4291666666666668
3 0.40234375 0.36354166666666676 0.38515625 0.36354166666666676 0.38515625 0.4072916666666668 0.40234375 0.4072916666666668
3 0.46953125 0.3697916666666668 0.45234375 0.3697916666666668 0.45234375 0.4229166666666668 0.46953125 0.4229166666666668
3 0.46015625 0.3562500000000001 0.4375 0.3562500000000001 0.4375 0.4166666666666668 0.46015625 0.4166666666666668
0 0.4421875 0.3916666666666668 0.40234375 0.3916666666666668 0.40234375 0.46770833333333345 0.4421875 0.46770833333333345
3 0.41640625 0.3593750000000001 0.4078125 0.3593750000000001 0.4078125 0.4010416666666668 0.41640625 0.4010416666666668
3 0.42734375 0.3406250000000001 0.41328125 0.3406250000000001 0.41328125 0.38958333333333345 0.42734375 0.38958333333333345
3 0.40234375 0.3354166666666668 0.3921875 0.3354166666666668 0.3921875 0.36562500000000014 0.40234375 0.36562500000000014
3 0.421875 0.3093750000000001 0.4109375 0.3093750000000001 0.4109375 0.33645833333333347 0.421875 0.33645833333333347
3 0.4125 0.29270833333333346 0.40078125 0.29270833333333346 0.40078125 0.32395833333333346 0.4125 0.32395833333333346
3 0.3953125 0.29895833333333344 0.3859375 0.29895833333333344 0.3859375 0.3406250000000001 0.3953125 0.3406250000000001
0 0.46328125 0.2968750000000001 0.43203125 0.2968750000000001 0.43203125 0.3510416666666668 0.46328125 0.3510416666666668
3 0.440625 0.2937500000000001 0.42890625 0.2937500000000001 0.42890625 0.3291666666666668 0.440625 0.3291666666666668
3 0.43125 0.28750000000000014 0.41875 0.28750000000000014 0.41875 0.3229166666666668 0.43125 0.3229166666666668
3 0.4203125 0.26562500000000006 0.41015625 0.26562500000000006 0.41015625 0.2968750000000001 0.4203125 0.2968750000000001
0 0.4765625 0.25729166666666675 0.459375 0.25729166666666675 0.459375 0.30625000000000013 0.4765625 0.30625000000000013
3 0.4515625 0.27708333333333346 0.44296875 0.27708333333333346 0.44296875 0.3000000000000001 0.4515625 0.3000000000000001
3 0.44140625 0.26979166666666676 0.43046875 0.26979166666666676 0.43046875 0.2979166666666668 0.44140625 0.2979166666666668
3 0.4296875 0.2458333333333334 0.4203125 0.2458333333333334 0.4203125 0.28333333333333344 0.4296875 0.28333333333333344
3 0.45 0.23854166666666674 0.440625 0.23854166666666674 0.440625 0.2760416666666668 0.45 0.2760416666666668
3 0.52578125 0.34270833333333345 0.51328125 0.34270833333333345 0.51328125 0.38125000000000014 0.52578125 0.38125000000000014
3 0.5265625 0.3125000000000001 0.51328125 0.3125000000000001 0.51328125 0.34270833333333345 0.5265625 0.34270833333333345
3 0.51015625 0.29895833333333344 0.50078125 0.29895833333333344 0.50078125 0.33229166666666676 0.51015625 0.33229166666666676
0 0.53515625 0.25312500000000004 0.50859375 0.25312500000000004 0.50859375 0.30312500000000014 0.53515625 0.30312500000000014
3 0.5078125 0.26770833333333344 0.49765625 0.26770833333333344 0.49765625 0.30312500000000014 0.5078125 0.30312500000000014
0 0.534375 0.2177083333333334 0.5078125 0.2177083333333334 0.5078125 0.26041666666666674 0.534375 0.26041666666666674
3 0.5171875 0.2135416666666667 0.50859375 0.2135416666666667 0.50859375 0.24687500000000007 0.5171875 0.24687500000000007
3 0.5359375 0.20729166666666674 0.5296875 0.20729166666666674 0.5296875 0.2395833333333334 0.5359375 0.2395833333333334
3 0.51953125 0.1927083333333334 0.51171875 0.1927083333333334 0.51171875 0.2114583333333334 0.51953125 0.2114583333333334
3 0.52265625 0.17916666666666672 0.5171875 0.17916666666666672 0.5171875 0.19687500000000005 0.52265625 0.19687500000000005
0 0.5015625 0.22083333333333338 0.48046875 0.22083333333333338 0.48046875 0.25312500000000004 0.5015625 0.25312500000000004
3 0.48203125 0.1989583333333334 0.47421875 0.1989583333333334 0.47421875 0.21979166666666672 0.48203125 0.21979166666666672
3 0.478125 0.17916666666666672 0.46953125 0.17916666666666672 0.46953125 0.2020833333333334 0.478125 0.2020833333333334
0 0.50703125 0.1822916666666667 0.484375 0.1822916666666667 0.484375 0.22187500000000007 0.50703125 0.22187500000000007
3 0.48671875 0.1677083333333334 0.48046875 0.1677083333333334 0.48046875 0.19166666666666674 0.48671875 0.19166666666666674
1 0.55 0.16041666666666676 0.52265625 0.16041666666666674 0.52265625 0.21770833333333342 0.55 0.21770833333333345
3 0.52734375 0.15000000000000005 0.5203125 0.15000000000000005 0.5203125 0.16250000000000006 0.52734375 0.16250000000000006
3 0.52265625 0.14791666666666672 0.51640625 0.14791666666666672 0.51640625 0.16875000000000007 0.52265625 0.16875000000000007
0 0.51875 0.1552083333333334 0.4984375 0.1552083333333334 0.4984375 0.1833333333333334 0.51875 0.1833333333333334
3 0.50625 0.14687500000000006 0.50078125 0.14687500000000006 0.50078125 0.1666666666666667 0.50625 0.1666666666666667
3 0.51328125 0.14062500000000006 0.50859375 0.14062500000000006 0.50859375 0.1552083333333334 0.51328125 0.1552083333333334
3 0.50625 0.1333333333333334 0.5015625 0.1333333333333334 0.5015625 0.14479166666666674 0.50625 0.14479166666666674
0 0.5453125 0.14166666666666675 0.53046875 0.14166666666666672 0.53046875 0.15208333333333343 0.5453125 0.15208333333333346
1 0.5484375 0.11250000000000009 0.5296875 0.11250000000000009 0.5296875 0.14479166666666676 0.5484375 0.1447916666666668
3 0.53203125 0.13750000000000007 0.528125 0.13750000000000007 0.528125 0.1489583333333334 0.53203125 0.1489583333333334
3 0.53046875 0.12083333333333342 0.525 0.12083333333333342 0.525 0.14166666666666672 0.53046875 0.14166666666666672
0 0.52421875 0.12500000000000008 0.51328125 0.12500000000000008 0.51328125 0.1364583333333334 0.52421875 0.1364583333333334
3 0.50859375 0.12500000000000008 0.50546875 0.12500000000000008 0.50546875 0.13854166666666673 0.50859375 0.13854166666666673
0 0.52265625 0.11458333333333343 0.5109375 0.11458333333333343 0.5109375 0.12604166666666675 0.52265625 0.12604166666666675
3 0.51171875 0.11979166666666675 0.50859375 0.11979166666666675 0.50859375 0.12916666666666676 0.51171875 0.12916666666666676
0 0.49765625 0.13229166666666675 0.48515625 0.13229166666666675 0.48515625 0.1489583333333334 0.49765625 0.1489583333333334
3 0.5 0.13020833333333343 0.49609375 0.13020833333333343 0.49609375 0.14479166666666674 0.5 0.14479166666666674
3 0.4953125 0.26562500000000006 0.4890625 0.26562500000000006 0.4890625 0.2916666666666668 0.4953125 0.2916666666666668
3 0.49765625 0.24791666666666673 0.490625 0.24791666666666673 0.490625 0.26770833333333344 0.49765625 0.26770833333333344
0 0.465625 0.2083333333333334 0.44375 0.2083333333333334 0.44375 0.2510416666666667 0.465625 0.2510416666666667
3 0.46875 0.20416666666666672 0.4609375 0.20416666666666672 0.4609375 0.21562500000000007 0.46875 0.21562500000000007
0 0.5125 0.4447916666666668 0.44765625 0.4447916666666668 0.44765625 0.5312500000000001 0.5125 0.5312500000000001
0 0.51796875 0.36875000000000013 0.47734375 0.36875000000000013 0.47734375 0.44583333333333347 0.51796875 0.44583333333333347
0 0.503125 0.3020833333333334 0.46953125 0.3020833333333334 0.46953125 0.3645833333333334 0.503125 0.3645833333333334
0 0.4859375 0.23229166666666673 0.465625 0.23229166666666673 0.465625 0.26979166666666676 0.4859375 0.26979166666666676
0 0.49453125 0.15000000000000005 0.48046875 0.15000000000000005 0.48046875 0.17812500000000006 0.49453125 0.17812500000000006
0 0.5203125 0.10312500000000009 0.509375 0.10312500000000009 0.509375 0.11875000000000009 0.5203125 0.11875000000000009
0 0.51015625 0.09687500000000009 0.5 0.09687500000000009 0.5 0.10520833333333342 0.51015625 0.10520833333333342
0 0.50703125 0.08750000000000009 0.4984375 0.08750000000000009 0.4984375 0.09791666666666675 0.50703125 0.09791666666666675
1 0.53984375 0.10000000000000009 0.5234375 0.10000000000000009 0.5234375 0.11979166666666675 0.53984375 0.11979166666666675