3 0.82890625 0.8500000000000002 0.790625 0.8500000000000002 0.7906250000000001 0.9833333333333336 0.82890625 0.9833333333333336
3 0.82109375 0.7364583333333335 0.78828125 0.7364583333333335 0.78828125 0.8718750000000003 0.82109375 0.8718750000000003
3 0.75703125 0.6697916666666669 0.72734375 0.6697916666666669 0.72734375 0.8062500000000002 0.75703125 0.8062500000000002
3 0.775 0.6395833333333336 0.746875 0.6395833333333336 0.746875 0.7687500000000003 0.775 0.7687500000000003
3 0.721875 0.5947916666666667 0.69140625 0.5947916666666667 0.69140625 0.7197916666666667 0.721875 0.7197916666666667
3 0.7390625 0.5729166666666667 0.71171875 0.5729166666666666 0.71171875 0.6895833333333334 0.7390625 0.6895833333333335
3 0.625 0.6885416666666667 0.590625 0.6885416666666667 0.590625 0.8177083333333334 0.625 0.8177083333333334
3 0.5203125 0.6958333333333333 0.48984375 0.6958333333333333 0.48984375 0.8354166666666667 0.5203125 0.8354166666666667
3 0.6 0.5489583333333333 0.57890625 0.5489583333333333 0.57890625 0.6541666666666667 0.6 0.6541666666666667
3 0.58984375 0.4916666666666668 0.571875 0.4916666666666668 0.571875 0.5864583333333333 0.58984375 0.5864583333333333
3 0.603125 0.46770833333333345 0.58515625 0.46770833333333345 0.58515625 0.553125 0.603125 0.553125
3 0.58984375 0.43958333333333344 0.5734375 0.43958333333333344 0.5734375 0.5156250000000001 0.58984375 0.5156250000000001
3 0.63671875 0.43645833333333345 0.615625 0.43645833333333345 0.615625 0.5197916666666668 0.63671875 0.5197916666666668
3 0.70078125 0.4479166666666668 0.68203125 0.4479166666666668 0.68203125 0.5270833333333335 0.70078125 0.5270833333333335
3 0.67109375 0.43645833333333345 0.65390625 0.43645833333333345 0.65390625 0.49375000000000013 0.67109375 0.49375000000000013
3 0.640625 0.4072916666666668 0.6265625 0.4072916666666668 0.6265625 0.46770833333333345 0.640625 0.46770833333333345
3 0.653125 0.4031250000000001 0.63671875 0.4031250000000001 0.63671875 0.47500000000000014 0.653125 0.47500000000000014
3 0.66875 0.39479166666666676 0.6484375 0.39479166666666676 0.6484375 0.4604166666666668 0.66875 0.4604166666666668
3 0.63125 0.38333333333333347 0.6171875 0.38333333333333347 0.6171875 0.4406250000000001 0.63125 0.4406250000000001
3 0.6421875 0.3781250000000001 0.6265625 0.3781250000000001 0.6265625 0.4218750000000001 0.6421875 0.4218750000000001
3 0.6375 0.35000000000000014 0.625 0.35000000000000014 0.625 0.3958333333333334 0.6375 0.3958333333333334
3 0.65234375 0.3260416666666668 0.63671875 0.3260416666666668 0.63671875 0.3885416666666668 0.65234375 0.3885416666666668
3 0.60546875 0.3854166666666668 0.5890625 0.3854166666666668 0.5890625 0.4447916666666668 0.60546875 0.4447916666666668
3 0.60703125 0.36562500000000014 0.5953125 0.36562500000000014 0.5953125 0.42083333333333345 0.60703125 0.42083333333333345
3 0.615625 0.3447916666666668 0.60078125 0.3447916666666668 0.60078125 0.40520833333333345 0.615625 0.40520833333333345
3 0.59140625 0.3406250000000001 0.578125 0.3406250000000001 0.578125 0.3906250000000001 0.59140625 0.3906250000000001
3 0.57890625 0.3260416666666668 0.5640625 0.3260416666666668 0.5640625 0.37083333333333346 0.57890625 0.37083333333333346
3 0.59765625 0.3125000000000001 0.5828125 0.3125000000000001 0.5828125 0.3697916666666668 0.59765625 0.3697916666666668
3 0.615625 0.3291666666666668 0.60234375 0.3291666666666668 0.60234375 0.36875000000000013 0.615625 0.36875000000000013
3 0.61640625 0.3093750000000001 0.603125 0.3093750000000001 0.603125 0.3510416666666668 0.61640625 0.3510416666666668
3 0.60859375 0.2937500000000001 0.59921875 0.2937500000000001 0.59921875 0.3354166666666668 0.60859375 0.3354166666666668
3 0.596875 0.28958333333333347 0.5859375 0.28958333333333347 0.5859375 0.33437500000000014 0.596875 0.33437500000000014
3 0.596875 0.2781250000000001 0.58515625 0.2781250000000001 0.58515625 0.3135416666666668 0.596875 0.3135416666666668
3 0.571875 0.28333333333333344 0.55703125 0.28333333333333344 0.55703125 0.32708333333333345 0.571875 0.32708333333333345
3 0.52265625 0.31666666666666676 0.5078125 0.31666666666666676 0.5078125 0.3718750000000001 0.52265625 0.3718750000000001
3 0.515625 0.29895833333333344 0.50625 0.29895833333333344 0.50625 0.34791666666666676 0.515625 0.34791666666666676
3 0.5234375 0.28541666666666676 0.51171875 0.28541666666666676 0.51171875 0.33437500000000014 0.5234375 0.33437500000000014
3 0.53125 0.2729166666666668 0.521875 0.2729166666666668 0.521875 0.3135416666666668 0.53125 0.3135416666666668
3 0.5390625 0.29270833333333346 0.52734375 0.29270833333333346 0.52734375 0.34583333333333344 0.5390625 0.34583333333333344
3 0.55625 0.2552083333333334 0.54453125 0.2552083333333334 0.54453125 0.3072916666666668 0.55625 0.3072916666666668
3 0.56875 0.2656250000000001 0.55859375 0.2656250000000001 0.55859375 0.30312500000000014 0.56875 0.30312500000000014
3 0.5703125 0.24583333333333346 0.56015625 0.24583333333333346 0.56015625 0.2864583333333334 0.5703125 0.2864583333333334
0 0.56328125 0.5645833333333333 0.50703125 0.5645833333333333 0.50703125 0.7239583333333334 0.56328125 0.7239583333333334
0 0.67421875 0.5666666666666667 0.61640625 0.5666666666666667 0.61640625 0.7052083333333333 0.67421875 0.7052083333333333
2 0.6921875000000001 0.8291666666666667 0.57265625 0.8291666666666667 0.5726562500000001 1 0.6921875000000002 1
0 0.58671875 0.7302083333333333 0.52890625 0.7302083333333333 0.52890625 0.9635416666666666 0.58671875 0.9635416666666666
0 0.7234375 0.709375 0.64765625 0.709375 0.64765625 0.89375 0.7234375 0.89375
0 0.69453125 0.47708333333333347 0.65234375 0.47708333333333347 0.65234375 0.575 0.69453125 0.575
0 0.55078125 0.48333333333333345 0.5125 0.48333333333333345 0.5125 0.5760416666666667 0.55078125 0.5760416666666667
0 0.5265625 0.40000000000000013 0.48984375 0.40000000000000013 0.48984375 0.49583333333333346 0.5265625 0.49583333333333346
0 0.5796875 0.3697916666666668 0.54765625 0.3697916666666668 0.54765625 0.4510416666666668 0.5796875 0.4510416666666668
0 0.51484375 0.3437500000000001 0.4828125 0.3437500000000001 0.4828125 0.4093750000000001 0.51484375 0.4093750000000001
0 0.56171875 0.3229166666666668 0.5375 0.3229166666666668 0.5375 0.38333333333333347 0.56171875 0.38333333333333347
0 0.5046875 0.26562500000000006 0.47890625 0.26562500000000006 0.47890625 0.31875000000000014 0.5046875 0.31875000000000014
3 0.49765625 0.3093750000000001 0.47890625 0.3093750000000001 0.47890625 0.3645833333333334 0.49765625 0.3645833333333334
0 0.53359375 0.23750000000000007 0.51328125 0.23750000000000007 0.51328125 0.2812500000000001 0.53359375 0.2812500000000001
0 0.48828125 0.23541666666666672 0.46953125 0.23541666666666672 0.46953125 0.28020833333333345 0.48828125 0.28020833333333345
3 0.50859375 0.23541666666666672 0.4953125 0.23541666666666672 0.4953125 0.2760416666666668 0.50859375 0.2760416666666668
0 0.51953125 0.2114583333333334 0.503125 0.2114583333333334 0.503125 0.24166666666666672 0.51953125 0.24166666666666672
0 0.4859375 0.2114583333333334 0.46953125 0.2114583333333334 0.46953125 0.2427083333333334 0.4859375 0.2427083333333334
0 0.5421875 0.1958333333333334 0.5265625 0.1958333333333334 0.5265625 0.2333333333333334 0.5421875 0.2333333333333334
0 0.48046875 0.17916666666666672 0.4671875 0.17916666666666672 0.4671875 0.2114583333333334 0.48046875 0.2114583333333334
0 0.50546875 0.1770833333333334 0.4953125 0.1770833333333334 0.4953125 0.20312500000000006 0.50546875 0.20312500000000006
0 0.46796875 0.1708333333333334 0.45859375 0.1708333333333334 0.45859375 0.19375000000000006 0.46796875 0.19375000000000006
0 0.4890625 0.16041666666666674 0.4796875 0.16041666666666674 0.4796875 0.18125000000000005 0.4890625 0.18125000000000005
0 0.51796875 0.16979166666666673 0.5078125 0.16979166666666673 0.5078125 0.1927083333333334 0.51796875 0.1927083333333334
0 0.46796875 0.15312500000000007 0.45546875 0.15312500000000007 0.45546875 0.17187500000000006 0.46796875 0.17187500000000006
0 0.46875 0.1354166666666667 0.45859375 0.1354166666666667 0.45859375 0.15833333333333338 0.46875 0.15833333333333338
0 0.471875 0.11250000000000009 0.4609375 0.11250000000000009 0.4609375 0.13437500000000005 0.471875 0.13437500000000005
0 0.48125 0.10520833333333342 0.471875 0.10520833333333342 0.471875 0.12604166666666675 0.48125 0.12604166666666675
0 0.490625 0.13229166666666675 0.4796875 0.13229166666666675 0.4796875 0.15312500000000007 0.490625 0.15312500000000007
0 0.509375 0.14062500000000006 0.49453125 0.14062500000000006 0.49453125 0.16354166666666672 0.509375 0.16354166666666672
3 0.4984375 0.20520833333333338 0.4890625 0.20520833333333338 0.4890625 0.24166666666666672 0.4984375 0.24166666666666672
3 0.5796875 0.22083333333333346 0.56875 0.22083333333333346 0.56875 0.25833333333333347 0.5796875 0.25833333333333347
3 0.56171875 0.21770833333333345 0.5515625 0.21770833333333345 0.5515625 0.2447916666666668 0.56171875 0.2447916666666668
3 0.559375 0.24062500000000012 0.5484375 0.24062500000000012 0.5484375 0.2656250000000001 0.559375 0.2656250000000001
3 0.52734375 0.1864583333333334 0.51875 0.1864583333333334 0.51875 0.21875000000000006 0.52734375 0.21875000000000006
3 0.49453125 0.1666666666666667 0.48515625 0.1666666666666667 0.48515625 0.19687500000000005 0.49453125 0.19687500000000005
3 0.503125 0.15729166666666672 0.49453125 0.15729166666666672 0.49453125 0.1802083333333334 0.503125 0.1802083333333334
3 0.525 0.1708333333333334 0.51953125 0.1708333333333334 0.51953125 0.19062500000000007 0.525 0.19062500000000007
3 0.5359375 0.17916666666666672 0.52578125 0.17916666666666672 0.52578125 0.2020833333333334 0.5359375 0.2020833333333334
3 0.48828125 0.13854166666666673 0.48203125 0.13854166666666673 0.48203125 0.1614583333333334 0.48828125 0.1614583333333334
2 0.49609375 0.11875000000000009 0.48671875 0.11875000000000009 0.48671875 0.1395833333333334 0.49609375 0.1395833333333334
3 0.5203125 0.15312500000000007 0.5140625 0.15312500000000007 0.5140625 0.17604166666666674 0.5203125 0.17604166666666674
3 0.51484375 0.13854166666666673 0.50859375 0.13854166666666673 0.50859375 0.1645833333333334 0.51484375 0.1645833333333334
3 0.50546875 0.11979166666666675 0.5 0.11979166666666675 0.5 0.13750000000000007 0.50546875 0.13750000000000007
0 0.50625 0.19479166666666672 0.49375 0.19479166666666672 0.49375 0.21875000000000006 0.50625 0.21875000000000006
3 0.48671875 0.09583333333333342 0.47890625 0.09583333333333342 0.47890625 0.11770833333333343 0.48671875 0.11770833333333343
3 0.4890625 0.0906250000000001 0.4859375 0.0906250000000001 0.4859375 0.11458333333333343 0.4890625 0.11458333333333343
3 0.50234375 0.10729166666666676 0.49765625 0.10729166666666676 0.49765625 0.1270833333333334 0.50234375 0.1270833333333334
3 0.5078125 0.10520833333333342 0.50390625 0.10520833333333342 0.50390625 0.12291666666666676 0.5078125 0.12291666666666676
3 0.95390625 0.9552083333333335 0.90390625 0.9552083333333335 0.90390625 1.0000000000000002 0.95390625 1.0000000000000002