0 0.41171875 0.6729166666666667 0.28203125000000007 0.6729166666666667 0.28203125000000007 0.9625 0.41171875 0.9625
0 0.525 0.4479166666666668 0.4515625 0.4479166666666668 0.4515625 0.61875 0.525 0.61875
0 0.40703125 0.4781250000000001 0.3140625 0.478125 0.3140625 0.6125 0.40703125 0.6125
0 0.51875 0.18541666666666673 0.48828125 0.18541666666666673 0.48828125 0.23541666666666672 0.51875 0.23541666666666672
0 0.54296875 0.13750000000000007 0.5234375 0.13750000000000007 0.5234375 0.17187500000000006 0.54296875 0.17187500000000006
0 0.5765625 0.11354166666666675 0.5625 0.11354166666666675 0.5625 0.13958333333333345 0.5765625 0.13958333333333345
0 0.56953125 0.09791666666666675 0.55625 0.09791666666666675 0.55625 0.11666666666666675 0.56953125 0.11666666666666675
0 0.54375 0.08645833333333343 0.5328125 0.08645833333333343 0.5328125 0.10520833333333342 0.54375 0.10520833333333342
2 0.55078125 0.07395833333333342 0.540625 0.07395833333333342 0.540625 0.09895833333333343 0.55078125 0.09895833333333343
3 0.5359375 0.08229166666666675 0.52890625 0.08229166666666675 0.52890625 0.09270833333333342 0.5359375 0.09270833333333342
3 0.53359375 0.07395833333333342 0.525 0.07395833333333342 0.525 0.08750000000000009 0.53359375 0.08750000000000009
3 0.54765625 0.09791666666666675 0.540625 0.09791666666666675 0.540625 0.11666666666666675 0.54765625 0.11666666666666675
3 0.54375 0.11666666666666675 0.53828125 0.11666666666666675 0.53828125 0.13229166666666675 0.54375 0.13229166666666675
3 0.5546875 0.11770833333333343 0.54765625 0.11770833333333343 0.54765625 0.14270833333333346 0.5546875 0.14270833333333346
3 0.52734375 0.11145833333333342 0.5234375 0.11145833333333342 0.5234375 0.1333333333333334 0.52734375 0.1333333333333334
3 0.53203125 0.1333333333333334 0.5265625 0.1333333333333334 0.5265625 0.1458333333333334 0.53203125 0.1458333333333334
3 0.52265625 0.12395833333333342 0.51796875 0.12395833333333342 0.51796875 0.14791666666666672 0.52265625 0.14791666666666672
3 0.51953125 0.13229166666666675 0.51171875 0.13229166666666675 0.51171875 0.1552083333333334 0.51953125 0.1552083333333334
3 0.5484375 0.13437500000000008 0.5421875 0.13437500000000005 0.5421875 0.1625000000000001 0.5484375 0.16250000000000012
3 0.56171875 0.13750000000000012 0.55078125 0.13750000000000012 0.55078125 0.15729166666666677 0.56171875 0.15729166666666677
3 0.56875 0.14895833333333344 0.55625 0.14895833333333344 0.55625 0.17395833333333346 0.56875 0.17395833333333346
3 0.56015625 0.1604166666666668 0.546875 0.1604166666666668 0.546875 0.19062500000000013 0.56015625 0.19062500000000013
3 0.56484375 0.1812500000000001 0.55234375 0.1812500000000001 0.55234375 0.21979166666666677 0.56484375 0.21979166666666677
3 0.52265625 0.17291666666666672 0.50703125 0.17291666666666672 0.50703125 0.20000000000000007 0.52265625 0.20000000000000007
3 0.50390625 0.1552083333333334 0.4953125 0.1552083333333334 0.4953125 0.1864583333333334 0.50390625 0.1864583333333334
3 0.4640625 0.2302083333333334 0.4484375 0.2302083333333334 0.4484375 0.2812500000000001 0.4640625 0.2812500000000001
3 0.46796875 0.35520833333333346 0.4359375 0.35520833333333346 0.4359375 0.4218750000000001 0.46796875 0.4218750000000001
3 0.46484375 0.32187500000000013 0.43046875 0.32187500000000013 0.43046875 0.37083333333333346 0.46484375 0.37083333333333346
3 0.4125 0.33437500000000014 0.390625 0.33437500000000014 0.390625 0.41041666666666676 0.4125 0.41041666666666676
3 0.3046875000000001 0.5604166666666667 0.27031250000000007 0.5604166666666667 0.27031250000000007 0.6604166666666667 0.3046875000000001 0.6604166666666667
3 0.3218750000000001 0.671875 0.26640625000000007 0.671875 0.26640625000000007 0.8260416666666667 0.3218750000000001 0.8260416666666667
3 0.2062500000000001 0.8729166666666667 0.12031250000000009 0.8729166666666667 0.12031250000000009 1 0.2062500000000001 1