3 0.9125 0.8895833333333336 0.86875 0.8895833333333336 0.86875 1.0000000000000002 0.9125 1.0000000000000002
3 0.83515625 0.7781250000000003 0.79765625 0.7781250000000003 0.79765625 0.8625000000000003 0.83515625 0.8625000000000003
3 0.83359375 0.7333333333333336 0.79140625 0.7333333333333336 0.79140625 0.8239583333333336 0.83359375 0.8239583333333336
3 0.76796875 0.7677083333333335 0.72890625 0.7677083333333335 0.72890625 0.8812500000000002 0.76796875 0.8812500000000002
3 0.79375 0.7010416666666669 0.75625 0.7010416666666669 0.75625 0.8458333333333335 0.79375 0.8458333333333335
3 0.74453125 0.6968750000000001 0.71015625 0.696875 0.71015625 0.8166666666666668 0.74453125 0.8166666666666669
3 0.75625 0.6635416666666669 0.73203125 0.6635416666666669 0.73203125 0.7791666666666669 0.75625 0.7791666666666669
3 0.7265625 0.6322916666666668 0.69453125 0.6322916666666667 0.69453125 0.7614583333333335 0.7265625 0.7614583333333336
3 0.6445312500000001 0.9635416666666666 0.6125 0.9635416666666666 0.6125 1 0.6445312500000002 1
3 0.5906250000000001 0.921875 0.5515625 0.921875 0.5515625000000001 1 0.5906250000000002 1
3 0.6234375000000001 0.8729166666666667 0.5890625 0.8729166666666667 0.5890625 1 0.6234375000000002 1
3 0.60859375 0.775 0.5703125 0.775 0.5703125 0.93125 0.60859375 0.93125
3 0.5445312500000001 0.9614583333333333 0.50234375 0.9614583333333333 0.5023437500000001 1 0.5445312500000001 1
3 0.5179687500000001 0.8604166666666667 0.4890625 0.8604166666666667 0.48906250000000007 1 0.5179687500000002 1
3 0.50703125 0.8322916666666667 0.49296875 0.8322916666666667 0.49296875 0.878125 0.50703125 0.878125
3 0.490625 0.7802083333333333 0.4640625 0.7802083333333333 0.4640625 0.946875 0.490625 0.946875
3 0.46171875 0.4427083333333334 0.44921875 0.4427083333333334 0.44921875 0.5312500000000001 0.46171875 0.5312500000000001
3 0.46484375 0.40208333333333346 0.44609375 0.40208333333333346 0.44609375 0.47812500000000013 0.46484375 0.47812500000000013
3 0.55546875 0.28333333333333344 0.54609375 0.28333333333333344 0.54609375 0.30625000000000013 0.55546875 0.30625000000000013
3 0.565625 0.25937500000000013 0.55078125 0.25937500000000013 0.55078125 0.29583333333333345 0.565625 0.29583333333333345
3 0.55625 0.24166666666666675 0.540625 0.24166666666666672 0.540625 0.28020833333333345 0.55625 0.28020833333333345
3 0.56015625 0.22708333333333341 0.54296875 0.2270833333333334 0.54296875 0.27500000000000013 0.56015625 0.27500000000000013
3 0.5421875 0.2708333333333334 0.528125 0.2708333333333334 0.528125 0.3125000000000001 0.5421875 0.3125000000000001
3 0.5359375 0.25625000000000003 0.5203125 0.25625000000000003 0.5203125 0.3020833333333334 0.5359375 0.3020833333333334
3 0.51484375 0.24375000000000005 0.4984375 0.24375000000000005 0.4984375 0.28750000000000014 0.51484375 0.28750000000000014
3 0.49140625 0.27395833333333347 0.4796875 0.27395833333333347 0.4796875 0.3125000000000001 0.49140625 0.3125000000000001
3 0.4953125 0.2447916666666667 0.48125 0.2447916666666667 0.48125 0.27708333333333346 0.4953125 0.27708333333333346
3 0.48828125 0.22291666666666674 0.475 0.22291666666666674 0.475 0.2510416666666667 0.48828125 0.2510416666666667
3 0.53984375 0.2114583333333334 0.5234375 0.2114583333333334 0.5234375 0.25625000000000003 0.53984375 0.25625000000000003
3 0.5125 0.1979166666666667 0.5 0.1979166666666667 0.5 0.23750000000000007 0.5125 0.23750000000000007
3 0.515625 0.17812500000000006 0.50703125 0.17812500000000006 0.50703125 0.21250000000000005 0.515625 0.21250000000000005
3 0.50625 0.18958333333333338 0.49375 0.18958333333333338 0.49375 0.2135416666666667 0.50625 0.2135416666666667
3 0.50546875 0.1708333333333334 0.49296875 0.1708333333333334 0.49296875 0.18750000000000006 0.50546875 0.18750000000000006
3 0.49921875 0.15729166666666672 0.4890625 0.15729166666666672 0.4890625 0.17812500000000006 0.49921875 0.17812500000000006
3 0.49609375 0.14479166666666674 0.48125 0.14479166666666674 0.48125 0.17291666666666672 0.49609375 0.17291666666666672
3 0.48515625 0.13437500000000005 0.4734375 0.13437500000000005 0.4734375 0.16562500000000005 0.48515625 0.16562500000000005
3 0.48359375 0.12604166666666675 0.47265625 0.12604166666666675 0.47265625 0.1364583333333334 0.48359375 0.1364583333333334
3 0.47890625 0.11250000000000009 0.46875 0.11250000000000009 0.46875 0.13437500000000005 0.47890625 0.13437500000000005
3 0.4765625 0.10000000000000009 0.46796875 0.10000000000000009 0.46796875 0.11354166666666675 0.4765625 0.11354166666666675
3 0.46796875 0.09687500000000009 0.4625 0.09687500000000009 0.4625 0.1218750000000001 0.46796875 0.1218750000000001
3 0.46171875 0.09479166666666675 0.45234375 0.09479166666666673 0.45234375 0.11354166666666674 0.46171875 0.11354166666666675
3 0.45390625 0.0927083333333334 0.44609375 0.09270833333333339 0.44609375 0.11354166666666674 0.45390625 0.11354166666666675
3 0.4734375 0.08229166666666675 0.46484375 0.08229166666666675 0.46484375 0.10000000000000009 0.4734375 0.10000000000000009
3 0.4640625 0.07604166666666676 0.459375 0.07604166666666676 0.459375 0.09375000000000008 0.4640625 0.09375000000000008
3 0.44609375 0.08437500000000006 0.43671875 0.08437500000000006 0.43671875 0.10520833333333339 0.44609375 0.10520833333333339
0 0.7789062500000001 0.9177083333333335 0.6671875 0.9177083333333333 0.6671875 1.0000000000000002 0.7789062500000001 1.0000000000000002
0 0.8828125 0.8281250000000002 0.753125 0.8281250000000002 0.753125 1.0000000000000002 0.8828125 1.0000000000000002
0 0.73515625 0.6885416666666668 0.61015625 0.6885416666666667 0.61015625 0.9552083333333334 0.73515625 0.9552083333333335
0 0.46953125 0.2822916666666668 0.4421875 0.2822916666666668 0.4421875 0.35312500000000013 0.46953125 0.35312500000000013
0 0.52578125 0.28020833333333345 0.4984375 0.28020833333333345 0.4984375 0.3260416666666668 0.52578125 0.3260416666666668
0 0.528125 0.31145833333333345 0.503125 0.31145833333333345 0.503125 0.38645833333333346 0.528125 0.38645833333333346
0 0.49375 0.19375000000000006 0.4703125 0.19375000000000006 0.4703125 0.2427083333333334 0.49375 0.2427083333333334
0 0.45 0.19375000000000006 0.43046875 0.19375000000000006 0.43046875 0.2458333333333334 0.45 0.2458333333333334
0 0.49296875 0.16041666666666674 0.46796875 0.16041666666666674 0.46796875 0.20104166666666673 0.49296875 0.20104166666666673
0 0.4734375 0.14062500000000006 0.45546875 0.14062500000000006 0.45546875 0.1864583333333334 0.4734375 0.1864583333333334
0 0.459375 0.11041666666666675 0.44609375 0.11041666666666673 0.44609375 0.14479166666666674 0.459375 0.14479166666666674
0 0.459375 0.0739583333333334 0.4484375 0.07395833333333339 0.4484375 0.09583333333333341 0.459375 0.09583333333333342
2 0.4703125 0.05416666666666674 0.45703125 0.05416666666666674 0.45703125 0.08958333333333342 0.4703125 0.08958333333333342
2 0.4453125 0.09479166666666673 0.41875 0.09479166666666673 0.41875 0.16979166666666673 0.4453125 0.16979166666666673
2 0.47421875 0.20000000000000007 0.43828125 0.20000000000000007 0.43828125 0.30104166666666676 0.47421875 0.30104166666666676
2 0.5078125 0.29270833333333346 0.44609375 0.29270833333333346 0.44609375 0.4291666666666668 0.5078125 0.4291666666666668
2 0.58125 0.36354166666666676 0.45703125 0.36354166666666676 0.45703125 0.8052083333333333 0.58125 0.8052083333333333
2 0.696875 0.3510416666666668 0.53671875 0.3510416666666668 0.53671875 0.7020833333333333 0.696875 0.7020833333333333
2 0.57890625 0.30104166666666676 0.515625 0.30104166666666676 0.515625 0.4041666666666668 0.57890625 0.4041666666666668
1 0.665625 0.26145833333333346 0.5625 0.26145833333333346 0.5625 0.43020833333333347 0.665625 0.43020833333333347
3 0.4265625 0.1510416666666667 0.415625 0.1510416666666667 0.415625 0.1864583333333334 0.4265625 0.1864583333333334