3 0.9171875 0.8604166666666669 0.81484375 0.8604166666666669 0.81484375 1.0000000000000002 0.9171875 1.0000000000000002
3 0.72578125 0.5437500000000001 0.63203125 0.54375 0.63203125 0.6531250000000001 0.72578125 0.6531250000000003
3 0.7046875 0.4270833333333334 0.6328125 0.4270833333333334 0.6328125 0.5854166666666667 0.7046875 0.5854166666666667
3 0.5796875 0.3281250000000001 0.53828125 0.3281250000000001 0.53828125 0.4093750000000001 0.5796875 0.4093750000000001
3 0.6234375 0.29062500000000013 0.56796875 0.29062500000000013 0.56796875 0.39270833333333344 0.6234375 0.39270833333333344
3 0.55625 0.21770833333333342 0.51328125 0.2177083333333334 0.51328125 0.29062500000000013 0.55625 0.29062500000000013
3 0.57734375 0.23958333333333345 0.55390625 0.23958333333333345 0.55390625 0.28020833333333345 0.57734375 0.28020833333333345
0 0.490625 0.10416666666666675 0.4703125 0.10416666666666675 0.4703125 0.1552083333333334 0.490625 0.1552083333333334
3 0.50703125 0.12916666666666676 0.49609375 0.12916666666666676 0.49609375 0.1552083333333334 0.50703125 0.1552083333333334
0 0.48515625 0.0906250000000001 0.45703125 0.0906250000000001 0.45703125 0.12604166666666675 0.48515625 0.12604166666666675
3 0.50234375 0.10104166666666675 0.4875 0.10104166666666675 0.4875 0.13229166666666675 0.50234375 0.13229166666666675
0 0.52734375 0.07708333333333342 0.4953125 0.07708333333333342 0.4953125 0.10937500000000008 0.52734375 0.10937500000000008