0 0.2562500000000001 0.8416666666666667 0.1351562500000001 0.8416666666666667 0.1351562500000001 1 0.2562500000000001 1
0 0.3867187500000001 0.5156250000000001 0.2914062500000001 0.515625 0.2914062500000001 0.6520833333333333 0.3867187500000001 0.6520833333333333
0 0.39375000000000004 0.40416666666666673 0.3234375 0.4041666666666667 0.32343750000000004 0.5052083333333334 0.3937500000000001 0.5052083333333335
0 0.4546875 0.3625000000000001 0.403125 0.3625000000000001 0.403125 0.4427083333333334 0.4546875 0.4427083333333334
0 0.46328125 0.31666666666666676 0.43046875 0.31666666666666676 0.43046875 0.3729166666666668 0.46328125 0.3729166666666668
0 0.43125 0.27395833333333347 0.39765625 0.27395833333333347 0.39765625 0.3447916666666668 0.43125 0.3447916666666668
0 0.46953125 0.2885416666666668 0.4390625 0.2885416666666668 0.4390625 0.3354166666666668 0.46953125 0.3354166666666668
0 0.475 0.26250000000000007 0.44453125 0.26250000000000007 0.44453125 0.3000000000000001 0.475 0.3000000000000001
0 0.4828125 0.23541666666666672 0.4578125 0.23541666666666672 0.4578125 0.28020833333333345 0.4828125 0.28020833333333345
3 0.45234375 0.2520833333333334 0.4375 0.2520833333333334 0.4375 0.28958333333333347 0.45234375 0.28958333333333347
0 0.45625 0.23854166666666674 0.4296875 0.23854166666666674 0.4296875 0.27500000000000013 0.45625 0.27500000000000013
0 0.4640625 0.20729166666666674 0.43984375 0.20729166666666674 0.43984375 0.2489583333333334 0.4640625 0.2489583333333334
0 0.51171875 0.15625000000000006 0.4953125 0.15625000000000006 0.4953125 0.19062500000000007 0.51171875 0.19062500000000007
0 0.51171875 0.1552083333333334 0.49609375 0.1552083333333334 0.49609375 0.17604166666666674 0.51171875 0.17604166666666674
0 0.49921875 0.13854166666666673 0.48359375 0.13854166666666673 0.48359375 0.16250000000000006 0.49921875 0.16250000000000006
0 0.515625 0.14062500000000006 0.50703125 0.14062500000000006 0.50703125 0.17187500000000006 0.515625 0.17187500000000006
0 0.51875 0.13229166666666675 0.50625 0.13229166666666675 0.50625 0.1552083333333334 0.51875 0.1552083333333334
0 0.52265625 0.12916666666666676 0.5046875 0.12916666666666676 0.5046875 0.14062500000000006 0.52265625 0.14062500000000006
0 0.51953125 0.11562500000000009 0.50546875 0.11562500000000009 0.50546875 0.1364583333333334 0.51953125 0.1364583333333334
0 0.509375 0.17187500000000006 0.4890625 0.17187500000000006 0.4890625 0.20520833333333338 0.509375 0.20520833333333338
2 0.54921875 0.17291666666666675 0.51484375 0.17291666666666672 0.51484375 0.24479166666666677 0.54921875 0.2447916666666668
0 0.5484375 0.17291666666666675 0.52265625 0.17291666666666672 0.52265625 0.20729166666666676 0.5484375 0.2072916666666668
2 0.546875 0.11770833333333343 0.51796875 0.11770833333333343 0.51796875 0.16979166666666676 0.546875 0.16979166666666679
2 0.52421875 0.21041666666666672 0.4890625 0.21041666666666672 0.4890625 0.3041666666666668 0.52421875 0.3041666666666668
2 0.5125 0.29895833333333344 0.46953125 0.29895833333333344 0.46953125 0.4354166666666668 0.5125 0.4354166666666668
0 0.48984375 0.21875000000000006 0.47265625 0.21875000000000006 0.47265625 0.2510416666666667 0.48984375 0.2510416666666667
3 0.51640625 0.11145833333333342 0.509375 0.11145833333333342 0.509375 0.1218750000000001 0.51640625 0.1218750000000001
3 0.51171875 0.11145833333333342 0.503125 0.11145833333333342 0.503125 0.12083333333333342 0.51171875 0.12083333333333342
3 0.5015625 0.13229166666666675 0.49609375 0.13229166666666675 0.49609375 0.14166666666666672 0.5015625 0.14166666666666672
3 0.5015625 0.12500000000000008 0.49609375 0.12500000000000008 0.49609375 0.1354166666666667 0.5015625 0.1354166666666667
3 0.503125 0.11666666666666675 0.4984375 0.11666666666666675 0.4984375 0.12500000000000008 0.503125 0.12500000000000008
3 0.5046875 0.09791666666666675 0.496875 0.09791666666666675 0.496875 0.11041666666666676 0.5046875 0.11041666666666676
3 0.49765625 0.12395833333333342 0.49296875 0.12395833333333342 0.49296875 0.13229166666666675 0.49765625 0.13229166666666675
3 0.49921875 0.11666666666666675 0.49609375 0.11666666666666675 0.49609375 0.12604166666666675 0.49921875 0.12604166666666675
3 0.49375 0.13229166666666675 0.4890625 0.13229166666666675 0.4890625 0.14062500000000006 0.49375 0.14062500000000006
3 0.49609375 0.11875000000000009 0.49140625 0.11875000000000009 0.49140625 0.12604166666666675 0.49609375 0.12604166666666675
3 0.4953125 0.09791666666666675 0.4875 0.09791666666666675 0.4875 0.11354166666666675 0.4953125 0.11354166666666675
0 0.5 0.07916666666666676 0.4828125 0.07916666666666676 0.4828125 0.11041666666666676 0.5 0.11041666666666676
2 0.496875 0.4916666666666668 0.3890625000000001 0.4916666666666668 0.3890625000000001 0.8927083333333333 0.496875 0.8927083333333333
3 0.07968750000000009 0.9270833333333334 0.028125000000000087 0.9270833333333334 0.028125000000000087 1 0.07968750000000009 1
3 0.1312500000000001 0.925 0.07343750000000009 0.925 0.07343750000000009 1 0.1312500000000001 1
3 0.3031250000000001 0.91875 0.2648437500000001 0.91875 0.2648437500000001 0.9927083333333333 0.3031250000000001 0.9927083333333333
3 0.35234375000000007 0.8020833333333334 0.3078125000000001 0.8020833333333334 0.3078125000000001 0.9479166666666666 0.35234375000000007 0.9479166666666666
3 0.29765625000000007 0.7625 0.2671875000000001 0.7625 0.2671875000000001 0.90625 0.29765625000000007 0.90625
3 0.14843750000000008 0.8083333333333333 0.10781250000000009 0.8083333333333333 0.10781250000000009 0.921875 0.14843750000000008 0.921875
3 0.1585937500000001 0.7510416666666667 0.10078125000000009 0.7510416666666667 0.10078125000000009 0.8666666666666667 0.1585937500000001 0.8666666666666667
3 0.2195312500000001 0.746875 0.1750000000000001 0.746875 0.1750000000000001 0.8354166666666667 0.2195312500000001 0.8354166666666667
3 0.2500000000000001 0.7645833333333333 0.1960937500000001 0.7645833333333333 0.1960937500000001 0.8552083333333333 0.2500000000000001 0.8552083333333333
3 0.33281250000000007 0.7145833333333333 0.2968750000000001 0.7145833333333333 0.2968750000000001 0.8125 0.33281250000000007 0.8125
3 0.3109375000000001 0.6666666666666666 0.2812500000000001 0.6666666666666666 0.2812500000000001 0.7958333333333333 0.3109375000000001 0.7958333333333333
3 0.3820312500000001 0.6854166666666667 0.3468750000000001 0.6854166666666667 0.3468750000000001 0.81875 0.3820312500000001 0.81875
3 0.2687500000000001 0.675 0.2312500000000001 0.675 0.2312500000000001 0.775 0.2687500000000001 0.775
3 0.2234375000000001 0.6739583333333333 0.18750000000000006 0.6739583333333333 0.18750000000000006 0.7854166666666667 0.2234375000000001 0.7854166666666667
3 0.2867187500000001 0.6041666666666666 0.24765625000000008 0.6041666666666666 0.24765625000000008 0.7 0.2867187500000001 0.7
3 0.2257812500000001 0.6260416666666667 0.19062500000000004 0.6260416666666667 0.19062500000000004 0.7104166666666667 0.2257812500000001 0.7104166666666667
3 0.2695312500000001 0.5604166666666667 0.23203125000000008 0.5604166666666667 0.23203125000000008 0.6677083333333333 0.2695312500000001 0.6677083333333333
3 0.403125 0.5677083333333334 0.36796875000000007 0.5677083333333334 0.36796875000000007 0.65625 0.403125 0.65625
3 0.3226562500000001 0.5041666666666667 0.2914062500000001 0.5041666666666667 0.2914062500000001 0.5989583333333334 0.3226562500000001 0.5989583333333334
3 0.4125 0.49270833333333347 0.3890625000000001 0.49270833333333347 0.3890625000000001 0.5635416666666667 0.4125 0.5635416666666667
3 0.39609375 0.4656250000000001 0.3796875 0.4656250000000001 0.37968750000000007 0.5479166666666667 0.3960937500000001 0.5479166666666667
3 0.30781250000000004 0.475 0.2921875 0.475 0.29218750000000004 0.53125 0.3078125000000001 0.53125
3 0.32421875000000006 0.453125 0.29921875 0.453125 0.29921875000000003 0.5125 0.3242187500000001 0.5125
3 0.51328125 0.5479166666666667 0.49140625 0.5479166666666667 0.49140625 0.6333333333333333 0.51328125 0.6333333333333333
3 0.5109375 0.47708333333333347 0.48671875 0.47708333333333347 0.48671875 0.5479166666666667 0.5109375 0.5479166666666667
3 0.44609375 0.44687500000000013 0.42109375 0.44687500000000013 0.42109375 0.5041666666666668 0.44609375 0.5041666666666668
3 0.40703125 0.42812500000000014 0.39375 0.42812500000000014 0.39375000000000004 0.4843750000000001 0.40703125 0.4843750000000001
3 0.41484375 0.4031250000000001 0.40390625 0.4031250000000001 0.40390625 0.4666666666666668 0.41484375 0.4666666666666668
3 0.46875 0.3468750000000001 0.45234375 0.3468750000000001 0.45234375 0.4062500000000001 0.46875 0.4062500000000001
3 0.32890625 0.4322916666666667 0.3015625 0.4322916666666667 0.3015625 0.47291666666666665 0.32890625 0.47291666666666665
3 0.3359375 0.403125 0.3140625 0.403125 0.3140625 0.45208333333333334 0.3359375 0.45208333333333334
3 0.35625 0.3958333333333333 0.3390625 0.3958333333333333 0.3390625 0.434375 0.35625 0.434375
3 0.34765625 0.38645833333333335 0.33359375 0.38645833333333335 0.33359375 0.4197916666666667 0.34765625 0.4197916666666667
3 0.53359375 0.29583333333333345 0.51484375 0.29583333333333345 0.51484375 0.35000000000000014 0.53359375 0.35000000000000014
3 0.540625 0.2781250000000001 0.51953125 0.2781250000000001 0.51953125 0.3156250000000001 0.540625 0.3156250000000001
3 0.52890625 0.1062500000000001 0.51875 0.1062500000000001 0.51875 0.1270833333333334 0.52890625 0.1270833333333334
3 0.51484375 0.09687500000000009 0.509375 0.09687500000000009 0.509375 0.10937500000000008 0.51484375 0.10937500000000008
3 0.4 0.37395833333333345 0.38515625 0.37395833333333345 0.38515625 0.4166666666666668 0.4 0.4166666666666668
3 0.4140625 0.36354166666666676 0.4 0.36354166666666676 0.4 0.40520833333333345 0.4140625 0.40520833333333345
3 0.38046875 0.3718750000000001 0.36328125 0.3718750000000001 0.36328125 0.4010416666666668 0.38046875 0.4010416666666668
3 0.36328125 0.3604166666666667 0.35 0.36041666666666666 0.35 0.41145833333333337 0.36328125 0.4114583333333334
3 0.384375 0.3416666666666668 0.36640625 0.3416666666666668 0.36640625 0.37916666666666676 0.384375 0.37916666666666676
3 0.39609375 0.35833333333333345 0.378125 0.35833333333333345 0.378125 0.4062500000000001 0.39609375 0.4062500000000001
3 0.4 0.32708333333333345 0.37578125 0.32708333333333345 0.37578125 0.3541666666666668 0.4 0.3541666666666668
3 0.4078125 0.3437500000000001 0.38671875 0.3437500000000001 0.38671875 0.3645833333333334 0.4078125 0.3645833333333334
3 0.4203125 0.3437500000000001 0.403125 0.3437500000000001 0.403125 0.3718750000000001 0.4203125 0.3718750000000001
3 0.42890625 0.3250000000000001 0.41171875 0.3250000000000001 0.41171875 0.3593750000000001 0.42890625 0.3593750000000001
3 0.440625 0.2916666666666668 0.425 0.2916666666666668 0.425 0.3281250000000001 0.440625 0.3281250000000001
3 0.39921875 0.2864583333333334 0.38359375 0.2864583333333334 0.38359375 0.3291666666666668 0.39921875 0.3291666666666668
3 0.39453125 0.3020833333333334 0.37890625 0.3020833333333334 0.37890625 0.3333333333333334 0.39453125 0.3333333333333334
3 0.4078125 0.27500000000000013 0.39609375 0.27500000000000013 0.39609375 0.3041666666666668 0.4078125 0.3041666666666668
3 0.4390625 0.2583333333333334 0.428125 0.2583333333333334 0.428125 0.28333333333333344 0.4390625 0.28333333333333344
3 0.42734375 0.2458333333333334 0.4140625 0.2458333333333334 0.4140625 0.2708333333333334 0.42734375 0.2708333333333334
3 0.440625 0.24375000000000005 0.428125 0.24375000000000005 0.428125 0.26979166666666676 0.440625 0.26979166666666676
3 0.4171875 0.25625000000000003 0.4 0.25625000000000003 0.4 0.2781250000000001 0.4171875 0.2781250000000001
3 0.47421875 0.18854166666666672 0.4640625 0.18854166666666672 0.4640625 0.2177083333333334 0.47421875 0.2177083333333334
3 0.4625 0.19062500000000007 0.44765625 0.19062500000000007 0.44765625 0.2145833333333334 0.4625 0.2145833333333334
3 0.471875 0.17916666666666672 0.46015625 0.17916666666666672 0.46015625 0.20416666666666672 0.471875 0.20416666666666672
3 0.478125 0.16562500000000005 0.47109375 0.16562500000000005 0.47109375 0.18125000000000005 0.478125 0.18125000000000005
3 0.48359375 0.1552083333333334 0.47578125 0.1552083333333334 0.47578125 0.16562500000000005 0.48359375 0.16562500000000005