0 0.3554687500000001 0.7520833333333333 0.2312500000000001 0.7520833333333333 0.2312500000000001 1 0.3554687500000001 1
0 0.5453125 0.1531250000000001 0.52421875 0.15312500000000007 0.52421875 0.19166666666666676 0.5453125 0.1916666666666668
0 0.5484375 0.1270833333333334 0.5296875 0.1270833333333334 0.5296875 0.1593750000000001 0.5484375 0.15937500000000013
0 0.54375 0.08541666666666675 0.5375 0.08541666666666675 0.5375 0.10937500000000008 0.54375 0.10937500000000008
0 0.5578125 0.07708333333333342 0.54609375 0.07708333333333342 0.54609375 0.10208333333333343 0.5578125 0.10208333333333343
0 0.53828125 0.06875000000000009 0.5265625 0.06875000000000009 0.5265625 0.08333333333333343 0.53828125 0.08333333333333343
2 0.575 0.06145833333333342 0.55390625 0.06145833333333342 0.55390625 0.11250000000000009 0.575 0.11250000000000009
2 0.57421875 0.12916666666666676 0.5453125 0.12916666666666676 0.5453125 0.20833333333333345 0.57421875 0.20833333333333345
3 0.3859375000000001 0.8385416666666666 0.3429687500000001 0.8385416666666666 0.3429687500000001 1 0.3859375000000001 1
3 0.2054687500000001 0.778125 0.1585937500000001 0.778125 0.1585937500000001 0.9489583333333333 0.2054687500000001 0.9489583333333333
3 0.43515625 0.6927083333333334 0.3945312500000001 0.6927083333333334 0.3945312500000001 0.853125 0.43515625 0.853125
3 0.421875 0.5291666666666668 0.3859375000000001 0.5291666666666668 0.3859375000000001 0.6364583333333333 0.421875 0.6364583333333333
3 0.49765625 0.4739583333333334 0.465625 0.4739583333333334 0.465625 0.590625 0.49765625 0.590625
3 0.4703125 0.29583333333333345 0.4359375 0.29583333333333345 0.4359375 0.3718750000000001 0.4703125 0.3718750000000001
3 0.44140625 0.26250000000000007 0.42578125 0.26250000000000007 0.42578125 0.32708333333333345 0.44140625 0.32708333333333345
3 0.5 0.17291666666666672 0.48046875 0.17291666666666672 0.48046875 0.21875000000000006 0.5 0.21875000000000006
3 0.50703125 0.16562500000000005 0.4953125 0.16562500000000005 0.4953125 0.2177083333333334 0.50703125 0.2177083333333334
3 0.5125 0.14687500000000006 0.496875 0.14687500000000006 0.496875 0.17604166666666674 0.5125 0.17604166666666674
3 0.53125 0.10729166666666676 0.5203125 0.10729166666666676 0.5203125 0.13437500000000005 0.53125 0.13437500000000005
3 0.546875 0.10729166666666676 0.53515625 0.10729166666666676 0.53515625 0.1270833333333334 0.546875 0.1270833333333334