3 0.3593750000000001 0.8125 0.3000000000000001 0.8125 0.3000000000000001 1 0.3593750000000001 1
3 0.1804687500000001 0.79375 0.12109375000000008 0.79375 0.12109375000000008 0.9864583333333333 0.1804687500000001 0.9864583333333333
3 0.2515625000000001 0.6239583333333333 0.21093750000000008 0.6239583333333333 0.21093750000000008 0.771875 0.2515625000000001 0.771875
3 0.3976562500000001 0.6489583333333333 0.35234375000000007 0.6489583333333333 0.35234375000000007 0.7822916666666667 0.3976562500000001 0.7822916666666667
3 0.3734375000000001 0.5729166666666666 0.33281250000000007 0.5729166666666666 0.33281250000000007 0.70625 0.3734375000000001 0.70625
3 0.41953125 0.565625 0.3867187500000001 0.565625 0.3867187500000001 0.684375 0.41953125 0.684375
3 0.45859375 0.4718750000000001 0.425 0.4718750000000001 0.425 0.5791666666666667 0.45859375 0.5791666666666667
3 0.3156250000000001 0.55625 0.2914062500000001 0.55625 0.2914062500000001 0.66875 0.3156250000000001 0.66875
3 0.3750000000000001 0.5125000000000001 0.3414062500000001 0.5125 0.3414062500000001 0.596875 0.3750000000000001 0.596875
3 0.3421875000000001 0.5114583333333333 0.3156250000000001 0.5114583333333333 0.3156250000000001 0.6135416666666667 0.3421875000000001 0.6135416666666667
3 0.35937500000000006 0.46875 0.33046875 0.46875 0.33046875000000003 0.5625 0.3593750000000001 0.5625
3 0.421875 0.4979166666666668 0.3968750000000001 0.4979166666666668 0.3968750000000001 0.59375 0.421875 0.59375
3 0.41796875 0.45520833333333344 0.38984375 0.45520833333333344 0.38984375000000004 0.55 0.41796875 0.55
3 0.34296875000000004 0.4375 0.3203125 0.4375 0.32031250000000006 0.5177083333333333 0.3429687500000001 0.5177083333333333
3 0.4359375 0.3697916666666668 0.40859375 0.3697916666666668 0.40859375 0.45520833333333344 0.4359375 0.45520833333333344
3 0.39921875 0.4062500000000001 0.37734375 0.4062500000000001 0.37734375 0.48333333333333345 0.39921875 0.48333333333333345
3 0.35703125 0.40520833333333334 0.33046875 0.40520833333333334 0.33046875 0.471875 0.35703125 0.471875
3 0.37734375 0.39791666666666675 0.35859375 0.39791666666666664 0.35859375 0.4770833333333334 0.37734375 0.47708333333333347
3 0.40625 0.36145833333333344 0.38359375 0.36145833333333344 0.38359375 0.4322916666666668 0.40625 0.4322916666666668
3 0.38046875 0.36250000000000004 0.359375 0.3625 0.359375 0.42500000000000004 0.38046875 0.4250000000000001
3 0.3859375 0.3385416666666668 0.36640625 0.3385416666666668 0.36640625 0.4093750000000001 0.3859375 0.4093750000000001
3 0.40859375 0.30520833333333347 0.3890625 0.30520833333333347 0.3890625 0.36770833333333347 0.40859375 0.36770833333333347
3 0.4375 0.2885416666666668 0.41484375 0.2885416666666668 0.41484375 0.3604166666666668 0.4375 0.3604166666666668
3 0.41796875 0.27395833333333347 0.39921875 0.27395833333333347 0.39921875 0.3312500000000001 0.41796875 0.3312500000000001
3 0.528125 0.2843750000000001 0.50859375 0.2843750000000001 0.50859375 0.3510416666666668 0.528125 0.3510416666666668
3 0.46640625 0.28020833333333345 0.4453125 0.28020833333333345 0.4453125 0.3416666666666668 0.46640625 0.3416666666666668
3 0.48359375 0.26562500000000006 0.46484375 0.26562500000000006 0.46484375 0.31458333333333344 0.48359375 0.31458333333333344
3 0.50234375 0.24375000000000005 0.4859375 0.24375000000000005 0.4859375 0.2968750000000001 0.50234375 0.2968750000000001
3 0.49609375 0.23229166666666673 0.48046875 0.23229166666666673 0.48046875 0.2760416666666668 0.49609375 0.2760416666666668
3 0.45078125 0.2114583333333334 0.4359375 0.2114583333333334 0.4359375 0.25729166666666675 0.45078125 0.25729166666666675
3 0.49921875 0.21250000000000005 0.4859375 0.21250000000000005 0.4859375 0.25000000000000006 0.49921875 0.25000000000000006
3 0.4609375 0.19166666666666674 0.44765625 0.19166666666666674 0.44765625 0.2333333333333334 0.4609375 0.2333333333333334
3 0.48359375 0.19479166666666672 0.471875 0.19479166666666672 0.471875 0.2291666666666667 0.48359375 0.2291666666666667
3 0.471875 0.17604166666666674 0.459375 0.17604166666666674 0.459375 0.22083333333333338 0.471875 0.22083333333333338
3 0.5125 0.19687500000000005 0.50234375 0.19687500000000005 0.50234375 0.23541666666666672 0.5125 0.23541666666666672
3 0.49140625 0.18854166666666672 0.47890625 0.18854166666666672 0.47890625 0.22291666666666674 0.49140625 0.22291666666666674
3 0.50234375 0.18854166666666672 0.4921875 0.18854166666666672 0.4921875 0.21875000000000006 0.50234375 0.21875000000000006
3 0.53046875 0.1833333333333334 0.52109375 0.1833333333333334 0.52109375 0.21875000000000006 0.53046875 0.21875000000000006
3 0.52109375 0.17291666666666672 0.5140625 0.17291666666666672 0.5140625 0.20625000000000007 0.52109375 0.20625000000000007
3 0.51171875 0.1770833333333334 0.50078125 0.1770833333333334 0.50078125 0.2020833333333334 0.51171875 0.2020833333333334
3 0.5296875 0.15729166666666672 0.5203125 0.15729166666666672 0.5203125 0.18958333333333338 0.5296875 0.18958333333333338
3 0.53828125 0.1510416666666667 0.52734375 0.1510416666666667 0.52734375 0.1833333333333334 0.53828125 0.1833333333333334
3 0.5203125 0.14687500000000006 0.5140625 0.14687500000000006 0.5140625 0.1802083333333334 0.5203125 0.1802083333333334
3 0.515625 0.14479166666666674 0.5078125 0.14479166666666674 0.5078125 0.17395833333333338 0.515625 0.17395833333333338
3 0.48203125 0.15937500000000007 0.475 0.15937500000000007 0.475 0.18750000000000006 0.48203125 0.18750000000000006
3 0.48671875 0.14791666666666672 0.478125 0.14791666666666672 0.478125 0.1708333333333334 0.48671875 0.1708333333333334
3 0.49375 0.1312500000000001 0.48671875 0.1312500000000001 0.48671875 0.15833333333333338 0.49375 0.15833333333333338
3 0.50234375 0.12604166666666675 0.49296875 0.12604166666666675 0.49296875 0.1510416666666667 0.50234375 0.1510416666666667
3 0.528125 0.1270833333333334 0.521875 0.1270833333333334 0.521875 0.1458333333333334 0.528125 0.1458333333333334
3 0.534375 0.10729166666666676 0.52421875 0.10729166666666676 0.52421875 0.13437500000000005 0.534375 0.13437500000000005
3 0.52890625 0.09895833333333343 0.52265625 0.09895833333333343 0.52265625 0.11770833333333343 0.52890625 0.11770833333333343
3 0.5 0.09479166666666676 0.4953125 0.09479166666666676 0.4953125 0.11250000000000009 0.5 0.11250000000000009
3 0.5078125 0.11770833333333343 0.50234375 0.11770833333333343 0.50234375 0.1333333333333334 0.5078125 0.1333333333333334
3 0.49921875 0.11770833333333343 0.4921875 0.11770833333333343 0.4921875 0.13229166666666675 0.49921875 0.13229166666666675
3 0.50078125 0.10833333333333342 0.49453125 0.10833333333333342 0.49453125 0.12604166666666675 0.50078125 0.12604166666666675
3 0.51328125 0.0906250000000001 0.50859375 0.0906250000000001 0.50859375 0.10520833333333342 0.51328125 0.10520833333333342
3 0.52109375 0.11145833333333342 0.5140625 0.11145833333333342 0.5140625 0.12604166666666675 0.52109375 0.12604166666666675
3 0.51328125 0.11041666666666676 0.5078125 0.11041666666666676 0.5078125 0.12395833333333342 0.51328125 0.12395833333333342
3 0.52109375 0.09895833333333343 0.515625 0.09895833333333343 0.515625 0.11354166666666675 0.52109375 0.11354166666666675
0 0.49765625 0.6729166666666667 0.40234375 0.6729166666666667 0.40234375 0.925 0.49765625 0.925
0 0.3257812500000001 0.6989583333333333 0.2078125000000001 0.6989583333333333 0.2078125000000001 0.9125 0.3257812500000001 0.9125
0 0.4953125 0.540625 0.42734375 0.540625 0.42734375 0.6822916666666666 0.4953125 0.6822916666666666
0 0.51640625 0.3593750000000001 0.46171875 0.3593750000000001 0.46171875 0.45937500000000014 0.51640625 0.45937500000000014
0 0.5015625 0.28750000000000014 0.4640625 0.28750000000000014 0.4640625 0.3562500000000001 0.5015625 0.3562500000000001
0 0.475 0.2489583333333334 0.4421875 0.2489583333333334 0.4421875 0.3072916666666668 0.475 0.3072916666666668
0 0.47890625 0.2135416666666667 0.45 0.2135416666666667 0.45 0.25729166666666675 0.47890625 0.25729166666666675
0 0.5296875 0.21250000000000005 0.50234375 0.21250000000000005 0.50234375 0.2645833333333334 0.5296875 0.2645833333333334
0 0.4984375 0.16041666666666674 0.47890625 0.16041666666666674 0.47890625 0.1958333333333334 0.4984375 0.1958333333333334
0 0.50859375 0.15000000000000005 0.4921875 0.15000000000000005 0.4921875 0.17812500000000006 0.50859375 0.17812500000000006
0 0.53671875 0.13750000000000007 0.5234375 0.13750000000000007 0.5234375 0.15625000000000006 0.53671875 0.15625000000000006
0 0.54609375 0.1281250000000001 0.53125 0.1281250000000001 0.53125 0.15520833333333342 0.54609375 0.15520833333333345
0 0.52421875 0.11979166666666675 0.50859375 0.11979166666666675 0.50859375 0.14791666666666672 0.52421875 0.14791666666666672
0 0.51171875 0.12916666666666676 0.4984375 0.12916666666666676 0.4984375 0.1520833333333334 0.51171875 0.1520833333333334
0 0.515625 0.09791666666666675 0.503125 0.09791666666666675 0.503125 0.12083333333333342 0.515625 0.12083333333333342