3 0.1414062500000001 0.8864583333333333 0.09375000000000008 0.8864583333333333 0.09375000000000008 1 0.1414062500000001 1
3 0.2578125000000001 0.8625 0.2093750000000001 0.8625 0.2093750000000001 1 0.2578125000000001 1
3 0.2062500000000001 0.815625 0.16171875000000008 0.815625 0.16171875000000008 0.9822916666666667 0.2062500000000001 0.9822916666666667
3 0.2601562500000001 0.7583333333333333 0.22031250000000008 0.7583333333333333 0.22031250000000008 0.8760416666666667 0.2601562500000001 0.8760416666666667
3 0.2039062500000001 0.7395833333333334 0.1648437500000001 0.7395833333333334 0.1648437500000001 0.8697916666666666 0.2039062500000001 0.8697916666666666
3 0.2679687500000001 0.6864583333333333 0.22812500000000008 0.6864583333333333 0.22812500000000008 0.790625 0.2679687500000001 0.790625
3 0.2273437500000001 0.65 0.19453125000000004 0.65 0.19453125000000007 0.7697916666666667 0.2273437500000001 0.7697916666666667
3 0.3257812500000001 0.6239583333333333 0.2867187500000001 0.6239583333333333 0.2867187500000001 0.753125 0.3257812500000001 0.753125
3 0.27812500000000007 0.6135416666666667 0.24609375000000008 0.6135416666666667 0.24609375000000008 0.7197916666666667 0.27812500000000007 0.7197916666666667
3 0.3304687500000001 0.5677083333333334 0.2968750000000001 0.5677083333333334 0.2968750000000001 0.6489583333333333 0.3304687500000001 0.6489583333333333
3 0.2890625000000001 0.53125 0.2562500000000001 0.53125 0.2562500000000001 0.6395833333333333 0.2890625000000001 0.6395833333333333
3 0.3648437500000001 0.5697916666666667 0.3320312500000001 0.5697916666666667 0.3320312500000001 0.65 0.3648437500000001 0.65
3 0.3414062500000001 0.5135416666666667 0.3148437500000001 0.5135416666666667 0.3148437500000001 0.6010416666666667 0.3414062500000001 0.6010416666666667
3 0.3164062500000001 0.49895833333333334 0.29375000000000007 0.49895833333333334 0.29375000000000007 0.5833333333333334 0.3164062500000001 0.5833333333333334
3 0.32265625000000003 0.4510416666666667 0.29296875 0.4510416666666667 0.29296875000000006 0.5291666666666667 0.3226562500000001 0.5291666666666667
3 0.44375 0.6927083333333334 0.40546875 0.6927083333333334 0.40546875 0.8177083333333334 0.44375 0.8177083333333334
3 0.5015625 0.6427083333333333 0.46484375 0.6427083333333333 0.46484375 0.7875 0.5015625 0.7875
3 0.440625 0.6177083333333333 0.4125 0.6177083333333333 0.4125 0.71875 0.440625 0.71875
3 0.409375 0.565625 0.3843750000000001 0.565625 0.3843750000000001 0.65 0.409375 0.65
3 0.41640625 0.49895833333333345 0.3906250000000001 0.49895833333333345 0.3906250000000001 0.584375 0.41640625 0.584375
3 0.4046875 0.4718750000000001 0.38515625 0.4718750000000001 0.38515625000000003 0.5677083333333334 0.4046875 0.5677083333333334
3 0.41953125 0.42812500000000014 0.4015625 0.42812500000000014 0.4015625 0.5031250000000002 0.41953125 0.5031250000000002
3 0.43203125 0.3916666666666668 0.4140625 0.3916666666666668 0.4140625 0.4656250000000001 0.43203125 0.4656250000000001
3 0.42109375 0.3760416666666668 0.40703125 0.3760416666666668 0.40703125 0.4406250000000001 0.42109375 0.4406250000000001
3 0.45703125 0.37395833333333345 0.43828125 0.37395833333333345 0.43828125 0.4385416666666668 0.45703125 0.4385416666666668
3 0.43359375 0.3572916666666668 0.4171875 0.3572916666666668 0.4171875 0.4072916666666668 0.43359375 0.4072916666666668
3 0.51171875 0.40208333333333346 0.49609375 0.40208333333333346 0.49609375 0.47500000000000014 0.51171875 0.47500000000000014
3 0.52265625 0.3468750000000001 0.50234375 0.3468750000000001 0.50234375 0.4135416666666668 0.52265625 0.4135416666666668
3 0.48203125 0.3447916666666668 0.46484375 0.3447916666666668 0.46484375 0.39687500000000014 0.48203125 0.39687500000000014
3 0.48203125 0.30625000000000013 0.4640625 0.30625000000000013 0.4640625 0.36145833333333344 0.48203125 0.36145833333333344
3 0.44140625 0.3177083333333334 0.42734375 0.3177083333333334 0.42734375 0.3718750000000001 0.44140625 0.3718750000000001
3 0.4046875 0.3604166666666668 0.38671875 0.3604166666666668 0.38671875 0.42395833333333344 0.4046875 0.42395833333333344
0 0.39531250000000007 0.38854166666666673 0.33984375 0.3885416666666667 0.33984375000000006 0.49687500000000007 0.39531250000000007 0.4968750000000001
3 0.3609375 0.38958333333333334 0.33828125 0.38958333333333334 0.33828125 0.4427083333333333 0.3609375 0.4427083333333333
3 0.38671875 0.34583333333333344 0.36640625 0.34583333333333344 0.36640625 0.4010416666666668 0.38671875 0.4010416666666668
3 0.36484375 0.3604166666666667 0.34765625 0.36041666666666666 0.34765625 0.41145833333333337 0.36484375 0.4114583333333334
3 0.4078125 0.3156250000000001 0.3921875 0.3156250000000001 0.3921875 0.3697916666666668 0.4078125 0.3697916666666668
3 0.39140625 0.3093750000000001 0.37421875 0.3093750000000001 0.37421875 0.36354166666666676 0.39140625 0.36354166666666676
3 0.42265625 0.29270833333333346 0.40703125 0.29270833333333346 0.40703125 0.3489583333333334 0.42265625 0.3489583333333334
3 0.40625 0.2843750000000001 0.38984375 0.2843750000000001 0.38984375 0.3333333333333334 0.40625 0.3333333333333334
3 0.42421875 0.2666666666666668 0.40859375 0.2666666666666668 0.40859375 0.3156250000000001 0.42421875 0.3156250000000001
3 0.4515625 0.23229166666666673 0.43828125 0.23229166666666673 0.43828125 0.26770833333333344 0.4515625 0.26770833333333344
0 0.48203125 0.23229166666666673 0.44765625 0.23229166666666673 0.44765625 0.29270833333333346 0.48203125 0.29270833333333346
3 0.4578125 0.2177083333333334 0.4453125 0.2177083333333334 0.4453125 0.2520833333333334 0.4578125 0.2520833333333334
2 0.49765625 0.1822916666666667 0.46796875 0.1822916666666667 0.46796875 0.2510416666666667 0.49765625 0.2510416666666667
3 0.4703125 0.20312500000000006 0.459375 0.20312500000000006 0.459375 0.22812500000000005 0.4703125 0.22812500000000005
3 0.5109375 0.20416666666666672 0.49921875 0.20416666666666672 0.49921875 0.2489583333333334 0.5109375 0.2489583333333334
2 0.53984375 0.1458333333333334 0.5125 0.1458333333333334 0.5125 0.23854166666666674 0.53984375 0.23854166666666674
3 0.5140625 0.16562500000000005 0.503125 0.16562500000000005 0.503125 0.1989583333333334 0.5140625 0.1989583333333334
0 0.50078125 0.15729166666666672 0.47734375 0.15729166666666672 0.47734375 0.19062500000000007 0.50078125 0.19062500000000007
3 0.4796875 0.1677083333333334 0.4703125 0.1677083333333334 0.4703125 0.1979166666666667 0.4796875 0.1979166666666667
2 0.534375 0.09687500000000009 0.509375 0.09687500000000009 0.509375 0.1458333333333334 0.534375 0.1458333333333334
0 0.51328125 0.1218750000000001 0.5046875 0.1218750000000001 0.5046875 0.14687500000000006 0.51328125 0.14687500000000006
3 0.49609375 0.11875000000000009 0.490625 0.11875000000000009 0.490625 0.1489583333333334 0.49609375 0.1489583333333334
3 0.49921875 0.12604166666666675 0.49453125 0.12604166666666675 0.49453125 0.1552083333333334 0.49921875 0.1552083333333334
3 0.503125 0.10312500000000009 0.49609375 0.10312500000000009 0.49609375 0.13020833333333343 0.503125 0.13020833333333343
0 0.51015625 0.09687500000000009 0.49921875 0.09687500000000009 0.49921875 0.10937500000000008 0.51015625 0.10937500000000008
3 0.49921875 0.0906250000000001 0.49140625 0.0906250000000001 0.49140625 0.11250000000000009 0.49921875 0.11250000000000009
0 0.4625000000000001 0.8447916666666667 0.3617187500000001 0.8447916666666667 0.3617187500000001 1 0.4625000000000002 1
0 0.40390625 0.6333333333333333 0.3117187500000001 0.6333333333333333 0.3117187500000001 0.8489583333333334 0.40390625 0.8489583333333334
0 0.50390625 0.4406250000000001 0.45 0.4406250000000001 0.45 0.5895833333333333 0.50390625 0.5895833333333333
0 0.49296875 0.3885416666666668 0.44921875 0.3885416666666668 0.44921875 0.47291666666666676 0.49296875 0.47291666666666676
0 0.46484375 0.2822916666666668 0.43125 0.2822916666666668 0.43125 0.33750000000000013 0.46484375 0.33750000000000013