0 0.3390625000000001 0.9125 0.23046875000000008 0.9125 0.23046875000000008 1 0.3390625000000001 1
0 0.49453125 0.590625 0.4375 0.590625 0.4375 0.7802083333333333 0.49453125 0.7802083333333333
0 0.41015625 0.61875 0.3320312500000001 0.61875 0.3320312500000001 0.8895833333333333 0.41015625 0.8895833333333333
0 0.34765625000000006 0.4791666666666667 0.26953125 0.4791666666666667 0.26953125000000006 0.7125 0.3476562500000001 0.7125
3 0.4359375 0.5489583333333333 0.3937500000000001 0.5489583333333333 0.3937500000000001 0.6354166666666666 0.4359375 0.6354166666666666
3 0.41640625 0.54375 0.41015625 0.54375 0.41015625 0.6197916666666666 0.41640625 0.6197916666666666
3 0.41640625 0.5052083333333335 0.3742187500000001 0.5052083333333335 0.3742187500000001 0.5916666666666667 0.41640625 0.5916666666666667
3 0.3828125000000001 0.5364583333333334 0.3585937500000001 0.5364583333333334 0.3585937500000001 0.6010416666666667 0.3828125000000001 0.6010416666666667
3 0.3945312500000001 0.4937500000000001 0.36015625000000007 0.49375 0.36015625000000007 0.575 0.3945312500000001 0.575
3 0.38125000000000003 0.4552083333333334 0.35234375 0.4552083333333333 0.35234375000000007 0.5302083333333334 0.3812500000000001 0.5302083333333335
0 0.38125000000000003 0.3583333333333334 0.3140625 0.35833333333333334 0.3140625 0.5281250000000001 0.3812500000000001 0.5281250000000001
3 0.5234375 0.4500000000000001 0.48828125 0.4500000000000001 0.48828125 0.5281250000000001 0.5234375 0.5281250000000001
3 0.5 0.4270833333333334 0.45625 0.4270833333333334 0.45625 0.48645833333333344 0.5 0.48645833333333344
3 0.465625 0.4062500000000001 0.43984375 0.4062500000000001 0.43984375 0.48645833333333344 0.465625 0.48645833333333344
3 0.4421875 0.43645833333333345 0.41015625 0.43645833333333345 0.41015625 0.5208333333333335 0.4421875 0.5208333333333335
3 0.44375 0.42604166666666676 0.4375 0.42604166666666676 0.4375 0.4916666666666668 0.44375 0.4916666666666668
0 0.44375 0.35833333333333345 0.4015625 0.35833333333333345 0.4015625 0.5166666666666668 0.44375 0.5166666666666668
0 0.52734375 0.35833333333333345 0.47265625 0.35833333333333345 0.47265625 0.4510416666666668 0.52734375 0.4510416666666668
0 0.51171875 0.4916666666666668 0.44609375 0.4916666666666668 0.44609375 0.6041666666666666 0.51171875 0.6041666666666666
0 0.5453125 0.2468750000000001 0.49453125 0.24687500000000007 0.49453125 0.3281250000000001 0.5453125 0.3281250000000001
3 0.48046875 0.3406250000000001 0.43515625 0.3406250000000001 0.43515625 0.4187500000000001 0.48046875 0.4187500000000001
3 0.49296875 0.2937500000000001 0.44140625 0.2937500000000001 0.44140625 0.3802083333333334 0.49296875 0.3802083333333334
0 0.478125 0.21250000000000005 0.4359375 0.21250000000000005 0.4359375 0.2781250000000001 0.478125 0.2781250000000001
0 0.54296875 0.1395833333333334 0.52578125 0.1395833333333334 0.52578125 0.21979166666666672 0.54296875 0.21979166666666672
0 0.51953125 0.14791666666666672 0.48828125 0.14791666666666672 0.48828125 0.20937500000000006 0.51953125 0.20937500000000006
3 0.5296875 0.10312500000000009 0.5015625 0.10312500000000009 0.5015625 0.14479166666666674 0.5296875 0.14479166666666674
3 0.49296875 0.13229166666666675 0.478125 0.13229166666666675 0.478125 0.20104166666666673 0.49296875 0.20104166666666673
3 0.44140625 0.2729166666666668 0.41796875 0.2729166666666668 0.41796875 0.3562500000000001 0.44140625 0.3562500000000001
3 0.4265625 0.3406250000000001 0.40625 0.3406250000000001 0.40625 0.4062500000000001 0.4265625 0.4062500000000001
3 0.40703125 0.36875000000000013 0.3875 0.36875000000000013 0.3875 0.43958333333333344 0.40703125 0.43958333333333344
3 0.40859375 0.3020833333333334 0.38125 0.3020833333333334 0.38125 0.38333333333333347 0.40859375 0.38333333333333347
3 0.37890625 0.3166666666666667 0.35390625 0.31666666666666665 0.35390625 0.39583333333333337 0.37890625 0.3958333333333334
3 0.32500000000000007 0.6270833333333333 0.2828125000000001 0.6270833333333333 0.2828125000000001 0.6916666666666667 0.32500000000000007 0.6916666666666667
3 0.28984375000000007 0.65625 0.23984375000000008 0.65625 0.23984375000000008 0.8072916666666666 0.28984375000000007 0.8072916666666666
3 0.3007812500000001 0.7885416666666667 0.22031250000000008 0.7885416666666667 0.22031250000000008 0.959375 0.3007812500000001 0.959375
3 0.2429687500000001 0.73125 0.1945312500000001 0.73125 0.1945312500000001 0.8083333333333333 0.2429687500000001 0.8083333333333333
3 0.24609375000000008 0.665625 0.2062500000000001 0.665625 0.2062500000000001 0.7979166666666667 0.24609375000000008 0.7979166666666667
3 0.2601562500000001 0.5958333333333333 0.19765625000000003 0.5958333333333333 0.19765625000000006 0.759375 0.2601562500000001 0.759375
3 0.3031250000000001 0.603125 0.2593750000000001 0.603125 0.2593750000000001 0.734375 0.3031250000000001 0.734375
3 0.2328125000000001 0.7947916666666667 0.1789062500000001 0.7947916666666667 0.1789062500000001 0.9 0.2328125000000001 0.9
3 0.2117187500000001 0.9052083333333333 0.1664062500000001 0.9052083333333333 0.1664062500000001 1 0.2117187500000001 1
3 0.20703125000000008 0.9208333333333333 0.1468750000000001 0.9208333333333333 0.1468750000000001 0.99375 0.20703125000000008 0.99375
3 0.1687500000000001 0.846875 0.11250000000000009 0.846875 0.11250000000000009 0.940625 0.1687500000000001 0.940625
3 0.12031250000000009 0.8979166666666667 0.08359375000000009 0.8979166666666667 0.08359375000000009 1 0.12031250000000009 1
3 0.06484375000000009 0.915625 0.03125000000000009 0.915625 0.03125000000000009 1 0.06484375000000009 1
3 0.34843750000000007 0.78125 0.2765625000000001 0.78125 0.2765625000000001 0.9489583333333333 0.34843750000000007 0.9489583333333333
3 0.4414062500000001 0.9114583333333334 0.3968750000000001 0.9114583333333334 0.3968750000000001 1 0.44140625000000017 1
3 0.4078125000000001 0.8864583333333333 0.33281250000000007 0.8864583333333333 0.33281250000000007 1 0.4078125000000002 1
3 0.49296875 0.821875 0.425 0.821875 0.425 0.9583333333333334 0.49296875 0.9583333333333334
3 0.43984375 0.8041666666666667 0.40078125 0.8041666666666667 0.40078125 0.9208333333333333 0.43984375 0.9208333333333333
3 0.521875 0.7520833333333333 0.4703125 0.7520833333333333 0.4703125 0.8375 0.521875 0.8375