2 0.9375 0.6489583333333335 0.7328125 0.6489583333333335 0.7328125000000001 1.0000000000000002 0.9375 1.0000000000000002
2 0.7296875 0.6000000000000001 0.5984375 0.6 0.5984375 0.9531250000000001 0.7296875 0.9531250000000002
2 0.6828125 0.3000000000000001 0.553125 0.3000000000000001 0.553125 0.625 0.6828125 0.625
3 0.4828125 0.17291666666666672 0.47109375 0.17291666666666672 0.47109375 0.20937500000000006 0.4828125 0.20937500000000006
0 0.51015625 0.1364583333333334 0.49140625 0.1364583333333334 0.49140625 0.17812500000000006 0.51015625 0.17812500000000006
0 0.565625 0.3020833333333334 0.5265625 0.3020833333333334 0.5265625 0.3937500000000001 0.565625 0.3937500000000001
3 0.56328125 0.6677083333333333 0.528125 0.6677083333333333 0.528125 0.8177083333333334 0.56328125 0.8177083333333334
3 0.57109375 0.565625 0.54296875 0.565625 0.54296875 0.6760416666666667 0.57109375 0.6760416666666667
3 0.75859375 0.5770833333333336 0.73125 0.5770833333333336 0.73125 0.6645833333333335 0.75859375 0.6645833333333335
3 0.74453125 0.5218750000000001 0.7171875 0.5218750000000001 0.7171875 0.6104166666666668 0.74453125 0.6104166666666669
3 0.70625 0.4875000000000001 0.684375 0.4875000000000001 0.684375 0.584375 0.70625 0.584375
3 0.6953125 0.4218750000000001 0.67890625 0.4218750000000001 0.67890625 0.5052083333333335 0.6953125 0.5052083333333335
3 0.5046875 0.26354166666666673 0.4875 0.26354166666666673 0.4875 0.3281250000000001 0.5046875 0.3281250000000001
3 0.5515625 0.19791666666666677 0.5390625 0.1979166666666667 0.5390625 0.23541666666666675 0.5515625 0.23541666666666677
3 0.534375 0.1677083333333334 0.52265625 0.1677083333333334 0.52265625 0.20312500000000006 0.534375 0.20312500000000006
3 0.4765625 0.11250000000000009 0.46796875 0.11250000000000009 0.46796875 0.1364583333333334 0.4765625 0.1364583333333334
3 0.5046875 0.10208333333333343 0.49609375 0.10208333333333343 0.49609375 0.12604166666666675 0.5046875 0.12604166666666675