0 0.64765625 0.65625 0.5546875 0.65625 0.5546875 0.9104166666666667 0.64765625 0.9104166666666667
0 0.6328125000000001 0.8979166666666667 0.55625 0.8979166666666667 0.5562500000000001 1 0.6328125000000002 1
0 0.8125 0.7625000000000001 0.721875 0.7625 0.721875 1.0000000000000002 0.8125 1.0000000000000002
0 0.8 0.6041666666666667 0.71875 0.6041666666666666 0.71875 0.8291666666666668 0.8 0.8291666666666669
0 0.721875 0.6145833333333334 0.62421875 0.6145833333333334 0.62421875 0.7947916666666667 0.721875 0.7947916666666667
0 0.57578125 0.5062500000000001 0.5171875 0.5062500000000001 0.5171875 0.64375 0.57578125 0.64375
0 0.6609375 0.4916666666666668 0.5890625 0.4916666666666668 0.5890625 0.6145833333333334 0.6609375 0.6145833333333334
0 0.62578125 0.43020833333333347 0.5828125 0.43020833333333347 0.5828125 0.5062500000000001 0.62578125 0.5062500000000001
0 0.53671875 0.4093750000000001 0.49453125 0.4093750000000001 0.49453125 0.5197916666666668 0.53671875 0.5197916666666668
0 0.5765625 0.35312500000000013 0.53984375 0.35312500000000013 0.53984375 0.43645833333333345 0.5765625 0.43645833333333345
0 0.515625 0.35312500000000013 0.47890625 0.35312500000000013 0.47890625 0.4270833333333334 0.515625 0.4270833333333334
0 0.5578125 0.2937500000000001 0.53046875 0.2937500000000001 0.53046875 0.35000000000000014 0.5578125 0.35000000000000014
0 0.60234375 0.3020833333333334 0.575 0.3020833333333334 0.575 0.3572916666666668 0.60234375 0.3572916666666668
0 0.50703125 0.3093750000000001 0.48203125 0.3093750000000001 0.48203125 0.35520833333333346 0.50703125 0.35520833333333346
0 0.49296875 0.28020833333333345 0.471875 0.28020833333333345 0.471875 0.32083333333333347 0.49296875 0.32083333333333347
0 0.48828125 0.2302083333333334 0.46875 0.2302083333333334 0.46875 0.2864583333333334 0.48828125 0.2864583333333334
0 0.50078125 0.25000000000000006 0.48125 0.25000000000000006 0.48125 0.2843750000000001 0.50078125 0.2843750000000001
0 0.4859375 0.20312500000000006 0.47109375 0.20312500000000006 0.47109375 0.24062500000000006 0.4859375 0.24062500000000006
0 0.5453125 0.27187500000000014 0.5296875 0.27187500000000014 0.5296875 0.30833333333333346 0.5453125 0.30833333333333346
0 0.54375 0.2520833333333334 0.52421875 0.2520833333333334 0.52421875 0.29270833333333346 0.54375 0.29270833333333346
0 0.53203125 0.22083333333333338 0.51640625 0.22083333333333338 0.51640625 0.2510416666666667 0.53203125 0.2510416666666667
3 0.503125 0.23229166666666673 0.49296875 0.23229166666666673 0.49296875 0.26041666666666674 0.503125 0.26041666666666674
3 0.50859375 0.2239583333333334 0.4984375 0.2239583333333334 0.4984375 0.2510416666666667 0.50859375 0.2510416666666667
0 0.51640625 0.20520833333333338 0.4984375 0.20520833333333338 0.4984375 0.2333333333333334 0.51640625 0.2333333333333334
0 0.48515625 0.18125000000000005 0.465625 0.18125000000000005 0.465625 0.20416666666666672 0.48515625 0.20416666666666672
0 0.5078125 0.18437500000000007 0.4921875 0.18437500000000007 0.4921875 0.2135416666666667 0.5078125 0.2135416666666667
0 0.51171875 0.18750000000000006 0.49765625 0.18750000000000006 0.49765625 0.20729166666666674 0.51171875 0.20729166666666674
0 0.471875 0.16041666666666674 0.453125 0.16041666666666674 0.453125 0.19479166666666672 0.471875 0.19479166666666672
0 0.48359375 0.17291666666666672 0.46953125 0.17291666666666672 0.46953125 0.19166666666666674 0.48359375 0.19166666666666674
3 0.45390625 0.1489583333333334 0.45 0.1489583333333334 0.45 0.1770833333333334 0.45390625 0.1770833333333334
0 0.47109375 0.1489583333333334 0.4578125 0.1489583333333334 0.4578125 0.16875000000000007 0.47109375 0.16875000000000007
0 0.471875 0.15312500000000007 0.46015625 0.15312500000000007 0.46015625 0.17395833333333338 0.471875 0.17395833333333338
2 0.47265625 0.11250000000000009 0.45390625 0.11250000000000009 0.45390625 0.15937500000000007 0.47265625 0.15937500000000007
3 0.48046875 0.16041666666666674 0.47578125 0.16041666666666674 0.47578125 0.17916666666666672 0.48046875 0.17916666666666672
3 0.4859375 0.1666666666666667 0.48125 0.1666666666666667 0.48125 0.1864583333333334 0.4859375 0.1864583333333334
0 0.49375 0.15416666666666673 0.48203125 0.15416666666666673 0.48203125 0.1708333333333334 0.49375 0.1708333333333334
3 0.48046875 0.14166666666666672 0.47421875 0.14166666666666672 0.47421875 0.1645833333333334 0.48046875 0.1645833333333334
0 0.4921875 0.14479166666666674 0.48203125 0.14479166666666674 0.48203125 0.16250000000000006 0.4921875 0.16250000000000006
0 0.48984375 0.13229166666666675 0.47734375 0.13229166666666675 0.47734375 0.1489583333333334 0.48984375 0.1489583333333334
0 0.4875 0.12395833333333342 0.4765625 0.12395833333333342 0.4765625 0.14062500000000006 0.4875 0.14062500000000006
0 0.48515625 0.10208333333333343 0.475 0.10208333333333343 0.475 0.1218750000000001 0.48515625 0.1218750000000001
0 0.49375 0.14166666666666672 0.48359375 0.14166666666666672 0.48359375 0.1552083333333334 0.49375 0.1552083333333334
0 0.4984375 0.12083333333333342 0.48828125 0.12083333333333342 0.48828125 0.13750000000000007 0.4984375 0.13750000000000007
0 0.49921875 0.1062500000000001 0.48671875 0.1062500000000001 0.48671875 0.12083333333333342 0.49921875 0.12083333333333342
3 0.4921875 0.17291666666666672 0.48671875 0.17291666666666672 0.48671875 0.20520833333333338 0.4921875 0.20520833333333338
0 0.50078125 0.16041666666666674 0.48828125 0.16041666666666674 0.48828125 0.18437500000000007 0.50078125 0.18437500000000007
0 0.53046875 0.18854166666666672 0.5171875 0.18854166666666672 0.5171875 0.20937500000000006 0.53046875 0.20937500000000006
0 0.52734375 0.17500000000000007 0.5125 0.17500000000000007 0.5125 0.20000000000000007 0.52734375 0.20000000000000007
0 0.55078125 0.19583333333333341 0.52890625 0.1958333333333334 0.52890625 0.22291666666666676 0.55078125 0.2229166666666668
3 0.940625 0.8656250000000002 0.9015625 0.8656250000000002 0.9015625 0.9989583333333336 0.940625 0.9989583333333336
3 0.9078125 0.8708333333333336 0.87109375 0.8708333333333336 0.87109375 0.9895833333333336 0.9078125 0.9895833333333336
3 0.871875 0.9093750000000003 0.840625 0.9093750000000003 0.840625 0.9989583333333336 0.871875 0.9989583333333336
3 0.84140625 0.8062500000000002 0.803125 0.8062500000000002 0.803125 0.9593750000000002 0.84140625 0.9593750000000002
3 0.89453125 0.7875000000000002 0.8453125 0.7875000000000002 0.8453125 0.9010416666666669 0.89453125 0.9010416666666669
3 0.84921875 0.6770833333333336 0.8125 0.6770833333333336 0.8125 0.8010416666666669 0.84921875 0.8010416666666669
3 0.8125 0.6104166666666669 0.78828125 0.6104166666666669 0.78828125 0.6895833333333335 0.8125 0.6895833333333335
3 0.7015625 0.5177083333333334 0.6828125 0.5177083333333334 0.6828125 0.578125 0.7015625 0.578125
3 0.72890625 0.5041666666666668 0.70546875 0.5041666666666668 0.70546875 0.5791666666666668 0.72890625 0.5791666666666669
3 0.74765625 0.47812500000000013 0.71875 0.47812500000000013 0.71875 0.5447916666666668 0.74765625 0.5447916666666669
3 0.72734375 0.5562500000000001 0.70859375 0.55625 0.70859375 0.6031250000000001 0.72734375 0.6031250000000002
3 0.7515625 0.5270833333333335 0.72421875 0.5270833333333335 0.72421875 0.5937500000000001 0.7515625 0.5937500000000002
3 0.771875 0.5697916666666669 0.75546875 0.5697916666666669 0.75546875 0.6114583333333335 0.771875 0.6114583333333335
3 0.7125 0.5645833333333333 0.68671875 0.5645833333333333 0.68671875 0.6458333333333334 0.7125 0.6458333333333334
3 0.684375 0.5312500000000001 0.6625 0.5312500000000001 0.6625 0.615625 0.684375 0.615625
3 0.6875 0.4812500000000001 0.6671875 0.4812500000000001 0.6671875 0.540625 0.6875 0.540625
3 0.671875 0.5020833333333334 0.65 0.5020833333333334 0.65 0.565625 0.671875 0.565625
3 0.6359375 0.4270833333333334 0.621875 0.4270833333333334 0.621875 0.4843750000000001 0.6359375 0.4843750000000001
3 0.65234375 0.4718750000000001 0.63515625 0.4718750000000001 0.63515625 0.5479166666666667 0.65234375 0.5479166666666667
3 0.65390625 0.44375000000000014 0.63984375 0.44375000000000014 0.63984375 0.5010416666666668 0.65390625 0.5010416666666668
3 0.665625 0.42395833333333344 0.65390625 0.42395833333333344 0.65390625 0.4843750000000001 0.665625 0.4843750000000001
3 0.68046875 0.4531250000000001 0.6640625 0.4531250000000001 0.6640625 0.5020833333333334 0.68046875 0.5020833333333334
3 0.634375 0.40000000000000013 0.6203125 0.40000000000000013 0.6203125 0.4500000000000001 0.634375 0.4500000000000001
3 0.653125 0.39687500000000014 0.6421875 0.39687500000000014 0.6421875 0.4447916666666668 0.653125 0.4447916666666668
3 0.66328125 0.40520833333333345 0.653125 0.40520833333333345 0.653125 0.44895833333333346 0.66328125 0.44895833333333346
3 0.653125 0.38333333333333347 0.64296875 0.38333333333333347 0.64296875 0.4250000000000001 0.653125 0.4250000000000001
3 0.6609375 0.3729166666666668 0.6484375 0.3729166666666668 0.6484375 0.4197916666666668 0.6609375 0.4197916666666668
3 0.62421875 0.36562500000000014 0.61484375 0.36562500000000014 0.61484375 0.39687500000000014 0.62421875 0.39687500000000014
3 0.63984375 0.35520833333333346 0.62578125 0.35520833333333346 0.62578125 0.40208333333333346 0.63984375 0.40208333333333346
3 0.64375 0.34270833333333345 0.63125 0.34270833333333345 0.63125 0.3958333333333334 0.64375 0.3958333333333334
3 0.6109375 0.4010416666666668 0.6 0.4010416666666668 0.6 0.4322916666666668 0.6109375 0.4322916666666668
3 0.62890625 0.3885416666666668 0.6171875 0.3885416666666668 0.6171875 0.42604166666666676 0.62890625 0.42604166666666676
3 0.60234375 0.37916666666666676 0.5875 0.37916666666666676 0.5875 0.4197916666666668 0.60234375 0.4197916666666668
3 0.59375 0.36145833333333344 0.5796875 0.36145833333333344 0.5796875 0.4041666666666668 0.59375 0.4041666666666668
3 0.6140625 0.36145833333333344 0.6 0.36145833333333344 0.6 0.3958333333333334 0.6140625 0.3958333333333334
3 0.61328125 0.3385416666666668 0.60234375 0.3385416666666668 0.60234375 0.36770833333333347 0.61328125 0.36770833333333347
3 0.6234375 0.33958333333333346 0.61328125 0.33958333333333346 0.61328125 0.37083333333333346 0.6234375 0.37083333333333346
3 0.634375 0.3291666666666668 0.62265625 0.3291666666666668 0.62265625 0.36145833333333344 0.634375 0.36145833333333344
3 0.61015625 0.2968750000000001 0.60078125 0.2968750000000001 0.60078125 0.34270833333333345 0.61015625 0.34270833333333345
3 0.57421875 0.2822916666666668 0.56328125 0.2822916666666668 0.56328125 0.33645833333333347 0.57421875 0.33645833333333347
3 0.5609375 0.2666666666666668 0.55 0.2666666666666668 0.55 0.3104166666666668 0.5609375 0.3104166666666668
3 0.584375 0.2812500000000001 0.5734375 0.2812500000000001 0.5734375 0.3104166666666668 0.584375 0.3104166666666668
3 0.6015625 0.28750000000000014 0.5921875 0.28750000000000014 0.5921875 0.3229166666666668 0.6015625 0.3229166666666668
3 0.59453125 0.27708333333333346 0.58515625 0.27708333333333346 0.58515625 0.30520833333333347 0.59453125 0.30520833333333347
3 0.56875 0.26145833333333346 0.56171875 0.26145833333333346 0.56171875 0.2885416666666668 0.56875 0.2885416666666668
3 0.58203125 0.2572916666666668 0.575 0.2572916666666668 0.575 0.2947916666666668 0.58203125 0.2947916666666668
3 0.57421875 0.24270833333333344 0.5671875 0.24270833333333344 0.5671875 0.28020833333333345 0.57421875 0.28020833333333345
3 0.58828125 0.2572916666666668 0.58203125 0.2572916666666668 0.58203125 0.2791666666666668 0.58828125 0.2791666666666668
3 0.55390625 0.24895833333333345 0.54765625 0.24895833333333345 0.54765625 0.2791666666666668 0.55390625 0.2791666666666668
3 0.55859375 0.2343750000000001 0.5515625 0.2343750000000001 0.5515625 0.26770833333333344 0.55859375 0.26770833333333344
3 0.5609375 0.23541666666666677 0.5515625 0.23541666666666677 0.5515625 0.2708333333333334 0.5609375 0.2708333333333334
3 0.56328125 0.23125000000000012 0.5578125 0.23125000000000012 0.5578125 0.2625000000000001 0.56328125 0.2625000000000001
3 0.5671875 0.23229166666666679 0.56171875 0.23229166666666679 0.56171875 0.26145833333333346 0.5671875 0.26145833333333346
3 0.5734375 0.2343750000000001 0.56796875 0.2343750000000001 0.56796875 0.25625000000000014 0.5734375 0.25625000000000014
3 0.57890625 0.2343750000000001 0.571875 0.2343750000000001 0.571875 0.26145833333333346 0.57890625 0.26145833333333346
3 0.5546875 0.20937500000000012 0.546875 0.20937500000000012 0.546875 0.24062500000000012 0.5546875 0.24062500000000012
3 0.55859375 0.2229166666666668 0.5515625 0.2229166666666668 0.5515625 0.24583333333333346 0.55859375 0.24583333333333346
3 0.565625 0.21458333333333346 0.5578125 0.21458333333333346 0.5578125 0.2437500000000001 0.565625 0.2437500000000001
3 0.55078125 0.22291666666666676 0.54375 0.22291666666666674 0.54375 0.2468750000000001 0.55078125 0.24687500000000012
3 0.559375 0.20625000000000013 0.553125 0.20625000000000013 0.553125 0.23229166666666679 0.559375 0.23229166666666679
3 0.540625 0.2114583333333334 0.53125 0.2114583333333334 0.53125 0.23854166666666674 0.540625 0.23854166666666674
3 0.54453125 0.22604166666666675 0.5375 0.22604166666666672 0.5375 0.2562500000000001 0.54453125 0.25625000000000014
3 0.5296875 0.34791666666666676 0.51875 0.34791666666666676 0.51875 0.4166666666666668 0.5296875 0.4166666666666668
3 0.53984375 0.3437500000000001 0.53046875 0.3437500000000001 0.53046875 0.40208333333333346 0.53984375 0.40208333333333346
3 0.51875 0.33750000000000013 0.509375 0.33750000000000013 0.509375 0.38333333333333347 0.51875 0.38333333333333347
3 0.4921875 0.3406250000000001 0.48203125 0.3406250000000001 0.48203125 0.3697916666666668 0.4921875 0.3697916666666668
3 0.5171875 0.2947916666666668 0.50703125 0.2947916666666668 0.50703125 0.3416666666666668 0.5171875 0.3416666666666668
3 0.52265625 0.2760416666666668 0.5125 0.2760416666666668 0.5125 0.3260416666666668 0.52265625 0.3260416666666668
3 0.50703125 0.2666666666666668 0.50078125 0.2666666666666668 0.50078125 0.30833333333333346 0.50703125 0.30833333333333346
3 0.5171875 0.2614583333333334 0.51015625 0.2614583333333334 0.51015625 0.29895833333333344 0.5171875 0.29895833333333344
3 0.5109375 0.24791666666666673 0.50390625 0.24791666666666673 0.50390625 0.28750000000000014 0.5109375 0.28750000000000014
3 0.459375 0.18958333333333338 0.45078125 0.18958333333333338 0.45078125 0.2291666666666667 0.459375 0.2291666666666667
0 0.4703125 0.1989583333333334 0.46171875 0.1989583333333334 0.46171875 0.23125000000000007 0.4703125 0.23125000000000007
2 0.4953125 0.08958333333333342 0.4859375 0.08958333333333342 0.4859375 0.10937500000000008 0.4953125 0.10937500000000008
3 0.546875 0.18750000000000008 0.54140625 0.18750000000000006 0.54140625 0.21145833333333341 0.546875 0.21145833333333344
3 0.534375 0.1770833333333334 0.53046875 0.1770833333333334 0.53046875 0.19687500000000005 0.534375 0.19687500000000005
3 0.54140625 0.1802083333333334 0.5359375 0.1802083333333334 0.5359375 0.20104166666666673 0.54140625 0.20104166666666673
3 0.53671875 0.17395833333333338 0.53359375 0.17395833333333338 0.53359375 0.1927083333333334 0.53671875 0.1927083333333334
3 0.52734375 0.16562500000000005 0.5234375 0.16562500000000005 0.5234375 0.1822916666666667 0.52734375 0.1822916666666667
3 0.5328125 0.16562500000000005 0.528125 0.16562500000000005 0.528125 0.18541666666666673 0.5328125 0.18541666666666673
3 0.5078125 0.16250000000000006 0.50234375 0.16250000000000006 0.50234375 0.1833333333333334 0.5078125 0.1833333333333334
3 0.51484375 0.16041666666666674 0.5078125 0.16041666666666674 0.5078125 0.1802083333333334 0.51484375 0.1802083333333334
3 0.52265625 0.15729166666666672 0.5171875 0.15729166666666672 0.5171875 0.17604166666666674 0.52265625 0.17604166666666674
3 0.50234375 0.13750000000000007 0.49765625 0.13750000000000007 0.49765625 0.16354166666666672 0.50234375 0.16354166666666672
3 0.50625 0.13750000000000007 0.50234375 0.13750000000000007 0.50234375 0.15625000000000006 0.50625 0.15625000000000006
3 0.5109375 0.14270833333333338 0.50703125 0.14270833333333338 0.50703125 0.16041666666666674 0.5109375 0.16041666666666674
3 0.51640625 0.14375000000000007 0.51171875 0.14375000000000007 0.51171875 0.16562500000000005 0.51640625 0.16562500000000005
3 0.50234375 0.11979166666666675 0.49765625 0.11979166666666675 0.49765625 0.1364583333333334 0.50234375 0.1364583333333334
3 0.5078125 0.1312500000000001 0.503125 0.1312500000000001 0.503125 0.1458333333333334 0.5078125 0.1458333333333334
3 0.51171875 0.13229166666666675 0.5078125 0.13229166666666675 0.5078125 0.15312500000000007 0.51171875 0.15312500000000007
3 0.503125 0.10833333333333342 0.49921875 0.10833333333333342 0.49921875 0.12604166666666675 0.503125 0.12604166666666675
3 0.50625 0.10833333333333342 0.5015625 0.10833333333333342 0.5015625 0.1218750000000001 0.50625 0.1218750000000001
3 0.50078125 0.09583333333333342 0.496875 0.09583333333333342 0.496875 0.11354166666666675 0.50078125 0.11354166666666675
3 0.50234375 0.0906250000000001 0.4984375 0.0906250000000001 0.4984375 0.10312500000000009 0.50234375 0.10312500000000009
3 0.50546875 0.09479166666666676 0.50234375 0.09479166666666676 0.50234375 0.10833333333333342 0.50546875 0.10833333333333342
3 0.50703125 0.0906250000000001 0.5046875 0.0906250000000001 0.5046875 0.10312500000000009 0.50703125 0.10312500000000009
3 0.5078125 0.11770833333333343 0.50390625 0.11770833333333343 0.50390625 0.1333333333333334 0.5078125 0.1333333333333334
3 0.615625 0.6135416666666667 0.5859375 0.6135416666666667 0.5859375 0.7052083333333333 0.615625 0.7052083333333333
3 0.57890625 0.625 0.5453125 0.625 0.5453125 0.7302083333333333 0.57890625 0.7302083333333333
3 0.53671875 0.7260416666666667 0.50859375 0.7260416666666667 0.50859375 0.8489583333333334 0.53671875 0.8489583333333334
3 0.54375 0.6708333333333333 0.5078125 0.6708333333333333 0.5078125 0.7604166666666666 0.54375 0.7604166666666666
3 0.559375 0.8239583333333333 0.5171875 0.8239583333333333 0.5171875 0.9520833333333333 0.559375 0.9520833333333333