0 0.4835937500000001 0.7552083333333334 0.3734375000000001 0.7552083333333334 0.3734375000000001 1 0.48359375000000016 1
0 0.48671875 0.5864583333333333 0.39921875000000007 0.5864583333333333 0.39921875000000007 0.7666666666666667 0.48671875 0.7666666666666667
3 0.3179687500000001 0.5625 0.2757812500000001 0.5625 0.2757812500000001 0.65625 0.3179687500000001 0.65625
3 0.32656250000000003 0.4666666666666667 0.2828125 0.4666666666666667 0.2828125 0.5583333333333333 0.3265625000000001 0.5583333333333333
2 0.3476562500000001 0.6322916666666667 0.17968750000000006 0.6322916666666667 0.17968750000000006 1 0.3476562500000001 1
3 0.41328125 0.28541666666666676 0.396875 0.28541666666666676 0.396875 0.33750000000000013 0.41328125 0.33750000000000013
0 0.4734375 0.2583333333333334 0.4328125 0.2583333333333334 0.4328125 0.33750000000000013 0.4734375 0.33750000000000013
3 0.49453125 0.2583333333333334 0.478125 0.2583333333333334 0.478125 0.31145833333333345 0.49453125 0.31145833333333345
0 0.53125 0.2239583333333334 0.50546875 0.2239583333333334 0.50546875 0.2812500000000001 0.53125 0.2812500000000001
0 0.53515625 0.1802083333333334 0.50859375 0.1802083333333334 0.50859375 0.2270833333333334 0.53515625 0.2270833333333334
3 0.45625 0.2083333333333334 0.44453125 0.2083333333333334 0.44453125 0.2541666666666667 0.45625 0.2541666666666667
3 0.48515625 0.20937500000000006 0.4734375 0.20937500000000006 0.4734375 0.2489583333333334 0.48515625 0.2489583333333334
3 0.484375 0.1927083333333334 0.4765625 0.1927083333333334 0.4765625 0.22291666666666674 0.484375 0.22291666666666674
3 0.49140625 0.17500000000000007 0.4828125 0.17500000000000007 0.4828125 0.21666666666666673 0.49140625 0.21666666666666673
3 0.4984375 0.15312500000000007 0.48828125 0.15312500000000007 0.48828125 0.18958333333333338 0.4984375 0.18958333333333338
3 0.48125 0.16562500000000005 0.47421875 0.16562500000000005 0.47421875 0.20312500000000006 0.48125 0.20312500000000006
3 0.51484375 0.14166666666666672 0.5078125 0.14166666666666672 0.5078125 0.17291666666666672 0.51484375 0.17291666666666672
3 0.521875 0.12604166666666675 0.515625 0.12604166666666675 0.515625 0.15625000000000006 0.521875 0.15625000000000006
3 0.503125 0.1062500000000001 0.4953125 0.1062500000000001 0.4953125 0.12604166666666675 0.503125 0.12604166666666675
3 0.503125 0.10937500000000008 0.49453125 0.10937500000000008 0.49453125 0.1364583333333334 0.503125 0.1364583333333334
0 0.52265625 0.0906250000000001 0.50703125 0.0906250000000001 0.50703125 0.12083333333333342 0.52265625 0.12083333333333342
0 0.5015625 0.0906250000000001 0.48984375 0.0906250000000001 0.48984375 0.11666666666666675 0.5015625 0.11666666666666675