3 0.86953125 0.7291666666666669 0.8265625 0.7291666666666669 0.8265625 0.8812500000000002 0.86953125 0.8812500000000002
3 0.8109375 0.6520833333333336 0.76953125 0.6520833333333336 0.76953125 0.8093750000000003 0.8109375 0.8093750000000003
2 0.6773437500000001 0.5947916666666667 0.5078125 0.5947916666666667 0.5078125000000001 1 0.6773437500000001 1
0 0.6578125 0.5458333333333333 0.56640625 0.5458333333333333 0.56640625 0.734375 0.6578125 0.734375
3 0.63046875 0.49270833333333347 0.60078125 0.49270833333333347 0.60078125 0.5708333333333333 0.63046875 0.5708333333333333
3 0.65859375 0.4854166666666668 0.63125 0.4854166666666668 0.63125 0.5875 0.65859375 0.5875
3 0.6828125 0.48333333333333345 0.66328125 0.48333333333333345 0.66328125 0.5739583333333333 0.6828125 0.5739583333333333
0 0.75390625 0.5520833333333335 0.65625 0.5520833333333334 0.65625 0.7416666666666668 0.75390625 0.7416666666666669
3 0.71796875 0.4947916666666668 0.69609375 0.4947916666666668 0.69609375 0.5927083333333333 0.71796875 0.5927083333333333
3 0.5828125 0.4604166666666668 0.55859375 0.4604166666666668 0.55859375 0.5604166666666667 0.5828125 0.5604166666666667
3 0.54140625 0.609375 0.52578125 0.609375 0.52578125 0.6302083333333334 0.54140625 0.6302083333333334
3 0.68359375 0.4406250000000001 0.66015625 0.4406250000000001 0.66015625 0.49895833333333345 0.68359375 0.49895833333333345
3 0.6578125 0.4604166666666668 0.64375 0.4604166666666668 0.64375 0.5208333333333335 0.6578125 0.5208333333333335
3 0.63125 0.44166666666666676 0.6140625 0.44166666666666676 0.6140625 0.5166666666666668 0.63125 0.5166666666666668
3 0.6203125 0.40520833333333345 0.6 0.40520833333333345 0.6 0.4760416666666668 0.6203125 0.4760416666666668
3 0.653125 0.43020833333333347 0.63828125 0.43020833333333347 0.63828125 0.4812500000000001 0.653125 0.4812500000000001
3 0.6359375 0.3916666666666668 0.62109375 0.3916666666666668 0.62109375 0.45520833333333344 0.6359375 0.45520833333333344
3 0.678125 0.41562500000000013 0.66171875 0.41562500000000013 0.66171875 0.46770833333333345 0.678125 0.46770833333333345
3 0.64140625 0.33958333333333346 0.6234375 0.33958333333333346 0.6234375 0.39479166666666676 0.64140625 0.39479166666666676
0 0.59921875 0.3781250000000001 0.54609375 0.3781250000000001 0.54609375 0.4875000000000001 0.59921875 0.4875000000000001
3 0.59453125 0.36145833333333344 0.57890625 0.36145833333333344 0.57890625 0.4114583333333334 0.59453125 0.4114583333333334
3 0.578125 0.3354166666666668 0.5609375 0.3354166666666668 0.5609375 0.3802083333333334 0.578125 0.3802083333333334
0 0.55703125 0.32708333333333345 0.51953125 0.32708333333333345 0.51953125 0.4114583333333334 0.55703125 0.4114583333333334
3 0.5578125 0.3156250000000001 0.54375 0.3156250000000001 0.54375 0.36145833333333344 0.5578125 0.36145833333333344
3 0.52421875 0.30520833333333347 0.51015625 0.30520833333333347 0.51015625 0.3541666666666668 0.52421875 0.3541666666666668
0 0.5640625 0.27395833333333347 0.5328125 0.27395833333333347 0.5328125 0.33229166666666676 0.5640625 0.33229166666666676
3 0.540625 0.2968750000000001 0.5296875 0.2968750000000001 0.5296875 0.3281250000000001 0.540625 0.3281250000000001
0 0.53359375 0.2447916666666667 0.50546875 0.2447916666666667 0.50546875 0.3041666666666668 0.53359375 0.3041666666666668
3 0.52734375 0.28750000000000014 0.51328125 0.28750000000000014 0.51328125 0.3093750000000001 0.52734375 0.3093750000000001
0 0.61640625 0.3104166666666668 0.57578125 0.3104166666666668 0.57578125 0.3916666666666668 0.61640625 0.3916666666666668
3 0.61875 0.3125000000000001 0.6078125 0.3125000000000001 0.6078125 0.35833333333333345 0.61875 0.35833333333333345
3 0.6078125 0.29270833333333346 0.59921875 0.29270833333333346 0.59921875 0.31875000000000014 0.6078125 0.31875000000000014
3 0.5765625 0.2729166666666668 0.56796875 0.2729166666666668 0.56796875 0.3197916666666668 0.5765625 0.3197916666666668
3 0.58828125 0.28541666666666676 0.57890625 0.28541666666666676 0.57890625 0.3156250000000001 0.58828125 0.3156250000000001
3 0.59453125 0.2791666666666668 0.5859375 0.2791666666666668 0.5859375 0.3093750000000001 0.59453125 0.3093750000000001
3 0.60078125 0.2729166666666668 0.58984375 0.2729166666666668 0.58984375 0.3093750000000001 0.60078125 0.3093750000000001
3 0.571875 0.25937500000000013 0.5625 0.25937500000000013 0.5625 0.3000000000000001 0.571875 0.3000000000000001
3 0.58046875 0.25208333333333344 0.56953125 0.25208333333333344 0.56953125 0.2812500000000001 0.58046875 0.2812500000000001
3 0.5328125 0.23125000000000007 0.52421875 0.23125000000000007 0.52421875 0.27708333333333346 0.5328125 0.27708333333333346
3 0.54140625 0.2458333333333334 0.5328125 0.2458333333333334 0.5328125 0.2822916666666668 0.54140625 0.2822916666666668
3 0.5546875 0.2604166666666668 0.54453125 0.2604166666666668 0.54453125 0.2843750000000001 0.5546875 0.2843750000000001
0 0.5109375 0.3041666666666668 0.47109375 0.3041666666666668 0.47109375 0.36770833333333347 0.5109375 0.36770833333333347
3 0.50234375 0.2843750000000001 0.4890625 0.2843750000000001 0.4890625 0.3093750000000001 0.50234375 0.3093750000000001
3 0.48125 0.25625000000000003 0.46953125 0.25625000000000003 0.46953125 0.30833333333333346 0.48125 0.30833333333333346
3 0.5109375 0.23437500000000006 0.50078125 0.23437500000000006 0.50078125 0.2614583333333334 0.5109375 0.2614583333333334
3 0.525 0.2239583333333334 0.515625 0.2239583333333334 0.515625 0.25520833333333337 0.525 0.25520833333333337
3 0.5546875 0.24166666666666678 0.546875 0.24166666666666678 0.546875 0.26979166666666676 0.5546875 0.26979166666666676
3 0.56640625 0.23229166666666679 0.559375 0.23229166666666679 0.559375 0.2656250000000001 0.56640625 0.2656250000000001
3 0.53828125 0.2239583333333334 0.5296875 0.2239583333333334 0.5296875 0.2520833333333334 0.53828125 0.2520833333333334
3 0.553125 0.21979166666666677 0.54453125 0.21979166666666677 0.54453125 0.2510416666666668 0.553125 0.2510416666666668
3 0.52578125 0.21041666666666672 0.51796875 0.21041666666666672 0.51796875 0.2270833333333334 0.52578125 0.2270833333333334
3 0.5375 0.21250000000000005 0.53125 0.21250000000000005 0.53125 0.23437500000000006 0.5375 0.23437500000000006
0 0.49765625 0.2239583333333334 0.471875 0.2239583333333334 0.471875 0.2822916666666668 0.49765625 0.2822916666666668
3 0.496875 0.21041666666666672 0.49140625 0.21041666666666672 0.49140625 0.23541666666666672 0.496875 0.23541666666666672
3 0.50625 0.20520833333333338 0.5 0.20520833333333338 0.5 0.23645833333333338 0.50625 0.23645833333333338
3 0.5140625 0.20729166666666674 0.50625 0.20729166666666674 0.50625 0.23437500000000006 0.5140625 0.23437500000000006
0 0.4859375 0.18958333333333338 0.4640625 0.18958333333333338 0.4640625 0.23645833333333338 0.4859375 0.23645833333333338
3 0.4890625 0.19166666666666674 0.48203125 0.19166666666666674 0.48203125 0.21875000000000006 0.4890625 0.21875000000000006
3 0.46875 0.22187500000000007 0.4578125 0.22187500000000007 0.4578125 0.25520833333333337 0.46875 0.25520833333333337
3 0.46171875 0.1927083333333334 0.45078125 0.1927083333333334 0.45078125 0.2270833333333334 0.46171875 0.2270833333333334
3 0.525 0.19479166666666672 0.51796875 0.19479166666666672 0.51796875 0.2145833333333334 0.525 0.2145833333333334
3 0.54765625 0.19791666666666677 0.540625 0.1979166666666667 0.540625 0.22812500000000008 0.54765625 0.2281250000000001
3 0.54140625 0.19062500000000007 0.534375 0.19062500000000007 0.534375 0.21875000000000006 0.54140625 0.21875000000000006
0 0.52734375 0.16979166666666673 0.5078125 0.16979166666666673 0.5078125 0.20416666666666672 0.52734375 0.20416666666666672
3 0.53515625 0.17604166666666674 0.5265625 0.17604166666666674 0.5265625 0.20000000000000007 0.53515625 0.20000000000000007
0 0.50078125 0.16354166666666672 0.48046875 0.16354166666666672 0.48046875 0.20937500000000006 0.50078125 0.20937500000000006
3 0.503125 0.17395833333333338 0.49609375 0.17395833333333338 0.49609375 0.1989583333333334 0.503125 0.1989583333333334
3 0.5078125 0.16250000000000006 0.50234375 0.16250000000000006 0.50234375 0.1927083333333334 0.5078125 0.1927083333333334
3 0.49765625 0.14791666666666672 0.490625 0.14791666666666672 0.490625 0.16875000000000007 0.49765625 0.16875000000000007
3 0.5078125 0.1489583333333334 0.5 0.1489583333333334 0.5 0.17395833333333338 0.5078125 0.17395833333333338
3 0.51796875 0.16250000000000006 0.51015625 0.16250000000000006 0.51015625 0.17395833333333338 0.51796875 0.17395833333333338
3 0.5234375 0.1614583333333334 0.51953125 0.1614583333333334 0.51953125 0.17604166666666674 0.5234375 0.17604166666666674
3 0.48203125 0.15625000000000006 0.478125 0.15625000000000006 0.478125 0.17395833333333338 0.48203125 0.17395833333333338
3 0.48828125 0.1552083333333334 0.4828125 0.1552083333333334 0.4828125 0.16875000000000007 0.48828125 0.16875000000000007
0 0.48671875 0.1333333333333334 0.471875 0.1333333333333334 0.471875 0.15937500000000007 0.48671875 0.15937500000000007
3 0.49140625 0.1364583333333334 0.4875 0.1364583333333334 0.4875 0.15625000000000006 0.49140625 0.15625000000000006
3 0.49140625 0.1395833333333334 0.48671875 0.1395833333333334 0.48671875 0.15833333333333338 0.49140625 0.15833333333333338
3 0.48828125 0.1312500000000001 0.48359375 0.1312500000000001 0.48359375 0.14791666666666672 0.48828125 0.14791666666666672
3 0.49453125 0.13854166666666673 0.49140625 0.13854166666666673 0.49140625 0.15000000000000005 0.49453125 0.15000000000000005
3 0.5046875 0.1395833333333334 0.4984375 0.1395833333333334 0.4984375 0.1520833333333334 0.5046875 0.1520833333333334
3 0.5109375 0.12916666666666676 0.5015625 0.12916666666666676 0.5015625 0.14270833333333338 0.5109375 0.14270833333333338
3 0.50546875 0.1333333333333334 0.49921875 0.1333333333333334 0.49921875 0.14375000000000007 0.50546875 0.14375000000000007
0 0.496875 0.11770833333333343 0.4859375 0.11770833333333343 0.4859375 0.1395833333333334 0.496875 0.1395833333333334
3 0.50625 0.11875000000000009 0.49921875 0.11875000000000009 0.49921875 0.1364583333333334 0.50625 0.1364583333333334
3 0.51796875 0.1489583333333334 0.5109375 0.1489583333333334 0.5109375 0.1645833333333334 0.51796875 0.1645833333333334
3 0.51328125 0.14270833333333338 0.509375 0.14270833333333338 0.509375 0.15625000000000006 0.51328125 0.15625000000000006
3 0.46484375 0.1312500000000001 0.45390625 0.1312500000000001 0.45390625 0.15729166666666672 0.46484375 0.15729166666666672
0 0.4703125 0.12395833333333342 0.45546875 0.12395833333333342 0.45546875 0.1458333333333334 0.4703125 0.1458333333333334
0 0.4734375 0.1510416666666667 0.45859375 0.1510416666666667 0.45859375 0.1864583333333334 0.4734375 0.1864583333333334
3 0.47109375 0.1333333333333334 0.46796875 0.1333333333333334 0.46796875 0.1510416666666667 0.47109375 0.1510416666666667
3 0.46171875 0.11250000000000009 0.4578125 0.11250000000000009 0.4578125 0.12395833333333342 0.46171875 0.12395833333333342
3 0.478125 0.11979166666666675 0.475 0.11979166666666675 0.475 0.13229166666666675 0.478125 0.13229166666666675
3 0.4828125 0.12291666666666676 0.48046875 0.12291666666666676 0.48046875 0.1333333333333334 0.4828125 0.1333333333333334
0 0.47421875 0.10104166666666675 0.4625 0.10104166666666675 0.4625 0.12395833333333342 0.47421875 0.12395833333333342
3 0.47734375 0.1062500000000001 0.4734375 0.1062500000000001 0.4734375 0.1218750000000001 0.47734375 0.1218750000000001
0 0.48671875 0.09791666666666675 0.47734375 0.09791666666666675 0.47734375 0.10937500000000008 0.48671875 0.10937500000000008
3 0.478125 0.10416666666666675 0.4765625 0.10416666666666675 0.4765625 0.10937500000000008 0.478125 0.10937500000000008
3 0.4859375 0.11145833333333342 0.48125 0.11145833333333342 0.48125 0.12395833333333342 0.4859375 0.12395833333333342
0 0.4890625 0.10104166666666675 0.48125 0.10104166666666675 0.48125 0.11666666666666675 0.4890625 0.11666666666666675
3 0.49609375 0.10937500000000008 0.4921875 0.10937500000000008 0.4921875 0.11979166666666675 0.49609375 0.11979166666666675
3 0.49921875 0.10312500000000009 0.4953125 0.10312500000000009 0.4953125 0.11250000000000009 0.49921875 0.11250000000000009
3 0.50390625 0.10520833333333342 0.49921875 0.10520833333333342 0.49921875 0.11562500000000009 0.50390625 0.11562500000000009
3 0.4875 0.09375000000000008 0.48515625 0.09375000000000008 0.48515625 0.10312500000000009 0.4875 0.10312500000000009
0 0.50078125 0.08750000000000009 0.49140625 0.08750000000000009 0.49140625 0.10416666666666675 0.50078125 0.10416666666666675
0 0.51171875 0.09687500000000009 0.5046875 0.09687500000000009 0.5046875 0.11041666666666676 0.51171875 0.11041666666666676
0 0.54140625 0.4322916666666668 0.4859375 0.4322916666666668 0.4859375 0.56875 0.54140625 0.56875
3 0.98671875 0.9250000000000003 0.9453125 0.9250000000000003 0.9453125 1.0000000000000002 0.98671875 1.0000000000000002