3 0.53046875 0.8645833333333334 0.49609375 0.8645833333333334 0.4960937500000001 1 0.5304687500000002 1
3 0.53203125 0.778125 0.49140625 0.778125 0.49140625 0.878125 0.53203125 0.878125
3 0.53046875 0.7510416666666667 0.4953125 0.7510416666666667 0.4953125 0.821875 0.53046875 0.821875
3 0.53671875 0.6947916666666667 0.50703125 0.6947916666666667 0.50703125 0.825 0.53671875 0.825
3 0.51875 0.6239583333333333 0.4859375 0.6239583333333333 0.4859375 0.7666666666666667 0.51875 0.7666666666666667
3 0.7031250000000001 0.884375 0.65 0.884375 0.6500000000000001 1 0.7031250000000002 1
3 0.6578125 0.7729166666666667 0.61953125 0.7729166666666667 0.61953125 0.9197916666666667 0.6578125 0.9197916666666667
3 0.63046875 0.59375 0.6015625 0.59375 0.6015625 0.7291666666666666 0.63046875 0.7291666666666666
3 0.69609375 0.83125 0.65859375 0.83125 0.65859375 0.915625 0.69609375 0.915625
3 0.69140625 0.75 0.66328125 0.75 0.66328125 0.865625 0.69140625 0.865625
3 0.66875 0.6645833333333333 0.63671875 0.6645833333333333 0.63671875 0.8104166666666667 0.66875 0.8104166666666667
3 0.67421875 0.6239583333333333 0.6453125 0.6239583333333333 0.6453125 0.71875 0.67421875 0.71875
3 0.73203125 0.8104166666666668 0.6921875 0.8104166666666667 0.6921875 0.9416666666666668 0.73203125 0.9416666666666669
3 0.7609375 0.7864583333333336 0.73203125 0.7864583333333336 0.73203125 0.9427083333333336 0.7609375 0.9427083333333336
3 0.77421875 0.7385416666666669 0.73046875 0.7385416666666669 0.73046875 0.8854166666666669 0.77421875 0.8854166666666669
3 0.8109375 0.8229166666666669 0.77578125 0.8229166666666669 0.77578125 0.9531250000000002 0.8109375 0.9531250000000002
3 0.82265625 0.7927083333333336 0.7890625 0.7927083333333336 0.7890625 0.9343750000000003 0.82265625 0.9343750000000003
3 0.85234375 0.8906250000000002 0.81484375 0.8906250000000002 0.81484375 1.0000000000000002 0.85234375 1.0000000000000002
3 0.89296875 0.8593750000000002 0.85390625 0.8593750000000002 0.85390625 1.0000000000000002 0.89296875 1.0000000000000002
3 0.91328125 0.9677083333333336 0.88828125 0.9677083333333336 0.88828125 1.0000000000000002 0.91328125 1.0000000000000002
3 0.953125 0.9375000000000002 0.9125 0.9375000000000002 0.9125 1.0000000000000002 0.953125 1.0000000000000002
3 0.86015625 0.7864583333333336 0.821875 0.7864583333333336 0.821875 0.9072916666666669 0.86015625 0.9072916666666669
3 0.8625 0.7218750000000003 0.8109375 0.7218750000000003 0.8109375 0.8500000000000002 0.8625 0.8500000000000002
3 0.7203125 0.7104166666666667 0.68359375 0.7104166666666667 0.68359375 0.8291666666666667 0.7203125 0.8291666666666667
3 0.76796875 0.6770833333333336 0.7296875 0.6770833333333336 0.7296875 0.7729166666666669 0.76796875 0.7729166666666669
3 0.79375 0.6697916666666669 0.76171875 0.6697916666666669 0.76171875 0.7989583333333335 0.79375 0.7989583333333335
3 0.7234375 0.640625 0.68671875 0.640625 0.68671875 0.7479166666666667 0.7234375 0.7479166666666667
3 0.7734375 0.5864583333333335 0.74140625 0.5864583333333335 0.74140625 0.6885416666666669 0.7734375 0.6885416666666669
3 0.7296875 0.5937500000000001 0.690625 0.59375 0.690625 0.6895833333333334 0.7296875 0.6895833333333335
3 0.72421875 0.540625 0.68515625 0.540625 0.68515625 0.61875 0.72421875 0.61875
3 0.6765625 0.5645833333333333 0.646875 0.5645833333333333 0.646875 0.65625 0.6765625 0.65625
3 0.6578125 0.5093750000000001 0.62734375 0.5093750000000001 0.62734375 0.60625 0.6578125 0.60625
3 0.521875 0.44687500000000013 0.48515625 0.44687500000000013 0.48515625 0.5614583333333333 0.521875 0.5614583333333333
3 0.60546875 0.46458333333333346 0.57109375 0.46458333333333346 0.57109375 0.5760416666666667 0.60546875 0.5760416666666667
3 0.58515625 0.41770833333333346 0.56015625 0.41770833333333346 0.56015625 0.5000000000000001 0.58515625 0.5000000000000001
3 0.58203125 0.33645833333333347 0.5625 0.33645833333333347 0.5625 0.41250000000000014 0.58203125 0.41250000000000014
3 0.6265625 0.4062500000000001 0.603125 0.4062500000000001 0.603125 0.5125000000000001 0.6265625 0.5125000000000001
3 0.646875 0.4041666666666668 0.62421875 0.4041666666666668 0.62421875 0.49895833333333345 0.646875 0.49895833333333345
3 0.6609375 0.40208333333333346 0.64453125 0.40208333333333346 0.64453125 0.4760416666666668 0.6609375 0.4760416666666668
3 0.64609375 0.3572916666666668 0.62890625 0.3572916666666668 0.62890625 0.42604166666666676 0.64609375 0.42604166666666676
3 0.609375 0.35000000000000014 0.58828125 0.35000000000000014 0.58828125 0.42395833333333344 0.609375 0.42395833333333344
3 0.63046875 0.33020833333333344 0.609375 0.33020833333333344 0.609375 0.3916666666666668 0.63046875 0.3916666666666668
3 0.61640625 0.30625000000000013 0.6015625 0.30625000000000013 0.6015625 0.35208333333333347 0.61640625 0.35208333333333347
3 0.60859375 0.28750000000000014 0.59453125 0.28750000000000014 0.59453125 0.3333333333333334 0.60859375 0.3333333333333334
3 0.5359375 0.29270833333333346 0.51484375 0.29270833333333346 0.51484375 0.3541666666666668 0.5359375 0.3541666666666668
3 0.4890625 0.2541666666666667 0.47421875 0.2541666666666667 0.47421875 0.30833333333333346 0.4890625 0.30833333333333346
3 0.59296875 0.28020833333333345 0.57578125 0.28020833333333345 0.57578125 0.33020833333333344 0.59296875 0.33020833333333344
3 0.58046875 0.2572916666666668 0.5625 0.2572916666666668 0.5625 0.30520833333333347 0.58046875 0.30520833333333347
3 0.5265625 0.24687500000000007 0.51328125 0.24687500000000007 0.51328125 0.30104166666666676 0.5265625 0.30104166666666676
3 0.509375 0.22812500000000005 0.4921875 0.22812500000000005 0.4921875 0.28020833333333345 0.509375 0.28020833333333345
3 0.5609375 0.24062500000000012 0.54609375 0.24062500000000012 0.54609375 0.27708333333333346 0.5609375 0.27708333333333346
3 0.55859375 0.22708333333333341 0.54375 0.2270833333333334 0.54375 0.2593750000000001 0.55859375 0.25937500000000013
3 0.55859375 0.2062500000000001 0.54375 0.20625000000000007 0.54375 0.24166666666666675 0.55859375 0.24166666666666678
3 0.5390625 0.20520833333333338 0.52421875 0.20520833333333338 0.52421875 0.2510416666666667 0.5390625 0.2510416666666667
3 0.525 0.18437500000000007 0.51484375 0.18437500000000007 0.51484375 0.21562500000000007 0.525 0.21562500000000007
3 0.49375 0.1677083333333334 0.48203125 0.1677083333333334 0.48203125 0.2083333333333334 0.49375 0.2083333333333334
3 0.5296875 0.16041666666666674 0.52265625 0.16041666666666674 0.52265625 0.1927083333333334 0.5296875 0.1927083333333334
3 0.521875 0.15937500000000007 0.51328125 0.15937500000000007 0.51328125 0.18541666666666673 0.521875 0.18541666666666673
3 0.5046875 0.15312500000000007 0.49921875 0.15312500000000007 0.49921875 0.18125000000000005 0.5046875 0.18125000000000005
3 0.50859375 0.14791666666666672 0.5015625 0.14791666666666672 0.5015625 0.17395833333333338 0.50859375 0.17395833333333338
3 0.5125 0.14166666666666672 0.50546875 0.14166666666666672 0.50546875 0.16979166666666673 0.5125 0.16979166666666673
3 0.5203125 0.14479166666666674 0.51328125 0.14479166666666674 0.51328125 0.1677083333333334 0.5203125 0.1677083333333334
3 0.50703125 0.1312500000000001 0.49921875 0.1312500000000001 0.49921875 0.15000000000000005 0.50703125 0.15000000000000005
3 0.50703125 0.10833333333333342 0.49765625 0.10833333333333342 0.49765625 0.12916666666666676 0.50703125 0.12916666666666676
3 0.50390625 0.11979166666666675 0.49453125 0.11979166666666675 0.49453125 0.13854166666666673 0.50390625 0.13854166666666673
0 0.484375 0.1520833333333334 0.46015625 0.1520833333333334 0.46015625 0.19375000000000006 0.484375 0.19375000000000006
0 0.578125 0.2666666666666668 0.53671875 0.2666666666666668 0.53671875 0.3354166666666668 0.578125 0.3354166666666668
0 0.6140625 0.6114583333333333 0.53359375 0.6114583333333333 0.53359375 0.7864583333333334 0.6140625 0.7864583333333334
0 0.6468750000000001 0.775 0.5375 0.775 0.5375000000000001 1 0.6468750000000002 1
0 0.82578125 0.9281250000000001 0.725 0.928125 0.7250000000000001 1.0000000000000002 0.82578125 1.0000000000000002
0 0.4984375 0.1062500000000001 0.47421875 0.1062500000000001 0.47421875 0.12083333333333342 0.4984375 0.12083333333333342
1 0.4984375 0.11562500000000009 0.475 0.11562500000000009 0.475 0.1677083333333334 0.4984375 0.1677083333333334