3 0.1671875000000001 0.7625 0.11093750000000009 0.7625 0.11093750000000009 0.9354166666666667 0.1671875000000001 0.9354166666666667
3 0.2914062500000001 0.8177083333333334 0.2609375000000001 0.8177083333333334 0.2609375000000001 0.953125 0.2914062500000001 0.953125
3 0.2710937500000001 0.5864583333333333 0.2453125000000001 0.5864583333333333 0.2453125000000001 0.6947916666666667 0.2710937500000001 0.6947916666666667
3 0.40078125 0.4250000000000001 0.3828125 0.4250000000000001 0.38281250000000006 0.5020833333333334 0.40078125 0.5020833333333334
3 0.403125 0.3854166666666668 0.38359375 0.3854166666666668 0.38359375 0.4479166666666668 0.403125 0.4479166666666668
3 0.37578125 0.36979166666666674 0.34609375 0.3697916666666667 0.34609375 0.45104166666666673 0.37578125 0.4510416666666668
3 0.4828125 0.55 0.4265625 0.55 0.4265625 0.7427083333333333 0.4828125 0.7427083333333333
0 0.428125 0.30104166666666676 0.3984375 0.30104166666666676 0.3984375 0.3781250000000001 0.428125 0.3781250000000001
0 0.46796875 0.3281250000000001 0.43203125 0.3281250000000001 0.43203125 0.3979166666666668 0.46796875 0.3979166666666668
0 0.51484375 0.3020833333333334 0.47734375 0.3020833333333334 0.47734375 0.38125000000000014 0.51484375 0.38125000000000014
3 0.453125 0.26979166666666676 0.43828125 0.26979166666666676 0.43828125 0.31666666666666676 0.453125 0.31666666666666676
3 0.425 0.2687500000000001 0.41171875 0.2687500000000001 0.41171875 0.30520833333333347 0.425 0.30520833333333347
3 0.4296875 0.2510416666666667 0.4171875 0.2510416666666667 0.4171875 0.2864583333333334 0.4296875 0.2864583333333334
3 0.5234375 0.22604166666666672 0.5140625 0.22604166666666672 0.5140625 0.2593750000000001 0.5234375 0.2593750000000001
3 0.51953125 0.19375000000000006 0.509375 0.19375000000000006 0.509375 0.22604166666666672 0.51953125 0.22604166666666672
0 0.484375 0.20729166666666674 0.4609375 0.20729166666666674 0.4609375 0.2583333333333334 0.484375 0.2583333333333334
3 0.50234375 0.19375000000000006 0.49375 0.19375000000000006 0.49375 0.22500000000000006 0.50234375 0.22500000000000006
3 0.4640625 0.20104166666666673 0.4578125 0.20104166666666673 0.4578125 0.22604166666666672 0.4640625 0.22604166666666672
3 0.47578125 0.1958333333333334 0.46796875 0.1958333333333334 0.46796875 0.21041666666666672 0.47578125 0.21041666666666672
3 0.4796875 0.1927083333333334 0.47578125 0.1927083333333334 0.47578125 0.20416666666666672 0.4796875 0.20416666666666672
3 0.4828125 0.1666666666666667 0.478125 0.1666666666666667 0.478125 0.18437500000000007 0.4828125 0.18437500000000007
3 0.50390625 0.16979166666666673 0.496875 0.16979166666666673 0.496875 0.1958333333333334 0.50390625 0.1958333333333334
3 0.51171875 0.14791666666666672 0.5078125 0.14791666666666672 0.5078125 0.17500000000000007 0.51171875 0.17500000000000007
3 0.50234375 0.15833333333333338 0.49921875 0.15833333333333338 0.49921875 0.1677083333333334 0.50234375 0.1677083333333334
3 0.49453125 0.1520833333333334 0.4890625 0.1520833333333334 0.4890625 0.17291666666666672 0.49453125 0.17291666666666672
3 0.48828125 0.1552083333333334 0.48125 0.1552083333333334 0.48125 0.1770833333333334 0.48828125 0.1770833333333334
3 0.4953125 0.14479166666666674 0.4890625 0.14479166666666674 0.4890625 0.15937500000000007 0.4953125 0.15937500000000007
3 0.53125 0.1666666666666667 0.525 0.1666666666666667 0.525 0.1927083333333334 0.53125 0.1927083333333334
3 0.5234375 0.15729166666666672 0.51875 0.15729166666666672 0.51875 0.1864583333333334 0.5234375 0.1864583333333334
3 0.51640625 0.15416666666666673 0.5125 0.15416666666666673 0.5125 0.18125000000000005 0.51640625 0.18125000000000005
3 0.5125 0.1333333333333334 0.50859375 0.1333333333333334 0.50859375 0.15312500000000007 0.5125 0.15312500000000007
3 0.5078125 0.13437500000000005 0.50234375 0.13437500000000005 0.50234375 0.15416666666666673 0.5078125 0.15416666666666673
3 0.51328125 0.1281250000000001 0.51015625 0.1281250000000001 0.51015625 0.1395833333333334 0.51328125 0.1395833333333334
3 0.5 0.10833333333333342 0.49609375 0.10833333333333342 0.49609375 0.12916666666666676 0.5 0.12916666666666676
3 0.51015625 0.10416666666666675 0.50625 0.10416666666666675 0.50625 0.11979166666666675 0.51015625 0.11979166666666675
3 0.50234375 0.09479166666666676 0.5 0.09479166666666676 0.5 0.10833333333333342 0.50234375 0.10833333333333342
3 0.4984375 0.10208333333333343 0.4953125 0.10208333333333343 0.4953125 0.11562500000000009 0.4984375 0.11562500000000009
3 0.4953125 0.09479166666666676 0.4921875 0.09479166666666676 0.4921875 0.1062500000000001 0.4953125 0.1062500000000001