3 0.40312500000000007 0.9645833333333333 0.3695312500000001 0.9645833333333333 0.3695312500000001 1 0.4031250000000002 1
3 0.09921875000000009 0.915625 0.03671875000000009 0.915625 0.03671875000000009 1 0.09921875000000009 1
3 0.22812500000000008 0.6479166666666667 0.19453125000000004 0.6479166666666667 0.19453125000000007 0.7541666666666667 0.22812500000000008 0.7541666666666667
3 0.22031250000000008 0.7114583333333333 0.17734375000000005 0.7114583333333333 0.17734375000000008 0.8072916666666666 0.22031250000000008 0.8072916666666666
3 0.28203125000000007 0.546875 0.2429687500000001 0.546875 0.2429687500000001 0.6760416666666667 0.28203125000000007 0.6760416666666667
3 0.44609375 0.43958333333333344 0.42421875 0.43958333333333344 0.42421875 0.5052083333333335 0.44609375 0.5052083333333335
3 0.46953125 0.4479166666666668 0.45234375 0.4479166666666668 0.45234375 0.49895833333333345 0.46953125 0.49895833333333345
3 0.49609375 0.43958333333333344 0.47421875 0.43958333333333344 0.47421875 0.4843750000000001 0.49609375 0.4843750000000001
3 0.49765625 0.4739583333333334 0.47578125 0.4739583333333334 0.47578125 0.5135416666666668 0.49765625 0.5135416666666668
3 0.509375 0.5208333333333335 0.4890625 0.5208333333333335 0.4890625 0.6010416666666667 0.509375 0.6010416666666667
3 0.51796875 0.4114583333333334 0.49296875 0.4114583333333334 0.49296875 0.48333333333333345 0.51796875 0.48333333333333345
3 0.5125 0.3645833333333334 0.49921875 0.3645833333333334 0.49921875 0.41770833333333346 0.5125 0.41770833333333346
3 0.49609375 0.3906250000000001 0.484375 0.3906250000000001 0.484375 0.4531250000000001 0.49609375 0.4531250000000001
3 0.48125 0.37708333333333344 0.4671875 0.37708333333333344 0.4671875 0.42083333333333345 0.48125 0.42083333333333345
3 0.4765625 0.4031250000000001 0.459375 0.4031250000000001 0.459375 0.4791666666666668 0.4765625 0.4791666666666668
3 0.47421875 0.35208333333333347 0.45390625 0.35208333333333347 0.45390625 0.4072916666666668 0.47421875 0.4072916666666668
3 0.44375 0.3406250000000001 0.42421875 0.3406250000000001 0.42421875 0.3822916666666668 0.44375 0.3822916666666668
3 0.415625 0.3385416666666668 0.4046875 0.3385416666666668 0.4046875 0.36145833333333344 0.415625 0.36145833333333344
3 0.40859375 0.3229166666666668 0.3953125 0.3229166666666668 0.3953125 0.35833333333333345 0.40859375 0.35833333333333345
3 0.38046875 0.33020833333333344 0.36875 0.33020833333333344 0.36875 0.3562500000000001 0.38046875 0.3562500000000001
3 0.3984375 0.3177083333333334 0.3859375 0.3177083333333334 0.3859375 0.3593750000000001 0.3984375 0.3593750000000001
3 0.403125 0.2885416666666668 0.3890625 0.2885416666666668 0.3890625 0.31666666666666676 0.403125 0.31666666666666676
3 0.41328125 0.26979166666666676 0.39921875 0.26979166666666676 0.39921875 0.3093750000000001 0.41328125 0.3093750000000001
3 0.44609375 0.3093750000000001 0.4296875 0.3093750000000001 0.4296875 0.3416666666666668 0.44609375 0.3416666666666668
3 0.4359375 0.3020833333333334 0.4203125 0.3020833333333334 0.4203125 0.3437500000000001 0.4359375 0.3437500000000001
3 0.49296875 0.2885416666666668 0.475 0.2885416666666668 0.475 0.3333333333333334 0.49296875 0.3333333333333334
3 0.48359375 0.3125000000000001 0.46953125 0.3125000000000001 0.46953125 0.37083333333333346 0.48359375 0.37083333333333346
3 0.4890625 0.2645833333333334 0.475 0.2645833333333334 0.475 0.28958333333333347 0.4890625 0.28958333333333347
3 0.459375 0.29583333333333345 0.44609375 0.29583333333333345 0.44609375 0.34583333333333344 0.459375 0.34583333333333344
3 0.47265625 0.29895833333333344 0.45078125 0.29895833333333344 0.45078125 0.3406250000000001 0.47265625 0.3406250000000001
3 0.465625 0.3281250000000001 0.453125 0.3281250000000001 0.453125 0.37708333333333344 0.465625 0.37708333333333344
3 0.48046875 0.2791666666666668 0.46484375 0.2791666666666668 0.46484375 0.3333333333333334 0.48046875 0.3333333333333334
3 0.45859375 0.2781250000000001 0.44296875 0.2781250000000001 0.44296875 0.31458333333333344 0.45859375 0.31458333333333344
3 0.45625 0.25000000000000006 0.440625 0.25000000000000006 0.440625 0.2812500000000001 0.45625 0.2812500000000001
3 0.4453125 0.2395833333333334 0.43046875 0.2395833333333334 0.43046875 0.26354166666666673 0.4453125 0.26354166666666673
3 0.428125 0.2489583333333334 0.41171875 0.2489583333333334 0.41171875 0.27500000000000013 0.428125 0.27500000000000013
3 0.50859375 0.16875000000000007 0.5 0.16875000000000007 0.5 0.19062500000000007 0.50859375 0.19062500000000007
3 0.44765625 0.21250000000000005 0.44140625 0.21250000000000005 0.44140625 0.24687500000000007 0.44765625 0.24687500000000007
3 0.46328125 0.2177083333333334 0.44765625 0.2177083333333334 0.44765625 0.2510416666666667 0.46328125 0.2510416666666667
3 0.4703125 0.20000000000000007 0.4640625 0.20000000000000007 0.4640625 0.23229166666666673 0.4703125 0.23229166666666673
3 0.478125 0.2020833333333334 0.46875 0.2020833333333334 0.46875 0.2302083333333334 0.478125 0.2302083333333334
3 0.4875 0.19166666666666674 0.478125 0.19166666666666674 0.478125 0.2177083333333334 0.4875 0.2177083333333334
3 0.49765625 0.18854166666666672 0.490625 0.18854166666666672 0.490625 0.20625000000000007 0.49765625 0.20625000000000007
3 0.5015625 0.17604166666666674 0.49453125 0.17604166666666674 0.49453125 0.20000000000000007 0.5015625 0.20000000000000007
3 0.46171875 0.20625000000000007 0.4515625 0.20625000000000007 0.4515625 0.2239583333333334 0.46171875 0.2239583333333334
3 0.45390625 0.1989583333333334 0.44375 0.1989583333333334 0.44375 0.22291666666666674 0.45390625 0.22291666666666674
3 0.4625 0.1864583333333334 0.45390625 0.1864583333333334 0.45390625 0.20416666666666672 0.4625 0.20416666666666672
3 0.47578125 0.18854166666666672 0.4625 0.18854166666666672 0.4625 0.20937500000000006 0.47578125 0.20937500000000006
3 0.49921875 0.15729166666666672 0.49453125 0.15729166666666672 0.49453125 0.17916666666666672 0.49921875 0.17916666666666672
3 0.490625 0.1520833333333334 0.48359375 0.1520833333333334 0.48359375 0.17395833333333338 0.490625 0.17395833333333338
3 0.49375 0.1708333333333334 0.4828125 0.1708333333333334 0.4828125 0.19166666666666674 0.49375 0.19166666666666674
3 0.48046875 0.15625000000000006 0.47265625 0.15625000000000006 0.47265625 0.1708333333333334 0.48046875 0.1708333333333334
3 0.48046875 0.1708333333333334 0.46875 0.1708333333333334 0.46875 0.18854166666666672 0.48046875 0.18854166666666672
3 0.471875 0.16562500000000005 0.4609375 0.16562500000000005 0.4609375 0.18854166666666672 0.471875 0.18854166666666672
2 0.55078125 0.1312500000000001 0.51171875 0.1312500000000001 0.51171875 0.22604166666666675 0.55078125 0.22604166666666678
2 0.5359375 0.1979166666666667 0.49375 0.1979166666666667 0.49375 0.3104166666666668 0.5359375 0.3104166666666668
2 0.509375 0.49895833333333345 0.3937500000000001 0.49895833333333345 0.3937500000000001 0.83125 0.509375 0.83125
2 0.43046875 0.35416666666666674 0.26171875 0.3541666666666667 0.26171875000000006 0.8083333333333333 0.43046875 0.8083333333333333
0 0.2484375000000001 0.7895833333333333 0.10468750000000009 0.7895833333333333 0.10468750000000009 1 0.2484375000000001 1
0 0.459375 0.37708333333333344 0.40703125 0.37708333333333344 0.40703125 0.47291666666666676 0.459375 0.47291666666666676
0 0.52265625 0.30312500000000014 0.47890625 0.30312500000000014 0.47890625 0.3979166666666668 0.52265625 0.3979166666666668
0 0.44609375 0.2614583333333334 0.40703125 0.2614583333333334 0.40703125 0.3291666666666668 0.44609375 0.3291666666666668
0 0.4859375 0.22812500000000005 0.4578125 0.22812500000000005 0.4578125 0.2822916666666668 0.4859375 0.2822916666666668
0 0.5 0.20625000000000007 0.4796875 0.20625000000000007 0.4796875 0.25625000000000003 0.5 0.25625000000000003