2 0.6109375 0.48333333333333345 0.503125 0.48333333333333345 0.503125 0.8864583333333333 0.6109375 0.8864583333333333
3 0.8765625 0.7895833333333335 0.82734375 0.7895833333333335 0.82734375 0.9458333333333335 0.8765625 0.9458333333333335
0 0.73046875 0.5093750000000001 0.6390625 0.5093750000000001 0.6390625 0.6802083333333334 0.73046875 0.6802083333333335
0 0.653125 0.38437500000000013 0.59453125 0.38437500000000013 0.59453125 0.5031250000000002 0.653125 0.5031250000000002
0 0.50078125 0.2458333333333334 0.47265625 0.2458333333333334 0.47265625 0.3020833333333334 0.50078125 0.3020833333333334
0 0.5515625 0.24270833333333341 0.5171875 0.2427083333333334 0.5171875 0.30833333333333346 0.5515625 0.30833333333333346
3 0.58984375 0.27395833333333347 0.57421875 0.27395833333333347 0.57421875 0.3281250000000001 0.58984375 0.3281250000000001
3 0.5671875 0.23958333333333345 0.55546875 0.23958333333333345 0.55546875 0.28020833333333345 0.5671875 0.28020833333333345
3 0.5546875 0.2135416666666668 0.54453125 0.2135416666666668 0.54453125 0.2500000000000001 0.5546875 0.2500000000000001
3 0.5109375 0.21562500000000007 0.49765625 0.21562500000000007 0.49765625 0.25625000000000003 0.5109375 0.25625000000000003
3 0.5203125 0.17916666666666672 0.5078125 0.17916666666666672 0.5078125 0.2135416666666667 0.5203125 0.2135416666666667
3 0.528125 0.16354166666666672 0.5171875 0.16354166666666672 0.5171875 0.1927083333333334 0.528125 0.1927083333333334
3 0.5140625 0.14166666666666672 0.50703125 0.14166666666666672 0.50703125 0.1708333333333334 0.5140625 0.1708333333333334
3 0.4953125 0.14270833333333338 0.4890625 0.14270833333333338 0.4890625 0.1645833333333334 0.4953125 0.1645833333333334
3 0.4703125 0.1458333333333334 0.4625 0.1458333333333334 0.4625 0.17187500000000006 0.4703125 0.17187500000000006
3 0.47421875 0.1520833333333334 0.4671875 0.1520833333333334 0.4671875 0.1822916666666667 0.47421875 0.1822916666666667
3 0.48046875 0.1333333333333334 0.4734375 0.1333333333333334 0.4734375 0.15625000000000006 0.48046875 0.15625000000000006
3 0.49296875 0.1312500000000001 0.48671875 0.1312500000000001 0.48671875 0.14687500000000006 0.49296875 0.14687500000000006
3 0.48515625 0.10312500000000009 0.48046875 0.10312500000000009 0.48046875 0.11979166666666675 0.48515625 0.11979166666666675
3 0.490625 0.10833333333333342 0.48671875 0.10833333333333342 0.48671875 0.12916666666666676 0.490625 0.12916666666666676
3 0.49453125 0.10520833333333342 0.48984375 0.10520833333333342 0.48984375 0.12500000000000008 0.49453125 0.12500000000000008
3 0.50234375 0.11250000000000009 0.49609375 0.11250000000000009 0.49609375 0.1312500000000001 0.50234375 0.1312500000000001
3 0.50234375 0.09583333333333342 0.4984375 0.09583333333333342 0.4984375 0.11145833333333342 0.50234375 0.11145833333333342
3 0.50234375 0.08750000000000009 0.49921875 0.08750000000000009 0.49921875 0.10000000000000009 0.50234375 0.10000000000000009
3 0.5078125 0.08541666666666675 0.50390625 0.08541666666666675 0.50390625 0.10000000000000009 0.5078125 0.10000000000000009