3 0.5078125000000001 0.8302083333333333 0.46171875 0.8302083333333333 0.46171875000000007 0.9677083333333333 0.5078125000000002 0.9677083333333333
3 0.4546875 0.8260416666666667 0.4078125 0.8260416666666667 0.4078125 0.940625 0.4546875 0.940625
3 0.409375 0.8145833333333333 0.3609375000000001 0.8145833333333333 0.3609375000000001 0.965625 0.409375 0.965625
3 0.3789062500000001 0.871875 0.3398437500000001 0.871875 0.3398437500000001 1 0.3789062500000001 1
3 0.13046875000000008 0.8458333333333333 0.08515625000000007 0.8458333333333333 0.08515625000000007 0.9822916666666667 0.13046875000000008 0.9822916666666667
0 0.2554687500000001 0.7447916666666666 0.1281250000000001 0.7447916666666666 0.1281250000000001 1 0.2554687500000001 1
3 0.17187500000000008 0.778125 0.12656250000000008 0.778125 0.12656250000000008 0.921875 0.17187500000000008 0.921875
3 0.2921875000000001 0.70625 0.2609375000000001 0.70625 0.2609375000000001 0.8145833333333333 0.2921875000000001 0.8145833333333333
3 0.52109375 0.571875 0.48359375 0.571875 0.48359375 0.6916666666666667 0.52109375 0.6916666666666667
3 0.4328125 0.5239583333333334 0.4078125 0.5239583333333334 0.4078125 0.5979166666666667 0.4328125 0.5979166666666667
0 0.421875 0.5312500000000001 0.3500000000000001 0.53125 0.3500000000000001 0.6666666666666666 0.421875 0.6666666666666666
3 0.3859375000000001 0.5229166666666668 0.3703125000000001 0.5229166666666668 0.3703125000000001 0.546875 0.3859375000000001 0.546875
0 0.52734375 0.3541666666666668 0.4734375 0.3541666666666668 0.4734375 0.44583333333333347 0.52734375 0.44583333333333347
0 0.52890625 0.29583333333333345 0.484375 0.29583333333333345 0.484375 0.3593750000000001 0.52890625 0.3593750000000001
3 0.49609375 0.30625000000000013 0.478125 0.30625000000000013 0.478125 0.35833333333333345 0.49609375 0.35833333333333345
3 0.53125 0.28541666666666676 0.51328125 0.28541666666666676 0.51328125 0.33437500000000014 0.53125 0.33437500000000014
2 0.5453125 0.18229166666666677 0.48515625 0.1822916666666667 0.48515625 0.31145833333333345 0.5453125 0.31145833333333345
3 0.50625 0.28541666666666676 0.49375 0.28541666666666676 0.49375 0.3125000000000001 0.50625 0.3125000000000001
0 0.47890625 0.29270833333333346 0.45078125 0.29270833333333346 0.45078125 0.3437500000000001 0.47890625 0.3437500000000001
3 0.4484375 0.2781250000000001 0.44140625 0.2781250000000001 0.44140625 0.3125000000000001 0.4484375 0.3125000000000001
3 0.4578125 0.26562500000000006 0.45078125 0.26562500000000006 0.45078125 0.2968750000000001 0.4578125 0.2968750000000001
0 0.4890625 0.21666666666666673 0.4578125 0.21666666666666673 0.4578125 0.26562500000000006 0.4890625 0.26562500000000006
3 0.465625 0.2489583333333334 0.45078125 0.2489583333333334 0.45078125 0.2687500000000001 0.465625 0.2687500000000001
3 0.515625 0.16562500000000005 0.50703125 0.16562500000000005 0.50703125 0.18958333333333338 0.515625 0.18958333333333338
0 0.54765625 0.1625000000000001 0.53203125 0.16250000000000006 0.53203125 0.18645833333333342 0.54765625 0.18645833333333345
0 0.5453125 0.15104166666666677 0.53125 0.1510416666666667 0.53125 0.16979166666666676 0.5453125 0.16979166666666679
3 0.53359375 0.14479166666666674 0.5234375 0.14479166666666674 0.5234375 0.17187500000000006 0.53359375 0.17187500000000006
3 0.521875 0.1510416666666667 0.51640625 0.1510416666666667 0.51640625 0.16250000000000006 0.521875 0.16250000000000006
3 0.51484375 0.14479166666666674 0.5109375 0.14479166666666674 0.5109375 0.15729166666666672 0.51484375 0.15729166666666672
0 0.5015625 0.1927083333333334 0.4796875 0.1927083333333334 0.4796875 0.23645833333333338 0.5015625 0.23645833333333338
3 0.475 0.17291666666666672 0.465625 0.17291666666666672 0.465625 0.2020833333333334 0.475 0.2020833333333334
3 0.484375 0.16979166666666673 0.47578125 0.16979166666666673 0.47578125 0.19166666666666674 0.484375 0.19166666666666674
0 0.54453125 0.13437500000000008 0.53359375 0.13437500000000005 0.53359375 0.15000000000000008 0.54453125 0.1500000000000001
0 0.54453125 0.12500000000000008 0.534375 0.12500000000000008 0.534375 0.13958333333333342 0.54453125 0.13958333333333345
3 0.53359375 0.11875000000000009 0.528125 0.11875000000000009 0.528125 0.1333333333333334 0.53359375 0.1333333333333334
3 0.52734375 0.13020833333333343 0.5203125 0.13020833333333343 0.5203125 0.14479166666666674 0.52734375 0.14479166666666674
3 0.52265625 0.11145833333333342 0.51484375 0.11145833333333342 0.51484375 0.1312500000000001 0.52265625 0.1312500000000001
3 0.51640625 0.1270833333333334 0.51015625 0.1270833333333334 0.51015625 0.14791666666666672 0.51640625 0.14791666666666672
3 0.50234375 0.14166666666666672 0.4921875 0.14166666666666672 0.4921875 0.1666666666666667 0.50234375 0.1666666666666667
0 0.49765625 0.1520833333333334 0.47890625 0.1520833333333334 0.47890625 0.18125000000000005 0.49765625 0.18125000000000005
3 0.48984375 0.13750000000000007 0.484375 0.13750000000000007 0.484375 0.1520833333333334 0.48984375 0.1520833333333334
3 0.51015625 0.09479166666666676 0.4984375 0.09479166666666676 0.4984375 0.11562500000000009 0.51015625 0.11562500000000009
0 0.4859375000000001 0.909375 0.39921875000000007 0.909375 0.39921875000000007 0.996875 0.4859375000000002 0.996875
0 0.3453125000000001 0.8322916666666667 0.20703125000000008 0.8322916666666667 0.20703125000000008 1 0.3453125000000001 1
0 0.3828125000000001 0.6260416666666667 0.2851562500000001 0.6260416666666667 0.2851562500000001 0.8354166666666667 0.3828125000000001 0.8354166666666667
0 0.49453125 0.6239583333333333 0.4125 0.6239583333333333 0.4125 0.846875 0.49453125 0.846875
0 0.5046875 0.5083333333333334 0.4328125 0.5083333333333334 0.4328125 0.6302083333333334 0.5046875 0.6302083333333334
0 0.3335937500000001 0.5635416666666667 0.2312500000000001 0.5635416666666667 0.2312500000000001 0.7385416666666667 0.3335937500000001 0.7385416666666667
0 0.37109375000000006 0.4770833333333334 0.2984375 0.47708333333333336 0.2984375 0.5895833333333333 0.3710937500000001 0.5895833333333333
0 0.38203125000000004 0.4072916666666667 0.31875 0.40729166666666666 0.31875000000000003 0.5052083333333334 0.3820312500000001 0.5052083333333335
0 0.41875 0.3562500000000001 0.3640625 0.3562500000000001 0.3640625 0.4500000000000001 0.41875 0.4500000000000001
0 0.51484375 0.4093750000000001 0.4421875 0.4093750000000001 0.4421875 0.49895833333333345 0.51484375 0.49895833333333345
0 0.49140625 0.2541666666666667 0.46484375 0.2541666666666667 0.46484375 0.30833333333333346 0.49140625 0.30833333333333346
0 0.45546875 0.23229166666666673 0.4328125 0.23229166666666673 0.4328125 0.28333333333333344 0.45546875 0.28333333333333344
0 0.45078125 0.21041666666666672 0.4265625 0.21041666666666672 0.4265625 0.2510416666666667 0.45078125 0.2510416666666667
0 0.4625 0.1989583333333334 0.44453125 0.1989583333333334 0.44453125 0.23854166666666674 0.4625 0.23854166666666674
1 0.43984375 0.2239583333333334 0.34765625 0.2239583333333334 0.34765625 0.3895833333333334 0.43984375 0.38958333333333345