0 0.4726562500000001 0.8489583333333334 0.3570312500000001 0.8489583333333334 0.3570312500000001 1 0.47265625000000017 1
0 0.3234375000000001 0.5541666666666667 0.2078125000000001 0.5541666666666667 0.2078125000000001 0.7479166666666667 0.3234375000000001 0.7479166666666667
0 0.48828125 0.4447916666666668 0.4046875 0.4447916666666668 0.4046875 0.6229166666666667 0.48828125 0.6229166666666667
0 0.515625 0.35833333333333345 0.475 0.35833333333333345 0.475 0.4791666666666668 0.515625 0.4791666666666668
0 0.43203125 0.3833333333333334 0.36171875 0.38333333333333336 0.36171875000000003 0.5020833333333334 0.43203125 0.5020833333333334
2 0.5265625 0.21979166666666672 0.47578125 0.21979166666666672 0.47578125 0.3510416666666668 0.5265625 0.3510416666666668
0 0.47109375 0.2520833333333334 0.43828125 0.2520833333333334 0.43828125 0.3333333333333334 0.47109375 0.3333333333333334
0 0.440625 0.2489583333333334 0.4125 0.2489583333333334 0.4125 0.30625000000000013 0.440625 0.30625000000000013
0 0.465625 0.20000000000000007 0.43671875 0.20000000000000007 0.43671875 0.23750000000000007 0.465625 0.23750000000000007
0 0.48984375 0.2083333333333334 0.46484375 0.2083333333333334 0.46484375 0.25729166666666675 0.48984375 0.25729166666666675
0 0.53125 0.17812500000000006 0.51015625 0.17812500000000006 0.51015625 0.24062500000000006 0.53125 0.24062500000000006
3 0.43828125 0.23645833333333338 0.4234375 0.23645833333333338 0.4234375 0.2614583333333334 0.43828125 0.2614583333333334
3 0.46171875 0.25000000000000006 0.4484375 0.25000000000000006 0.4484375 0.2729166666666668 0.46171875 0.2729166666666668
3 0.46640625 0.2145833333333334 0.45234375 0.2145833333333334 0.45234375 0.25000000000000006 0.46640625 0.25000000000000006
3 0.48203125 0.20000000000000007 0.46796875 0.20000000000000007 0.46796875 0.21875000000000006 0.48203125 0.21875000000000006
3 0.4859375 0.19166666666666674 0.478125 0.19166666666666674 0.478125 0.21666666666666673 0.4859375 0.21666666666666673
3 0.49453125 0.17916666666666672 0.48515625 0.17916666666666672 0.48515625 0.2020833333333334 0.49453125 0.2020833333333334
3 0.47109375 0.17812500000000006 0.4609375 0.17812500000000006 0.4609375 0.20520833333333338 0.47109375 0.20520833333333338
3 0.48046875 0.16875000000000007 0.47578125 0.16875000000000007 0.47578125 0.18437500000000007 0.48046875 0.18437500000000007
3 0.4734375 0.16562500000000005 0.46640625 0.16562500000000005 0.46640625 0.18541666666666673 0.4734375 0.18541666666666673
3 0.4828125 0.1770833333333334 0.4765625 0.1770833333333334 0.4765625 0.1927083333333334 0.4828125 0.1927083333333334
3 0.49609375 0.16250000000000006 0.4921875 0.16250000000000006 0.4921875 0.1833333333333334 0.49609375 0.1833333333333334
3 0.48828125 0.16354166666666672 0.48359375 0.16354166666666672 0.48359375 0.1833333333333334 0.48828125 0.1833333333333334
3 0.52265625 0.1395833333333334 0.5125 0.1395833333333334 0.5125 0.1520833333333334 0.52265625 0.1520833333333334
3 0.53515625 0.14479166666666674 0.52265625 0.14479166666666674 0.52265625 0.17187500000000006 0.53515625 0.17187500000000006
3 0.52109375 0.1510416666666667 0.5125 0.1510416666666667 0.5125 0.17395833333333338 0.52109375 0.17395833333333338
3 0.50859375 0.15000000000000005 0.50234375 0.15000000000000005 0.50234375 0.16562500000000005 0.50859375 0.16562500000000005
3 0.48671875 0.1333333333333334 0.475 0.1333333333333334 0.475 0.1645833333333334 0.48671875 0.1645833333333334
3 0.49453125 0.13750000000000007 0.4828125 0.13750000000000007 0.4828125 0.15312500000000007 0.49453125 0.15312500000000007
3 0.50078125 0.12083333333333342 0.484375 0.12083333333333342 0.484375 0.1364583333333334 0.50078125 0.1364583333333334
3 0.50859375 0.11354166666666675 0.4984375 0.11354166666666675 0.4984375 0.12604166666666675 0.50859375 0.12604166666666675
3 0.528125 0.11250000000000009 0.51953125 0.11250000000000009 0.51953125 0.13854166666666673 0.528125 0.13854166666666673
3 0.54921875 0.12604166666666675 0.5375 0.12604166666666675 0.5375 0.1437500000000001 0.54921875 0.14375000000000013
3 0.5453125 0.11354166666666675 0.5359375 0.11354166666666675 0.5359375 0.1281250000000001 0.5453125 0.1281250000000001
3 0.53046875 0.10312500000000009 0.52109375 0.10312500000000009 0.52109375 0.11770833333333343 0.53046875 0.11770833333333343
3 0.5171875 0.11041666666666676 0.509375 0.11041666666666676 0.509375 0.12291666666666676 0.5171875 0.12291666666666676
3 0.50234375 0.09479166666666676 0.496875 0.09479166666666676 0.496875 0.10833333333333342 0.50234375 0.10833333333333342
3 0.4984375 0.10833333333333342 0.4890625 0.10833333333333342 0.4890625 0.1218750000000001 0.4984375 0.1218750000000001
3 0.4953125 0.10104166666666675 0.48671875 0.10104166666666675 0.48671875 0.10937500000000008 0.4953125 0.10937500000000008
3 0.51015625 0.09791666666666675 0.50546875 0.09791666666666675 0.50546875 0.11354166666666675 0.51015625 0.11354166666666675
3 0.5 0.07708333333333342 0.49296875 0.07708333333333342 0.49296875 0.0906250000000001 0.5 0.0906250000000001
0 0.509375 0.08125000000000009 0.5015625 0.08125000000000009 0.5015625 0.0906250000000001 0.509375 0.0906250000000001
0 0.51875 0.08437500000000009 0.5109375 0.08437500000000009 0.5109375 0.09791666666666675 0.51875 0.09791666666666675
0 0.5234375 0.09687500000000009 0.51015625 0.09687500000000009 0.51015625 0.10833333333333342 0.5234375 0.10833333333333342
0 0.51015625 0.08958333333333342 0.49921875 0.08958333333333342 0.49921875 0.09895833333333343 0.51015625 0.09895833333333343
0 0.51328125 0.09479166666666676 0.50390625 0.09479166666666676 0.50390625 0.10833333333333342 0.51328125 0.10833333333333342
0 0.53203125 0.09687500000000009 0.5203125 0.09687500000000009 0.5203125 0.10937500000000008 0.53203125 0.10937500000000008
0 0.540625 0.10208333333333343 0.52890625 0.10208333333333343 0.52890625 0.11770833333333343 0.540625 0.11770833333333343
0 0.5359375 0.11770833333333343 0.5265625 0.11770833333333343 0.5265625 0.12916666666666676 0.5359375 0.12916666666666676
0 0.52109375 0.12291666666666676 0.51015625 0.12291666666666676 0.51015625 0.14166666666666672 0.52109375 0.14166666666666672
0 0.52109375 0.11041666666666676 0.51171875 0.11041666666666676 0.51171875 0.1218750000000001 0.52109375 0.1218750000000001
0 0.51328125 0.1281250000000001 0.49765625 0.1281250000000001 0.49765625 0.15625000000000006 0.51328125 0.15625000000000006
0 0.54140625 0.1281250000000001 0.52578125 0.1281250000000001 0.52578125 0.1489583333333334 0.54140625 0.1489583333333334
0 0.546875 0.15208333333333343 0.53046875 0.1520833333333334 0.53046875 0.18333333333333343 0.546875 0.18333333333333346
0 0.515625 0.16354166666666672 0.4984375 0.16354166666666672 0.4984375 0.18750000000000006 0.515625 0.18750000000000006
0 0.5359375 0.1666666666666667 0.51796875 0.1666666666666667 0.51796875 0.19687500000000005 0.5359375 0.19687500000000005
0 0.5046875 0.1458333333333334 0.48125 0.1458333333333334 0.48125 0.1802083333333334 0.5046875 0.1802083333333334
0 0.5375 0.17812500000000006 0.5109375 0.17812500000000006 0.5109375 0.2489583333333334 0.5375 0.2489583333333334
0 0.5078125 0.1802083333333334 0.48828125 0.1802083333333334 0.48828125 0.22500000000000006 0.5078125 0.22500000000000006
0 0.46484375 0.19479166666666672 0.44296875 0.19479166666666672 0.44296875 0.23125000000000007 0.46484375 0.23125000000000007
3 0.45859375 0.18437500000000007 0.4484375 0.18437500000000007 0.4484375 0.1979166666666667 0.45859375 0.1979166666666667
0 0.5109375 0.18125000000000005 0.4890625 0.18125000000000005 0.4890625 0.22187500000000007 0.5109375 0.22187500000000007
0 0.48828125 0.21041666666666672 0.4609375 0.21041666666666672 0.4609375 0.26250000000000007 0.48828125 0.26250000000000007
0 0.44375 0.2541666666666667 0.41484375 0.2541666666666667 0.41484375 0.3072916666666668 0.44375 0.3072916666666668
3 0.4046875 0.28020833333333345 0.39140625 0.28020833333333345 0.39140625 0.33020833333333344 0.4046875 0.33020833333333344
3 0.39140625 0.32187500000000013 0.37734375 0.32187500000000013 0.37734375 0.36562500000000014 0.39140625 0.36562500000000014
3 0.41015625 0.3197916666666668 0.39140625 0.3197916666666668 0.39140625 0.37916666666666676 0.41015625 0.37916666666666676
3 0.43046875 0.32187500000000013 0.4125 0.32187500000000013 0.4125 0.3625000000000001 0.43046875 0.3625000000000001
3 0.45546875 0.3489583333333334 0.4359375 0.3489583333333334 0.4359375 0.4187500000000001 0.45546875 0.4187500000000001
3 0.43203125 0.3406250000000001 0.40625 0.3406250000000001 0.40625 0.39895833333333347 0.43203125 0.39895833333333347
3 0.49296875 0.35312500000000013 0.471875 0.35312500000000013 0.471875 0.43020833333333347 0.49296875 0.43020833333333347
3 0.46875 0.3760416666666668 0.45234375 0.3760416666666668 0.45234375 0.44166666666666676 0.46875 0.44166666666666676
3 0.44375 0.4187500000000001 0.42734375 0.4187500000000001 0.42734375 0.44895833333333346 0.44375 0.44895833333333346
3 0.39609375 0.35833333333333345 0.3796875 0.35833333333333345 0.3796875 0.40833333333333344 0.39609375 0.40833333333333344
3 0.375 0.3364583333333334 0.3625 0.33645833333333336 0.3625 0.3770833333333334 0.375 0.37708333333333344
3 0.37421875 0.35729166666666673 0.35625 0.3572916666666667 0.35625 0.43229166666666674 0.37421875 0.4322916666666668
3 0.3875 0.3854166666666668 0.36796875 0.3854166666666668 0.36796875 0.45520833333333344 0.3875 0.45520833333333344
3 0.34921875 0.396875 0.32890625 0.396875 0.32890625 0.44583333333333336 0.34921875 0.44583333333333336
3 0.35390625 0.41354166666666664 0.33828125 0.41354166666666664 0.33828125 0.4791666666666667 0.35390625 0.4791666666666667
3 0.4078125 0.47291666666666676 0.378125 0.47291666666666676 0.37812500000000004 0.565625 0.4078125 0.565625
3 0.3453125 0.44479166666666664 0.32578125 0.44479166666666664 0.32578125 0.5302083333333333 0.3453125000000001 0.5302083333333333
3 0.3140625 0.475 0.2890625 0.475 0.28906250000000006 0.5520833333333334 0.3140625000000001 0.5520833333333334
3 0.30625 0.4552083333333333 0.28671875 0.4552083333333333 0.28671875 0.54375 0.3062500000000001 0.54375
3 0.409375 0.5541666666666667 0.3765625000000001 0.5541666666666667 0.3765625000000001 0.6635416666666667 0.409375 0.6635416666666667
3 0.37187500000000007 0.5677083333333334 0.3476562500000001 0.5677083333333334 0.3476562500000001 0.6833333333333333 0.37187500000000007 0.6833333333333333
3 0.3820312500000001 0.728125 0.3507812500000001 0.728125 0.3507812500000001 0.8802083333333334 0.3820312500000001 0.8802083333333334
3 0.3554687500000001 0.6395833333333333 0.31718750000000007 0.6395833333333333 0.31718750000000007 0.7833333333333333 0.3554687500000001 0.7833333333333333
3 0.2968750000000001 0.7833333333333333 0.2648437500000001 0.7833333333333333 0.2648437500000001 0.93125 0.2968750000000001 0.93125
3 0.3062500000000001 0.8854166666666666 0.2640625000000001 0.8854166666666666 0.2640625000000001 1 0.3062500000000001 1
3 0.2484375000000001 0.7989583333333333 0.2062500000000001 0.7989583333333333 0.2062500000000001 0.9885416666666667 0.2484375000000001 0.9885416666666667
3 0.2140625000000001 0.7833333333333333 0.1710937500000001 0.7833333333333333 0.1710937500000001 0.965625 0.2140625000000001 0.965625