3 0.93515625 0.8114583333333336 0.87578125 0.8114583333333336 0.87578125 1.0000000000000002 0.93515625 1.0000000000000002
3 0.79609375 0.6531250000000003 0.74921875 0.6531250000000003 0.74921875 0.7812500000000002 0.79609375 0.7812500000000002
3 0.65625 0.6583333333333333 0.6265625 0.6583333333333333 0.6265625 0.7791666666666667 0.65625 0.7791666666666667
3 0.60078125 0.5177083333333334 0.57734375 0.5177083333333334 0.57734375 0.6260416666666667 0.60078125 0.6260416666666667
3 0.5734375 0.37708333333333344 0.55625 0.37708333333333344 0.55625 0.4500000000000001 0.5734375 0.4500000000000001
3 0.64140625 0.40000000000000013 0.6125 0.40000000000000013 0.6125 0.46458333333333346 0.64140625 0.46458333333333346
3 0.64140625 0.35833333333333345 0.628125 0.35833333333333345 0.628125 0.4218750000000001 0.64140625 0.4218750000000001
3 0.59765625 0.33958333333333346 0.58125 0.33958333333333346 0.58125 0.41041666666666676 0.59765625 0.41041666666666676
3 0.55390625 0.34270833333333345 0.53203125 0.34270833333333345 0.53203125 0.40208333333333346 0.55390625 0.40208333333333346
3 0.56171875 0.3250000000000001 0.5484375 0.3250000000000001 0.5484375 0.38437500000000013 0.56171875 0.38437500000000013
3 0.5984375 0.28958333333333347 0.5671875 0.28958333333333347 0.5671875 0.34270833333333345 0.5984375 0.34270833333333345
3 0.58125 0.23020833333333346 0.55546875 0.23020833333333346 0.55546875 0.2822916666666668 0.58125 0.2822916666666668
3 0.47109375 0.20937500000000006 0.4484375 0.20937500000000006 0.4484375 0.25625000000000003 0.47109375 0.25625000000000003
3 0.51015625 0.16250000000000006 0.50390625 0.16250000000000006 0.50390625 0.19166666666666674 0.51015625 0.19166666666666674
3 0.5296875 0.16354166666666672 0.5203125 0.16354166666666672 0.5203125 0.1822916666666667 0.5296875 0.1822916666666667
3 0.4796875 0.1552083333333334 0.47421875 0.1552083333333334 0.47421875 0.1864583333333334 0.4796875 0.1864583333333334
3 0.4734375 0.14791666666666672 0.46953125 0.14791666666666672 0.46953125 0.1802083333333334 0.4734375 0.1802083333333334
3 0.4984375 0.16562500000000005 0.48984375 0.16562500000000005 0.48984375 0.19375000000000006 0.4984375 0.19375000000000006
3 0.50234375 0.15000000000000005 0.49296875 0.15000000000000005 0.49296875 0.16875000000000007 0.50234375 0.16875000000000007
3 0.521875 0.14062500000000006 0.50859375 0.14062500000000006 0.50859375 0.16354166666666672 0.521875 0.16354166666666672
3 0.496875 0.11875000000000009 0.48984375 0.11875000000000009 0.48984375 0.1395833333333334 0.496875 0.1395833333333334
3 0.4828125 0.10729166666666676 0.47734375 0.10729166666666676 0.47734375 0.12604166666666675 0.4828125 0.12604166666666675
3 0.4734375 0.1270833333333334 0.4671875 0.1270833333333334 0.4671875 0.14791666666666672 0.4734375 0.14791666666666672
3 0.509375 0.09895833333333343 0.50546875 0.09895833333333343 0.50546875 0.11458333333333343 0.509375 0.11458333333333343
3 0.50859375 0.08645833333333343 0.50390625 0.08645833333333343 0.50390625 0.10000000000000009 0.50859375 0.10000000000000009
3 0.5109375 0.09375000000000008 0.5078125 0.09375000000000008 0.5078125 0.10312500000000009 0.5109375 0.10312500000000009
0 0.6125 0.6041666666666666 0.52734375 0.6041666666666666 0.52734375 0.8354166666666667 0.6125 0.8354166666666667
0 0.74375 0.5718750000000001 0.64765625 0.571875 0.64765625 0.7697916666666668 0.74375 0.7697916666666669
0 0.70546875 0.45729166666666676 0.6421875 0.45729166666666676 0.6421875 0.5760416666666667 0.70546875 0.5760416666666667
0 0.54609375 0.4093750000000001 0.5 0.4093750000000001 0.5 0.5218750000000001 0.54609375 0.5218750000000001
0 0.51171875 0.27708333333333346 0.47265625 0.27708333333333346 0.47265625 0.36354166666666676 0.51171875 0.36354166666666676
0 0.50078125 0.20104166666666673 0.4765625 0.20104166666666673 0.4765625 0.2614583333333334 0.50078125 0.2614583333333334
2 0.55078125 0.1843750000000001 0.5125 0.18437500000000007 0.5125 0.27500000000000013 0.55078125 0.27500000000000013