0 0.7796875000000001 0.8947916666666668 0.67109375 0.8947916666666667 0.67109375 1.0000000000000002 0.7796875000000002 1.0000000000000002
0 0.715625 0.6875 0.61796875 0.6875 0.61796875 0.8875 0.715625 0.8875
0 0.65390625 0.5093750000000001 0.58125 0.5093750000000001 0.58125 0.6822916666666666 0.65390625 0.6822916666666666
0 0.625 0.30520833333333347 0.5828125 0.30520833333333347 0.5828125 0.39687500000000014 0.625 0.39687500000000014
0 0.52265625 0.3333333333333334 0.4875 0.3333333333333334 0.4875 0.4229166666666668 0.52265625 0.4229166666666668
0 0.56484375 0.2500000000000001 0.54609375 0.2500000000000001 0.54609375 0.30104166666666676 0.56484375 0.30104166666666676
0 0.52578125 0.24062500000000006 0.49375 0.24062500000000006 0.49375 0.30104166666666676 0.52578125 0.30104166666666676
2 0.49609375 0.08645833333333343 0.4828125 0.08645833333333343 0.4828125 0.11875000000000009 0.49609375 0.11875000000000009
2 0.51171875 0.08437500000000009 0.5015625 0.08437500000000009 0.5015625 0.12083333333333342 0.51171875 0.12083333333333342
3 0.94375 0.9416666666666669 0.91875 0.9416666666666669 0.91875 1.0000000000000002 0.94375 1.0000000000000002
3 0.89921875 0.9375000000000002 0.8640625 0.9375000000000002 0.8640625 0.9968750000000003 0.89921875 0.9968750000000003
3 0.84609375 0.9677083333333336 0.81875 0.9677083333333336 0.81875 1.0000000000000002 0.84609375 1.0000000000000002
3 0.85390625 0.8958333333333336 0.82109375 0.8958333333333336 0.82109375 0.9697916666666669 0.85390625 0.9697916666666669
3 0.90546875 0.8572916666666669 0.85546875 0.8572916666666669 0.85546875 0.9385416666666669 0.90546875 0.9385416666666669
3 0.8140625 0.8791666666666669 0.78671875 0.8791666666666669 0.7867187500000001 0.9791666666666669 0.8140625 0.9791666666666669
3 0.8 0.8208333333333335 0.76875 0.8208333333333335 0.76875 0.8864583333333336 0.8 0.8864583333333336
3 0.78359375 0.7333333333333336 0.74609375 0.7333333333333336 0.74609375 0.8312500000000003 0.78359375 0.8312500000000003
3 0.73671875 0.7031250000000001 0.71640625 0.703125 0.71640625 0.8052083333333334 0.73671875 0.8052083333333335
3 0.71171875 0.6552083333333333 0.69609375 0.6552083333333333 0.69609375 0.7520833333333333 0.71171875 0.7520833333333333
3 0.621875 0.7708333333333334 0.575 0.7708333333333334 0.575 0.8677083333333333 0.621875 0.8677083333333333
3 0.60859375 0.66875 0.56953125 0.66875 0.56953125 0.7729166666666667 0.60859375 0.7729166666666667
3 0.57734375 0.5645833333333333 0.5203125 0.5645833333333333 0.5203125 0.653125 0.57734375 0.653125
3 0.7625 0.5802083333333334 0.71953125 0.5802083333333333 0.71953125 0.6781250000000001 0.7625 0.6781250000000002
3 0.68828125 0.49375000000000013 0.65546875 0.49375000000000013 0.65546875 0.5489583333333333 0.68828125 0.5489583333333333
3 0.6703125 0.44166666666666676 0.6375 0.44166666666666676 0.6375 0.5041666666666668 0.6703125 0.5041666666666668
3 0.5453125 0.44375000000000014 0.5140625 0.44375000000000014 0.5140625 0.5291666666666668 0.5453125 0.5291666666666668
3 0.596875 0.34270833333333345 0.56640625 0.34270833333333345 0.56640625 0.41562500000000013 0.596875 0.41562500000000013
3 0.55390625 0.2864583333333334 0.53359375 0.2864583333333334 0.53359375 0.3510416666666668 0.55390625 0.3510416666666668
3 0.590625 0.3229166666666668 0.56015625 0.3229166666666668 0.56015625 0.37395833333333345 0.590625 0.37395833333333345
3 0.484375 0.2593750000000001 0.471875 0.2593750000000001 0.471875 0.30520833333333347 0.484375 0.30520833333333347
3 0.53828125 0.23229166666666673 0.52890625 0.23229166666666673 0.52890625 0.2781250000000001 0.53828125 0.2781250000000001
3 0.5328125 0.23541666666666672 0.51875 0.23541666666666672 0.51875 0.27500000000000013 0.5328125 0.27500000000000013
3 0.52578125 0.2083333333333334 0.51171875 0.2083333333333334 0.51171875 0.23854166666666674 0.52578125 0.23854166666666674
3 0.521875 0.19166666666666674 0.51328125 0.19166666666666674 0.51328125 0.2239583333333334 0.521875 0.2239583333333334
3 0.55546875 0.22604166666666678 0.54453125 0.22604166666666678 0.54453125 0.2635416666666668 0.55546875 0.2635416666666668
3 0.54375 0.18958333333333338 0.5359375 0.18958333333333338 0.5359375 0.23125000000000007 0.54375 0.23125000000000007
3 0.50546875 0.20625000000000007 0.49765625 0.20625000000000007 0.49765625 0.24791666666666673 0.50546875 0.24791666666666673
3 0.49609375 0.22812500000000005 0.4828125 0.22812500000000005 0.4828125 0.26354166666666673 0.49609375 0.26354166666666673
3 0.496875 0.13437500000000005 0.48671875 0.13437500000000005 0.48671875 0.15416666666666673 0.496875 0.15416666666666673
3 0.50625 0.12083333333333342 0.4984375 0.12083333333333342 0.4984375 0.14791666666666672 0.50625 0.14791666666666672