1 0.24218750000000008 0.49270833333333336 0.03671875000000004 0.49270833333333336 0.036718750000000064 0.9864583333333333 0.24218750000000008 0.9864583333333333
0 0.4765625000000001 0.8385416666666666 0.3937500000000001 0.8385416666666666 0.3937500000000001 1 0.47656250000000017 1
0 0.3335937500000001 0.86875 0.2515625000000001 0.86875 0.2515625000000001 1 0.3335937500000001 1
0 0.37187500000000007 0.7104166666666667 0.3062500000000001 0.7104166666666667 0.3062500000000001 0.88125 0.37187500000000007 0.88125
0 0.41171875 0.5572916666666666 0.36406250000000007 0.5572916666666666 0.36406250000000007 0.6916666666666667 0.41171875 0.6916666666666667
0 0.50234375 0.4895833333333334 0.45078125 0.4895833333333334 0.45078125 0.6083333333333333 0.50234375 0.6083333333333333
0 0.4234375 0.45729166666666676 0.38359375 0.45729166666666676 0.38359375000000007 0.5572916666666666 0.4234375 0.5572916666666666
0 0.45625 0.39270833333333344 0.4171875 0.39270833333333344 0.4171875 0.49062500000000014 0.45625 0.49062500000000014
0 0.40625 0.38020833333333337 0.3578125 0.3802083333333333 0.3578125 0.4677083333333334 0.40625 0.46770833333333345
0 0.51953125 0.35312500000000013 0.48046875 0.35312500000000013 0.48046875 0.4500000000000001 0.51953125 0.4500000000000001
0 0.46171875 0.33229166666666676 0.4328125 0.33229166666666676 0.4328125 0.3979166666666668 0.46171875 0.3979166666666668
0 0.53359375 0.2489583333333334 0.50546875 0.2489583333333334 0.50546875 0.28750000000000014 0.53359375 0.28750000000000014
0 0.5359375 0.21875000000000006 0.5140625 0.21875000000000006 0.5140625 0.25000000000000006 0.5359375 0.25000000000000006
0 0.54375 0.1927083333333334 0.52890625 0.1927083333333334 0.52890625 0.22604166666666672 0.54375 0.22604166666666672
0 0.540625 0.17291666666666672 0.53046875 0.17291666666666672 0.53046875 0.19375000000000006 0.540625 0.19375000000000006
0 0.5484375 0.15729166666666675 0.53359375 0.15729166666666672 0.53359375 0.18333333333333343 0.5484375 0.18333333333333346
0 0.54375 0.14791666666666672 0.5328125 0.14791666666666672 0.5328125 0.16250000000000006 0.54375 0.16250000000000006
0 0.54765625 0.13437500000000008 0.53984375 0.13437500000000005 0.53984375 0.15000000000000008 0.54765625 0.1500000000000001
0 0.54140625 0.12500000000000008 0.534375 0.12500000000000008 0.534375 0.14062500000000006 0.54140625 0.14062500000000006
0 0.54296875 0.10937500000000008 0.53671875 0.10937500000000008 0.53671875 0.12916666666666676 0.54296875 0.12916666666666676
3 0.53203125 0.1489583333333334 0.52421875 0.1489583333333334 0.52421875 0.17187500000000006 0.53203125 0.17187500000000006
0 0.52109375 0.1458333333333334 0.51171875 0.1458333333333334 0.51171875 0.16250000000000006 0.52109375 0.16250000000000006
2 0.51171875 0.1645833333333334 0.47890625 0.1645833333333334 0.47890625 0.22812500000000005 0.51171875 0.22812500000000005
0 0.50390625 0.14166666666666672 0.49453125 0.14166666666666672 0.49453125 0.16354166666666672 0.50390625 0.16354166666666672
0 0.5234375 0.12916666666666676 0.5125 0.12916666666666676 0.5125 0.14791666666666672 0.5234375 0.14791666666666672
3 0.53203125 0.1281250000000001 0.52734375 0.1281250000000001 0.52734375 0.14479166666666674 0.53203125 0.14479166666666674
0 0.525 0.11979166666666675 0.51796875 0.11979166666666675 0.51796875 0.1354166666666667 0.525 0.1354166666666667
0 0.525 0.10937500000000008 0.5171875 0.10937500000000008 0.5171875 0.12395833333333342 0.525 0.12395833333333342
0 0.53515625 0.10208333333333343 0.5296875 0.10208333333333343 0.5296875 0.11562500000000009 0.53515625 0.11562500000000009
0 0.5296875 0.09895833333333343 0.52421875 0.09895833333333343 0.52421875 0.11041666666666676 0.5296875 0.11041666666666676
0 0.5046875 0.1270833333333334 0.49375 0.1270833333333334 0.49375 0.14375000000000007 0.5046875 0.14375000000000007
0 0.51015625 0.1218750000000001 0.5 0.1218750000000001 0.5 0.14270833333333338 0.51015625 0.14270833333333338
0 0.5109375 0.11770833333333343 0.49765625 0.11770833333333343 0.49765625 0.13020833333333343 0.5109375 0.13020833333333343
0 0.5125 0.10833333333333342 0.503125 0.10833333333333342 0.503125 0.12395833333333342 0.5125 0.12395833333333342
0 0.475 0.18750000000000006 0.45625 0.18750000000000006 0.45625 0.22291666666666674 0.475 0.22291666666666674
3 0.48125 0.18125000000000005 0.47421875 0.18125000000000005 0.47421875 0.21250000000000005 0.48125 0.21250000000000005
0 0.4828125 0.16562500000000005 0.471875 0.16562500000000005 0.471875 0.18958333333333338 0.4828125 0.18958333333333338
0 0.46328125 0.22083333333333338 0.43984375 0.22083333333333338 0.43984375 0.2729166666666668 0.46328125 0.2729166666666668
0 0.48984375 0.2270833333333334 0.46640625 0.2270833333333334 0.46640625 0.2687500000000001 0.48984375 0.2687500000000001
0 0.48203125 0.21041666666666672 0.46484375 0.21041666666666672 0.46484375 0.24791666666666673 0.48203125 0.24791666666666673
0 0.4421875 0.26979166666666676 0.41484375 0.26979166666666676 0.41484375 0.3229166666666668 0.4421875 0.3229166666666668
0 0.46953125 0.30625000000000013 0.44296875 0.30625000000000013 0.44296875 0.34791666666666676 0.46953125 0.34791666666666676
0 0.3320312500000001 0.5197916666666667 0.29375000000000007 0.5197916666666667 0.29375000000000007 0.6020833333333333 0.3320312500000001 0.6020833333333333
0 0.52421875 0.10416666666666675 0.5140625 0.10416666666666675 0.5140625 0.11354166666666675 0.52421875 0.11354166666666675
3 0.52265625 0.09583333333333342 0.51796875 0.09583333333333342 0.51796875 0.1062500000000001 0.52265625 0.1062500000000001
0 0.515625 0.09479166666666676 0.50859375 0.09479166666666676 0.50859375 0.10520833333333342 0.515625 0.10520833333333342
3 0.17109375000000004 0.47604166666666664 0.12578125000000004 0.47604166666666664 0.12578125000000004 0.5770833333333333 0.17109375000000004 0.5770833333333333
3 0.03984375000000006 0.565625 0.01953125000000005 0.565625 0.019531250000000056 0.6833333333333333 0.03984375000000007 0.6833333333333333
3 0.02968750000000005 0.5239583333333333 4.812479218524365e-17 0.5239583333333333 5.3434784165921614e-17 0.6395833333333333 0.029687500000000054 0.6395833333333333
3 0.06484375000000006 0.675 0.03515625000000007 0.675 0.03515625000000007 0.7875 0.06484375000000006 0.7875
3 0.023437500000000083 0.8333333333333334 7.654042494670958e-17 0.8333333333333334 8.204176798975433e-17 0.953125 0.02343750000000009 0.953125
3 0.24609375000000008 0.8677083333333333 0.2140625000000001 0.8677083333333333 0.2140625000000001 0.9791666666666666 0.24609375000000008 0.9791666666666666
3 0.2335937500000001 0.9520833333333333 0.2015625000000001 0.9520833333333333 0.2015625000000001 1 0.2335937500000001 1
3 0.27812500000000007 0.7875 0.2468750000000001 0.7875 0.2468750000000001 0.903125 0.27812500000000007 0.903125
3 0.3046875000000001 0.709375 0.27812500000000007 0.709375 0.27812500000000007 0.8333333333333334 0.3046875000000001 0.8333333333333334
3 0.3187500000000001 0.6510416666666666 0.2929687500000001 0.6510416666666666 0.2929687500000001 0.7666666666666667 0.3187500000000001 0.7666666666666667
3 0.34453125000000007 0.6010416666666667 0.3156250000000001 0.6010416666666667 0.3156250000000001 0.7041666666666667 0.34453125000000007 0.7041666666666667
3 0.35234375000000007 0.5510416666666667 0.3351562500000001 0.5510416666666667 0.3351562500000001 0.6270833333333333 0.35234375000000007 0.6270833333333333
3 0.3593750000000001 0.521875 0.3390625000000001 0.521875 0.3390625000000001 0.5875 0.3593750000000001 0.5875
3 0.32656250000000003 0.46458333333333335 0.30703125 0.46458333333333335 0.30703125000000003 0.528125 0.3265625000000001 0.528125
3 0.37968750000000007 0.4697916666666667 0.3609375 0.46979166666666666 0.3609375 0.55 0.37968750000000007 0.55
3 0.36640625000000004 0.45000000000000007 0.35078125 0.45 0.35078125000000004 0.5312500000000001 0.3664062500000001 0.5312500000000001
3 0.35156250000000006 0.4427083333333333 0.33203125 0.4427083333333333 0.33203125000000006 0.5166666666666667 0.3515625000000001 0.5166666666666667
3 0.34062500000000007 0.4270833333333333 0.32421875 0.4270833333333333 0.32421875000000006 0.4947916666666667 0.34062500000000007 0.4947916666666667
3 0.3296875 0.4083333333333333 0.3140625 0.4083333333333333 0.3140625 0.48125 0.3296875 0.48125
3 0.3859375 0.4270833333333334 0.3671875 0.4270833333333334 0.3671875 0.47708333333333347 0.3859375 0.47708333333333347
3 0.353125 0.403125 0.34140625 0.403125 0.34140625 0.44479166666666664 0.353125 0.44479166666666664
3 0.35546875 0.37604166666666666 0.340625 0.37604166666666666 0.340625 0.4197916666666667 0.35546875 0.4197916666666667
3 0.3328125 0.33125 0.2984375 0.33125 0.2984375 0.39375 0.3328125 0.39375
3 0.3765625 0.36875000000000013 0.3640625 0.36875000000000013 0.3640625 0.41458333333333347 0.3765625 0.41458333333333347
3 0.3703125 0.3552083333333334 0.35546875 0.35520833333333335 0.35546875 0.41250000000000003 0.3703125 0.41250000000000014
3 0.37421875 0.3302083333333334 0.359375 0.3302083333333333 0.359375 0.3833333333333334 0.37421875 0.38333333333333347
3 0.39921875 0.3229166666666668 0.38671875 0.3229166666666668 0.38671875 0.3645833333333334 0.39921875 0.3645833333333334
3 0.38828125 0.3177083333333334 0.371875 0.3177083333333334 0.371875 0.36354166666666676 0.38828125 0.36354166666666676
3 0.38984375 0.3468750000000001 0.38046875 0.3468750000000001 0.38046875 0.37916666666666676 0.38984375 0.37916666666666676
3 0.41796875 0.36770833333333347 0.40703125 0.36770833333333347 0.40703125 0.4218750000000001 0.41796875 0.4218750000000001
3 0.43125 0.3333333333333334 0.41796875 0.3333333333333334 0.41796875 0.38645833333333346 0.43125 0.38645833333333346
3 0.41171875 0.3447916666666668 0.39609375 0.3447916666666668 0.39609375 0.3854166666666668 0.41171875 0.3854166666666668
3 0.415625 0.32187500000000013 0.40546875 0.32187500000000013 0.40546875 0.3510416666666668 0.415625 0.3510416666666668
3 0.40703125 0.3291666666666668 0.39453125 0.3291666666666668 0.39453125 0.37083333333333346 0.40703125 0.37083333333333346
3 0.40546875 0.2843750000000001 0.39453125 0.2843750000000001 0.39453125 0.32708333333333345 0.40546875 0.32708333333333345
3 0.4 0.3020833333333334 0.38671875 0.3020833333333334 0.38671875 0.3281250000000001 0.4 0.3281250000000001
3 0.4140625 0.26979166666666676 0.40625 0.26979166666666676 0.40625 0.2968750000000001 0.4140625 0.2968750000000001
3 0.4453125 0.3020833333333334 0.4328125 0.3020833333333334 0.4328125 0.33750000000000013 0.4453125 0.33750000000000013
3 0.440625 0.2885416666666668 0.42578125 0.2885416666666668 0.42578125 0.32708333333333345 0.440625 0.32708333333333345
3 0.4765625 0.37708333333333344 0.46015625 0.37708333333333344 0.46015625 0.43333333333333346 0.4765625 0.43333333333333346
3 0.5203125 0.46458333333333346 0.5046875 0.46458333333333346 0.5046875 0.5552083333333333 0.5203125 0.5552083333333333
3 0.5 0.4541666666666668 0.48203125 0.4541666666666668 0.48203125 0.4979166666666668 0.5 0.4979166666666668
3 0.48359375 0.43645833333333345 0.4609375 0.43645833333333345 0.4609375 0.49583333333333346 0.48359375 0.49583333333333346
3 0.465625 0.43125000000000013 0.45234375 0.43125000000000013 0.45234375 0.4697916666666668 0.465625 0.4697916666666668
3 0.46328125 0.4604166666666668 0.4515625 0.4604166666666668 0.4515625 0.5322916666666668 0.46328125 0.5322916666666668
3 0.45 0.48645833333333344 0.43828125 0.48645833333333344 0.43828125 0.5479166666666667 0.45 0.5479166666666667
3 0.440625 0.5260416666666667 0.425 0.5260416666666667 0.425 0.6041666666666666 0.440625 0.6041666666666666
3 0.44921875 0.59375 0.428125 0.59375 0.428125 0.721875 0.44921875 0.721875
3 0.44921875 0.5625 0.4265625 0.5625 0.4265625 0.6333333333333333 0.44921875 0.6333333333333333
3 0.51484375 0.5677083333333334 0.4953125 0.5677083333333334 0.4953125 0.6666666666666666 0.51484375 0.6666666666666666
3 0.5 0.609375 0.478125 0.609375 0.478125 0.7114583333333333 0.5 0.7114583333333333
3 0.50703125 0.665625 0.48671875 0.665625 0.48671875 0.7364583333333333 0.50703125 0.7364583333333333
3 0.5125 0.7052083333333333 0.4890625 0.7052083333333333 0.4890625 0.8270833333333333 0.5125 0.8270833333333333
3 0.490625 0.7802083333333333 0.465625 0.7802083333333333 0.465625 0.9166666666666666 0.490625 0.9166666666666666
3 0.475 0.7302083333333333 0.44921875 0.7302083333333333 0.44921875 0.8364583333333333 0.475 0.8364583333333333
3 0.47421875 0.671875 0.4546875 0.671875 0.4546875 0.7541666666666667 0.47421875 0.7541666666666667
3 0.41484375 0.76875 0.3820312500000001 0.76875 0.3820312500000001 0.8739583333333333 0.41484375 0.8739583333333333
3 0.45390625 0.7791666666666667 0.41875 0.7791666666666667 0.41875 0.85625 0.45390625 0.85625
3 0.4015625000000001 0.85 0.3632812500000001 0.85 0.3632812500000001 0.9947916666666666 0.40156250000000016 0.9947916666666666
3 0.425 0.6979166666666666 0.3968750000000001 0.6979166666666666 0.3968750000000001 0.8145833333333333 0.425 0.8145833333333333
3 0.43203125 0.6489583333333333 0.40625 0.6489583333333333 0.40625 0.746875 0.43203125 0.746875
3 0.4828125 0.3572916666666668 0.471875 0.3572916666666668 0.471875 0.41562500000000013 0.4828125 0.41562500000000013
3 0.484375 0.33958333333333346 0.47265625 0.33958333333333346 0.47265625 0.3822916666666668 0.484375 0.3822916666666668
3 0.48515625 0.31666666666666676 0.4734375 0.31666666666666676 0.4734375 0.3645833333333334 0.48515625 0.3645833333333334
3 0.52578125 0.33645833333333347 0.515625 0.33645833333333347 0.515625 0.3916666666666668 0.52578125 0.3916666666666668
3 0.50546875 0.3354166666666668 0.49296875 0.3354166666666668 0.49296875 0.3666666666666668 0.50546875 0.3666666666666668
3 0.51640625 0.29062500000000013 0.5046875 0.29062500000000013 0.5046875 0.3406250000000001 0.51640625 0.3406250000000001
3 0.50390625 0.3135416666666668 0.49375 0.3135416666666668 0.49375 0.35000000000000014 0.50390625 0.35000000000000014
3 0.53125 0.3177083333333334 0.5203125 0.3177083333333334 0.5203125 0.3572916666666668 0.53125 0.3572916666666668
3 0.53125 0.2937500000000001 0.52265625 0.2937500000000001 0.52265625 0.33229166666666676 0.53125 0.33229166666666676
3 0.534375 0.28750000000000014 0.5234375 0.28750000000000014 0.5234375 0.32083333333333347 0.534375 0.32083333333333347
3 0.51484375 0.28333333333333344 0.5046875 0.28333333333333344 0.5046875 0.3156250000000001 0.51484375 0.3156250000000001
3 0.51484375 0.33437500000000014 0.50546875 0.33437500000000014 0.50546875 0.3604166666666668 0.51484375 0.3604166666666668
3 0.5 0.2864583333333334 0.49375 0.2864583333333334 0.49375 0.32083333333333347 0.5 0.32083333333333347
3 0.5046875 0.2760416666666668 0.49765625 0.2760416666666668 0.49765625 0.30312500000000014 0.5046875 0.30312500000000014
3 0.503125 0.24062500000000006 0.496875 0.24062500000000006 0.496875 0.2822916666666668 0.503125 0.2822916666666668
3 0.49765625 0.25312500000000004 0.4890625 0.25312500000000004 0.4890625 0.28333333333333344 0.49765625 0.28333333333333344
3 0.49375 0.27395833333333347 0.48671875 0.27395833333333347 0.48671875 0.31458333333333344 0.49375 0.31458333333333344
3 0.4859375 0.2885416666666668 0.478125 0.2885416666666668 0.478125 0.3197916666666668 0.4859375 0.3197916666666668
3 0.4828125 0.25729166666666675 0.47421875 0.25729166666666675 0.47421875 0.2916666666666668 0.4828125 0.2916666666666668
3 0.465625 0.2583333333333334 0.45625 0.2583333333333334 0.45625 0.28333333333333344 0.465625 0.28333333333333344
3 0.4734375 0.2843750000000001 0.46484375 0.2843750000000001 0.46484375 0.3104166666666668 0.4734375 0.3104166666666668
3 0.46328125 0.2791666666666668 0.4546875 0.2791666666666668 0.4546875 0.30833333333333346 0.46328125 0.30833333333333346
3 0.44375 0.22187500000000007 0.4359375 0.22187500000000007 0.4359375 0.2541666666666667 0.44375 0.2541666666666667
3 0.43671875 0.22604166666666672 0.4296875 0.22604166666666672 0.4296875 0.2541666666666667 0.43671875 0.2541666666666667
3 0.43515625 0.24791666666666673 0.4265625 0.24791666666666673 0.4265625 0.26979166666666676 0.43515625 0.26979166666666676
3 0.43125 0.22812500000000005 0.421875 0.22812500000000005 0.421875 0.25312500000000004 0.43125 0.25312500000000004
3 0.4234375 0.2520833333333334 0.41328125 0.2520833333333334 0.41328125 0.2885416666666668 0.4234375 0.2885416666666668
3 0.4484375 0.2020833333333334 0.43984375 0.2020833333333334 0.43984375 0.23125000000000007 0.4484375 0.23125000000000007
3 0.45546875 0.18437500000000007 0.4484375 0.18437500000000007 0.4484375 0.2177083333333334 0.45546875 0.2177083333333334
3 0.52890625 0.18958333333333338 0.52109375 0.18958333333333338 0.52109375 0.21979166666666672 0.52890625 0.21979166666666672
3 0.52109375 0.19166666666666674 0.51328125 0.19166666666666674 0.51328125 0.22291666666666674 0.52109375 0.22291666666666674
3 0.5296875 0.16875000000000007 0.52265625 0.16875000000000007 0.52265625 0.19687500000000005 0.5296875 0.19687500000000005
3 0.52265625 0.1677083333333334 0.515625 0.1677083333333334 0.515625 0.1979166666666667 0.52265625 0.1979166666666667
3 0.5046875 0.09895833333333343 0.49921875 0.09895833333333343 0.49921875 0.11250000000000009 0.5046875 0.11250000000000009
3 0.47109375 0.1708333333333334 0.4625 0.1708333333333334 0.4625 0.1979166666666667 0.47109375 0.1979166666666667
3 0.490625 0.1489583333333334 0.48515625 0.1489583333333334 0.48515625 0.16979166666666673 0.490625 0.16979166666666673
3 0.4953125 0.14375000000000007 0.48984375 0.14375000000000007 0.48984375 0.16250000000000006 0.4953125 0.16250000000000006
3 0.46953125 0.15833333333333338 0.4640625 0.15833333333333338 0.4640625 0.1770833333333334 0.46953125 0.1770833333333334
3 0.48359375 0.14791666666666672 0.478125 0.14791666666666672 0.478125 0.1645833333333334 0.48359375 0.1645833333333334
3 0.475 0.1510416666666667 0.4703125 0.1510416666666667 0.4703125 0.16875000000000007 0.475 0.16875000000000007
3 0.490625 0.13854166666666673 0.48671875 0.13854166666666673 0.48671875 0.1520833333333334 0.490625 0.1520833333333334
3 0.49375 0.12916666666666676 0.4875 0.12916666666666676 0.4875 0.1458333333333334 0.49375 0.1458333333333334
3 0.48828125 0.1333333333333334 0.48359375 0.1333333333333334 0.48359375 0.1489583333333334 0.48828125 0.1489583333333334
3 0.4953125 0.11562500000000009 0.49140625 0.11562500000000009 0.49140625 0.1312500000000001 0.4953125 0.1312500000000001
3 0.4984375 0.10729166666666676 0.4953125 0.10729166666666676 0.4953125 0.12291666666666676 0.4984375 0.12291666666666676
3 0.49921875 0.09895833333333343 0.496875 0.09895833333333343 0.496875 0.11770833333333343 0.49921875 0.11770833333333343
3 0.4953125 0.10000000000000009 0.490625 0.10000000000000009 0.490625 0.11979166666666675 0.4953125 0.11979166666666675
3 0.53125 0.1354166666666667 0.52734375 0.1354166666666667 0.52734375 0.1489583333333334 0.53125 0.1489583333333334
0 0.50625 0.0906250000000001 0.5 0.0906250000000001 0.5 0.10000000000000009 0.50625 0.10000000000000009
3 0.49921875 0.09270833333333342 0.49609375 0.09270833333333342 0.49609375 0.09895833333333343 0.49921875 0.09895833333333343
3 0.49375 0.09270833333333342 0.490625 0.09270833333333342 0.490625 0.10208333333333343 0.49375 0.10208333333333343
3 0.49609375 0.08854166666666675 0.49296875 0.08854166666666675 0.49296875 0.09583333333333342 0.49609375 0.09583333333333342