0 0.6171875000000001 0.9385416666666667 0.53125 0.9385416666666667 0.5312500000000001 1 0.6171875000000002 1
3 0.56484375 0.81875 0.51640625 0.81875 0.51640625 0.9541666666666667 0.56484375 0.9541666666666667
3 0.62578125 0.6541666666666667 0.59375 0.6541666666666667 0.59375 0.7677083333333333 0.62578125 0.7677083333333333
3 0.6515625 0.865625 0.6109375 0.865625 0.6109375000000001 1 0.6515625000000002 1
3 0.7546875000000001 0.9583333333333335 0.71953125 0.9583333333333334 0.7195312500000001 1.0000000000000002 0.7546875000000002 1.0000000000000002
3 0.7984375000000001 0.9489583333333336 0.77109375 0.9489583333333336 0.7710937500000001 1.0000000000000002 0.7984375000000001 1.0000000000000002
3 0.80390625 0.8489583333333336 0.7625 0.8489583333333336 0.7625 0.9354166666666669 0.80390625 0.9354166666666669
3 0.846875 0.9166666666666669 0.8078125 0.9166666666666669 0.8078125 0.9968750000000003 0.846875 0.9968750000000003
3 0.90546875 0.8906250000000002 0.87421875 0.8906250000000002 0.87421875 0.9875000000000003 0.90546875 0.9875000000000003
3 0.90078125 0.8447916666666669 0.86953125 0.8447916666666669 0.86953125 0.9031250000000003 0.90078125 0.9031250000000003
3 0.85859375 0.8385416666666669 0.82734375 0.8385416666666669 0.82734375 0.9062500000000002 0.85859375 0.9062500000000002
3 0.859375 0.7885416666666669 0.8265625 0.7885416666666669 0.8265625 0.8791666666666669 0.859375 0.8791666666666669
3 0.8203125 0.8395833333333336 0.796875 0.8395833333333336 0.796875 0.9197916666666669 0.8203125 0.9197916666666669
3 0.8078125 0.7635416666666669 0.7765625 0.7635416666666669 0.7765625 0.8375000000000002 0.8078125 0.8375000000000002
3 0.82421875 0.7031250000000002 0.79140625 0.7031250000000002 0.79140625 0.8239583333333336 0.82421875 0.8239583333333336
3 0.859375 0.7250000000000002 0.8296875 0.7250000000000002 0.8296875 0.8250000000000003 0.859375 0.8250000000000003
3 0.76328125 0.7531250000000002 0.72265625 0.753125 0.72265625 0.8854166666666667 0.76328125 0.8854166666666669
3 0.7671875 0.7052083333333335 0.734375 0.7052083333333335 0.734375 0.7968750000000002 0.7671875 0.7968750000000002
0 0.73359375 0.6979166666666667 0.62421875 0.6979166666666666 0.62421875 0.9739583333333335 0.7335937500000002 0.9739583333333336
3 0.71875 0.6947916666666667 0.69140625 0.6947916666666667 0.69140625 0.784375 0.71875 0.784375
3 0.7203125 0.6447916666666667 0.69609375 0.6447916666666667 0.69609375 0.73125 0.7203125 0.73125
3 0.7625 0.6468750000000002 0.73359375 0.6468750000000002 0.73359375 0.7427083333333335 0.7625 0.7427083333333335
3 0.790625 0.6354166666666669 0.76171875 0.6354166666666669 0.76171875 0.7458333333333336 0.790625 0.7458333333333336
3 0.73828125 0.6104166666666668 0.71796875 0.6104166666666667 0.71796875 0.6833333333333335 0.73828125 0.6833333333333336
3 0.68359375 0.6270833333333333 0.66171875 0.6270833333333333 0.66171875 0.7 0.68359375 0.7
3 0.7046875 0.55 0.6796875 0.55 0.6796875 0.6354166666666666 0.7046875 0.6354166666666666
3 0.73984375 0.5364583333333335 0.71015625 0.5364583333333334 0.71015625 0.6062500000000001 0.73984375 0.6062500000000003
3 0.71875 0.4812500000000001 0.69296875 0.4812500000000001 0.69296875 0.55625 0.71875 0.55625
3 0.690625 0.4843750000000001 0.665625 0.4843750000000001 0.665625 0.553125 0.690625 0.553125
3 0.6921875 0.4406250000000001 0.675 0.4406250000000001 0.675 0.5041666666666668 0.6921875 0.5041666666666668
0 0.66875 0.44583333333333347 0.60703125 0.44583333333333347 0.60703125 0.5739583333333333 0.66875 0.5739583333333333
3 0.665625 0.44583333333333347 0.64296875 0.44583333333333347 0.64296875 0.5208333333333335 0.665625 0.5208333333333335
3 0.6703125 0.41041666666666676 0.6578125 0.41041666666666676 0.6578125 0.4718750000000001 0.6703125 0.4718750000000001
3 0.64609375 0.41562500000000013 0.63203125 0.41562500000000013 0.63203125 0.44895833333333346 0.64609375 0.44895833333333346
3 0.63125 0.3979166666666668 0.6140625 0.3979166666666668 0.6140625 0.44895833333333346 0.63125 0.44895833333333346
0 0.66171875 0.3666666666666668 0.60390625 0.3666666666666668 0.60390625 0.4322916666666668 0.66171875 0.4322916666666668
3 0.6203125 0.3822916666666668 0.6046875 0.3822916666666668 0.6046875 0.4343750000000001 0.6203125 0.4343750000000001
0 0.6015625 0.3854166666666668 0.5578125 0.3854166666666668 0.5578125 0.46770833333333345 0.6015625 0.46770833333333345
3 0.60390625 0.3781250000000001 0.5890625 0.3781250000000001 0.5890625 0.42812500000000014 0.60390625 0.42812500000000014
3 0.578125 0.5020833333333334 0.5515625 0.5020833333333334 0.5515625 0.5864583333333333 0.578125 0.5864583333333333
3 0.58515625 0.4812500000000001 0.56640625 0.4812500000000001 0.56640625 0.540625 0.58515625 0.540625
3 0.60390625 0.4843750000000001 0.58828125 0.4843750000000001 0.58828125 0.5250000000000001 0.60390625 0.5250000000000001
3 0.590625 0.45729166666666676 0.57109375 0.45729166666666676 0.57109375 0.5145833333333335 0.590625 0.5145833333333335
3 0.57421875 0.4291666666666668 0.55625 0.4291666666666668 0.55625 0.4979166666666668 0.57421875 0.4979166666666668
3 0.55625 0.4135416666666668 0.534375 0.4135416666666668 0.534375 0.4979166666666668 0.55625 0.4979166666666668
3 0.48125 0.3000000000000001 0.465625 0.3000000000000001 0.465625 0.35000000000000014 0.48125 0.35000000000000014
3 0.4890625 0.30312500000000014 0.478125 0.30312500000000014 0.478125 0.35000000000000014 0.4890625 0.35000000000000014
3 0.4859375 0.28958333333333347 0.47578125 0.28958333333333347 0.47578125 0.31875000000000014 0.4859375 0.31875000000000014
3 0.525 0.3250000000000001 0.51171875 0.3250000000000001 0.51171875 0.3572916666666668 0.525 0.3572916666666668
3 0.521875 0.30625000000000013 0.509375 0.30625000000000013 0.509375 0.3385416666666668 0.521875 0.3385416666666668
3 0.52421875 0.2864583333333334 0.51796875 0.2864583333333334 0.51796875 0.3281250000000001 0.52421875 0.3281250000000001
0 0.5140625 0.32187500000000013 0.484375 0.32187500000000013 0.484375 0.3916666666666668 0.5140625 0.3916666666666668
3 0.4953125 0.29895833333333344 0.4890625 0.29895833333333344 0.4890625 0.3291666666666668 0.4953125 0.3291666666666668
3 0.5046875 0.30520833333333347 0.4953125 0.30520833333333347 0.4953125 0.32395833333333346 0.5046875 0.32395833333333346
3 0.503125 0.27395833333333347 0.49375 0.27395833333333347 0.49375 0.30104166666666676 0.503125 0.30104166666666676
3 0.50625 0.2687500000000001 0.5 0.2687500000000001 0.5 0.29895833333333344 0.50625 0.29895833333333344
0 0.4953125 0.23750000000000007 0.46796875 0.23750000000000007 0.46796875 0.29583333333333345 0.4953125 0.29583333333333345
0 0.49609375 0.21875000000000006 0.47109375 0.21875000000000006 0.47109375 0.2489583333333334 0.49609375 0.2489583333333334
3 0.49765625 0.2302083333333334 0.49296875 0.2302083333333334 0.49296875 0.24375000000000005 0.49765625 0.24375000000000005
3 0.503125 0.2489583333333334 0.49609375 0.2489583333333334 0.49609375 0.27187500000000014 0.503125 0.27187500000000014
3 0.51171875 0.24791666666666673 0.50390625 0.24791666666666673 0.50390625 0.26770833333333344 0.51171875 0.26770833333333344
3 0.625 0.32187500000000013 0.6171875 0.32187500000000013 0.6171875 0.3604166666666668 0.625 0.3604166666666668
3 0.6328125 0.3416666666666668 0.625 0.3416666666666668 0.625 0.36145833333333344 0.6328125 0.36145833333333344
0 0.61796875 0.32083333333333347 0.57890625 0.32083333333333347 0.57890625 0.3885416666666668 0.61796875 0.3885416666666668
3 0.6171875 0.3072916666666668 0.60859375 0.3072916666666668 0.60859375 0.35000000000000014 0.6171875 0.35000000000000014
3 0.60234375 0.2791666666666668 0.59375 0.2791666666666668 0.59375 0.3125000000000001 0.60234375 0.3125000000000001
3 0.61015625 0.28958333333333347 0.60234375 0.28958333333333347 0.60234375 0.3156250000000001 0.61015625 0.3156250000000001
0 0.5921875 0.27708333333333346 0.56875 0.27708333333333346 0.56875 0.32187500000000013 0.5921875 0.32187500000000013
3 0.5921875 0.2635416666666668 0.58359375 0.2635416666666668 0.58359375 0.29270833333333346 0.5921875 0.29270833333333346
2 0.571875 0.24895833333333342 0.52734375 0.2489583333333334 0.52734375 0.33958333333333346 0.571875 0.33958333333333346
3 0.57265625 0.2437500000000001 0.56328125 0.2437500000000001 0.56328125 0.26979166666666676 0.57265625 0.26979166666666676
0 0.47890625 0.19479166666666672 0.4609375 0.19479166666666672 0.4609375 0.2333333333333334 0.47890625 0.2333333333333334
0 0.4796875 0.17812500000000006 0.46328125 0.17812500000000006 0.46328125 0.20625000000000007 0.4796875 0.20625000000000007
3 0.48828125 0.19062500000000007 0.48046875 0.19062500000000007 0.48046875 0.20937500000000006 0.48828125 0.20937500000000006
3 0.48515625 0.17291666666666672 0.4796875 0.17291666666666672 0.4796875 0.1927083333333334 0.48515625 0.1927083333333334
0 0.51015625 0.19062500000000007 0.48828125 0.19062500000000007 0.48828125 0.21875000000000006 0.51015625 0.21875000000000006
3 0.49453125 0.17187500000000006 0.4859375 0.17187500000000006 0.4859375 0.19062500000000007 0.49453125 0.19062500000000007
3 0.509375 0.16875000000000007 0.50078125 0.16875000000000007 0.50078125 0.18541666666666673 0.509375 0.18541666666666673
3 0.5125 0.16979166666666673 0.50625 0.16979166666666673 0.50625 0.18750000000000006 0.5125 0.18750000000000006
3 0.50234375 0.15937500000000007 0.49609375 0.15937500000000007 0.49609375 0.17916666666666672 0.50234375 0.17916666666666672
3 0.5140625 0.1510416666666667 0.50859375 0.1510416666666667 0.50859375 0.1677083333333334 0.5140625 0.1677083333333334
0 0.49296875 0.13854166666666673 0.4796875 0.13854166666666673 0.4796875 0.16562500000000005 0.49296875 0.16562500000000005
3 0.50859375 0.1489583333333334 0.503125 0.1489583333333334 0.503125 0.16041666666666674 0.50859375 0.16041666666666674
0 0.53359375 0.1666666666666667 0.5125 0.1666666666666667 0.5125 0.1989583333333334 0.53359375 0.1989583333333334
3 0.521875 0.15833333333333338 0.51328125 0.15833333333333338 0.51328125 0.17291666666666672 0.521875 0.17291666666666672
3 0.471875 0.1677083333333334 0.46640625 0.1677083333333334 0.46640625 0.1822916666666667 0.471875 0.1822916666666667
0 0.59609375 0.6166666666666667 0.51328125 0.6166666666666667 0.51328125 0.8197916666666667 0.59609375 0.8197916666666667
0 0.65859375 0.5197916666666668 0.578125 0.5197916666666668 0.578125 0.6677083333333333 0.65859375 0.6677083333333333
0 0.55859375 0.4947916666666668 0.49609375 0.4947916666666668 0.49609375 0.6239583333333333 0.55859375 0.6239583333333333
0 0.5359375 0.4072916666666668 0.4875 0.4072916666666668 0.4875 0.5208333333333335 0.5359375 0.5208333333333335
0 0.57421875 0.3354166666666668 0.53671875 0.3354166666666668 0.53671875 0.42083333333333345 0.57421875 0.42083333333333345
0 0.5328125 0.3593750000000001 0.49375 0.3593750000000001 0.49375 0.41458333333333347 0.5328125 0.41458333333333347
0 0.52265625 0.2083333333333334 0.49921875 0.2083333333333334 0.49921875 0.2447916666666667 0.52265625 0.2447916666666667
0 0.534375 0.2458333333333334 0.5109375 0.2458333333333334 0.5109375 0.2864583333333334 0.534375 0.2864583333333334
0 0.55625 0.22812500000000008 0.53046875 0.22812500000000005 0.53046875 0.2562500000000001 0.55625 0.25625000000000014
0 0.56171875 0.20729166666666676 0.53828125 0.20729166666666674 0.53828125 0.23020833333333343 0.56171875 0.23020833333333346
0 0.5421875 0.18750000000000006 0.52109375 0.18750000000000006 0.52109375 0.22291666666666674 0.5421875 0.22291666666666674
0 0.48984375 0.1270833333333334 0.478125 0.1270833333333334 0.478125 0.1458333333333334 0.48984375 0.1458333333333334
0 0.48828125 0.11458333333333343 0.47734375 0.11458333333333343 0.47734375 0.1281250000000001 0.48828125 0.1281250000000001
0 0.48515625 0.1062500000000001 0.478125 0.1062500000000001 0.478125 0.11666666666666675 0.48515625 0.11666666666666675
0 0.478125 0.09270833333333342 0.47265625 0.09270833333333342 0.47265625 0.10312500000000009 0.478125 0.10312500000000009
0 0.4859375 0.09791666666666675 0.478125 0.09791666666666675 0.478125 0.10729166666666676 0.4859375 0.10729166666666676
1 0.4734375 0.13437500000000005 0.4546875 0.13437500000000005 0.4546875 0.1677083333333334 0.4734375 0.1677083333333334
0 0.471875 0.12500000000000008 0.459375 0.12500000000000008 0.459375 0.1364583333333334 0.471875 0.1364583333333334
0 0.46953125 0.11875000000000009 0.46171875 0.11875000000000009 0.46171875 0.1281250000000001 0.46953125 0.1281250000000001
0 0.4703125 0.10520833333333342 0.45859375 0.10520833333333342 0.45859375 0.12083333333333342 0.4703125 0.12083333333333342
0 0.5015625 0.11145833333333342 0.48984375 0.11145833333333342 0.48984375 0.12500000000000008 0.5015625 0.12500000000000008
0 0.49296875 0.10104166666666675 0.48671875 0.10104166666666675 0.48671875 0.11250000000000009 0.49296875 0.11250000000000009