0 0.5828125 0.5833333333333334 0.4953125 0.5833333333333334 0.4953125 0.7729166666666667 0.5828125 0.7729166666666667
0 0.7359375 0.5302083333333335 0.659375 0.5302083333333335 0.659375 0.7562500000000001 0.7359375 0.7562500000000002
0 0.6265625 0.48020833333333346 0.55234375 0.48020833333333346 0.55234375 0.6229166666666667 0.6265625 0.6229166666666667
0 0.6468750000000001 0.884375 0.5125 0.884375 0.5125000000000001 1 0.6468750000000002 1
0 0.5703125 0.3489583333333334 0.52421875 0.3489583333333334 0.52421875 0.4250000000000001 0.5703125 0.4250000000000001
0 0.5515625 0.2937500000000001 0.51484375 0.2937500000000001 0.51484375 0.3562500000000001 0.5515625 0.3562500000000001
0 0.53203125 0.26041666666666674 0.50859375 0.26041666666666674 0.50859375 0.3072916666666668 0.53203125 0.3072916666666668
2 0.51328125 0.2458333333333334 0.45 0.2458333333333334 0.45 0.40208333333333346 0.51328125 0.40208333333333346
0 0.52109375 0.2395833333333334 0.4921875 0.2395833333333334 0.4921875 0.2812500000000001 0.52109375 0.2812500000000001
0 0.50859375 0.2083333333333334 0.4796875 0.2083333333333334 0.4796875 0.24375000000000005 0.50859375 0.24375000000000005
3 0.4703125 0.2083333333333334 0.45 0.2083333333333334 0.45 0.25520833333333337 0.4703125 0.25520833333333337
0 0.50078125 0.1864583333333334 0.46796875 0.1864583333333334 0.46796875 0.2135416666666667 0.50078125 0.2135416666666667
2 0.4578125 0.15416666666666673 0.4296875 0.15416666666666673 0.4296875 0.24166666666666672 0.4578125 0.24166666666666672
0 0.471875 0.14791666666666672 0.4515625 0.14791666666666672 0.4515625 0.17604166666666674 0.471875 0.17604166666666674
2 0.4421875 0.12187500000000005 0.42109375 0.12187500000000005 0.42109375 0.1614583333333334 0.4421875 0.1614583333333334
0 0.4546875 0.10625000000000008 0.44296875 0.10625000000000005 0.44296875 0.13437500000000005 0.4546875 0.13437500000000005
3 0.4375 0.0989583333333334 0.43046875 0.0989583333333334 0.43046875 0.11562500000000006 0.4375 0.11562500000000006
0 0.459375 0.09375000000000007 0.4453125 0.09375000000000006 0.4453125 0.11666666666666674 0.459375 0.11666666666666675
3 0.465625 0.08229166666666675 0.46015625 0.08229166666666675 0.46015625 0.09791666666666675 0.465625 0.09791666666666675
3 0.47890625 0.08020833333333342 0.46796875 0.08020833333333342 0.46796875 0.09479166666666676 0.47890625 0.09479166666666676
3 0.47109375 0.08541666666666675 0.4671875 0.08541666666666675 0.4671875 0.09791666666666675 0.47109375 0.09791666666666675
0 0.4796875 0.06562500000000007 0.46875 0.06562500000000007 0.46875 0.08333333333333343 0.4796875 0.08333333333333343
0 0.47265625 0.07083333333333343 0.46640625 0.07083333333333343 0.46640625 0.08437500000000009 0.47265625 0.08437500000000009
3 0.78359375 0.6354166666666669 0.7484375 0.6354166666666669 0.7484375 0.7729166666666669 0.78359375 0.7729166666666669
3 0.51328125 0.4718750000000001 0.48515625 0.4718750000000001 0.48515625 0.5625 0.51328125 0.5625
3 0.64609375 0.4812500000000001 0.61953125 0.4812500000000001 0.61953125 0.5645833333333333 0.64609375 0.5645833333333333
3 0.7046875 0.4895833333333334 0.66796875 0.4895833333333334 0.66796875 0.5541666666666667 0.7046875 0.5541666666666667
3 0.659375 0.44583333333333347 0.63203125 0.44583333333333347 0.63203125 0.5260416666666667 0.659375 0.5260416666666667
3 0.6296875 0.44166666666666676 0.6 0.44166666666666676 0.6 0.5187500000000002 0.6296875 0.5187500000000002
3 0.6546875 0.41041666666666676 0.63359375 0.41041666666666676 0.63359375 0.47812500000000013 0.6546875 0.47812500000000013
3 0.61015625 0.38333333333333347 0.584375 0.38333333333333347 0.584375 0.4531250000000001 0.61015625 0.4531250000000001
3 0.62734375 0.3666666666666668 0.60859375 0.3666666666666668 0.60859375 0.4447916666666668 0.62734375 0.4447916666666668
3 0.58671875 0.3333333333333334 0.565625 0.3333333333333334 0.565625 0.39270833333333344 0.58671875 0.39270833333333344
3 0.59609375 0.3385416666666668 0.57890625 0.3385416666666668 0.57890625 0.38645833333333346 0.59609375 0.38645833333333346
3 0.61328125 0.3291666666666668 0.60234375 0.3291666666666668 0.60234375 0.3802083333333334 0.61328125 0.3802083333333334
3 0.5859375 0.31458333333333344 0.5640625 0.31458333333333344 0.5640625 0.35520833333333346 0.5859375 0.35520833333333346
3 0.60234375 0.30312500000000014 0.58203125 0.30312500000000014 0.58203125 0.3541666666666668 0.60234375 0.3541666666666668
3 0.57265625 0.27708333333333346 0.55234375 0.27708333333333346 0.55234375 0.3250000000000001 0.57265625 0.3250000000000001
3 0.59140625 0.2812500000000001 0.575 0.2812500000000001 0.575 0.3197916666666668 0.59140625 0.3197916666666668
3 0.45078125 0.26041666666666674 0.428125 0.26041666666666674 0.428125 0.32083333333333347 0.45078125 0.32083333333333347
3 0.5453125 0.2510416666666668 0.52734375 0.2510416666666667 0.52734375 0.2916666666666668 0.5453125 0.2916666666666668
3 0.546875 0.2250000000000001 0.5296875 0.22500000000000006 0.5296875 0.2562500000000001 0.546875 0.25625000000000014
3 0.465625 0.18541666666666673 0.4515625 0.18541666666666673 0.4515625 0.21250000000000005 0.465625 0.21250000000000005
3 0.50078125 0.15416666666666673 0.48828125 0.15416666666666673 0.48828125 0.1822916666666667 0.50078125 0.1822916666666667
3 0.459375 0.14062500000000006 0.44609375 0.14062500000000006 0.44609375 0.16354166666666672 0.459375 0.16354166666666672
3 0.46484375 0.1364583333333334 0.45703125 0.1364583333333334 0.45703125 0.1520833333333334 0.46484375 0.1520833333333334
3 0.4828125 0.12395833333333342 0.47265625 0.12395833333333342 0.47265625 0.1510416666666667 0.4828125 0.1510416666666667
3 0.46953125 0.12291666666666676 0.459375 0.12291666666666676 0.459375 0.14166666666666672 0.46953125 0.14166666666666672
3 0.47109375 0.10833333333333342 0.4609375 0.10833333333333342 0.4609375 0.13020833333333343 0.47109375 0.13020833333333343
3 0.47734375 0.10937500000000008 0.47109375 0.10937500000000008 0.47109375 0.1281250000000001 0.47734375 0.1281250000000001