3 0.6703125000000001 0.8739583333333333 0.6328125 0.8739583333333333 0.6328125000000001 1 0.6703125000000002 1
0 0.73046875 0.6604166666666668 0.61796875 0.6604166666666667 0.61796875 0.8614583333333334 0.73046875 0.8614583333333335
3 0.64765625 0.740625 0.6140625 0.740625 0.6140625 0.8916666666666667 0.64765625 0.8916666666666667
3 0.6796875 0.7947916666666667 0.64765625 0.7947916666666667 0.64765625 0.9395833333333333 0.6796875 0.9395833333333333
3 0.7234375 0.8114583333333333 0.69140625 0.8114583333333333 0.69140625 0.934375 0.7234375 0.934375
3 0.8296875 0.8864583333333336 0.80078125 0.8864583333333336 0.80078125 1.0000000000000002 0.8296875 1.0000000000000002
3 0.88671875 0.9531250000000002 0.85078125 0.9531250000000002 0.85078125 1.0000000000000002 0.88671875 1.0000000000000002
3 0.91328125 0.8760416666666669 0.87421875 0.8760416666666669 0.87421875 0.9989583333333336 0.91328125 0.9989583333333336
3 0.95625 0.8656250000000002 0.9171875 0.8656250000000002 0.9171875 1.0000000000000002 0.95625 1.0000000000000002
3 0.99609375 0.8750000000000002 0.9640625 0.8750000000000002 0.9640625 1.0000000000000002 0.99609375 1.0000000000000002
3 0.971875 0.8104166666666669 0.940625 0.8104166666666669 0.940625 0.9104166666666669 0.971875 0.9104166666666669
3 0.87890625 0.8208333333333335 0.8375 0.8208333333333335 0.8375 0.9343750000000003 0.87890625 0.9343750000000003
3 0.909375 0.8083333333333336 0.8796875 0.8083333333333336 0.8796875 0.8968750000000002 0.909375 0.8968750000000002
0 0.84140625 0.7281250000000001 0.7234375 0.728125 0.7234375 0.9364583333333335 0.84140625 0.9364583333333336
3 0.84453125 0.7333333333333336 0.80703125 0.7333333333333336 0.80703125 0.8541666666666669 0.84453125 0.8541666666666669
3 0.87109375 0.7270833333333335 0.8375 0.7270833333333335 0.8375 0.8510416666666669 0.87109375 0.8510416666666669
3 0.8109375 0.6864583333333336 0.78203125 0.6864583333333336 0.78203125 0.7677083333333335 0.8109375 0.7677083333333335
3 0.8421875 0.6625000000000002 0.8 0.6625000000000002 0.8 0.7375000000000003 0.8421875 0.7375000000000003
3 0.746875 0.6218750000000001 0.715625 0.621875 0.715625 0.7218750000000002 0.746875 0.7218750000000003
3 0.759375 0.6677083333333336 0.734375 0.6677083333333336 0.734375 0.7281250000000002 0.759375 0.7281250000000002
3 0.72578125 0.6343750000000001 0.69296875 0.634375 0.69296875 0.7468750000000001 0.72578125 0.7468750000000003
3 0.76015625 0.5916666666666669 0.734375 0.5916666666666669 0.734375 0.6583333333333335 0.76015625 0.6583333333333335
3 0.7796875 0.6291666666666669 0.7515625 0.6291666666666669 0.7515625 0.7166666666666669 0.7796875 0.7166666666666669
3 0.815625 0.6125000000000003 0.78125 0.6125000000000003 0.78125 0.7062500000000003 0.815625 0.7062500000000003
3 0.77734375 0.5645833333333335 0.7515625 0.5645833333333335 0.7515625 0.6447916666666669 0.77734375 0.6447916666666669
3 0.74296875 0.5281250000000001 0.71796875 0.5281250000000001 0.71796875 0.5937500000000001 0.74296875 0.5937500000000002
3 0.75390625 0.5145833333333335 0.73125 0.5145833333333335 0.73125 0.6114583333333335 0.75390625 0.6114583333333335
3 0.7046875 0.5989583333333334 0.678125 0.5989583333333334 0.678125 0.6822916666666666 0.7046875 0.6822916666666666
3 0.72734375 0.5656250000000002 0.69765625 0.565625 0.69765625 0.6437500000000002 0.72734375 0.6437500000000003
3 0.68359375 0.55625 0.646875 0.55625 0.646875 0.6572916666666667 0.68359375 0.6572916666666667
3 0.69296875 0.5427083333333333 0.67578125 0.5427083333333333 0.67578125 0.6239583333333333 0.69296875 0.6239583333333333
3 0.67265625 0.5062500000000001 0.64375 0.5062500000000001 0.64375 0.5947916666666667 0.67265625 0.5947916666666667
3 0.7265625 0.49895833333333345 0.70703125 0.49895833333333345 0.70703125 0.5687500000000001 0.7265625 0.5687500000000002
3 0.7109375 0.4666666666666668 0.68671875 0.4666666666666668 0.68671875 0.5479166666666667 0.7109375 0.5479166666666667
0 0.69296875 0.45729166666666676 0.62734375 0.45729166666666676 0.62734375 0.5489583333333333 0.69296875 0.5489583333333333
3 0.69296875 0.4406250000000001 0.66953125 0.4406250000000001 0.66953125 0.5156250000000001 0.69296875 0.5156250000000001
3 0.68359375 0.4187500000000001 0.6640625 0.4187500000000001 0.6640625 0.47500000000000014 0.68359375 0.47500000000000014
0 0.62578125 0.4291666666666668 0.5734375 0.4291666666666668 0.5734375 0.5104166666666667 0.62578125 0.5104166666666667
3 0.63828125 0.42812500000000014 0.61015625 0.42812500000000014 0.61015625 0.5208333333333335 0.63828125 0.5208333333333335
0 0.6484375 0.37395833333333345 0.60625 0.37395833333333345 0.60625 0.44895833333333346 0.6484375 0.44895833333333346
3 0.6703125 0.3875000000000001 0.65546875 0.3875000000000001 0.65546875 0.44687500000000013 0.6703125 0.44687500000000013
3 0.65546875 0.36354166666666676 0.63828125 0.36354166666666676 0.63828125 0.4229166666666668 0.65546875 0.4229166666666668
2 0.6 0.40833333333333344 0.4921875 0.40833333333333344 0.4921875 0.6760416666666667 0.6 0.6760416666666667
0 0.603125 0.3875000000000001 0.55859375 0.3875000000000001 0.55859375 0.4604166666666668 0.603125 0.4604166666666668
0 0.5890625 0.3093750000000001 0.5453125 0.3093750000000001 0.5453125 0.3958333333333334 0.5890625 0.3958333333333334
0 0.578125 0.33958333333333346 0.54296875 0.33958333333333346 0.54296875 0.41770833333333346 0.578125 0.41770833333333346
3 0.59921875 0.3468750000000001 0.57734375 0.3468750000000001 0.57734375 0.3958333333333334 0.59921875 0.3958333333333334
3 0.60078125 0.3468750000000001 0.58984375 0.3468750000000001 0.58984375 0.3979166666666668 0.60078125 0.3979166666666668
3 0.61640625 0.3354166666666668 0.5953125 0.3354166666666668 0.5953125 0.3750000000000001 0.61640625 0.3750000000000001
3 0.6234375 0.34270833333333345 0.6140625 0.34270833333333345 0.6140625 0.3781250000000001 0.6234375 0.3781250000000001
3 0.64375 0.3333333333333334 0.6296875 0.3333333333333334 0.6296875 0.38333333333333347 0.64375 0.38333333333333347
0 0.5265625 0.35000000000000014 0.48125 0.35000000000000014 0.48125 0.4218750000000001 0.5265625 0.4218750000000001
0 0.515625 0.3156250000000001 0.4671875 0.3156250000000001 0.4671875 0.3802083333333334 0.515625 0.3802083333333334
3 0.53125 0.3489583333333334 0.5171875 0.3489583333333334 0.5171875 0.3875000000000001 0.53125 0.3875000000000001
3 0.53515625 0.32083333333333347 0.525 0.32083333333333347 0.525 0.3572916666666668 0.53515625 0.3572916666666668
3 0.48671875 0.3041666666666668 0.46796875 0.3041666666666668 0.46796875 0.3468750000000001 0.48671875 0.3468750000000001
0 0.56484375 0.26354166666666673 0.5125 0.26354166666666673 0.5125 0.33229166666666676 0.56484375 0.33229166666666676
3 0.58203125 0.28541666666666676 0.565625 0.28541666666666676 0.565625 0.3312500000000001 0.58203125 0.3312500000000001
0 0.6125 0.29062500000000013 0.58515625 0.29062500000000013 0.58515625 0.35833333333333345 0.6125 0.35833333333333345
3 0.615625 0.28958333333333347 0.6 0.28958333333333347 0.6 0.33229166666666676 0.615625 0.33229166666666676
3 0.6015625 0.2791666666666668 0.5875 0.2791666666666668 0.5875 0.30833333333333346 0.6015625 0.30833333333333346
0 0.48984375 0.2541666666666667 0.46640625 0.2541666666666667 0.46640625 0.2885416666666668 0.48984375 0.2885416666666668
0 0.51875 0.24062500000000006 0.48828125 0.24062500000000006 0.48828125 0.28541666666666676 0.51875 0.28541666666666676
3 0.534375 0.23750000000000007 0.51796875 0.23750000000000007 0.51796875 0.2708333333333334 0.534375 0.2708333333333334
0 0.55546875 0.23854166666666676 0.53203125 0.23854166666666674 0.53203125 0.29062500000000013 0.55546875 0.29062500000000013
3 0.5671875 0.23541666666666677 0.5578125 0.23541666666666677 0.5578125 0.2708333333333334 0.5671875 0.2708333333333334
3 0.58125 0.22500000000000012 0.56875 0.22500000000000012 0.56875 0.25416666666666676 0.58125 0.25416666666666676
3 0.4859375 0.2864583333333334 0.465625 0.2864583333333334 0.465625 0.31666666666666676 0.4859375 0.31666666666666676
3 0.471875 0.24791666666666673 0.4609375 0.24791666666666673 0.4609375 0.27708333333333346 0.471875 0.27708333333333346
0 0.48984375 0.21875000000000006 0.4625 0.21875000000000006 0.4625 0.25000000000000006 0.48984375 0.25000000000000006
0 0.51328125 0.2114583333333334 0.4859375 0.2114583333333334 0.4859375 0.2395833333333334 0.51328125 0.2395833333333334
0 0.48046875 0.20000000000000007 0.46171875 0.20000000000000007 0.46171875 0.21875000000000006 0.48046875 0.21875000000000006
3 0.49296875 0.20000000000000007 0.4859375 0.20000000000000007 0.4859375 0.22083333333333338 0.49296875 0.22083333333333338
3 0.51640625 0.20729166666666674 0.50859375 0.20729166666666674 0.50859375 0.24166666666666672 0.51640625 0.24166666666666672
0 0.5328125 0.21562500000000007 0.51484375 0.21562500000000007 0.51484375 0.23437500000000006 0.5328125 0.23437500000000006
0 0.5171875 0.19062500000000007 0.49453125 0.19062500000000007 0.49453125 0.21250000000000005 0.5171875 0.21250000000000005
3 0.534375 0.18854166666666672 0.525 0.18854166666666672 0.525 0.2114583333333334 0.534375 0.2114583333333334
0 0.47734375 0.18750000000000006 0.45546875 0.18750000000000006 0.45546875 0.20000000000000007 0.47734375 0.20000000000000007
0 0.47109375 0.17604166666666674 0.45390625 0.17604166666666674 0.45390625 0.18958333333333338 0.47109375 0.18958333333333338
3 0.4890625 0.17604166666666674 0.48046875 0.17604166666666674 0.48046875 0.19479166666666672 0.4890625 0.19479166666666672
0 0.509375 0.18125000000000005 0.49296875 0.18125000000000005 0.49296875 0.1958333333333334 0.509375 0.1958333333333334
3 0.5234375 0.17500000000000007 0.51796875 0.17500000000000007 0.51796875 0.19687500000000005 0.5234375 0.19687500000000005
0 0.4734375 0.16562500000000005 0.453125 0.16562500000000005 0.453125 0.17812500000000006 0.4734375 0.17812500000000006
3 0.4796875 0.1645833333333334 0.471875 0.1645833333333334 0.471875 0.1802083333333334 0.4796875 0.1802083333333334
0 0.50390625 0.1708333333333334 0.48984375 0.1708333333333334 0.48984375 0.1864583333333334 0.50390625 0.1864583333333334
1 0.50390625 0.12395833333333342 0.47734375 0.12395833333333342 0.47734375 0.17187500000000006 0.50390625 0.17187500000000006
0 0.50703125 0.15312500000000007 0.5 0.15312500000000007 0.5 0.17395833333333338 0.50703125 0.17395833333333338
3 0.51171875 0.1645833333333334 0.50625 0.1645833333333334 0.50625 0.17916666666666672 0.51171875 0.17916666666666672
3 0.521875 0.15312500000000007 0.5140625 0.15312500000000007 0.5140625 0.18125000000000005 0.521875 0.18125000000000005
3 0.53125 0.16875000000000007 0.52578125 0.16875000000000007 0.52578125 0.18541666666666673 0.53125 0.18541666666666673
3 0.5421875 0.17604166666666674 0.5359375 0.17604166666666674 0.5359375 0.1989583333333334 0.5421875 0.1989583333333334
3 0.521875 0.14270833333333338 0.5140625 0.14270833333333338 0.5140625 0.16041666666666674 0.521875 0.16041666666666674
0 0.6375000000000001 0.9104166666666667 0.53359375 0.9104166666666667 0.5335937500000001 1 0.6375000000000002 1
0 0.76484375 0.9083333333333334 0.6734375 0.9083333333333333 0.6734375000000001 1.0000000000000002 0.7648437500000002 1.0000000000000002
0 0.615625 0.6739583333333333 0.5109375 0.6739583333333333 0.5109375 0.90625 0.615625 0.90625
0 0.65859375 0.5062500000000001 0.5796875 0.5062500000000001 0.5796875 0.671875 0.65859375 0.671875
0 0.52265625 0.3000000000000001 0.490625 0.3000000000000001 0.490625 0.33750000000000013 0.52265625 0.33750000000000013
0 0.47109375 0.1552083333333334 0.4515625 0.1552083333333334 0.4515625 0.1666666666666667 0.47109375 0.1666666666666667
0 0.471875 0.14479166666666674 0.45390625 0.14479166666666674 0.45390625 0.15937500000000007 0.471875 0.15937500000000007
0 0.4703125 0.13750000000000007 0.45390625 0.13750000000000007 0.45390625 0.1489583333333334 0.4703125 0.1489583333333334
0 0.475 0.12083333333333342 0.45625 0.12083333333333342 0.45625 0.1395833333333334 0.475 0.1395833333333334
1 0.48515625 0.08958333333333342 0.465625 0.08958333333333342 0.465625 0.12291666666666676 0.48515625 0.12291666666666676
0 0.47578125 0.11145833333333342 0.4625 0.11145833333333342 0.4625 0.1270833333333334 0.47578125 0.1270833333333334
0 0.5203125 0.1364583333333334 0.50234375 0.1364583333333334 0.50234375 0.15000000000000005 0.5203125 0.15000000000000005
0 0.50859375 0.12604166666666675 0.49921875 0.12604166666666675 0.49921875 0.13437500000000005 0.50859375 0.13437500000000005
1 0.50546875 0.07083333333333343 0.4796875 0.07083333333333343 0.4796875 0.1062500000000001 0.50546875 0.1062500000000001