3 0.503125 0.809375 0.46015625 0.809375 0.4601562500000001 0.984375 0.5031250000000002 0.984375
3 0.3265625000000001 0.8395833333333333 0.2921875000000001 0.8395833333333333 0.2921875000000001 0.9895833333333334 0.3265625000000001 0.9895833333333334
0 0.4554687500000001 0.6666666666666666 0.3296875000000001 0.6666666666666666 0.3296875000000001 1 0.4554687500000002 1
3 0.3617187500000001 0.7 0.33281250000000007 0.7 0.33281250000000007 0.8135416666666667 0.3617187500000001 0.8135416666666667
3 0.3273437500000001 0.675 0.2960937500000001 0.675 0.2960937500000001 0.7833333333333333 0.3273437500000001 0.7833333333333333
3 0.2828125000000001 0.709375 0.2484375000000001 0.709375 0.2484375000000001 0.8166666666666667 0.2828125000000001 0.8166666666666667
3 0.2429687500000001 0.696875 0.2171875000000001 0.696875 0.2171875000000001 0.80625 0.2429687500000001 0.80625
3 0.2250000000000001 0.6760416666666667 0.19453125000000004 0.6760416666666667 0.19453125000000007 0.775 0.2250000000000001 0.775
3 0.1664062500000001 0.7645833333333333 0.13437500000000008 0.7645833333333333 0.13437500000000008 0.8958333333333334 0.1664062500000001 0.8958333333333334
3 0.11953125000000009 0.8927083333333333 0.07734375000000009 0.8927083333333333 0.07734375000000009 0.9927083333333333 0.11953125000000009 0.9927083333333333
3 0.025781250000000082 0.8166666666666667 0.003906250000000075 0.8166666666666667 0.0039062500000000815 0.946875 0.02578125000000009 0.946875
3 0.2812500000000001 0.5947916666666667 0.2492187500000001 0.5947916666666667 0.2492187500000001 0.6916666666666667 0.2812500000000001 0.6916666666666667
3 0.23203125000000008 0.4947916666666667 0.2015625000000001 0.4947916666666667 0.2015625000000001 0.5791666666666667 0.23203125000000008 0.5791666666666667
3 0.42265625 0.6427083333333333 0.39921875000000007 0.6427083333333333 0.39921875000000007 0.671875 0.42265625 0.671875
3 0.44296875 0.5645833333333333 0.41640625 0.5645833333333333 0.41640625 0.6572916666666667 0.44296875 0.6572916666666667
3 0.44921875 0.5041666666666668 0.421875 0.5041666666666668 0.421875 0.575 0.44921875 0.575
3 0.46875 0.43020833333333347 0.44296875 0.43020833333333347 0.44296875 0.5052083333333335 0.46875 0.5052083333333335
3 0.465625 0.37083333333333346 0.44609375 0.37083333333333346 0.44609375 0.43333333333333346 0.465625 0.43333333333333346
3 0.37734375000000003 0.42708333333333337 0.35625 0.4270833333333333 0.35625000000000007 0.5000000000000001 0.3773437500000001 0.5000000000000001
0 0.34921875 0.46458333333333335 0.2953125 0.46458333333333335 0.29531250000000003 0.5739583333333333 0.3492187500000001 0.5739583333333333
3 0.3359375 0.43125 0.31875 0.43125 0.31875 0.46979166666666666 0.3359375 0.46979166666666666
3 0.35078125 0.396875 0.33125 0.396875 0.33125 0.45729166666666665 0.35078125 0.45729166666666665
0 0.41171875 0.32812500000000006 0.3625 0.328125 0.3625 0.41354166666666675 0.41171875 0.4135416666666668
3 0.39765625 0.2885416666666668 0.3859375 0.2885416666666668 0.3859375 0.33437500000000014 0.39765625 0.33437500000000014
3 0.38828125 0.30625000000000013 0.3796875 0.30625000000000013 0.3796875 0.3354166666666668 0.38828125 0.3354166666666668
0 0.440625 0.2687500000000001 0.403125 0.2687500000000001 0.403125 0.3250000000000001 0.440625 0.3250000000000001
3 0.40859375 0.2729166666666668 0.39765625 0.2729166666666668 0.39765625 0.31145833333333345 0.40859375 0.31145833333333345
2 0.4953125 0.20104166666666673 0.4671875 0.20104166666666673 0.4671875 0.26354166666666673 0.4953125 0.26354166666666673
3 0.47109375 0.19687500000000005 0.46484375 0.19687500000000005 0.46484375 0.2177083333333334 0.47109375 0.2177083333333334
3 0.46328125 0.19062500000000007 0.459375 0.19062500000000007 0.459375 0.20729166666666674 0.46328125 0.20729166666666674
2 0.540625 0.16979166666666673 0.4984375 0.16979166666666673 0.4984375 0.2687500000000001 0.540625 0.2687500000000001
0 0.5203125 0.15416666666666673 0.50234375 0.15416666666666673 0.50234375 0.17916666666666672 0.5203125 0.17916666666666672
3 0.49609375 0.16041666666666674 0.4921875 0.16041666666666674 0.4921875 0.1802083333333334 0.49609375 0.1802083333333334
3 0.5046875 0.1489583333333334 0.49765625 0.1489583333333334 0.49765625 0.1666666666666667 0.5046875 0.1666666666666667
0 0.5234375 0.14166666666666672 0.50859375 0.14166666666666672 0.50859375 0.15312500000000007 0.5234375 0.15312500000000007
3 0.5078125 0.13750000000000007 0.50234375 0.13750000000000007 0.50234375 0.15312500000000007 0.5078125 0.15312500000000007
3 0.49609375 0.14479166666666674 0.48984375 0.14479166666666674 0.48984375 0.1614583333333334 0.49609375 0.1614583333333334
3 0.5015625 0.1333333333333334 0.496875 0.1333333333333334 0.496875 0.14687500000000006 0.5015625 0.14687500000000006
3 0.49609375 0.1312500000000001 0.4921875 0.1312500000000001 0.4921875 0.1458333333333334 0.49609375 0.1458333333333334
3 0.49140625 0.13437500000000005 0.48671875 0.13437500000000005 0.48671875 0.1458333333333334 0.49140625 0.1458333333333334
0 0.48359375 0.16354166666666672 0.465625 0.16354166666666672 0.465625 0.20000000000000007 0.48359375 0.20000000000000007
3 0.48359375 0.14270833333333338 0.4796875 0.14270833333333338 0.4796875 0.15729166666666672 0.48359375 0.15729166666666672
0 0.525 0.13229166666666675 0.51171875 0.13229166666666675 0.51171875 0.14062500000000006 0.525 0.14062500000000006
3 0.50859375 0.12604166666666675 0.50078125 0.12604166666666675 0.50078125 0.1395833333333334 0.50859375 0.1395833333333334
3 0.503125 0.12500000000000008 0.49609375 0.12500000000000008 0.49609375 0.13750000000000007 0.503125 0.13750000000000007
3 0.49609375 0.11979166666666675 0.4921875 0.11979166666666675 0.4921875 0.1354166666666667 0.49609375 0.1354166666666667
3 0.490625 0.11979166666666675 0.48671875 0.11979166666666675 0.48671875 0.1354166666666667 0.490625 0.1354166666666667
3 0.50859375 0.11666666666666675 0.50078125 0.11666666666666675 0.50078125 0.1270833333333334 0.50859375 0.1270833333333334
0 0.27031250000000007 0.8333333333333334 0.1273437500000001 0.8333333333333334 0.1273437500000001 1 0.27031250000000007 1
0 0.4109375 0.49479166666666674 0.3382812500000001 0.4947916666666667 0.3382812500000001 0.646875 0.4109375 0.646875
0 0.43671875 0.40000000000000013 0.38828125 0.40000000000000013 0.38828125 0.5125000000000001 0.43671875 0.5125000000000001
0 0.4609375 0.3229166666666668 0.4140625 0.3229166666666668 0.4140625 0.4072916666666668 0.4609375 0.4072916666666668
0 0.51328125 0.3760416666666668 0.4734375 0.3760416666666668 0.4734375 0.43958333333333344 0.51328125 0.43958333333333344
0 0.52109375 0.30104166666666676 0.484375 0.30104166666666676 0.484375 0.3802083333333334 0.52109375 0.3802083333333334
0 0.48359375 0.2583333333333334 0.4546875 0.2583333333333334 0.4546875 0.3229166666666668 0.48359375 0.3229166666666668
0 0.53203125 0.2645833333333334 0.50625 0.2645833333333334 0.50625 0.30312500000000014 0.53203125 0.30312500000000014
2 0.54765625 0.1427083333333334 0.525 0.14270833333333338 0.525 0.1937500000000001 0.54765625 0.19375000000000012
0 0.54765625 0.12916666666666676 0.53125 0.12916666666666676 0.53125 0.1427083333333334 0.54765625 0.14270833333333346
0 0.54453125 0.11354166666666675 0.5296875 0.11354166666666675 0.5296875 0.1270833333333334 0.54453125 0.1270833333333334
0 0.540625 0.10312500000000009 0.5265625 0.10312500000000009 0.5265625 0.11354166666666675 0.540625 0.11354166666666675
1 0.52890625 0.07916666666666676 0.50625 0.07916666666666676 0.50625 0.1062500000000001 0.52890625 0.1062500000000001
2 0.46015625 0.18750000000000006 0.42421875 0.18750000000000006 0.42421875 0.28333333333333344 0.46015625 0.28333333333333344