0 0.6453125000000001 0.9010416666666666 0.51953125 0.9010416666666666 0.5195312500000001 1 0.6453125000000002 1
0 0.8421875 0.7510416666666669 0.7390625 0.7510416666666669 0.7390625000000001 0.9729166666666669 0.8421875 0.9729166666666669
0 0.74375 0.6760416666666668 0.63515625 0.6760416666666667 0.63515625 0.9114583333333335 0.74375 0.9114583333333336
0 0.59921875 0.659375 0.49609375 0.659375 0.49609375 0.9239583333333333 0.59921875 0.9239583333333333
0 0.7484375 0.5427083333333335 0.640625 0.5427083333333333 0.640625 0.7156250000000001 0.7484375 0.7156250000000003
0 0.66328125 0.575 0.575 0.575 0.575 0.7395833333333334 0.66328125 0.7395833333333334
0 0.53046875 0.45937500000000014 0.47109375 0.45937500000000014 0.47109375 0.5666666666666667 0.53046875 0.5666666666666667
0 0.603125 0.4583333333333334 0.5328125 0.4583333333333334 0.5328125 0.5635416666666667 0.603125 0.5635416666666667
0 0.6515625 0.43020833333333347 0.5875 0.43020833333333347 0.5875 0.5541666666666667 0.6515625 0.5541666666666667
0 0.50625 0.33437500000000014 0.453125 0.33437500000000014 0.453125 0.4479166666666668 0.50625 0.4479166666666668
0 0.56640625 0.3697916666666668 0.51328125 0.3697916666666668 0.51328125 0.4666666666666668 0.56640625 0.4666666666666668
0 0.61328125 0.35833333333333345 0.559375 0.35833333333333345 0.559375 0.4385416666666668 0.61328125 0.4385416666666668
0 0.54765625 0.33437500000000014 0.503125 0.33437500000000014 0.503125 0.38958333333333345 0.54765625 0.38958333333333345
0 0.58984375 0.24791666666666676 0.53671875 0.24791666666666673 0.53671875 0.33437500000000014 0.58984375 0.33437500000000014
0 0.5421875 0.2864583333333334 0.49453125 0.2864583333333334 0.49453125 0.3416666666666668 0.5421875 0.3416666666666668
0 0.50078125 0.2687500000000001 0.44296875 0.2687500000000001 0.44296875 0.34270833333333345 0.50078125 0.34270833333333345
0 0.521875 0.24791666666666673 0.478125 0.24791666666666673 0.478125 0.3177083333333334 0.521875 0.3177083333333334
0 0.5390625 0.22187500000000007 0.496875 0.22187500000000007 0.496875 0.26979166666666676 0.5390625 0.26979166666666676
0 0.44609375 0.14479166666666674 0.4234375 0.14479166666666674 0.4234375 0.1864583333333334 0.44609375 0.1864583333333334
0 0.44375 0.0958333333333334 0.42421875 0.0958333333333334 0.42421875 0.12395833333333339 0.44375 0.12395833333333339
3 0.9640625 0.9406250000000003 0.92578125 0.9406250000000003 0.92578125 1.0000000000000002 0.9640625 1.0000000000000002
3 0.9265625 0.9572916666666669 0.865625 0.9572916666666669 0.865625 1.0000000000000002 0.9265625 1.0000000000000002
3 0.89609375 0.8604166666666669 0.8578125 0.8604166666666669 0.8578125 0.9843750000000002 0.89609375 0.9843750000000002
3 0.6914062500000001 0.9583333333333334 0.65078125 0.9583333333333334 0.6507812500000001 1 0.6914062500000002 1
3 0.5039062500000001 0.928125 0.453125 0.928125 0.4531250000000001 1 0.5039062500000002 1
3 0.61953125 0.7052083333333333 0.57734375 0.7052083333333333 0.57734375 0.85 0.61953125 0.85
3 0.5078125 0.678125 0.446875 0.678125 0.446875 0.840625 0.5078125 0.840625
3 0.7515625 0.6625000000000001 0.68984375 0.6625 0.68984375 0.7666666666666668 0.7515625 0.7666666666666669
3 0.5921875 0.5947916666666667 0.5359375 0.5947916666666667 0.5359375 0.7010416666666667 0.5921875 0.7010416666666667
3 0.553125 0.5552083333333333 0.478125 0.5552083333333333 0.478125 0.690625 0.553125 0.690625
3 0.74453125 0.4687500000000001 0.71484375 0.4687500000000001 0.71484375 0.5427083333333335 0.74453125 0.5427083333333336
3 0.753125 0.42604166666666676 0.69609375 0.42604166666666676 0.69609375 0.49375000000000013 0.753125 0.49375000000000013
3 0.71796875 0.49270833333333347 0.65859375 0.49270833333333347 0.65859375 0.5770833333333333 0.71796875 0.5770833333333333
3 0.66953125 0.45729166666666676 0.6328125 0.45729166666666676 0.6328125 0.5114583333333335 0.66953125 0.5114583333333335
3 0.70546875 0.45520833333333344 0.678125 0.45520833333333344 0.678125 0.5083333333333334 0.70546875 0.5083333333333334
3 0.675 0.46145833333333347 0.65 0.46145833333333347 0.65 0.5250000000000001 0.675 0.5250000000000001
3 0.6546875 0.40000000000000013 0.625 0.40000000000000013 0.625 0.4541666666666668 0.6546875 0.4541666666666668
3 0.68984375 0.4229166666666668 0.6546875 0.4229166666666668 0.6546875 0.4656250000000001 0.68984375 0.4656250000000001
3 0.63359375 0.3822916666666668 0.6125 0.3822916666666668 0.6125 0.4218750000000001 0.63359375 0.4218750000000001
3 0.61953125 0.35312500000000013 0.60546875 0.35312500000000013 0.60546875 0.40208333333333346 0.61953125 0.40208333333333346
3 0.62109375 0.3312500000000001 0.59609375 0.3312500000000001 0.59609375 0.36875000000000013 0.62109375 0.36875000000000013
3 0.60234375 0.3250000000000001 0.57421875 0.3250000000000001 0.57421875 0.3750000000000001 0.60234375 0.3750000000000001
3 0.5828125 0.31145833333333345 0.55390625 0.31145833333333345 0.55390625 0.37083333333333346 0.5828125 0.37083333333333346
3 0.55234375 0.21666666666666676 0.525 0.21666666666666673 0.525 0.2666666666666668 0.55234375 0.2666666666666668
3 0.528125 0.17812500000000006 0.50390625 0.17812500000000006 0.50390625 0.22604166666666672 0.528125 0.22604166666666672
3 0.45703125 0.20416666666666672 0.42421875 0.20416666666666672 0.42421875 0.25729166666666675 0.45703125 0.25729166666666675
3 0.51953125 0.15312500000000007 0.4921875 0.15312500000000007 0.4921875 0.20416666666666672 0.51953125 0.20416666666666672
3 0.46328125 0.13437500000000005 0.44453125 0.13437500000000005 0.44453125 0.16875000000000007 0.46328125 0.16875000000000007
3 0.49296875 0.12604166666666675 0.47734375 0.12604166666666675 0.47734375 0.1510416666666667 0.49296875 0.1510416666666667
3 0.46328125 0.09791666666666674 0.453125 0.09791666666666672 0.453125 0.13125000000000006 0.46328125 0.1312500000000001
3 0.46015625 0.0927083333333334 0.44609375 0.09270833333333339 0.44609375 0.11979166666666674 0.46015625 0.11979166666666675
3 0.46953125 0.07083333333333343 0.45859375 0.07083333333333343 0.45859375 0.08750000000000009 0.46953125 0.08750000000000009
3 0.475 0.0750000000000001 0.4640625 0.0750000000000001 0.4640625 0.08854166666666675 0.475 0.08854166666666675
3 0.4828125 0.06979166666666675 0.47109375 0.06979166666666675 0.47109375 0.09166666666666676 0.4828125 0.09166666666666676