3 0.5406250000000001 0.8885416666666667 0.5 0.8885416666666667 0.5000000000000001 1 0.5406250000000001 1
3 0.5835937500000001 0.9114583333333334 0.546875 0.9114583333333334 0.5468750000000001 1 0.5835937500000001 1
3 0.7914062500000001 0.9583333333333336 0.7515625 0.9583333333333336 0.7515625000000001 1.0000000000000002 0.7914062500000002 1.0000000000000002
3 0.85390625 0.9072916666666669 0.8125 0.9072916666666669 0.8125 1.0000000000000002 0.85390625 1.0000000000000002
3 0.89296875 0.8916666666666669 0.85859375 0.8916666666666669 0.85859375 1.0000000000000002 0.89296875 1.0000000000000002
3 0.9390625 0.9218750000000002 0.90078125 0.9218750000000002 0.90078125 1.0000000000000002 0.9390625 1.0000000000000002
3 1 0.9666666666666669 0.953125 0.9666666666666669 0.953125 1.0000000000000002 1 1.0000000000000002
3 1 0.8458333333333335 0.95859375 0.8458333333333335 0.95859375 0.9791666666666669 1 0.9791666666666669
3 0.94296875 0.8416666666666669 0.89921875 0.8416666666666669 0.89921875 0.9510416666666669 0.94296875 0.9510416666666669
3 0.890625 0.8229166666666669 0.84921875 0.8229166666666669 0.84921875 0.9406250000000003 0.890625 0.9406250000000003
3 0.80859375 0.8229166666666669 0.771875 0.8229166666666669 0.771875 0.9666666666666669 0.80859375 0.9666666666666669
3 0.73984375 0.8104166666666668 0.68515625 0.8104166666666667 0.68515625 0.9666666666666668 0.73984375 0.9666666666666669
3 0.79375 0.7531250000000003 0.74453125 0.7531250000000003 0.74453125 0.8750000000000002 0.79375 0.8750000000000002
3 0.84296875 0.7927083333333336 0.80390625 0.7927083333333336 0.80390625 0.9229166666666669 0.84296875 0.9229166666666669
3 0.8578125 0.7229166666666669 0.80546875 0.7229166666666669 0.80546875 0.8614583333333335 0.8578125 0.8614583333333335
3 0.825 0.6625000000000002 0.7890625 0.6625000000000002 0.7890625 0.7781250000000003 0.825 0.7781250000000003
3 0.784375 0.6635416666666669 0.7453125 0.6635416666666669 0.7453125 0.7531250000000003 0.784375 0.7531250000000003
3 0.796875 0.7166666666666669 0.7578125 0.7166666666666669 0.7578125 0.8166666666666669 0.796875 0.8166666666666669
3 0.7859375 0.6375000000000003 0.759375 0.6375000000000003 0.759375 0.7062500000000003 0.7859375 0.7062500000000003
3 0.75 0.6593750000000002 0.71484375 0.659375 0.71484375 0.7843750000000002 0.75 0.7843750000000003
3 0.665625 0.7677083333333333 0.61640625 0.7677083333333333 0.61640625 0.8322916666666667 0.665625 0.8322916666666667
3 0.6578125 0.6916666666666667 0.6078125 0.6916666666666667 0.6078125 0.8052083333333333 0.6578125 0.8052083333333333
3 0.6234375 0.6052083333333333 0.5875 0.6052083333333333 0.5875 0.7166666666666667 0.6234375 0.7166666666666667
3 0.63359375 0.5677083333333334 0.609375 0.5677083333333334 0.609375 0.6802083333333333 0.63359375 0.6802083333333333
3 0.665625 0.559375 0.64765625 0.559375 0.64765625 0.615625 0.665625 0.615625
3 0.7671875 0.5718750000000002 0.734375 0.5718750000000002 0.734375 0.6833333333333336 0.7671875 0.6833333333333336
3 0.7390625 0.5791666666666668 0.70703125 0.5791666666666667 0.70703125 0.6791666666666668 0.7390625 0.6791666666666669
3 0.76484375 0.5177083333333334 0.73203125 0.5177083333333334 0.73203125 0.5937500000000002 0.76484375 0.5937500000000002
3 0.72734375 0.5447916666666668 0.68828125 0.5447916666666667 0.68828125 0.6312500000000001 0.72734375 0.6312500000000002
3 0.7375 0.5333333333333334 0.7203125 0.5333333333333333 0.7203125 0.6000000000000001 0.7375 0.6000000000000002
3 0.72265625 0.5093750000000001 0.70390625 0.5093750000000001 0.70390625 0.571875 0.72265625 0.571875
3 0.69609375 0.5145833333333335 0.67734375 0.5145833333333335 0.67734375 0.5989583333333334 0.69609375 0.5989583333333334
3 0.68984375 0.48854166666666676 0.6703125 0.48854166666666676 0.6703125 0.546875 0.68984375 0.546875
3 0.71171875 0.4697916666666668 0.6875 0.4697916666666668 0.6875 0.5416666666666666 0.71171875 0.5416666666666666
3 0.70234375 0.44895833333333346 0.6796875 0.44895833333333346 0.6796875 0.5000000000000001 0.70234375 0.5000000000000001
3 0.678125 0.45208333333333345 0.65703125 0.45208333333333345 0.65703125 0.5031250000000002 0.678125 0.5031250000000002
3 0.675 0.4375000000000001 0.6515625 0.4375000000000001 0.6515625 0.48854166666666676 0.675 0.48854166666666676
3 0.66328125 0.41250000000000014 0.640625 0.41250000000000014 0.640625 0.4718750000000001 0.66328125 0.4718750000000001
3 0.5625 0.4135416666666668 0.54140625 0.4135416666666668 0.54140625 0.4604166666666668 0.5625 0.4604166666666668
3 0.5859375 0.4093750000000001 0.5671875 0.4093750000000001 0.5671875 0.43958333333333344 0.5859375 0.43958333333333344
3 0.68046875 0.39479166666666676 0.65390625 0.39479166666666676 0.65390625 0.44375000000000014 0.68046875 0.44375000000000014
3 0.6875 0.41770833333333346 0.66640625 0.41770833333333346 0.66640625 0.4666666666666668 0.6875 0.4666666666666668
3 0.49609375 0.3750000000000001 0.48046875 0.3750000000000001 0.48046875 0.43645833333333345 0.49609375 0.43645833333333345
3 0.49765625 0.35000000000000014 0.475 0.35000000000000014 0.475 0.4062500000000001 0.49765625 0.4062500000000001
3 0.534375 0.3604166666666668 0.50546875 0.3604166666666668 0.50546875 0.4031250000000001 0.534375 0.4031250000000001
3 0.5453125 0.3593750000000001 0.52265625 0.3593750000000001 0.52265625 0.4187500000000001 0.5453125 0.4187500000000001
3 0.6203125 0.3750000000000001 0.5984375 0.3750000000000001 0.5984375 0.41041666666666676 0.6203125 0.41041666666666676
3 0.61015625 0.39687500000000014 0.59453125 0.39687500000000014 0.59453125 0.4187500000000001 0.61015625 0.4187500000000001
3 0.64921875 0.3875000000000001 0.6328125 0.3875000000000001 0.6328125 0.4197916666666668 0.64921875 0.4197916666666668
3 0.66171875 0.3666666666666668 0.6421875 0.3666666666666668 0.6421875 0.39479166666666676 0.66171875 0.39479166666666676
3 0.6421875 0.3729166666666668 0.63046875 0.3729166666666668 0.63046875 0.42083333333333345 0.6421875 0.42083333333333345
3 0.634375 0.3593750000000001 0.62265625 0.3593750000000001 0.62265625 0.39895833333333347 0.634375 0.39895833333333347
3 0.62734375 0.3416666666666668 0.61328125 0.3416666666666668 0.61328125 0.3875000000000001 0.62734375 0.3875000000000001
3 0.64609375 0.3385416666666668 0.62890625 0.3385416666666668 0.62890625 0.3718750000000001 0.64609375 0.3718750000000001
3 0.62890625 0.31666666666666676 0.615625 0.31666666666666676 0.615625 0.35208333333333347 0.62890625 0.35208333333333347
3 0.61796875 0.3041666666666668 0.60703125 0.3041666666666668 0.60703125 0.3416666666666668 0.61796875 0.3416666666666668
3 0.609375 0.3020833333333334 0.59609375 0.3020833333333334 0.59609375 0.33229166666666676 0.609375 0.33229166666666676
3 0.58515625 0.33229166666666676 0.57109375 0.33229166666666676 0.57109375 0.3781250000000001 0.58515625 0.3781250000000001
3 0.57734375 0.31875000000000014 0.56640625 0.31875000000000014 0.56640625 0.35312500000000013 0.57734375 0.35312500000000013
3 0.56875 0.27500000000000013 0.55390625 0.27500000000000013 0.55390625 0.3229166666666668 0.56875 0.3229166666666668
3 0.60078125 0.28333333333333344 0.58828125 0.28333333333333344 0.58828125 0.3072916666666668 0.60078125 0.3072916666666668
3 0.60546875 0.27708333333333346 0.5984375 0.27708333333333346 0.5984375 0.3000000000000001 0.60546875 0.3000000000000001
3 0.5859375 0.2635416666666668 0.57890625 0.2635416666666668 0.57890625 0.2864583333333334 0.5859375 0.2864583333333334
3 0.58828125 0.2781250000000001 0.58515625 0.2781250000000001 0.58515625 0.2979166666666668 0.58828125 0.2979166666666668
3 0.53125 0.33645833333333347 0.51484375 0.33645833333333347 0.51484375 0.3854166666666668 0.53125 0.3854166666666668
3 0.528125 0.32187500000000013 0.50703125 0.32187500000000013 0.50703125 0.36354166666666676 0.528125 0.36354166666666676
3 0.5234375 0.30312500000000014 0.51171875 0.30312500000000014 0.51171875 0.3291666666666668 0.5234375 0.3291666666666668
3 0.59453125 0.25416666666666676 0.5828125 0.25416666666666676 0.5828125 0.2781250000000001 0.59453125 0.2781250000000001
3 0.58203125 0.24687500000000012 0.57265625 0.24687500000000012 0.57265625 0.2781250000000001 0.58203125 0.2781250000000001
3 0.5703125 0.25208333333333344 0.5578125 0.25208333333333344 0.5578125 0.27500000000000013 0.5703125 0.27500000000000013
3 0.5578125 0.24791666666666679 0.546875 0.24791666666666679 0.546875 0.27500000000000013 0.5578125 0.27500000000000013
3 0.55078125 0.23541666666666677 0.54453125 0.23541666666666677 0.54453125 0.2500000000000001 0.55078125 0.2500000000000001
3 0.54765625 0.23854166666666676 0.53515625 0.23854166666666674 0.53515625 0.2666666666666668 0.54765625 0.2666666666666668
3 0.51875 0.29062500000000013 0.51171875 0.29062500000000013 0.51171875 0.3156250000000001 0.51875 0.3156250000000001
3 0.52109375 0.2781250000000001 0.51015625 0.2781250000000001 0.51015625 0.2947916666666668 0.52109375 0.2947916666666668
3 0.51484375 0.26250000000000007 0.5015625 0.26250000000000007 0.5015625 0.29062500000000013 0.51484375 0.29062500000000013
3 0.51171875 0.2458333333333334 0.5015625 0.2458333333333334 0.5015625 0.27500000000000013 0.51171875 0.27500000000000013
3 0.503125 0.23437500000000006 0.49453125 0.23437500000000006 0.49453125 0.2666666666666668 0.503125 0.2666666666666668
3 0.49765625 0.21666666666666673 0.490625 0.21666666666666673 0.490625 0.2489583333333334 0.49765625 0.2489583333333334
3 0.52421875 0.2291666666666667 0.51328125 0.2291666666666667 0.51328125 0.2447916666666667 0.52421875 0.2447916666666667
3 0.5609375 0.21145833333333344 0.55546875 0.21145833333333344 0.55546875 0.22500000000000012 0.5609375 0.22500000000000012
3 0.56796875 0.2187500000000001 0.5578125 0.2187500000000001 0.5578125 0.24687500000000012 0.56796875 0.24687500000000012
3 0.56875 0.24166666666666678 0.5578125 0.24166666666666678 0.5578125 0.2604166666666668 0.56875 0.2604166666666668
3 0.5546875 0.18854166666666677 0.5484375 0.18854166666666677 0.5484375 0.2135416666666668 0.5546875 0.2135416666666668
3 0.45703125 0.14166666666666672 0.45234375 0.14166666666666672 0.45234375 0.16250000000000006 0.45703125 0.16250000000000006
3 0.5125 0.13750000000000007 0.5078125 0.13750000000000007 0.5078125 0.15416666666666673 0.5125 0.15416666666666673
3 0.515625 0.14479166666666674 0.51328125 0.14479166666666674 0.51328125 0.1614583333333334 0.515625 0.1614583333333334
3 0.5109375 0.1520833333333334 0.50703125 0.1520833333333334 0.50703125 0.1677083333333334 0.5109375 0.1677083333333334
3 0.50625 0.16041666666666674 0.5 0.16041666666666674 0.5 0.17395833333333338 0.50625 0.17395833333333338
3 0.509375 0.12395833333333342 0.5046875 0.12395833333333342 0.5046875 0.13437500000000005 0.509375 0.13437500000000005
3 0.50859375 0.11354166666666675 0.50390625 0.11354166666666675 0.50390625 0.11979166666666675 0.50859375 0.11979166666666675
3 0.509375 0.10520833333333342 0.50390625 0.10520833333333342 0.50390625 0.11354166666666675 0.509375 0.11354166666666675
3 0.50390625 0.10833333333333342 0.50078125 0.10833333333333342 0.50078125 0.11354166666666675 0.50390625 0.11354166666666675
3 0.50390625 0.11458333333333343 0.50078125 0.11458333333333343 0.50078125 0.12291666666666676 0.50390625 0.12291666666666676
3 0.52109375 0.1802083333333334 0.51484375 0.1802083333333334 0.51484375 0.20312500000000006 0.52109375 0.20312500000000006
0 0.7171875000000001 0.828125 0.59375 0.828125 0.5937500000000001 1 0.7171875000000002 1
0 0.60546875 0.5875 0.51953125 0.5875 0.51953125 0.8020833333333334 0.60546875 0.8020833333333334
0 0.72265625 0.5989583333333334 0.62578125 0.5989583333333334 0.62578125 0.8083333333333333 0.72265625 0.8083333333333333
0 0.68359375 0.4697916666666668 0.6078125 0.4697916666666668 0.6078125 0.6052083333333333 0.68359375 0.6052083333333333
0 0.5703125 0.47812500000000013 0.50546875 0.47812500000000013 0.50546875 0.6208333333333333 0.5703125 0.6208333333333333
0 0.60703125 0.42812500000000014 0.5484375 0.42812500000000014 0.5484375 0.5541666666666667 0.60703125 0.5541666666666667
0 0.64453125 0.4031250000000001 0.59140625 0.4031250000000001 0.59140625 0.5125000000000001 0.64453125 0.5125000000000001
0 0.59765625 0.40208333333333346 0.596875 0.40208333333333346 0.596875 0.40208333333333346 0.59765625 0.40208333333333346
0 0.540625 0.39687500000000014 0.48984375 0.39687500000000014 0.48984375 0.46458333333333346 0.540625 0.46458333333333346
0 0.53984375 0.4510416666666668 0.49296875 0.4510416666666668 0.49296875 0.5427083333333333 0.53984375 0.5427083333333333
0 0.5859375 0.3593750000000001 0.54375 0.3593750000000001 0.54375 0.44166666666666676 0.5859375 0.44166666666666676
0 0.565625 0.31875000000000014 0.53125 0.31875000000000014 0.53125 0.3760416666666668 0.565625 0.3760416666666668
0 0.6 0.28333333333333344 0.5640625 0.28333333333333344 0.5640625 0.3437500000000001 0.6 0.3437500000000001
0 0.5046875 0.31145833333333345 0.4703125 0.31145833333333345 0.4703125 0.3750000000000001 0.5046875 0.3750000000000001
0 0.5125 0.28958333333333347 0.4734375 0.28958333333333347 0.4734375 0.35000000000000014 0.5125 0.35000000000000014
0 0.55546875 0.2916666666666668 0.52734375 0.2916666666666668 0.52734375 0.33229166666666676 0.55546875 0.33229166666666676
0 0.55390625 0.26770833333333344 0.5234375 0.26770833333333344 0.5234375 0.30625000000000013 0.55390625 0.30625000000000013
0 0.5328125 0.24375000000000005 0.5109375 0.24375000000000005 0.5109375 0.2812500000000001 0.5328125 0.2812500000000001
0 0.50625 0.26770833333333344 0.47578125 0.26770833333333344 0.47578125 0.30833333333333346 0.50625 0.30833333333333346
0 0.4984375 0.24166666666666672 0.47109375 0.24166666666666672 0.47109375 0.2822916666666668 0.4984375 0.2822916666666668
0 0.490625 0.21041666666666672 0.46640625 0.21041666666666672 0.46640625 0.24791666666666673 0.490625 0.24791666666666673
0 0.4765625 0.19479166666666672 0.4578125 0.19479166666666672 0.4578125 0.23854166666666674 0.4765625 0.23854166666666674
0 0.521875 0.21875000000000006 0.50078125 0.21875000000000006 0.50078125 0.24687500000000007 0.521875 0.24687500000000007
0 0.55234375 0.21041666666666675 0.53125 0.21041666666666672 0.53125 0.23958333333333343 0.55234375 0.23958333333333345
0 0.56171875 0.2250000000000001 0.53828125 0.22500000000000006 0.53828125 0.24895833333333342 0.56171875 0.24895833333333345
0 0.52109375 0.19166666666666674 0.4984375 0.19166666666666674 0.4984375 0.22500000000000006 0.52109375 0.22500000000000006
0 0.51328125 0.18125000000000005 0.49296875 0.18125000000000005 0.49296875 0.2083333333333334 0.51328125 0.2083333333333334
0 0.54921875 0.18645833333333342 0.5296875 0.1864583333333334 0.5296875 0.21458333333333343 0.54921875 0.21458333333333346
0 0.54296875 0.17604166666666674 0.5203125 0.17604166666666674 0.5203125 0.21562500000000007 0.54296875 0.21562500000000007
0 0.525 0.1677083333333334 0.50859375 0.1677083333333334 0.50859375 0.1864583333333334 0.525 0.1864583333333334
0 0.50234375 0.1677083333333334 0.4875 0.1677083333333334 0.4875 0.19166666666666674 0.50234375 0.19166666666666674
0 0.496875 0.15625000000000006 0.48359375 0.15625000000000006 0.48359375 0.18437500000000007 0.496875 0.18437500000000007
0 0.475 0.17916666666666672 0.45390625 0.17916666666666672 0.45390625 0.1989583333333334 0.475 0.1989583333333334
0 0.484375 0.18854166666666672 0.46796875 0.18854166666666672 0.46796875 0.21250000000000005 0.484375 0.21250000000000005
0 0.48046875 0.16875000000000007 0.45859375 0.16875000000000007 0.45859375 0.1822916666666667 0.48046875 0.1822916666666667
0 0.47109375 0.15625000000000006 0.4578125 0.15625000000000006 0.4578125 0.1802083333333334 0.47109375 0.1802083333333334
0 0.48046875 0.1458333333333334 0.4625 0.1458333333333334 0.4625 0.17291666666666672 0.48046875 0.17291666666666672
0 0.4921875 0.14166666666666672 0.4765625 0.14166666666666672 0.4765625 0.16041666666666674 0.4921875 0.16041666666666674
0 0.50703125 0.14062500000000006 0.49453125 0.14062500000000006 0.49453125 0.1614583333333334 0.50703125 0.1614583333333334
0 0.5078125 0.13020833333333343 0.49296875 0.13020833333333343 0.49296875 0.14166666666666672 0.5078125 0.14166666666666672
0 0.48828125 0.12916666666666676 0.4765625 0.12916666666666676 0.4765625 0.14375000000000007 0.48828125 0.14375000000000007
0 0.471875 0.1281250000000001 0.45859375 0.1281250000000001 0.45859375 0.14270833333333338 0.471875 0.14270833333333338
0 0.471875 0.11770833333333343 0.459375 0.11770833333333343 0.459375 0.12916666666666676 0.471875 0.12916666666666676
0 0.48984375 0.11770833333333343 0.47734375 0.11770833333333343 0.47734375 0.12395833333333342 0.48984375 0.12395833333333342
0 0.49921875 0.11145833333333342 0.4890625 0.11145833333333342 0.4890625 0.12395833333333342 0.49921875 0.12395833333333342
0 0.48671875 0.10729166666666676 0.47734375 0.10729166666666676 0.47734375 0.11875000000000009 0.48671875 0.11875000000000009
0 0.47421875 0.10729166666666676 0.46171875 0.10729166666666676 0.46171875 0.11979166666666675 0.47421875 0.11979166666666675
2 0.47734375 0.08541666666666675 0.46640625 0.08541666666666675 0.46640625 0.11666666666666675 0.47734375 0.11666666666666675
0 0.48984375 0.10104166666666675 0.48125 0.10104166666666675 0.48125 0.11562500000000009 0.48984375 0.11562500000000009
0 0.50234375 0.09166666666666676 0.4859375 0.09166666666666676 0.4859375 0.10312500000000009 0.50234375 0.10312500000000009
0 0.5109375 0.0906250000000001 0.50390625 0.0906250000000001 0.50390625 0.10000000000000009 0.5109375 0.10000000000000009
3 0.5984375 0.2635416666666668 0.5921875 0.2635416666666668 0.5921875 0.2822916666666668 0.5984375 0.2822916666666668
3 0.45703125 0.15312500000000007 0.45078125 0.15312500000000007 0.45078125 0.17604166666666674 0.45703125 0.17604166666666674