3 0.10546875000000008 0.9302083333333333 0.06250000000000008 0.9302083333333333 0.06250000000000008 1 0.10546875000000008 1
3 0.1375000000000001 0.8479166666666667 0.10390625000000009 0.8479166666666667 0.10390625000000009 0.9979166666666667 0.1375000000000001 0.9979166666666667
0 0.2679687500000001 0.73125 0.12265625000000009 0.73125 0.12265625000000009 0.996875 0.2679687500000001 0.996875
3 0.15625000000000008 0.7583333333333333 0.11328125000000008 0.7583333333333333 0.11328125000000008 0.884375 0.15625000000000008 0.884375
3 0.21484375000000008 0.671875 0.17187500000000006 0.671875 0.17187500000000006 0.7885416666666667 0.21484375000000008 0.7885416666666667
0 0.4781250000000001 0.8145833333333333 0.3789062500000001 0.8145833333333333 0.3789062500000001 1 0.4781250000000002 1
3 0.403125 0.78125 0.3710937500000001 0.78125 0.3710937500000001 0.9020833333333333 0.403125 0.9020833333333333
3 0.40546875 0.6927083333333334 0.3593750000000001 0.6927083333333334 0.3593750000000001 0.8291666666666667 0.40546875 0.8291666666666667
0 0.48046875 0.6270833333333333 0.41015625 0.6270833333333333 0.41015625 0.8260416666666667 0.48046875 0.8260416666666667
3 0.4765625 0.7489583333333333 0.4421875 0.7489583333333333 0.4421875 0.8489583333333334 0.4765625 0.8489583333333334
3 0.51875 0.7541666666666667 0.4765625 0.7541666666666667 0.4765625 0.921875 0.51875 0.921875
3 0.415625 0.6145833333333334 0.3898437500000001 0.6145833333333334 0.3898437500000001 0.721875 0.415625 0.721875
3 0.49609375 0.578125 0.46953125 0.578125 0.46953125 0.7 0.49609375 0.7
0 0.31718750000000007 0.5885416666666666 0.2250000000000001 0.5885416666666666 0.2250000000000001 0.775 0.31718750000000007 0.775
3 0.2562500000000001 0.5760416666666667 0.22265625000000008 0.5760416666666667 0.22265625000000008 0.6645833333333333 0.2562500000000001 0.6645833333333333
3 0.453125 0.5864583333333333 0.4375 0.5864583333333333 0.4375 0.6385416666666667 0.453125 0.6385416666666667
3 0.42890625 0.5635416666666667 0.40546875 0.5635416666666667 0.40546875 0.653125 0.42890625 0.653125
3 0.446875 0.5250000000000001 0.421875 0.5250000000000001 0.421875 0.6125 0.446875 0.6125
3 0.4484375 0.49895833333333345 0.43125 0.49895833333333345 0.43125 0.571875 0.4484375 0.571875
3 0.45546875 0.4604166666666668 0.43203125 0.4604166666666668 0.43203125 0.534375 0.45546875 0.534375
3 0.2851562500000001 0.5208333333333334 0.2578125000000001 0.5208333333333334 0.2578125000000001 0.60625 0.2851562500000001 0.60625
0 0.3375000000000001 0.4947916666666667 0.2765625000000001 0.4947916666666667 0.2765625000000001 0.6302083333333334 0.3375000000000001 0.6302083333333334
3 0.30078125000000006 0.478125 0.2796875 0.478125 0.27968750000000003 0.55625 0.3007812500000001 0.55625
3 0.32265625000000003 0.446875 0.3015625 0.446875 0.30156250000000007 0.5197916666666667 0.3226562500000001 0.5197916666666667
3 0.33906250000000004 0.4552083333333333 0.321875 0.4552083333333333 0.321875 0.49375 0.3390625000000001 0.49375
3 0.3484375 0.434375 0.3375 0.434375 0.3375 0.4791666666666667 0.3484375 0.4791666666666667
3 0.3609375 0.4166666666666667 0.34140625 0.4166666666666667 0.34140625 0.46145833333333336 0.3609375 0.46145833333333336
3 0.37734375 0.4145833333333334 0.3625 0.41458333333333336 0.3625 0.44270833333333337 0.37734375 0.4427083333333334
3 0.3640625 0.39062500000000006 0.34765625 0.390625 0.34765625 0.43750000000000006 0.3640625 0.4375000000000001
3 0.39140625 0.38437500000000013 0.37109375 0.38437500000000013 0.37109375 0.4197916666666668 0.39140625 0.4197916666666668
3 0.4 0.36875000000000013 0.38359375 0.36875000000000013 0.38359375 0.3979166666666668 0.4 0.3979166666666668
0 0.43828125 0.3177083333333334 0.40546875 0.3177083333333334 0.40546875 0.38958333333333345 0.43828125 0.38958333333333345
0 0.46875 0.27187500000000014 0.4359375 0.27187500000000014 0.4359375 0.3354166666666668 0.46875 0.3354166666666668
3 0.4328125 0.27187500000000014 0.42265625 0.27187500000000014 0.42265625 0.3177083333333334 0.4328125 0.3177083333333334
3 0.43125 0.2687500000000001 0.415625 0.2687500000000001 0.415625 0.31875000000000014 0.43125 0.31875000000000014
3 0.4203125 0.2885416666666668 0.4109375 0.2885416666666668 0.4109375 0.3197916666666668 0.4203125 0.3197916666666668
0 0.4140625 0.30520833333333347 0.375 0.30520833333333347 0.375 0.37708333333333344 0.4140625 0.37708333333333344
3 0.41171875 0.2781250000000001 0.40234375 0.2781250000000001 0.40234375 0.3104166666666668 0.41171875 0.3104166666666668
3 0.41015625 0.29270833333333346 0.39765625 0.29270833333333346 0.39765625 0.32083333333333347 0.41015625 0.32083333333333347
0 0.47890625 0.24791666666666673 0.44765625 0.24791666666666673 0.44765625 0.30833333333333346 0.47890625 0.30833333333333346
3 0.44609375 0.2541666666666667 0.4328125 0.2541666666666667 0.4328125 0.28958333333333347 0.44609375 0.28958333333333347
3 0.425 0.2583333333333334 0.415625 0.2583333333333334 0.415625 0.29583333333333345 0.425 0.29583333333333345
0 0.51484375 0.3072916666666668 0.47265625 0.3072916666666668 0.47265625 0.38958333333333345 0.51484375 0.38958333333333345
0 0.5265625 0.28750000000000014 0.49609375 0.28750000000000014 0.49609375 0.35312500000000013 0.5265625 0.35312500000000013
3 0.4921875 0.2781250000000001 0.4765625 0.2781250000000001 0.4765625 0.33750000000000013 0.4921875 0.33750000000000013
3 0.540625 0.2447916666666667 0.528125 0.2447916666666667 0.528125 0.28958333333333347 0.540625 0.28958333333333347
0 0.5265625 0.23645833333333338 0.49765625 0.23645833333333338 0.49765625 0.2864583333333334 0.5265625 0.2864583333333334
0 0.50390625 0.23437500000000006 0.48828125 0.23437500000000006 0.48828125 0.2781250000000001 0.50390625 0.2781250000000001
3 0.48984375 0.2333333333333334 0.48125 0.2333333333333334 0.48125 0.2812500000000001 0.48984375 0.2812500000000001
0 0.47734375 0.2270833333333334 0.45234375 0.2270833333333334 0.45234375 0.26562500000000006 0.47734375 0.26562500000000006
3 0.45078125 0.24062500000000006 0.43828125 0.24062500000000006 0.43828125 0.2729166666666668 0.45078125 0.2729166666666668
3 0.42734375 0.24375000000000005 0.41328125 0.24375000000000005 0.41328125 0.2822916666666668 0.42734375 0.2822916666666668
3 0.55 0.19479166666666675 0.5390625 0.19479166666666672 0.5390625 0.24166666666666675 0.55 0.24166666666666678
3 0.503125 0.20312500000000006 0.496875 0.20312500000000006 0.496875 0.23437500000000006 0.503125 0.23437500000000006
0 0.4859375 0.20937500000000006 0.47109375 0.20937500000000006 0.47109375 0.24375000000000005 0.4859375 0.24375000000000005
3 0.46171875 0.20937500000000006 0.45390625 0.20937500000000006 0.45390625 0.2447916666666667 0.46171875 0.2447916666666667
3 0.45546875 0.22187500000000007 0.44765625 0.22187500000000007 0.44765625 0.25520833333333337 0.45546875 0.25520833333333337
3 0.45078125 0.2239583333333334 0.43828125 0.2239583333333334 0.43828125 0.25520833333333337 0.45078125 0.25520833333333337
3 0.44453125 0.2239583333333334 0.43359375 0.2239583333333334 0.43359375 0.26041666666666674 0.44453125 0.26041666666666674
3 0.43515625 0.22812500000000005 0.42578125 0.22812500000000005 0.42578125 0.26562500000000006 0.43515625 0.26562500000000006
0 0.48828125 0.18125000000000005 0.4625 0.18125000000000005 0.4625 0.21562500000000007 0.48828125 0.21562500000000007
0 0.478125 0.19375000000000006 0.45703125 0.19375000000000006 0.45703125 0.22500000000000006 0.478125 0.22500000000000006
3 0.4515625 0.20000000000000007 0.4421875 0.20000000000000007 0.4421875 0.2333333333333334 0.4515625 0.2333333333333334
3 0.4546875 0.2135416666666667 0.440625 0.2135416666666667 0.440625 0.2427083333333334 0.4546875 0.2427083333333334
0 0.50625 0.16250000000000006 0.48515625 0.16250000000000006 0.48515625 0.19687500000000005 0.50625 0.19687500000000005
3 0.46875 0.16979166666666673 0.45546875 0.16979166666666673 0.45546875 0.20729166666666674 0.46875 0.20729166666666674
3 0.46484375 0.1770833333333334 0.45625 0.1770833333333334 0.45625 0.20729166666666674 0.46484375 0.20729166666666674
3 0.459375 0.1927083333333334 0.4484375 0.1927083333333334 0.4484375 0.21562500000000007 0.459375 0.21562500000000007
3 0.45859375 0.18750000000000006 0.453125 0.18750000000000006 0.453125 0.20312500000000006 0.45859375 0.20312500000000006
0 0.5453125 0.14895833333333341 0.5234375 0.1489583333333334 0.5234375 0.18125000000000008 0.5453125 0.1812500000000001
3 0.52265625 0.1552083333333334 0.51328125 0.1552083333333334 0.51328125 0.17916666666666672 0.52265625 0.17916666666666672
3 0.515625 0.16250000000000006 0.509375 0.16250000000000006 0.509375 0.18437500000000007 0.515625 0.18437500000000007
3 0.4859375 0.1510416666666667 0.48046875 0.1510416666666667 0.48046875 0.17395833333333338 0.4859375 0.17395833333333338
3 0.48046875 0.14375000000000007 0.47265625 0.14375000000000007 0.47265625 0.17812500000000006 0.48046875 0.17812500000000006
3 0.4828125 0.1489583333333334 0.47109375 0.1489583333333334 0.47109375 0.17916666666666672 0.4828125 0.17916666666666672
3 0.4765625 0.1614583333333334 0.46640625 0.1614583333333334 0.46640625 0.1822916666666667 0.4765625 0.1822916666666667
3 0.471875 0.15000000000000005 0.4609375 0.15000000000000005 0.4609375 0.17395833333333338 0.471875 0.17395833333333338
3 0.51796875 0.1489583333333334 0.51015625 0.1489583333333334 0.51015625 0.1614583333333334 0.51796875 0.1614583333333334
0 0.53828125 0.1270833333333334 0.52890625 0.1270833333333334 0.52890625 0.14687500000000006 0.53828125 0.14687500000000006
3 0.5140625 0.12916666666666676 0.5046875 0.12916666666666676 0.5046875 0.15312500000000007 0.5140625 0.15312500000000007
0 0.50390625 0.1354166666666667 0.48671875 0.1354166666666667 0.48671875 0.15833333333333338 0.50390625 0.15833333333333338
3 0.48125 0.12604166666666675 0.4765625 0.12604166666666675 0.4765625 0.15416666666666673 0.48125 0.15416666666666673
3 0.4859375 0.13020833333333343 0.4796875 0.13020833333333343 0.4796875 0.1520833333333334 0.4859375 0.1520833333333334
3 0.47421875 0.13750000000000007 0.46796875 0.13750000000000007 0.46796875 0.1614583333333334 0.47421875 0.1614583333333334
0 0.53203125 0.10000000000000009 0.521875 0.10000000000000009 0.521875 0.12500000000000008 0.53203125 0.12500000000000008
0 0.5109375 0.10000000000000009 0.50234375 0.10000000000000009 0.50234375 0.11979166666666675 0.5109375 0.11979166666666675
3 0.4984375 0.10416666666666675 0.490625 0.10416666666666675 0.490625 0.1218750000000001 0.4984375 0.1218750000000001
3 0.5015625 0.11250000000000009 0.4953125 0.11250000000000009 0.4953125 0.11979166666666675 0.5015625 0.11979166666666675
3 0.49296875 0.09895833333333343 0.48515625 0.09895833333333343 0.48515625 0.11875000000000009 0.49296875 0.11875000000000009
0 0.3593750000000001 0.7989583333333333 0.2406250000000001 0.7989583333333333 0.2406250000000001 1 0.3593750000000001 1
0 0.3867187500000001 0.6489583333333333 0.2929687500000001 0.6489583333333333 0.2929687500000001 0.8260416666666667 0.3867187500000001 0.8260416666666667
0 0.50546875 0.4812500000000001 0.45 0.4812500000000001 0.45 0.621875 0.50546875 0.621875
0 0.50234375 0.43333333333333346 0.4625 0.43333333333333346 0.4625 0.5104166666666667 0.50234375 0.5104166666666667
0 0.4421875 0.36562500000000014 0.39140625 0.36562500000000014 0.39140625 0.4500000000000001 0.4421875 0.4500000000000001
0 0.4796875 0.30104166666666676 0.44921875 0.30104166666666676 0.44921875 0.3645833333333334 0.4796875 0.3645833333333334
0 0.51171875 0.08437500000000009 0.50703125 0.08437500000000009 0.50703125 0.09166666666666676 0.51171875 0.09166666666666676