0 0.25468750000000007 0.915625 0.13671875000000008 0.915625 0.13671875000000008 1 0.25468750000000007 1
3 0.0984375000000001 0.9479166666666666 0.05234375000000009 0.9479166666666666 0.05234375000000009 1 0.0984375000000001 1
3 0.17578125000000008 0.7875 0.12343750000000009 0.7875 0.12343750000000009 0.9479166666666666 0.17578125000000008 0.9479166666666666
3 0.2429687500000001 0.6302083333333334 0.20078125000000008 0.6302083333333334 0.20078125000000008 0.7760416666666666 0.2429687500000001 0.7760416666666666
3 0.2890625000000001 0.55625 0.2523437500000001 0.55625 0.2523437500000001 0.6572916666666667 0.2890625000000001 0.6572916666666667
3 0.40546875 0.5031250000000002 0.3804687500000001 0.5031250000000002 0.3804687500000001 0.625 0.40546875 0.625
3 0.34843750000000007 0.44375 0.3109375 0.44375 0.31093750000000003 0.540625 0.34843750000000007 0.540625
3 0.43984375 0.546875 0.4015625 0.546875 0.4015625 0.6677083333333333 0.43984375 0.6677083333333333
3 0.41484375 0.43645833333333345 0.390625 0.43645833333333345 0.39062500000000006 0.5281250000000001 0.41484375 0.5281250000000001
0 0.4828125 0.4062500000000001 0.4234375 0.4062500000000001 0.4234375 0.5375 0.4828125 0.5375
3 0.4453125 0.3781250000000001 0.42421875 0.3781250000000001 0.42421875 0.4541666666666668 0.4453125 0.4541666666666668
3 0.409375 0.4031250000000001 0.3859375 0.4031250000000001 0.3859375 0.4541666666666668 0.409375 0.4541666666666668
3 0.41328125 0.3562500000000001 0.390625 0.3562500000000001 0.390625 0.4218750000000001 0.41328125 0.4218750000000001
3 0.4453125 0.34583333333333344 0.42890625 0.34583333333333344 0.42890625 0.40000000000000013 0.4453125 0.40000000000000013
0 0.42109375 0.6697916666666667 0.2906250000000001 0.6697916666666667 0.2906250000000001 0.9583333333333334 0.42109375 0.9583333333333334
0 0.50859375 0.5947916666666667 0.42265625 0.5947916666666667 0.42265625 0.8052083333333333 0.50859375 0.8052083333333333
0 0.5109375 0.32187500000000013 0.46328125 0.32187500000000013 0.46328125 0.42083333333333345 0.5109375 0.42083333333333345
0 0.51328125 0.2583333333333334 0.475 0.2583333333333334 0.475 0.3260416666666668 0.51328125 0.3260416666666668
3 0.49609375 0.30520833333333347 0.48046875 0.30520833333333347 0.48046875 0.3250000000000001 0.49609375 0.3250000000000001
3 0.47421875 0.26250000000000007 0.46015625 0.26250000000000007 0.46015625 0.3135416666666668 0.47421875 0.3135416666666668
3 0.48828125 0.2395833333333334 0.47734375 0.2395833333333334 0.47734375 0.2812500000000001 0.48828125 0.2812500000000001
3 0.47890625 0.2489583333333334 0.46640625 0.2489583333333334 0.46640625 0.2916666666666668 0.47890625 0.2916666666666668
3 0.4609375 0.25312500000000004 0.45078125 0.25312500000000004 0.45078125 0.2968750000000001 0.4609375 0.2968750000000001
0 0.45703125 0.28750000000000014 0.4171875 0.28750000000000014 0.4171875 0.3625000000000001 0.45703125 0.3625000000000001
3 0.4546875 0.2666666666666668 0.43984375 0.2666666666666668 0.43984375 0.29583333333333345 0.4546875 0.29583333333333345
3 0.4921875 0.24166666666666672 0.4765625 0.24166666666666672 0.4765625 0.2791666666666668 0.4921875 0.2791666666666668
3 0.5109375 0.2395833333333334 0.49609375 0.2395833333333334 0.49609375 0.2666666666666668 0.5109375 0.2666666666666668
3 0.46640625 0.21875000000000006 0.453125 0.21875000000000006 0.453125 0.25520833333333337 0.46640625 0.25520833333333337
3 0.45390625 0.23541666666666672 0.44375 0.23541666666666672 0.44375 0.2614583333333334 0.45390625 0.2614583333333334
0 0.44921875 0.2427083333333334 0.42109375 0.2427083333333334 0.42109375 0.29062500000000013 0.44921875 0.29062500000000013
3 0.43984375 0.2239583333333334 0.42734375 0.2239583333333334 0.42734375 0.25312500000000004 0.43984375 0.25312500000000004
0 0.4984375 0.21875000000000006 0.4703125 0.21875000000000006 0.4703125 0.2583333333333334 0.4984375 0.2583333333333334
3 0.48125 0.1927083333333334 0.47265625 0.1927083333333334 0.47265625 0.22500000000000006 0.48125 0.22500000000000006
3 0.47265625 0.1864583333333334 0.46640625 0.1864583333333334 0.46640625 0.21666666666666673 0.47265625 0.21666666666666673
3 0.465625 0.19375000000000006 0.45625 0.19375000000000006 0.45625 0.2239583333333334 0.465625 0.2239583333333334
3 0.46875 0.18750000000000006 0.4625 0.18750000000000006 0.4625 0.21250000000000005 0.46875 0.21250000000000005
0 0.5109375 0.18541666666666673 0.490625 0.18541666666666673 0.490625 0.2270833333333334 0.5109375 0.2270833333333334
3 0.4921875 0.17395833333333338 0.4859375 0.17395833333333338 0.4859375 0.20104166666666673 0.4921875 0.20104166666666673
3 0.4859375 0.17291666666666672 0.47734375 0.17291666666666672 0.47734375 0.2020833333333334 0.4859375 0.2020833333333334
3 0.47578125 0.17187500000000006 0.46953125 0.17187500000000006 0.46953125 0.20000000000000007 0.47578125 0.20000000000000007
0 0.43359375 0.26979166666666676 0.4015625 0.26979166666666676 0.4015625 0.3250000000000001 0.43359375 0.3250000000000001
0 0.51640625 0.1666666666666667 0.49609375 0.1666666666666667 0.49609375 0.1958333333333334 0.51640625 0.1958333333333334
2 0.546875 0.1312500000000001 0.525 0.1312500000000001 0.525 0.1937500000000001 0.546875 0.19375000000000012
0 0.52265625 0.15312500000000007 0.50625 0.15312500000000007 0.50625 0.1864583333333334 0.52265625 0.1864583333333334
3 0.5046875 0.1510416666666667 0.49765625 0.1510416666666667 0.49765625 0.16979166666666673 0.5046875 0.16979166666666673
0 0.521875 0.14270833333333338 0.50703125 0.14270833333333338 0.50703125 0.15833333333333338 0.521875 0.15833333333333338
0 0.50234375 0.13437500000000005 0.490625 0.13437500000000005 0.490625 0.15833333333333338 0.50234375 0.15833333333333338
3 0.49921875 0.14062500000000006 0.4921875 0.14062500000000006 0.4921875 0.16562500000000005 0.49921875 0.16562500000000005
3 0.48671875 0.1520833333333334 0.47890625 0.1520833333333334 0.47890625 0.16979166666666673 0.48671875 0.16979166666666673
3 0.48203125 0.16041666666666674 0.47578125 0.16041666666666674 0.47578125 0.17395833333333338 0.48203125 0.17395833333333338
3 0.49140625 0.13750000000000007 0.48359375 0.13750000000000007 0.48359375 0.15729166666666672 0.49140625 0.15729166666666672
0 0.5390625 0.12500000000000008 0.52578125 0.12500000000000008 0.52578125 0.14479166666666674 0.5390625 0.14479166666666674
3 0.52265625 0.12916666666666676 0.515625 0.12916666666666676 0.515625 0.1510416666666667 0.52265625 0.1510416666666667
3 0.51796875 0.11979166666666675 0.5109375 0.11979166666666675 0.5109375 0.1489583333333334 0.51796875 0.1489583333333334
0 0.51328125 0.11979166666666675 0.5015625 0.11979166666666675 0.5015625 0.14270833333333338 0.51328125 0.14270833333333338
0 0.52421875 0.10937500000000008 0.51171875 0.10937500000000008 0.51171875 0.1312500000000001 0.52421875 0.1312500000000001
3 0.49921875 0.1218750000000001 0.49453125 0.1218750000000001 0.49453125 0.13750000000000007 0.49921875 0.13750000000000007
3 0.496875 0.12916666666666676 0.48984375 0.12916666666666676 0.48984375 0.14166666666666672 0.496875 0.14166666666666672
0 0.5453125 0.11354166666666675 0.5328125 0.11354166666666675 0.5328125 0.1281250000000001 0.5453125 0.1281250000000001
3 0.5265625 0.10104166666666675 0.521875 0.10104166666666675 0.521875 0.12291666666666676 0.5265625 0.12291666666666676
0 0.521875 0.10000000000000009 0.51015625 0.10000000000000009 0.51015625 0.11562500000000009 0.521875 0.11562500000000009
3 0.51171875 0.10000000000000009 0.5046875 0.10000000000000009 0.5046875 0.11770833333333343 0.51171875 0.11770833333333343
0 0.50390625 0.09479166666666676 0.49140625 0.09479166666666676 0.49140625 0.11354166666666675 0.50390625 0.11354166666666675
3 0.496875 0.09791666666666675 0.4890625 0.09791666666666675 0.4890625 0.11770833333333343 0.496875 0.11770833333333343
3 0.5 0.10000000000000009 0.49375 0.10000000000000009 0.49375 0.12083333333333342 0.5 0.12083333333333342
0 0.5125 0.0906250000000001 0.5046875 0.0906250000000001 0.5046875 0.10833333333333342 0.5125 0.10833333333333342
0 0.5046875 0.08437500000000009 0.49375 0.08437500000000009 0.49375 0.10104166666666675 0.5046875 0.10104166666666675