3 0.39531250000000007 0.7520833333333333 0.3460937500000001 0.7520833333333333 0.3460937500000001 0.93125 0.39531250000000007 0.93125
3 0.31718750000000007 0.7822916666666667 0.2765625000000001 0.7822916666666667 0.2765625000000001 0.9375 0.31718750000000007 0.9375
3 0.3468750000000001 0.8958333333333334 0.3023437500000001 0.8958333333333334 0.3023437500000001 1 0.3468750000000001 1
3 0.2843750000000001 0.8833333333333333 0.2273437500000001 0.8833333333333333 0.2273437500000001 1 0.2843750000000001 1
3 0.2468750000000001 0.7760416666666666 0.2101562500000001 0.7760416666666666 0.2101562500000001 0.9322916666666666 0.2468750000000001 0.9322916666666666
3 0.1554687500000001 0.834375 0.10312500000000009 0.834375 0.10312500000000009 0.9604166666666667 0.1554687500000001 0.9604166666666667
3 0.08984375000000008 0.95 0.03593750000000009 0.95 0.03593750000000009 1 0.08984375000000008 1
3 0.025781250000000082 0.8739583333333333 8.027177066286166e-17 0.8739583333333333 8.606014029945659e-17 1 0.02578125000000009 1
3 0.02500000000000007 0.6833333333333333 6.276314845630185e-17 0.6833333333333333 6.946043563913895e-17 0.8291666666666667 0.025000000000000078 0.8291666666666667
3 0.024218750000000056 0.5729166666666666 5.262154215086284e-17 0.5729166666666666 5.750099424121557e-17 0.6791666666666667 0.02421875000000006 0.6791666666666667
0 0.2093750000000001 0.9395833333333333 0.09375000000000008 0.9395833333333333 0.09375000000000008 1 0.2093750000000001 1
3 0.21484375000000008 0.6802083333333333 0.17343750000000005 0.6802083333333333 0.17343750000000008 0.8270833333333333 0.21484375000000008 0.8270833333333333
3 0.2562500000000001 0.6875 0.21640625000000008 0.6875 0.21640625000000008 0.8072916666666666 0.2562500000000001 0.8072916666666666
3 0.3125000000000001 0.6645833333333333 0.2671875000000001 0.6645833333333333 0.2671875000000001 0.790625 0.3125000000000001 0.790625
3 0.3085937500000001 0.5927083333333333 0.2718750000000001 0.5927083333333333 0.2718750000000001 0.7020833333333333 0.3085937500000001 0.7020833333333333
3 0.2968750000000001 0.5416666666666666 0.2500000000000001 0.5416666666666666 0.2500000000000001 0.6489583333333333 0.2968750000000001 0.6489583333333333
3 0.46015625 0.4979166666666668 0.434375 0.4979166666666668 0.434375 0.5989583333333334 0.46015625 0.5989583333333334
3 0.45625 0.43333333333333346 0.43125 0.43333333333333346 0.43125 0.5177083333333334 0.45625 0.5177083333333334
3 0.44453125 0.4062500000000001 0.42265625 0.4062500000000001 0.42265625 0.48854166666666676 0.44453125 0.48854166666666676
3 0.4140625 0.43020833333333347 0.3875 0.43020833333333347 0.38750000000000007 0.49062500000000014 0.4140625 0.49062500000000014
3 0.42109375 0.46145833333333347 0.39375 0.46145833333333347 0.39375000000000004 0.5385416666666667 0.42109375 0.5385416666666667
3 0.41328125 0.37395833333333345 0.39296875 0.37395833333333345 0.39296875 0.43645833333333345 0.41328125 0.43645833333333345
3 0.3828125 0.39687500000000003 0.36171875 0.396875 0.36171875 0.45833333333333337 0.3828125 0.4583333333333334
3 0.434375 0.33750000000000013 0.40859375 0.33750000000000013 0.40859375 0.39687500000000014 0.434375 0.39687500000000014
3 0.4890625 0.31458333333333344 0.4671875 0.31458333333333344 0.4671875 0.3854166666666668 0.4890625 0.3854166666666668
3 0.5046875 0.23645833333333338 0.49140625 0.23645833333333338 0.49140625 0.28541666666666676 0.5046875 0.28541666666666676
3 0.4046875 0.3312500000000001 0.38671875 0.3312500000000001 0.38671875 0.3802083333333334 0.4046875 0.3802083333333334
3 0.409375 0.3072916666666668 0.396875 0.3072916666666668 0.396875 0.34791666666666676 0.409375 0.34791666666666676
3 0.41015625 0.3437500000000001 0.3921875 0.3437500000000001 0.3921875 0.40520833333333345 0.41015625 0.40520833333333345
3 0.4296875 0.29583333333333345 0.4125 0.29583333333333345 0.4125 0.3406250000000001 0.4296875 0.3406250000000001
3 0.4484375 0.3135416666666668 0.4328125 0.3135416666666668 0.4328125 0.35312500000000013 0.4484375 0.35312500000000013
3 0.45546875 0.26250000000000007 0.43984375 0.26250000000000007 0.43984375 0.3020833333333334 0.45546875 0.3020833333333334
3 0.43828125 0.2687500000000001 0.4265625 0.2687500000000001 0.4265625 0.3156250000000001 0.43828125 0.3156250000000001
3 0.4234375 0.27395833333333347 0.41015625 0.27395833333333347 0.41015625 0.3104166666666668 0.4234375 0.3104166666666668
3 0.40703125 0.2937500000000001 0.3953125 0.2937500000000001 0.3953125 0.32395833333333346 0.40703125 0.32395833333333346
3 0.4359375 0.2458333333333334 0.4203125 0.2458333333333334 0.4203125 0.2729166666666668 0.4359375 0.2729166666666668
3 0.45078125 0.2947916666666668 0.43984375 0.2947916666666668 0.43984375 0.3281250000000001 0.45078125 0.3281250000000001
3 0.484375 0.3041666666666668 0.4734375 0.3041666666666668 0.4734375 0.36145833333333344 0.484375 0.36145833333333344
3 0.54140625 0.20937500000000006 0.53203125 0.20937500000000006 0.53203125 0.24375000000000005 0.54140625 0.24375000000000005
3 0.44609375 0.2291666666666667 0.43515625 0.2291666666666667 0.43515625 0.2593750000000001 0.44609375 0.2593750000000001
3 0.45390625 0.2270833333333334 0.44609375 0.2270833333333334 0.44609375 0.25729166666666675 0.45390625 0.25729166666666675
3 0.459375 0.20416666666666672 0.44609375 0.20416666666666672 0.44609375 0.2270833333333334 0.459375 0.2270833333333334
3 0.47109375 0.20104166666666673 0.4609375 0.20104166666666673 0.4609375 0.22812500000000005 0.47109375 0.22812500000000005
3 0.47890625 0.20312500000000006 0.46796875 0.20312500000000006 0.46796875 0.2302083333333334 0.47890625 0.2302083333333334
3 0.490625 0.18958333333333338 0.4796875 0.18958333333333338 0.4796875 0.21979166666666672 0.490625 0.21979166666666672
3 0.49609375 0.17500000000000007 0.4890625 0.17500000000000007 0.4890625 0.19687500000000005 0.49609375 0.19687500000000005
3 0.48671875 0.15416666666666673 0.47890625 0.15416666666666673 0.47890625 0.17291666666666672 0.48671875 0.17291666666666672
3 0.46796875 0.1822916666666667 0.459375 0.1822916666666667 0.459375 0.2083333333333334 0.46796875 0.2083333333333334
0 0.484375 0.17395833333333338 0.46953125 0.17395833333333338 0.46953125 0.19687500000000005 0.484375 0.19687500000000005
0 0.38593750000000004 0.4552083333333334 0.32421875 0.4552083333333333 0.32421875000000006 0.5625 0.3859375000000001 0.5625
0 0.43046875 0.5354166666666667 0.3460937500000001 0.5354166666666667 0.3460937500000001 0.6822916666666666 0.43046875 0.6822916666666666
0 0.5140625 0.4114583333333334 0.459375 0.4114583333333334 0.459375 0.534375 0.5140625 0.534375
0 0.51953125 0.34270833333333345 0.47421875 0.34270833333333345 0.47421875 0.42604166666666676 0.51953125 0.42604166666666676
0 0.47421875 0.33229166666666676 0.4296875 0.33229166666666676 0.4296875 0.4114583333333334 0.47421875 0.4114583333333334
0 0.525 0.2812500000000001 0.48984375 0.2812500000000001 0.48984375 0.3468750000000001 0.525 0.3468750000000001
0 0.47734375 0.28750000000000014 0.4453125 0.28750000000000014 0.4453125 0.33958333333333346 0.47734375 0.33958333333333346
0 0.39140625 0.3604166666666667 0.3453125 0.36041666666666666 0.3453125 0.44270833333333337 0.39140625 0.4427083333333334
0 0.48984375 0.2447916666666667 0.46171875 0.2447916666666667 0.46171875 0.29895833333333344 0.48984375 0.29895833333333344
0 0.47421875 0.22812500000000005 0.4515625 0.22812500000000005 0.4515625 0.26770833333333344 0.47421875 0.26770833333333344
0 0.50625 0.20312500000000006 0.48203125 0.20312500000000006 0.48203125 0.2447916666666667 0.50625 0.2447916666666667
0 0.5328125 0.2427083333333334 0.503125 0.2427083333333334 0.503125 0.2885416666666668 0.5328125 0.2885416666666668
0 0.53671875 0.20937500000000006 0.51171875 0.20937500000000006 0.51171875 0.25000000000000006 0.53671875 0.25000000000000006
0 0.5359375 0.1822916666666667 0.51171875 0.1822916666666667 0.51171875 0.2239583333333334 0.5359375 0.2239583333333334
0 0.51640625 0.17395833333333338 0.49375 0.17395833333333338 0.49375 0.2114583333333334 0.51640625 0.2114583333333334
0 0.52265625 0.1614583333333334 0.50234375 0.1614583333333334 0.50234375 0.18437500000000007 0.52265625 0.18437500000000007
0 0.52109375 0.1364583333333334 0.5046875 0.1364583333333334 0.5046875 0.1645833333333334 0.52109375 0.1645833333333334
0 0.5015625 0.1312500000000001 0.490625 0.1312500000000001 0.490625 0.15000000000000005 0.5015625 0.15000000000000005
0 0.5015625 0.1458333333333334 0.48984375 0.1458333333333334 0.48984375 0.1645833333333334 0.5015625 0.1645833333333334
0 0.50078125 0.1520833333333334 0.4890625 0.1520833333333334 0.4890625 0.17395833333333338 0.50078125 0.17395833333333338
3 0.4796875 0.16250000000000006 0.475 0.16250000000000006 0.475 0.17395833333333338 0.4796875 0.17395833333333338
2 0.5453125 0.11041666666666676 0.521875 0.11041666666666676 0.521875 0.18020833333333341 0.5453125 0.18020833333333344
2 0.521875 0.11041666666666676 0.50546875 0.11041666666666676 0.50546875 0.13854166666666673 0.521875 0.13854166666666673
0 0.503125 0.10937500000000008 0.49296875 0.10937500000000008 0.49296875 0.1218750000000001 0.503125 0.1218750000000001
3 0.5046875 0.12083333333333342 0.4921875 0.12083333333333342 0.4921875 0.1312500000000001 0.5046875 0.1312500000000001
0 0.503125 0.10000000000000009 0.49140625 0.10000000000000009 0.49140625 0.11041666666666676 0.503125 0.11041666666666676
0 0.51796875 0.10104166666666675 0.503125 0.10104166666666675 0.503125 0.10520833333333342 0.51796875 0.10520833333333342
0 0.51875 0.1062500000000001 0.5046875 0.1062500000000001 0.5046875 0.10937500000000008 0.51875 0.10937500000000008
0 0.5 0.09375000000000008 0.4921875 0.09375000000000008 0.4921875 0.09791666666666675 0.5 0.09791666666666675