0 0.50546875 0.3416666666666668 0.47421875 0.3416666666666668 0.47421875 0.41250000000000014 0.50546875 0.41250000000000014
0 0.42890625 0.4583333333333334 0.37578125 0.4583333333333334 0.37578125000000007 0.5729166666666666 0.42890625 0.5729166666666666
0 0.3343750000000001 0.5604166666666667 0.2679687500000001 0.5604166666666667 0.2679687500000001 0.734375 0.3343750000000001 0.734375
0 0.3859375000000001 0.6447916666666667 0.3195312500000001 0.6447916666666667 0.3195312500000001 0.8135416666666667 0.3859375000000001 0.8135416666666667
1 0.4648437500000001 0.7833333333333333 0.3515625000000001 0.7833333333333333 0.3515625000000001 1 0.46484375000000017 1
0 0.4875 0.5916666666666667 0.4265625 0.5916666666666667 0.4265625 0.7177083333333333 0.4875 0.7177083333333333
0 0.4171875 0.31875000000000014 0.39140625 0.31875000000000014 0.39140625 0.3781250000000001 0.4171875 0.3781250000000001
0 0.46875 0.26354166666666673 0.44453125 0.26354166666666673 0.44453125 0.31458333333333344 0.46875 0.31458333333333344
0 0.47265625 0.23437500000000006 0.45390625 0.23437500000000006 0.45390625 0.2666666666666668 0.47265625 0.2666666666666668
2 0.490625 0.18541666666666673 0.46796875 0.18541666666666673 0.46796875 0.2510416666666667 0.490625 0.2510416666666667
1 0.53125 0.20729166666666674 0.509375 0.20729166666666674 0.509375 0.26770833333333344 0.53125 0.26770833333333344
3 0.18125000000000008 0.8604166666666667 0.1281250000000001 0.8604166666666667 0.1281250000000001 1 0.18125000000000008 1
3 0.1937500000000001 0.7708333333333334 0.14609375000000008 0.7708333333333334 0.14609375000000008 0.875 0.1937500000000001 0.875
3 0.2156250000000001 0.6791666666666667 0.17578125000000006 0.6791666666666667 0.17578125000000006 0.7833333333333333 0.2156250000000001 0.7833333333333333
3 0.2484375000000001 0.61875 0.21875000000000008 0.61875 0.21875000000000008 0.7239583333333334 0.2484375000000001 0.7239583333333334
3 0.2914062500000001 0.5260416666666666 0.2632812500000001 0.5260416666666666 0.2632812500000001 0.60625 0.2914062500000001 0.60625
3 0.33203125000000006 0.48125 0.30703125 0.48125 0.30703125000000003 0.5583333333333333 0.3320312500000001 0.5583333333333333
3 0.31718750000000007 0.46041666666666664 0.29453125 0.46041666666666664 0.29453125 0.5520833333333334 0.31718750000000007 0.5520833333333334
3 0.3648437500000001 0.4854166666666667 0.3398437500000001 0.48541666666666666 0.3398437500000001 0.5791666666666667 0.3648437500000001 0.5791666666666667
3 0.34765625000000006 0.42916666666666664 0.33359375 0.42916666666666664 0.33359375 0.5072916666666667 0.3476562500000001 0.5072916666666667
3 0.37500000000000006 0.40625000000000006 0.359375 0.40625 0.35937500000000006 0.48750000000000004 0.3750000000000001 0.4875000000000001
3 0.36640625 0.3635416666666667 0.35 0.36354166666666665 0.35 0.4385416666666667 0.36640625 0.4385416666666668
3 0.39296875 0.3822916666666668 0.37421875 0.3822916666666668 0.37421875 0.4447916666666668 0.39296875 0.4447916666666668
3 0.39609375 0.4354166666666668 0.37890625 0.4354166666666668 0.37890625000000006 0.49375000000000013 0.3960937500000001 0.49375000000000013
3 0.41640625 0.38333333333333347 0.396875 0.38333333333333347 0.396875 0.4531250000000001 0.41640625 0.4531250000000001
3 0.43671875 0.39479166666666676 0.42109375 0.39479166666666676 0.42109375 0.4656250000000001 0.43671875 0.4656250000000001
3 0.44765625 0.4166666666666668 0.434375 0.4166666666666668 0.434375 0.49583333333333346 0.44765625 0.49583333333333346
3 0.46328125 0.37916666666666676 0.446875 0.37916666666666676 0.446875 0.4406250000000001 0.46328125 0.4406250000000001
3 0.46796875 0.43020833333333347 0.4515625 0.43020833333333347 0.4515625 0.4916666666666668 0.46796875 0.4916666666666668
3 0.46796875 0.47500000000000014 0.44609375 0.47500000000000014 0.44609375 0.5552083333333333 0.46796875 0.5552083333333333
3 0.490625 0.48645833333333344 0.47109375 0.48645833333333344 0.47109375 0.5729166666666666 0.490625 0.5729166666666666
3 0.50859375 0.5187500000000002 0.4875 0.5187500000000002 0.4875 0.6208333333333333 0.50859375 0.6208333333333333
3 0.50234375 0.4406250000000001 0.47734375 0.4406250000000001 0.47734375 0.5250000000000001 0.50234375 0.5250000000000001
3 0.5265625 0.33020833333333344 0.51484375 0.33020833333333344 0.51484375 0.39479166666666676 0.5265625 0.39479166666666676
3 0.459375 0.3250000000000001 0.446875 0.3250000000000001 0.446875 0.3854166666666668 0.459375 0.3854166666666668
3 0.440625 0.3416666666666668 0.42421875 0.3416666666666668 0.42421875 0.3979166666666668 0.440625 0.3979166666666668
3 0.44609375 0.2947916666666668 0.43359375 0.2947916666666668 0.43359375 0.3489583333333334 0.44609375 0.3489583333333334
3 0.37578125 0.3312500000000001 0.3640625 0.3312500000000001 0.3640625 0.3885416666666668 0.37578125 0.3885416666666668
3 0.38984375 0.31666666666666676 0.378125 0.31666666666666676 0.378125 0.3760416666666668 0.38984375 0.3760416666666668
3 0.39453125 0.29583333333333345 0.38515625 0.29583333333333345 0.38515625 0.3354166666666668 0.39453125 0.3354166666666668
3 0.40859375 0.2760416666666668 0.3953125 0.2760416666666668 0.3953125 0.32187500000000013 0.40859375 0.32187500000000013
3 0.41953125 0.29270833333333346 0.40703125 0.29270833333333346 0.40703125 0.3281250000000001 0.41953125 0.3281250000000001
3 0.42421875 0.2781250000000001 0.4140625 0.2781250000000001 0.4140625 0.31875000000000014 0.42421875 0.31875000000000014
3 0.4203125 0.2520833333333334 0.41015625 0.2520833333333334 0.41015625 0.28333333333333344 0.4203125 0.28333333333333344
3 0.41171875 0.2729166666666668 0.40703125 0.2729166666666668 0.40703125 0.30833333333333346 0.41171875 0.30833333333333346
3 0.4328125 0.2708333333333334 0.42265625 0.2708333333333334 0.42265625 0.31458333333333344 0.4328125 0.31458333333333344
3 0.43359375 0.2427083333333334 0.4234375 0.2427083333333334 0.4234375 0.2812500000000001 0.43359375 0.2812500000000001
3 0.44296875 0.2395833333333334 0.434375 0.2395833333333334 0.434375 0.2781250000000001 0.44296875 0.2781250000000001
3 0.47578125 0.2791666666666668 0.4640625 0.2791666666666668 0.4640625 0.33750000000000013 0.47578125 0.33750000000000013
3 0.48515625 0.26354166666666673 0.47421875 0.26354166666666673 0.47421875 0.3093750000000001 0.48515625 0.3093750000000001
3 0.49453125 0.26354166666666673 0.48515625 0.26354166666666673 0.48515625 0.30520833333333347 0.49453125 0.30520833333333347
3 0.48359375 0.2937500000000001 0.47421875 0.2937500000000001 0.47421875 0.34270833333333345 0.48359375 0.34270833333333345
3 0.49296875 0.28958333333333347 0.48359375 0.28958333333333347 0.48359375 0.33229166666666676 0.49296875 0.33229166666666676
3 0.50390625 0.29895833333333344 0.490625 0.29895833333333344 0.490625 0.3406250000000001 0.50390625 0.3406250000000001
3 0.509375 0.2822916666666668 0.49765625 0.2822916666666668 0.49765625 0.3281250000000001 0.509375 0.3281250000000001
3 0.51796875 0.3197916666666668 0.509375 0.3197916666666668 0.509375 0.3697916666666668 0.51796875 0.3697916666666668
3 0.5234375 0.2843750000000001 0.51484375 0.2843750000000001 0.51484375 0.3416666666666668 0.5234375 0.3416666666666668
3 0.52890625 0.27187500000000014 0.51875 0.27187500000000014 0.51875 0.31458333333333344 0.52890625 0.31458333333333344
3 0.54453125 0.22604166666666675 0.53671875 0.22604166666666672 0.53671875 0.27500000000000013 0.54453125 0.27500000000000013
3 0.5375 0.2083333333333334 0.52890625 0.2083333333333334 0.52890625 0.25000000000000006 0.5375 0.25000000000000006
3 0.5453125 0.19583333333333341 0.5375 0.1958333333333334 0.5375 0.23020833333333343 0.5453125 0.23020833333333346
3 0.54921875 0.16666666666666677 0.53984375 0.1666666666666667 0.53984375 0.20312500000000008 0.54921875 0.2031250000000001
0 0.53515625 0.18958333333333338 0.51796875 0.18958333333333338 0.51796875 0.21250000000000005 0.53515625 0.21250000000000005
0 0.53515625 0.16354166666666672 0.521875 0.16354166666666672 0.521875 0.18854166666666672 0.53515625 0.18854166666666672
0 0.53359375 0.1520833333333334 0.52109375 0.1520833333333334 0.52109375 0.16979166666666673 0.53359375 0.16979166666666673
0 0.5359375 0.14791666666666672 0.5296875 0.14791666666666672 0.5296875 0.15729166666666672 0.5359375 0.15729166666666672
0 0.54140625 0.14166666666666672 0.5359375 0.14166666666666672 0.5359375 0.15312500000000007 0.54140625 0.15312500000000007
2 0.54453125 0.12083333333333342 0.53359375 0.12083333333333342 0.53359375 0.14583333333333343 0.54453125 0.14583333333333345
0 0.51015625 0.12604166666666675 0.50078125 0.12604166666666675 0.50078125 0.14166666666666672 0.51015625 0.14166666666666672
0 0.51171875 0.14479166666666674 0.5015625 0.14479166666666674 0.5015625 0.15729166666666672 0.51171875 0.15729166666666672
0 0.52109375 0.13437500000000005 0.5140625 0.13437500000000005 0.5140625 0.1458333333333334 0.52109375 0.1458333333333334
0 0.5234375 0.12916666666666676 0.515625 0.12916666666666676 0.515625 0.1354166666666667 0.5234375 0.1354166666666667
0 0.496875 0.14687500000000006 0.48984375 0.14687500000000006 0.48984375 0.15416666666666673 0.496875 0.15416666666666673
0 0.49296875 0.15625000000000006 0.48203125 0.15625000000000006 0.48203125 0.16979166666666673 0.49296875 0.16979166666666673
0 0.50078125 0.16562500000000005 0.49140625 0.16562500000000005 0.49140625 0.1864583333333334 0.50078125 0.1864583333333334
0 0.50390625 0.18750000000000006 0.49375 0.18750000000000006 0.49375 0.20937500000000006 0.50390625 0.20937500000000006
0 0.5125 0.16041666666666674 0.5046875 0.16041666666666674 0.5046875 0.17812500000000006 0.5125 0.17812500000000006
3 0.49453125 0.7166666666666667 0.4578125 0.7166666666666667 0.4578125 0.834375 0.49453125 0.834375
3 0.415625 0.5864583333333333 0.3859375000000001 0.5864583333333333 0.3859375000000001 0.7 0.415625 0.7
3 0.509375 0.2114583333333334 0.5 0.2114583333333334 0.5 0.2687500000000001 0.509375 0.2687500000000001
3 0.5359375 0.21250000000000005 0.52890625 0.21250000000000005 0.52890625 0.2489583333333334 0.5359375 0.2489583333333334
3 0.51484375 0.18125000000000005 0.51015625 0.18125000000000005 0.51015625 0.21562500000000007 0.51484375 0.21562500000000007
3 0.453125 0.2291666666666667 0.44453125 0.2291666666666667 0.44453125 0.26979166666666676 0.453125 0.26979166666666676
3 0.43515625 0.21562500000000007 0.428125 0.21562500000000007 0.428125 0.25000000000000006 0.43515625 0.25000000000000006
3 0.46875 0.19687500000000005 0.4609375 0.19687500000000005 0.4609375 0.2333333333333334 0.46875 0.2333333333333334
3 0.5453125 0.15208333333333343 0.53984375 0.1520833333333334 0.53984375 0.17187500000000008 0.5453125 0.1718750000000001
3 0.4453125 0.21979166666666672 0.43984375 0.21979166666666672 0.43984375 0.2447916666666667 0.4453125 0.2447916666666667
3 0.453125 0.21875000000000006 0.44921875 0.21875000000000006 0.44921875 0.23750000000000007 0.453125 0.23750000000000007
3 0.4578125 0.2145833333333334 0.45234375 0.2145833333333334 0.45234375 0.23750000000000007 0.4578125 0.23750000000000007
3 0.459375 0.20000000000000007 0.45234375 0.20000000000000007 0.45234375 0.22187500000000007 0.459375 0.22187500000000007
3 0.44453125 0.21666666666666673 0.4390625 0.21666666666666673 0.4390625 0.24791666666666673 0.44453125 0.24791666666666673
3 0.45 0.20729166666666674 0.4453125 0.20729166666666674 0.4453125 0.23229166666666673 0.45 0.23229166666666673
3 0.4390625 0.21250000000000005 0.434375 0.21250000000000005 0.434375 0.23541666666666672 0.4390625 0.23541666666666672
3 0.45859375 0.18750000000000006 0.45234375 0.18750000000000006 0.45234375 0.2114583333333334 0.45859375 0.2114583333333334
0 0.51953125 0.09270833333333342 0.51015625 0.09270833333333342 0.51015625 0.10416666666666675 0.51953125 0.10416666666666675
2 0.50625 0.08854166666666675 0.49921875 0.08854166666666675 0.49921875 0.10208333333333343 0.50625 0.10208333333333343
3 0.50390625 0.10416666666666675 0.5 0.10416666666666675 0.5 0.11666666666666675 0.50390625 0.11666666666666675
3 0.5203125 0.11354166666666675 0.5171875 0.11354166666666675 0.5171875 0.1312500000000001 0.5203125 0.1312500000000001
3 0.51953125 0.1645833333333334 0.51328125 0.1645833333333334 0.51328125 0.18958333333333338 0.51953125 0.18958333333333338
3 0.51640625 0.10416666666666675 0.51171875 0.10416666666666675 0.51171875 0.11770833333333343 0.51640625 0.11770833333333343
3 0.51953125 0.10833333333333342 0.515625 0.10833333333333342 0.515625 0.12291666666666676 0.51953125 0.12291666666666676
3 0.5109375 0.10416666666666675 0.50703125 0.10416666666666675 0.50703125 0.11666666666666675 0.5109375 0.11666666666666675