3 0.88203125 0.9114583333333336 0.82890625 0.9114583333333336 0.82890625 1.0000000000000002 0.88203125 1.0000000000000002
3 0.85625 0.7645833333333336 0.8109375 0.7645833333333336 0.8109375 0.9187500000000003 0.85625 0.9187500000000003
3 0.80625 0.7864583333333336 0.75390625 0.7864583333333336 0.7539062500000001 0.9729166666666669 0.80625 0.9729166666666669
3 0.775 0.6625000000000002 0.73671875 0.6625000000000002 0.73671875 0.7885416666666669 0.775 0.7885416666666669
3 0.78046875 0.5843750000000002 0.74375 0.5843750000000002 0.74375 0.7239583333333336 0.78046875 0.7239583333333336
3 0.6640625 0.7020833333333333 0.62734375 0.7020833333333333 0.62734375 0.8552083333333333 0.6640625 0.8552083333333333
3 0.59765625 0.6572916666666667 0.5578125 0.6572916666666667 0.5578125 0.8270833333333333 0.59765625 0.8270833333333333
3 0.53515625 0.734375 0.48984375 0.734375 0.48984375 0.9020833333333333 0.53515625 0.9020833333333333
3 0.59921875 0.5604166666666667 0.57109375 0.5604166666666667 0.57109375 0.6677083333333333 0.59921875 0.6677083333333333
3 0.715625 0.5270833333333335 0.69140625 0.5270833333333335 0.69140625 0.6427083333333333 0.715625 0.6427083333333333
3 0.59609375 0.4854166666666668 0.5703125 0.4854166666666668 0.5703125 0.5739583333333333 0.59609375 0.5739583333333333
3 0.61796875 0.46250000000000013 0.5875 0.46250000000000013 0.5875 0.5708333333333333 0.61796875 0.5708333333333333
0 0.6703125 0.39895833333333347 0.61484375 0.39895833333333347 0.61484375 0.5114583333333335 0.6703125 0.5114583333333335
3 0.62109375 0.3416666666666668 0.609375 0.3416666666666668 0.609375 0.4072916666666668 0.62109375 0.4072916666666668
3 0.64453125 0.3729166666666668 0.63046875 0.3729166666666668 0.63046875 0.4114583333333334 0.64453125 0.4114583333333334
3 0.57421875 0.4291666666666668 0.55625 0.4291666666666668 0.55625 0.5114583333333335 0.57421875 0.5114583333333335
0 0.55546875 0.4583333333333334 0.49921875 0.4583333333333334 0.49921875 0.575 0.55546875 0.575
3 0.559375 0.4031250000000001 0.5421875 0.4031250000000001 0.5421875 0.4656250000000001 0.559375 0.4656250000000001
3 0.5328125 0.3958333333333334 0.51171875 0.3958333333333334 0.51171875 0.45937500000000014 0.5328125 0.45937500000000014
3 0.503125 0.40000000000000013 0.48359375 0.40000000000000013 0.48359375 0.4812500000000001 0.503125 0.4812500000000001
3 0.5015625 0.37083333333333346 0.48046875 0.37083333333333346 0.48046875 0.42083333333333345 0.5015625 0.42083333333333345
3 0.5484375 0.3718750000000001 0.534375 0.3718750000000001 0.534375 0.4343750000000001 0.5484375 0.4343750000000001
3 0.4859375 0.3281250000000001 0.47109375 0.3281250000000001 0.47109375 0.38645833333333346 0.4859375 0.38645833333333346
3 0.484375 0.30833333333333346 0.47109375 0.30833333333333346 0.47109375 0.34270833333333345 0.484375 0.34270833333333345
3 0.546875 0.3333333333333334 0.5328125 0.3333333333333334 0.5328125 0.3885416666666668 0.546875 0.3885416666666668
3 0.55625 0.34270833333333345 0.54296875 0.34270833333333345 0.54296875 0.40000000000000013 0.55625 0.40000000000000013
3 0.56171875 0.3229166666666668 0.5453125 0.3229166666666668 0.5453125 0.37083333333333346 0.56171875 0.37083333333333346
3 0.54453125 0.30833333333333346 0.52890625 0.30833333333333346 0.52890625 0.35520833333333346 0.54453125 0.35520833333333346
3 0.53515625 0.2812500000000001 0.521875 0.2812500000000001 0.521875 0.33645833333333347 0.53515625 0.33645833333333347
3 0.52109375 0.2729166666666668 0.50625 0.2729166666666668 0.50625 0.3177083333333334 0.52109375 0.3177083333333334
0 0.60625 0.35520833333333346 0.55390625 0.35520833333333346 0.55390625 0.4604166666666668 0.60625 0.4604166666666668
3 0.609375 0.35520833333333346 0.596875 0.35520833333333346 0.596875 0.4093750000000001 0.609375 0.4093750000000001
3 0.596875 0.3312500000000001 0.57890625 0.3312500000000001 0.57890625 0.38125000000000014 0.596875 0.38125000000000014
3 0.60625 0.32187500000000013 0.596875 0.32187500000000013 0.596875 0.37083333333333346 0.60625 0.37083333333333346
3 0.62734375 0.3229166666666668 0.61484375 0.3229166666666668 0.61484375 0.3729166666666668 0.62734375 0.3729166666666668
3 0.57734375 0.33958333333333346 0.56640625 0.33958333333333346 0.56640625 0.3625000000000001 0.57734375 0.3625000000000001
3 0.57578125 0.30312500000000014 0.56015625 0.30312500000000014 0.56015625 0.3541666666666668 0.57578125 0.3541666666666668
3 0.5953125 0.30625000000000013 0.58359375 0.30625000000000013 0.58359375 0.3510416666666668 0.5953125 0.3510416666666668
3 0.6171875 0.2979166666666668 0.60234375 0.2979166666666668 0.60234375 0.3510416666666668 0.6171875 0.3510416666666668
3 0.60234375 0.28333333333333344 0.59375 0.28333333333333344 0.59375 0.3250000000000001 0.60234375 0.3250000000000001
3 0.58984375 0.2843750000000001 0.578125 0.2843750000000001 0.578125 0.3260416666666668 0.58984375 0.3260416666666668
0 0.56875 0.26354166666666673 0.540625 0.26354166666666673 0.540625 0.3281250000000001 0.56875 0.3281250000000001
3 0.55390625 0.3041666666666668 0.54375 0.3041666666666668 0.54375 0.33645833333333347 0.55390625 0.33645833333333347
3 0.55234375 0.2937500000000001 0.5421875 0.2937500000000001 0.5421875 0.30833333333333346 0.55234375 0.30833333333333346
3 0.5765625 0.26145833333333346 0.56875 0.26145833333333346 0.56875 0.30104166666666676 0.5765625 0.30104166666666676
3 0.57578125 0.24583333333333346 0.56796875 0.24583333333333346 0.56796875 0.27708333333333346 0.57578125 0.27708333333333346
3 0.58984375 0.25416666666666676 0.58125 0.25416666666666676 0.58125 0.2812500000000001 0.58984375 0.2812500000000001
3 0.59765625 0.2500000000000001 0.5890625 0.2500000000000001 0.5890625 0.2843750000000001 0.59765625 0.2843750000000001
3 0.56484375 0.25416666666666676 0.5578125 0.25416666666666676 0.5578125 0.27708333333333346 0.56484375 0.27708333333333346
3 0.5640625 0.22604166666666678 0.55546875 0.22604166666666678 0.55546875 0.26145833333333346 0.5640625 0.26145833333333346
3 0.56953125 0.24583333333333346 0.56328125 0.24583333333333346 0.56328125 0.2666666666666668 0.56953125 0.2666666666666668
3 0.55234375 0.22708333333333341 0.5421875 0.2270833333333334 0.5421875 0.2614583333333334 0.55234375 0.26145833333333346
0 0.54140625 0.20416666666666672 0.51953125 0.20416666666666672 0.51953125 0.24375000000000005 0.54140625 0.24375000000000005
3 0.54921875 0.2062500000000001 0.5390625 0.20625000000000007 0.5390625 0.23854166666666676 0.54921875 0.2385416666666668
3 0.55859375 0.21770833333333345 0.55234375 0.21770833333333345 0.55234375 0.23750000000000013 0.55859375 0.23750000000000013
3 0.5609375 0.19895833333333346 0.5515625 0.19895833333333346 0.5515625 0.21770833333333345 0.5609375 0.21770833333333345
3 0.5484375 0.19583333333333341 0.54140625 0.1958333333333334 0.54140625 0.21145833333333341 0.5484375 0.21145833333333344
0 0.515625 0.21250000000000005 0.49375 0.21250000000000005 0.49375 0.25520833333333337 0.515625 0.25520833333333337
3 0.515625 0.20000000000000007 0.50703125 0.20000000000000007 0.50703125 0.22187500000000007 0.515625 0.22187500000000007
3 0.52265625 0.1833333333333334 0.51640625 0.1833333333333334 0.51640625 0.20312500000000006 0.52265625 0.20312500000000006
3 0.528125 0.19375000000000006 0.52421875 0.19375000000000006 0.52421875 0.20416666666666672 0.528125 0.20416666666666672
3 0.53359375 0.17500000000000007 0.5265625 0.17500000000000007 0.5265625 0.1864583333333334 0.53359375 0.1864583333333334
3 0.53828125 0.17187500000000006 0.53125 0.17187500000000006 0.53125 0.19166666666666674 0.53828125 0.19166666666666674
3 0.5390625 0.19166666666666674 0.5328125 0.19166666666666674 0.5328125 0.20625000000000007 0.5390625 0.20625000000000007
0 0.48515625 0.19375000000000006 0.46171875 0.19375000000000006 0.46171875 0.24062500000000006 0.48515625 0.24062500000000006
3 0.48828125 0.19479166666666672 0.48046875 0.19479166666666672 0.48046875 0.2270833333333334 0.48828125 0.2270833333333334
3 0.49296875 0.19687500000000005 0.48828125 0.19687500000000005 0.48828125 0.22812500000000005 0.49296875 0.22812500000000005
3 0.5015625 0.1822916666666667 0.49453125 0.1822916666666667 0.49453125 0.21041666666666672 0.5015625 0.21041666666666672
3 0.5078125 0.19375000000000006 0.5 0.19375000000000006 0.5 0.20937500000000006 0.5078125 0.20937500000000006
0 0.48125 0.18854166666666672 0.459375 0.18854166666666672 0.459375 0.21875000000000006 0.48125 0.21875000000000006
0 0.478125 0.1770833333333334 0.45859375 0.1770833333333334 0.45859375 0.20104166666666673 0.478125 0.20104166666666673
3 0.4859375 0.18437500000000007 0.4765625 0.18437500000000007 0.4765625 0.2020833333333334 0.4859375 0.2020833333333334
3 0.49375 0.17812500000000006 0.4859375 0.17812500000000006 0.4859375 0.20312500000000006 0.49375 0.20312500000000006
3 0.52421875 0.16041666666666674 0.51796875 0.16041666666666674 0.51796875 0.17916666666666672 0.52421875 0.17916666666666672
0 0.496875 0.15000000000000005 0.48046875 0.15000000000000005 0.48046875 0.17291666666666672 0.496875 0.17291666666666672
3 0.48671875 0.16041666666666674 0.48203125 0.16041666666666674 0.48203125 0.17500000000000007 0.48671875 0.17500000000000007
3 0.45390625 0.12812500000000007 0.45078125 0.12812500000000007 0.45078125 0.14479166666666674 0.45390625 0.14479166666666674
0 0.490625 0.1364583333333334 0.4796875 0.1364583333333334 0.4796875 0.14687500000000006 0.490625 0.14687500000000006
0 0.49140625 0.12291666666666676 0.478125 0.12291666666666676 0.478125 0.13750000000000007 0.49140625 0.13750000000000007
3 0.49453125 0.12291666666666676 0.490625 0.12291666666666676 0.490625 0.1354166666666667 0.49453125 0.1354166666666667
2 0.48203125 0.11979166666666675 0.4578125 0.11979166666666675 0.4578125 0.1822916666666667 0.48203125 0.1822916666666667
0 0.46875 0.11458333333333343 0.45703125 0.11458333333333343 0.45703125 0.11875000000000009 0.46875 0.11875000000000009
0 0.471875 0.10416666666666675 0.4625 0.10416666666666675 0.4625 0.11250000000000009 0.471875 0.11250000000000009
3 0.47734375 0.1062500000000001 0.47421875 0.1062500000000001 0.47421875 0.11354166666666675 0.47734375 0.11354166666666675
0 0.48046875 0.09791666666666675 0.471875 0.09791666666666675 0.471875 0.10520833333333342 0.48046875 0.10520833333333342
0 0.48984375 0.1218750000000001 0.48046875 0.1218750000000001 0.48046875 0.12604166666666675 0.48984375 0.12604166666666675
0 0.490625 0.11458333333333343 0.47890625 0.11458333333333343 0.47890625 0.1218750000000001 0.490625 0.1218750000000001
0 0.4890625 0.11145833333333342 0.47890625 0.11145833333333342 0.47890625 0.11562500000000009 0.4890625 0.11562500000000009
0 0.48671875 0.10416666666666675 0.4796875 0.10416666666666675 0.4796875 0.11041666666666676 0.48671875 0.11041666666666676
3 0.4828125 0.09270833333333342 0.47890625 0.09270833333333342 0.47890625 0.10208333333333343 0.4828125 0.10208333333333343
0 0.50078125 0.11041666666666676 0.49296875 0.11041666666666676 0.49296875 0.12500000000000008 0.50078125 0.12500000000000008
0 0.50078125 0.10312500000000009 0.49375 0.10312500000000009 0.49375 0.11562500000000009 0.50078125 0.11562500000000009
0 0.5046875 0.10833333333333342 0.49765625 0.10833333333333342 0.49765625 0.11979166666666675 0.5046875 0.11979166666666675
3 0.50703125 0.10520833333333342 0.50390625 0.10520833333333342 0.50390625 0.11979166666666675 0.50703125 0.11979166666666675
3 0.51015625 0.09687500000000009 0.5078125 0.09687500000000009 0.5078125 0.10520833333333342 0.51015625 0.10520833333333342
3 0.53125 0.15833333333333338 0.52734375 0.15833333333333338 0.52734375 0.17291666666666672 0.53125 0.17291666666666672
0 0.50078125 0.15416666666666673 0.4875 0.15416666666666673 0.4875 0.18125000000000005 0.50078125 0.18125000000000005
0 0.51484375 0.1708333333333334 0.50078125 0.1708333333333334 0.50078125 0.1979166666666667 0.51484375 0.1979166666666667
0 0.51171875 0.1614583333333334 0.49765625 0.1614583333333334 0.49765625 0.18750000000000006 0.51171875 0.18750000000000006
1 0.5265625 0.1218750000000001 0.50078125 0.1218750000000001 0.50078125 0.17291666666666672 0.5265625 0.17291666666666672
3 0.50234375 0.1510416666666667 0.49921875 0.1510416666666667 0.49921875 0.1614583333333334 0.50234375 0.1614583333333334
3 0.49921875 0.14062500000000006 0.49453125 0.14062500000000006 0.49453125 0.15312500000000007 0.49921875 0.15312500000000007
0 0.49296875 0.10104166666666675 0.4859375 0.10104166666666675 0.4859375 0.11354166666666675 0.49296875 0.11354166666666675
0 0.4984375 0.09687500000000009 0.49140625 0.09687500000000009 0.49140625 0.10520833333333342 0.4984375 0.10520833333333342
0 0.48984375 0.09166666666666676 0.4828125 0.09166666666666676 0.4828125 0.10104166666666675 0.48984375 0.10104166666666675
0 0.49765625 0.08750000000000009 0.49140625 0.08750000000000009 0.49140625 0.09791666666666675 0.49765625 0.09791666666666675
0 0.50390625 0.09479166666666676 0.49609375 0.09479166666666676 0.49609375 0.10000000000000009 0.50390625 0.10000000000000009
0 0.5078125 0.08750000000000009 0.4984375 0.08750000000000009 0.4984375 0.09687500000000009 0.5078125 0.09687500000000009
0 0.49140625 0.08437500000000009 0.48515625 0.08437500000000009 0.48515625 0.09270833333333342 0.49140625 0.09270833333333342
0 0.515625 0.08750000000000009 0.50625 0.08750000000000009 0.50625 0.09583333333333342 0.515625 0.09583333333333342
0 0.5015625 0.12916666666666676 0.49453125 0.12916666666666676 0.49453125 0.14375000000000007 0.5015625 0.14375000000000007
0 0.4765625 0.16354166666666672 0.45390625 0.16354166666666672 0.45390625 0.18958333333333338 0.4765625 0.18958333333333338
0 0.54453125 0.2364583333333334 0.52109375 0.23645833333333338 0.52109375 0.2885416666666668 0.54453125 0.2885416666666668
0 0.4984375 0.2541666666666667 0.4734375 0.2541666666666667 0.4734375 0.3135416666666668 0.4984375 0.3135416666666668
0 0.49375 0.23541666666666672 0.46640625 0.23541666666666672 0.46640625 0.28020833333333345 0.49375 0.28020833333333345
0 0.5140625 0.2864583333333334 0.48515625 0.2864583333333334 0.48515625 0.3437500000000001 0.5140625 0.3437500000000001
0 0.528125 0.32083333333333347 0.49375 0.32083333333333347 0.49375 0.39479166666666676 0.528125 0.39479166666666676
0 0.68984375 0.5197916666666668 0.61796875 0.5197916666666668 0.61796875 0.6833333333333333 0.68984375 0.6833333333333333
0 0.7820312500000001 0.8312500000000002 0.65703125 0.83125 0.6570312500000001 1.0000000000000002 0.7820312500000002 1.0000000000000002