0 0.6875000000000002 0.96875 0.5984375000000002 0.96875 0.5984375000000002 1 0.6875000000000002 1
0 0.80625 0.9031250000000001 0.70078125 0.903125 0.7007812500000001 1.0000000000000002 0.80625 1.0000000000000002
0 0.64921875 0.7072916666666667 0.55859375 0.7072916666666667 0.55859375 0.965625 0.64921875 0.965625
0 0.71484375 0.615625 0.6328125 0.615625 0.6328125 0.7708333333333334 0.71484375 0.7708333333333334
0 0.76328125 0.5531250000000001 0.68671875 0.553125 0.68671875 0.6802083333333334 0.76328125 0.6802083333333335
0 0.6703125 0.5260416666666667 0.60078125 0.5260416666666667 0.60078125 0.6458333333333334 0.6703125 0.6458333333333334
0 0.584375 0.5479166666666667 0.503125 0.5479166666666667 0.503125 0.6885416666666667 0.584375 0.6885416666666667
0 0.6859375 0.43645833333333345 0.63046875 0.43645833333333345 0.63046875 0.5302083333333335 0.6859375 0.5302083333333335
0 0.6421875 0.43645833333333345 0.5828125 0.43645833333333345 0.5828125 0.5218750000000001 0.6421875 0.5218750000000001
0 0.60859375 0.40208333333333346 0.57109375 0.40208333333333346 0.57109375 0.4479166666666668 0.60859375 0.4479166666666668
0 0.59296875 0.3406250000000001 0.54296875 0.3406250000000001 0.54296875 0.4072916666666668 0.59296875 0.4072916666666668
0 0.61015625 0.28958333333333347 0.57578125 0.28958333333333347 0.57578125 0.3468750000000001 0.61015625 0.3468750000000001
0 0.58125 0.29895833333333344 0.53984375 0.29895833333333344 0.53984375 0.35208333333333347 0.58125 0.35208333333333347
0 0.52890625 0.3104166666666668 0.4921875 0.3104166666666668 0.4921875 0.37083333333333346 0.52890625 0.37083333333333346
0 0.55390625 0.27395833333333347 0.53515625 0.27395833333333347 0.53515625 0.3156250000000001 0.55390625 0.3156250000000001
0 0.52890625 0.18958333333333338 0.50546875 0.18958333333333338 0.50546875 0.23645833333333338 0.52890625 0.23645833333333338
0 0.5 0.11354166666666675 0.48359375 0.11354166666666675 0.48359375 0.1458333333333334 0.5 0.1458333333333334
1 0.5609375 0.39270833333333344 0.4984375 0.39270833333333344 0.4984375 0.5510416666666667 0.5609375 0.5510416666666667
0 0.9328125 0.9614583333333335 0.83828125 0.9614583333333335 0.83828125 1.0000000000000002 0.9328125 1.0000000000000002
3 0.5625000000000001 0.9354166666666667 0.5234375 0.9354166666666667 0.5234375000000001 1 0.5625000000000002 1
3 0.9484375 0.9125000000000002 0.9265625 0.9125000000000002 0.9265625 0.9958333333333336 0.9484375 0.9958333333333336
3 0.9 0.8916666666666669 0.8734375 0.8916666666666669 0.8734375 0.9614583333333335 0.9 0.9614583333333335
3 0.8671875 0.8875000000000003 0.8390625 0.8875000000000003 0.8390625 0.9677083333333336 0.8671875 0.9677083333333336
3 0.865625 0.8052083333333335 0.83359375 0.8052083333333335 0.83359375 0.9031250000000003 0.865625 0.9031250000000003
3 0.82578125 0.8510416666666669 0.78359375 0.8510416666666669 0.78359375 0.9416666666666669 0.82578125 0.9416666666666669
3 0.82265625 0.7635416666666669 0.778125 0.7635416666666669 0.778125 0.8770833333333335 0.82265625 0.8770833333333335
3 0.89453125 0.7083333333333336 0.8171875 0.7083333333333336 0.8171875 0.8020833333333336 0.89453125 0.8020833333333336
3 0.77734375 0.7177083333333336 0.73671875 0.7177083333333336 0.73671875 0.8322916666666669 0.77734375 0.8322916666666669
3 0.696875 0.8145833333333333 0.66875 0.8145833333333333 0.66875 0.9427083333333334 0.696875 0.9427083333333334
3 0.7828125 0.7166666666666669 0.73671875 0.7166666666666669 0.73671875 0.8156250000000003 0.7828125 0.8156250000000003
3 0.82890625 0.6114583333333335 0.77109375 0.6114583333333335 0.77109375 0.7562500000000002 0.82890625 0.7562500000000002
3 0.7484375 0.6479166666666668 0.70546875 0.6479166666666667 0.70546875 0.7645833333333335 0.7484375 0.7645833333333336
3 0.534375 0.8677083333333333 0.4984375 0.8677083333333333 0.4984375000000001 0.9875 0.5343750000000002 0.9875
3 0.54296875 0.7770833333333333 0.49921875 0.7770833333333333 0.49921875 0.8916666666666667 0.54296875 0.8916666666666667
3 0.54765625 0.703125 0.50234375 0.703125 0.50234375 0.8208333333333333 0.54765625 0.8208333333333333
3 0.54296875 0.6645833333333333 0.51484375 0.6645833333333333 0.51484375 0.7354166666666667 0.54296875 0.7354166666666667
3 0.640625 0.6885416666666667 0.60859375 0.6885416666666667 0.60859375 0.7635416666666667 0.640625 0.7635416666666667
3 0.5875 0.6510416666666666 0.5625 0.6510416666666666 0.5625 0.7114583333333333 0.5875 0.7114583333333333
3 0.628125 0.628125 0.59609375 0.628125 0.59609375 0.696875 0.628125 0.696875
3 0.61640625 0.5875 0.5796875 0.5875 0.5796875 0.6677083333333333 0.61640625 0.6677083333333333
3 0.61015625 0.5218750000000001 0.57265625 0.5218750000000001 0.57265625 0.6 0.61015625 0.6
3 0.72734375 0.49583333333333346 0.7 0.49583333333333346 0.7 0.5510416666666668 0.72734375 0.5510416666666669
3 0.72734375 0.4541666666666668 0.68828125 0.4541666666666668 0.68828125 0.5281250000000001 0.72734375 0.5281250000000001
3 0.58828125 0.45208333333333345 0.55703125 0.45208333333333345 0.55703125 0.5270833333333335 0.58828125 0.5270833333333335
3 0.640625 0.3979166666666668 0.61484375 0.3979166666666668 0.61484375 0.44687500000000013 0.640625 0.44687500000000013
3 0.659375 0.3875000000000001 0.6375 0.3875000000000001 0.6375 0.4291666666666668 0.659375 0.4291666666666668
3 0.6546875 0.3666666666666668 0.62421875 0.3666666666666668 0.62421875 0.41041666666666676 0.6546875 0.41041666666666676
3 0.6484375 0.34583333333333344 0.61875 0.34583333333333344 0.61875 0.37395833333333345 0.6484375 0.37395833333333345
3 0.63046875 0.38437500000000013 0.609375 0.38437500000000013 0.609375 0.4166666666666668 0.63046875 0.4166666666666668
3 0.62421875 0.36875000000000013 0.59921875 0.36875000000000013 0.59921875 0.3916666666666668 0.62421875 0.3916666666666668
3 0.61796875 0.36145833333333344 0.59921875 0.36145833333333344 0.59921875 0.37395833333333345 0.61796875 0.37395833333333345
3 0.609375 0.3229166666666668 0.5828125 0.3229166666666668 0.5828125 0.3781250000000001 0.609375 0.3781250000000001
3 0.615625 0.3510416666666668 0.603125 0.3510416666666668 0.603125 0.3697916666666668 0.615625 0.3697916666666668
3 0.575 0.45208333333333345 0.559375 0.45208333333333345 0.559375 0.49583333333333346 0.575 0.49583333333333346
3 0.5671875 0.4031250000000001 0.5390625 0.4031250000000001 0.5390625 0.4791666666666668 0.5671875 0.4791666666666668
3 0.51171875 0.3760416666666668 0.49609375 0.3760416666666668 0.49609375 0.4114583333333334 0.51171875 0.4114583333333334
3 0.5015625 0.39895833333333347 0.48125 0.39895833333333347 0.48125 0.4822916666666668 0.5015625 0.4822916666666668
3 0.4984375 0.3760416666666668 0.47265625 0.3760416666666668 0.47265625 0.41770833333333346 0.4984375 0.41770833333333346
3 0.4921875 0.35208333333333347 0.475 0.35208333333333347 0.475 0.3906250000000001 0.4921875 0.3906250000000001
3 0.48515625 0.3177083333333334 0.4671875 0.3177083333333334 0.4671875 0.3593750000000001 0.48515625 0.3593750000000001
3 0.490625 0.28541666666666676 0.46875 0.28541666666666676 0.46875 0.32708333333333345 0.490625 0.32708333333333345
3 0.5125 0.27500000000000013 0.49609375 0.27500000000000013 0.49609375 0.3229166666666668 0.5125 0.3229166666666668
3 0.528125 0.2781250000000001 0.5125 0.2781250000000001 0.5125 0.32187500000000013 0.528125 0.32187500000000013
3 0.534375 0.23854166666666674 0.515625 0.23854166666666674 0.515625 0.2979166666666668 0.534375 0.2979166666666668
3 0.5796875 0.2656250000000001 0.5625 0.2656250000000001 0.5625 0.31145833333333345 0.5796875 0.31145833333333345
3 0.55078125 0.23020833333333343 0.5359375 0.2302083333333334 0.5359375 0.27187500000000014 0.55078125 0.27187500000000014
3 0.5390625 0.18854166666666672 0.52890625 0.18854166666666672 0.52890625 0.21875000000000006 0.5390625 0.21875000000000006
3 0.4953125 0.24062500000000006 0.475 0.24062500000000006 0.475 0.28750000000000014 0.4953125 0.28750000000000014
3 0.48359375 0.18437500000000007 0.459375 0.18437500000000007 0.459375 0.2270833333333334 0.48359375 0.2270833333333334
3 0.4953125 0.17812500000000006 0.47734375 0.17812500000000006 0.47734375 0.21979166666666672 0.4953125 0.21979166666666672
3 0.50703125 0.18854166666666672 0.48671875 0.18854166666666672 0.48671875 0.21562500000000007 0.50703125 0.21562500000000007
3 0.49140625 0.15833333333333338 0.4796875 0.15833333333333338 0.4796875 0.18750000000000006 0.49140625 0.18750000000000006
3 0.49921875 0.1510416666666667 0.4890625 0.1510416666666667 0.4890625 0.1802083333333334 0.49921875 0.1802083333333334
3 0.50390625 0.1666666666666667 0.49453125 0.1666666666666667 0.49453125 0.18750000000000006 0.50390625 0.18750000000000006
3 0.51171875 0.1552083333333334 0.4984375 0.1552083333333334 0.4984375 0.1833333333333334 0.51171875 0.1833333333333334
3 0.50703125 0.13854166666666673 0.49765625 0.13854166666666673 0.49765625 0.1614583333333334 0.50703125 0.1614583333333334
3 0.51171875 0.11354166666666675 0.49921875 0.11354166666666675 0.49921875 0.1458333333333334 0.51171875 0.1458333333333334
3 0.4875 0.10312500000000009 0.48203125 0.10312500000000009 0.48203125 0.11562500000000009 0.4875 0.11562500000000009
3 0.50078125 0.09687500000000009 0.4953125 0.09687500000000009 0.4953125 0.11875000000000009 0.50078125 0.11875000000000009
3 0.5125 0.09895833333333343 0.5046875 0.09895833333333343 0.5046875 0.11458333333333343 0.5125 0.11458333333333343
3 1 0.5916666666666669 0.9765625 0.5916666666666669 0.9765625 0.6697916666666669 1 0.6697916666666669
3 1 0.4979166666666668 0.92890625 0.4979166666666668 0.92890625 0.5645833333333335 1 0.5645833333333335