0 0.496875 0.55 0.42734375 0.55 0.42734375 0.7010416666666667 0.496875 0.7010416666666667
0 0.40859375 0.525 0.3375000000000001 0.525 0.3375000000000001 0.7072916666666667 0.40859375 0.7072916666666667
0 0.5109375 0.4072916666666668 0.46328125 0.4072916666666668 0.46328125 0.5093750000000001 0.5109375 0.5093750000000001
0 0.52265625 0.2947916666666668 0.4890625 0.2947916666666668 0.4890625 0.36145833333333344 0.52265625 0.36145833333333344
0 0.4671875 0.32708333333333345 0.4390625 0.32708333333333345 0.4390625 0.40208333333333346 0.4671875 0.40208333333333346
0 0.5328125 0.24375000000000005 0.509375 0.24375000000000005 0.509375 0.2947916666666668 0.5328125 0.2947916666666668
0 0.4890625 0.25729166666666675 0.4625 0.25729166666666675 0.4625 0.30625000000000013 0.4890625 0.30625000000000013
0 0.4515625 0.25729166666666675 0.4296875 0.25729166666666675 0.4296875 0.2979166666666668 0.4515625 0.2979166666666668
0 0.49765625 0.2333333333333334 0.4796875 0.2333333333333334 0.4796875 0.26979166666666676 0.49765625 0.26979166666666676
0 0.53515625 0.19062500000000007 0.51484375 0.19062500000000007 0.51484375 0.22291666666666674 0.53515625 0.22291666666666674
3 0.52578125 0.22187500000000007 0.5140625 0.22187500000000007 0.5140625 0.2447916666666667 0.52578125 0.2447916666666667
3 0.5109375 0.2083333333333334 0.5015625 0.2083333333333334 0.5015625 0.24375000000000005 0.5109375 0.24375000000000005
0 0.50703125 0.18541666666666673 0.48984375 0.18541666666666673 0.48984375 0.21875000000000006 0.50703125 0.21875000000000006
0 0.54453125 0.1687500000000001 0.5296875 0.16875000000000007 0.5296875 0.19479166666666675 0.54453125 0.19479166666666678
2 0.54609375 0.12083333333333342 0.53125 0.12083333333333342 0.53125 0.16041666666666676 0.54609375 0.1604166666666668
0 0.51640625 0.1645833333333334 0.50078125 0.1645833333333334 0.50078125 0.18958333333333338 0.51640625 0.18958333333333338
0 0.51796875 0.15312500000000007 0.50546875 0.15312500000000007 0.50546875 0.1666666666666667 0.51796875 0.1666666666666667
0 0.5203125 0.14062500000000006 0.50625 0.14062500000000006 0.50625 0.15729166666666672 0.5203125 0.15729166666666672
3 0.5296875 0.14375000000000007 0.52421875 0.14375000000000007 0.52421875 0.1614583333333334 0.5296875 0.1614583333333334
0 0.5234375 0.1333333333333334 0.51640625 0.1333333333333334 0.51640625 0.14791666666666672 0.5234375 0.14791666666666672
3 0.53125 0.22083333333333338 0.521875 0.22083333333333338 0.521875 0.24687500000000007 0.53125 0.24687500000000007
3 0.496875 0.21250000000000005 0.4890625 0.21250000000000005 0.4890625 0.23541666666666672 0.496875 0.23541666666666672
3 0.46640625 0.23541666666666672 0.4546875 0.23541666666666672 0.4546875 0.2760416666666668 0.46640625 0.2760416666666668
3 0.4171875 0.26770833333333344 0.4078125 0.26770833333333344 0.4078125 0.30625000000000013 0.4171875 0.30625000000000013
3 0.42421875 0.25312500000000004 0.41328125 0.25312500000000004 0.41328125 0.28541666666666676 0.42421875 0.28541666666666676
3 0.44140625 0.31458333333333344 0.43046875 0.31458333333333344 0.43046875 0.35833333333333345 0.44140625 0.35833333333333345
3 0.43125 0.30104166666666676 0.4203125 0.30104166666666676 0.4203125 0.3385416666666668 0.43125 0.3385416666666668
3 0.41796875 0.29583333333333345 0.4078125 0.29583333333333345 0.4078125 0.3437500000000001 0.41796875 0.3437500000000001
3 0.4078125 0.2822916666666668 0.39609375 0.2822916666666668 0.39609375 0.32708333333333345 0.4078125 0.32708333333333345
3 0.4265625 0.3250000000000001 0.4171875 0.3250000000000001 0.4171875 0.37916666666666676 0.4265625 0.37916666666666676
3 0.415625 0.3510416666666668 0.40546875 0.3510416666666668 0.40546875 0.4114583333333334 0.415625 0.4114583333333334
3 0.40390625 0.3291666666666668 0.39609375 0.3291666666666668 0.39609375 0.38645833333333346 0.40390625 0.38645833333333346
3 0.3984375 0.3072916666666668 0.3890625 0.3072916666666668 0.3890625 0.3468750000000001 0.3984375 0.3468750000000001
3 0.43359375 0.37916666666666676 0.4203125 0.37916666666666676 0.4203125 0.4562500000000001 0.43359375 0.4562500000000001
3 0.440625 0.5062500000000001 0.421875 0.5062500000000001 0.421875 0.596875 0.440625 0.596875
3 0.43828125 0.47291666666666676 0.42265625 0.47291666666666676 0.42265625 0.540625 0.43828125 0.540625
1 0.33281250000000007 0.8104166666666667 0.2406250000000001 0.8104166666666667 0.2406250000000001 1 0.33281250000000007 1
3 0.12421875000000009 0.865625 0.09296875000000009 0.865625 0.09296875000000009 1 0.12421875000000009 1
3 0.2500000000000001 0.7875 0.2171875000000001 0.7875 0.2171875000000001 0.93125 0.2500000000000001 0.93125
3 0.21640625000000008 0.684375 0.18671875000000004 0.684375 0.18671875000000007 0.8145833333333333 0.21640625000000008 0.8145833333333333
3 0.2679687500000001 0.6697916666666667 0.2390625000000001 0.6697916666666667 0.2390625000000001 0.78125 0.2679687500000001 0.78125
3 0.3085937500000001 0.6364583333333333 0.2867187500000001 0.6364583333333333 0.2867187500000001 0.7541666666666667 0.3085937500000001 0.7541666666666667
3 0.2828125000000001 0.575 0.2531250000000001 0.575 0.2531250000000001 0.69375 0.2828125000000001 0.69375
3 0.3226562500000001 0.5197916666666667 0.2968750000000001 0.5197916666666667 0.2968750000000001 0.625 0.3226562500000001 0.625
3 0.40625 0.46250000000000013 0.38828125 0.46250000000000013 0.38828125 0.5270833333333335 0.40625 0.5270833333333335
3 0.38046875 0.46145833333333347 0.36640625 0.46145833333333347 0.36640625000000004 0.5312500000000001 0.3804687500000001 0.5312500000000001
3 0.3554687500000001 0.5135416666666667 0.34453125000000007 0.5135416666666667 0.34453125000000007 0.5791666666666667 0.3554687500000001 0.5791666666666667
3 0.35078125000000004 0.46041666666666664 0.33359375 0.46041666666666664 0.33359375 0.5395833333333333 0.3507812500000001 0.5395833333333333
3 0.321875 0.44895833333333335 0.30625 0.44895833333333335 0.30625 0.53125 0.3218750000000001 0.53125
3 0.34062500000000007 0.4166666666666667 0.328125 0.4166666666666667 0.32812500000000006 0.49270833333333336 0.34062500000000007 0.49270833333333336
3 0.37031250000000004 0.42187500000000006 0.3546875 0.421875 0.35468750000000004 0.5000000000000001 0.3703125000000001 0.5000000000000001
3 0.40390625 0.4166666666666668 0.384375 0.4166666666666668 0.384375 0.4895833333333334 0.40390625 0.4895833333333334
3 0.3578125 0.38958333333333334 0.3421875 0.38958333333333334 0.3421875 0.459375 0.3578125 0.459375
3 0.3703125 0.36666666666666675 0.35546875 0.36666666666666664 0.35546875 0.4229166666666667 0.3703125 0.4229166666666668
3 0.38515625 0.3781250000000001 0.3734375 0.3781250000000001 0.3734375 0.44375000000000014 0.38515625 0.44375000000000014
3 0.403125 0.3906250000000001 0.3890625 0.3906250000000001 0.3890625 0.43125000000000013 0.403125 0.43125000000000013
3 0.39453125 0.3510416666666668 0.38359375 0.3510416666666668 0.38359375 0.4072916666666668 0.39453125 0.4072916666666668
3 0.38203125 0.3260416666666668 0.36875 0.3260416666666668 0.36875 0.3729166666666668 0.38203125 0.3729166666666668
3 0.4625 0.20312500000000006 0.4546875 0.20312500000000006 0.4546875 0.2395833333333334 0.4625 0.2395833333333334
3 0.45390625 0.2395833333333334 0.44375 0.2395833333333334 0.44375 0.2583333333333334 0.45390625 0.2583333333333334
3 0.4375 0.23437500000000006 0.42890625 0.23437500000000006 0.42890625 0.26562500000000006 0.4375 0.26562500000000006
0 0.5 0.14687500000000006 0.48984375 0.14687500000000006 0.48984375 0.16875000000000007 0.5 0.16875000000000007
3 0.5265625 0.17291666666666672 0.51953125 0.17291666666666672 0.51953125 0.19062500000000007 0.5265625 0.19062500000000007
3 0.52890625 0.15416666666666673 0.5234375 0.15416666666666673 0.5234375 0.17291666666666672 0.52890625 0.17291666666666672
3 0.47890625 0.24687500000000007 0.46796875 0.24687500000000007 0.46796875 0.26041666666666674 0.47890625 0.26041666666666674
3 0.47734375 0.2145833333333334 0.4703125 0.2145833333333334 0.4703125 0.2489583333333334 0.47734375 0.2489583333333334
3 0.4859375 0.1864583333333334 0.4796875 0.1864583333333334 0.4796875 0.2114583333333334 0.4859375 0.2114583333333334
3 0.4875 0.20937500000000006 0.48125 0.20937500000000006 0.48125 0.23645833333333338 0.4875 0.23645833333333338
3 0.4765625 0.20729166666666674 0.47109375 0.20729166666666674 0.47109375 0.2270833333333334 0.4765625 0.2270833333333334
3 0.478125 0.19687500000000005 0.471875 0.19687500000000005 0.471875 0.21875000000000006 0.478125 0.21875000000000006
3 0.47265625 0.1822916666666667 0.4671875 0.1822916666666667 0.4671875 0.2135416666666667 0.47265625 0.2135416666666667
3 0.4640625 0.19479166666666672 0.4578125 0.19479166666666672 0.4578125 0.21979166666666672 0.4640625 0.21979166666666672
3 0.4640625 0.1822916666666667 0.45859375 0.1822916666666667 0.45859375 0.20416666666666672 0.4640625 0.20416666666666672
3 0.45625 0.19375000000000006 0.45 0.19375000000000006 0.45 0.22812500000000005 0.45625 0.22812500000000005
3 0.446875 0.21666666666666673 0.4359375 0.21666666666666673 0.4359375 0.2510416666666667 0.446875 0.2510416666666667
0 0.51796875 0.08437500000000009 0.5109375 0.08437500000000009 0.5109375 0.09895833333333343 0.51796875 0.09895833333333343
0 0.509375 0.08854166666666675 0.50234375 0.08854166666666675 0.50234375 0.1062500000000001 0.509375 0.1062500000000001
0 0.50234375 0.09583333333333342 0.49453125 0.09583333333333342 0.49453125 0.11562500000000009 0.50234375 0.11562500000000009
2 0.521875 0.10520833333333342 0.5140625 0.10520833333333342 0.5140625 0.12604166666666675 0.521875 0.12604166666666675
3 0.503125 0.14062500000000006 0.49765625 0.14062500000000006 0.49765625 0.15937500000000007 0.503125 0.15937500000000007
3 0.51328125 0.12395833333333342 0.50859375 0.12395833333333342 0.50859375 0.14062500000000006 0.51328125 0.14062500000000006
3 0.51015625 0.12916666666666676 0.5046875 0.12916666666666676 0.5046875 0.14375000000000007 0.51015625 0.14375000000000007
0 0.5046875 0.1270833333333334 0.4953125 0.1270833333333334 0.4953125 0.14166666666666672 0.5046875 0.14166666666666672
0 0.50546875 0.11666666666666675 0.49921875 0.11666666666666675 0.49921875 0.12604166666666675 0.50546875 0.12604166666666675
0 0.54375 0.10937500000000008 0.53515625 0.10937500000000008 0.53515625 0.11979166666666675 0.54375 0.11979166666666675
2 0.5328125 0.08958333333333342 0.5234375 0.08958333333333342 0.5234375 0.10833333333333342 0.5328125 0.10833333333333342
2 0.53515625 0.10000000000000009 0.52734375 0.10000000000000009 0.52734375 0.11250000000000009 0.53515625 0.11250000000000009
0 0.5109375 0.08020833333333342 0.50703125 0.08020833333333342 0.50703125 0.09687500000000009 0.5109375 0.09687500000000009
2 0.50703125 0.0750000000000001 0.49921875 0.0750000000000001 0.49921875 0.08750000000000009 0.50703125 0.08750000000000009
0 0.49921875 0.08645833333333343 0.49375 0.08645833333333343 0.49375 0.09791666666666675 0.49921875 0.09791666666666675
0 0.49609375 0.08125000000000009 0.48984375 0.08125000000000009 0.48984375 0.0906250000000001 0.49609375 0.0906250000000001
3 0.48515625 0.14270833333333338 0.4796875 0.14270833333333338 0.4796875 0.17500000000000007 0.48515625 0.17500000000000007