3 0.49765625 0.11979166666666675 0.49296875 0.11979166666666675 0.49296875 0.14687500000000006 0.49765625 0.14687500000000006
3 0.54140625 0.2083333333333334 0.51796875 0.2083333333333334 0.51796875 0.23750000000000007 0.54140625 0.23750000000000007
3 0.4765625 0.2489583333333334 0.46171875 0.2489583333333334 0.46171875 0.2791666666666668 0.4765625 0.2791666666666668
3 0.9171875 0.8541666666666669 0.85078125 0.8541666666666669 0.85078125 1.0000000000000002 0.9171875 1.0000000000000002
3 0.7187500000000001 0.8229166666666666 0.67421875 0.8229166666666666 0.6742187500000001 0.9864583333333333 0.7187500000000002 0.9864583333333333
3 0.6960937500000001 0.95625 0.65234375 0.95625 0.6523437500000001 1 0.6960937500000002 1
3 0.66796875 0.7864583333333334 0.621875 0.7864583333333334 0.621875 0.9427083333333334 0.66796875 0.9427083333333334
3 0.8328125 0.6989583333333336 0.79296875 0.6989583333333336 0.79296875 0.8427083333333336 0.8328125 0.8427083333333336
3 0.77578125 0.6135416666666669 0.74453125 0.6135416666666669 0.74453125 0.7260416666666669 0.77578125 0.7260416666666669
3 0.7484375 0.5270833333333335 0.71796875 0.5270833333333335 0.71796875 0.6406250000000001 0.7484375 0.6406250000000002
3 0.5890625 0.46770833333333345 0.56328125 0.46770833333333345 0.56328125 0.55625 0.5890625 0.55625
3 0.70703125 0.4562500000000001 0.68515625 0.4562500000000001 0.68515625 0.5218750000000001 0.70703125 0.5218750000000001
3 0.6640625 0.4010416666666668 0.64609375 0.4010416666666668 0.64609375 0.4562500000000001 0.6640625 0.4562500000000001
3 0.64921875 0.4270833333333334 0.62421875 0.4270833333333334 0.62421875 0.4812500000000001 0.64921875 0.4812500000000001
3 0.62421875 0.38333333333333347 0.60390625 0.38333333333333347 0.60390625 0.4541666666666668 0.62421875 0.4541666666666668
3 0.628125 0.32187500000000013 0.6125 0.32187500000000013 0.6125 0.35312500000000013 0.628125 0.35312500000000013
3 0.634375 0.35000000000000014 0.61640625 0.35000000000000014 0.61640625 0.40520833333333345 0.634375 0.40520833333333345
3 0.65234375 0.37083333333333346 0.634375 0.37083333333333346 0.634375 0.4010416666666668 0.65234375 0.4010416666666668
3 0.64453125 0.40000000000000013 0.628125 0.40000000000000013 0.628125 0.4291666666666668 0.64453125 0.4291666666666668
3 0.61640625 0.3510416666666668 0.59296875 0.3510416666666668 0.59296875 0.4010416666666668 0.61640625 0.4010416666666668
3 0.7679687500000002 0.9916666666666669 0.7531250000000002 0.9916666666666669 0.7531250000000002 1.0000000000000002 0.7679687500000002 1.0000000000000002
3 0.5953125 0.3291666666666668 0.575 0.3291666666666668 0.575 0.37395833333333345 0.5953125 0.37395833333333345
3 0.578125 0.2968750000000001 0.5640625 0.2968750000000001 0.5640625 0.33437500000000014 0.578125 0.33437500000000014
3 0.6125 0.3250000000000001 0.59453125 0.3250000000000001 0.59453125 0.3489583333333334 0.6125 0.3489583333333334
3 0.6109375 0.30625000000000013 0.5921875 0.30625000000000013 0.5921875 0.32187500000000013 0.6109375 0.32187500000000013
3 0.5734375 0.2572916666666668 0.5609375 0.2572916666666668 0.5609375 0.29270833333333346 0.5734375 0.29270833333333346
3 0.56015625 0.2500000000000001 0.546875 0.2500000000000001 0.546875 0.29062500000000013 0.56015625 0.29062500000000013
3 0.55234375 0.22604166666666675 0.54140625 0.22604166666666672 0.54140625 0.25729166666666675 0.55234375 0.2572916666666668
3 0.55546875 0.20833333333333343 0.54375 0.2083333333333334 0.54375 0.22708333333333341 0.55546875 0.22708333333333344
3 0.56796875 0.21979166666666677 0.5578125 0.21979166666666677 0.5578125 0.2552083333333334 0.56796875 0.2552083333333334
3 0.5796875 0.24166666666666678 0.5703125 0.24166666666666678 0.5703125 0.2531250000000001 0.5796875 0.2531250000000001
3 0.5828125 0.25937500000000013 0.57578125 0.25937500000000013 0.57578125 0.28333333333333344 0.5828125 0.28333333333333344
3 0.5890625 0.2916666666666668 0.57578125 0.2916666666666668 0.57578125 0.3291666666666668 0.5890625 0.3291666666666668
3 0.60390625 0.28020833333333345 0.58515625 0.28020833333333345 0.58515625 0.30520833333333347 0.60390625 0.30520833333333347
3 0.57265625 0.24895833333333345 0.559375 0.24895833333333345 0.559375 0.2937500000000001 0.57265625 0.2937500000000001
0 0.60625 0.690625 0.5140625 0.690625 0.5140625 0.9322916666666666 0.60625 0.9322916666666666
0 0.77578125 0.6562500000000001 0.6625 0.65625 0.6625 0.8645833333333335 0.77578125 0.8645833333333336
0 0.5796875 0.49270833333333347 0.503125 0.49270833333333347 0.503125 0.6635416666666667 0.5796875 0.6635416666666667
0 0.65859375 0.5072916666666668 0.58984375 0.5072916666666668 0.58984375 0.6541666666666667 0.65859375 0.6541666666666667
0 0.70703125 0.4562500000000001 0.6375 0.4562500000000001 0.6375 0.5989583333333334 0.70703125 0.5989583333333334
0 0.60859375 0.3760416666666668 0.55703125 0.3760416666666668 0.55703125 0.4739583333333334 0.60859375 0.4739583333333334
0 0.5734375 0.3250000000000001 0.5328125 0.3250000000000001 0.5328125 0.3979166666666668 0.5734375 0.3979166666666668
0 0.5515625 0.2760416666666668 0.51875 0.2760416666666668 0.51875 0.33229166666666676 0.5515625 0.33229166666666676
0 0.55625 0.25729166666666675 0.525 0.25729166666666675 0.525 0.30833333333333346 0.55625 0.30833333333333346
0 0.5359375 0.2177083333333334 0.50703125 0.2177083333333334 0.50703125 0.25520833333333337 0.5359375 0.25520833333333337
0 0.49453125 0.2145833333333334 0.46875 0.2145833333333334 0.46875 0.25520833333333337 0.49453125 0.25520833333333337
0 0.484375 0.1979166666666667 0.4609375 0.1979166666666667 0.4609375 0.23645833333333338 0.484375 0.23645833333333338
0 0.471875 0.17500000000000007 0.4546875 0.17500000000000007 0.4546875 0.20312500000000006 0.471875 0.20312500000000006
0 0.47109375 0.15729166666666672 0.4546875 0.15729166666666672 0.4546875 0.1822916666666667 0.47109375 0.1822916666666667
0 0.51796875 0.2447916666666667 0.490625 0.2447916666666667 0.490625 0.3000000000000001 0.51796875 0.3000000000000001
0 0.51640625 0.19479166666666672 0.49453125 0.19479166666666672 0.49453125 0.2291666666666667 0.51640625 0.2291666666666667
0 0.50625 0.17812500000000006 0.48359375 0.17812500000000006 0.48359375 0.2135416666666667 0.50625 0.2135416666666667
0 0.50234375 0.1552083333333334 0.48515625 0.1552083333333334 0.48515625 0.17916666666666672 0.50234375 0.17916666666666672
0 0.51796875 0.14270833333333338 0.5 0.14270833333333338 0.5 0.1614583333333334 0.51796875 0.1614583333333334
0 0.49375 0.14375000000000007 0.48125 0.14375000000000007 0.48125 0.1552083333333334 0.49375 0.1552083333333334
0 0.5109375 0.1270833333333334 0.49765625 0.1270833333333334 0.49765625 0.14270833333333338 0.5109375 0.14270833333333338
0 0.49453125 0.1312500000000001 0.48125 0.1312500000000001 0.48125 0.14375000000000007 0.49453125 0.14375000000000007
0 0.4921875 0.12083333333333342 0.48125 0.12083333333333342 0.48125 0.1281250000000001 0.4921875 0.1281250000000001
0 0.46796875 0.13437500000000005 0.45390625 0.13437500000000005 0.45390625 0.15312500000000007 0.46796875 0.15312500000000007
0 0.54375 0.16354166666666672 0.51875 0.16354166666666672 0.51875 0.20937500000000006 0.54375 0.20937500000000006
2 0.51640625 0.25312500000000004 0.46484375 0.25312500000000004 0.46484375 0.3604166666666668 0.51640625 0.3604166666666668
0 0.47265625 0.11979166666666675 0.46015625 0.11979166666666675 0.46015625 0.13229166666666675 0.47265625 0.13229166666666675
3 0.48203125 0.17604166666666674 0.47421875 0.17604166666666674 0.47421875 0.1958333333333334 0.48203125 0.1958333333333334
3 0.48671875 0.16041666666666674 0.47421875 0.16041666666666674 0.47421875 0.17604166666666674 0.48671875 0.17604166666666674
3 0.48125 0.14270833333333338 0.47578125 0.14270833333333338 0.47578125 0.15729166666666672 0.48125 0.15729166666666672
3 0.51796875 0.16979166666666673 0.5078125 0.16979166666666673 0.5078125 0.19166666666666674 0.51796875 0.19166666666666674
3 0.5125 0.1614583333333334 0.503125 0.1614583333333334 0.503125 0.17812500000000006 0.5125 0.17812500000000006
3 0.48046875 0.1218750000000001 0.47265625 0.1218750000000001 0.47265625 0.1364583333333334 0.48046875 0.1364583333333334
3 0.4765625 0.13437500000000005 0.46953125 0.13437500000000005 0.46953125 0.15416666666666673 0.4765625 0.15416666666666673
3 0.5109375 0.10208333333333343 0.5015625 0.10208333333333343 0.5015625 0.12500000000000008 0.5109375 0.12500000000000008
2 0.4859375 0.09791666666666675 0.47421875 0.09791666666666675 0.47421875 0.12083333333333342 0.4859375 0.12083333333333342
0 0.496875 0.10833333333333342 0.48671875 0.10833333333333342 0.48671875 0.12083333333333342 0.496875 0.12083333333333342