0 0.83828125 0.6885416666666668 0.7078125 0.6885416666666667 0.7078125 0.9072916666666668 0.83828125 0.9072916666666669
0 0.7921875 0.9312500000000001 0.69921875 0.93125 0.6992187500000001 0.9979166666666668 0.7921875000000002 0.9979166666666669
0 0.671875 0.5395833333333333 0.61015625 0.5395833333333333 0.61015625 0.675 0.671875 0.675
0 0.5828125 0.5322916666666668 0.53046875 0.5322916666666668 0.53046875 0.6989583333333333 0.5828125 0.6989583333333333
0 0.68984375 0.4562500000000001 0.63515625 0.4562500000000001 0.63515625 0.5822916666666667 0.68984375 0.5822916666666667
0 0.596875 0.36354166666666676 0.56015625 0.36354166666666676 0.56015625 0.44583333333333347 0.596875 0.44583333333333347
0 0.58125 0.30520833333333347 0.54375 0.30520833333333347 0.54375 0.36354166666666676 0.58125 0.36354166666666676
0 0.553125 0.27708333333333346 0.51640625 0.27708333333333346 0.51640625 0.32708333333333345 0.553125 0.32708333333333345
0 0.521875 0.2489583333333334 0.4984375 0.2489583333333334 0.4984375 0.28750000000000014 0.521875 0.28750000000000014
0 0.50625 0.2812500000000001 0.47890625 0.2812500000000001 0.47890625 0.3125000000000001 0.50625 0.3125000000000001
0 0.509375 0.3447916666666668 0.48046875 0.3447916666666668 0.48046875 0.4114583333333334 0.509375 0.4114583333333334
0 0.51796875 0.31666666666666676 0.47890625 0.31666666666666676 0.47890625 0.33958333333333346 0.51796875 0.33958333333333346
0 0.56015625 0.22604166666666675 0.521875 0.22604166666666672 0.521875 0.2729166666666668 0.56015625 0.2729166666666668
0 0.475 0.11770833333333343 0.4546875 0.11770833333333343 0.4546875 0.15312500000000007 0.475 0.15312500000000007
3 0.478125 0.1062500000000001 0.47265625 0.1062500000000001 0.47265625 0.1218750000000001 0.478125 0.1218750000000001
3 0.4828125 0.10000000000000009 0.47734375 0.10000000000000009 0.47734375 0.11979166666666675 0.4828125 0.11979166666666675
3 0.49296875 0.09375000000000008 0.48828125 0.09375000000000008 0.48828125 0.11666666666666675 0.49296875 0.11666666666666675
0 0.50390625 0.09583333333333342 0.4953125 0.09583333333333342 0.4953125 0.11458333333333343 0.50390625 0.11458333333333343
3 0.51015625 0.09895833333333343 0.503125 0.09895833333333343 0.503125 0.11562500000000009 0.51015625 0.11562500000000009
3 0.59375 0.2635416666666668 0.578125 0.2635416666666668 0.578125 0.30625000000000013 0.59375 0.30625000000000013
3 0.565625 0.26979166666666676 0.5515625 0.26979166666666676 0.5515625 0.3072916666666668 0.565625 0.3072916666666668
3 0.58046875 0.28958333333333347 0.56953125 0.28958333333333347 0.56953125 0.3312500000000001 0.58046875 0.3312500000000001
3 0.59375 0.31458333333333344 0.58125 0.31458333333333344 0.58125 0.36770833333333347 0.59375 0.36770833333333347
3 0.603125 0.29062500000000013 0.59296875 0.29062500000000013 0.59296875 0.32083333333333347 0.603125 0.32083333333333347
3 0.6140625 0.30520833333333347 0.60234375 0.30520833333333347 0.60234375 0.35312500000000013 0.6140625 0.35312500000000013
3 0.61328125 0.33958333333333346 0.59765625 0.33958333333333346 0.59765625 0.37916666666666676 0.61328125 0.37916666666666676
3 0.6203125 0.3625000000000001 0.6078125 0.3625000000000001 0.6078125 0.4114583333333334 0.6203125 0.4114583333333334
3 0.63125 0.3885416666666668 0.6140625 0.3885416666666668 0.6140625 0.44895833333333346 0.63125 0.44895833333333346
3 0.646875 0.3489583333333334 0.63125 0.3489583333333334 0.63125 0.4187500000000001 0.646875 0.4187500000000001
3 0.675 0.4114583333333334 0.65703125 0.4114583333333334 0.65703125 0.46250000000000013 0.675 0.46250000000000013
3 0.62265625 0.44687500000000013 0.60234375 0.44687500000000013 0.60234375 0.5083333333333334 0.62265625 0.5083333333333334
3 0.5890625 0.44687500000000013 0.56796875 0.44687500000000013 0.56796875 0.5114583333333335 0.5890625 0.5114583333333335
3 0.603125 0.4947916666666668 0.578125 0.4947916666666668 0.578125 0.5864583333333333 0.603125 0.5864583333333333
3 0.690625 0.5208333333333335 0.665625 0.5208333333333335 0.665625 0.6135416666666667 0.690625 0.6135416666666667
3 0.7296875 0.4916666666666668 0.70703125 0.4916666666666668 0.70703125 0.5812500000000002 0.7296875 0.5812500000000003
3 0.75 0.6343750000000001 0.71953125 0.634375 0.71953125 0.7218750000000002 0.75 0.7218750000000003
3 0.96171875 0.9541666666666669 0.9171875 0.9541666666666669 0.9171875 1.0000000000000002 0.96171875 1.0000000000000002