0 0.32890625000000007 0.8947916666666667 0.22031250000000008 0.8947916666666667 0.22031250000000008 1 0.32890625000000007 1
0 0.3820312500000001 0.6875 0.2843750000000001 0.6875 0.2843750000000001 0.8875 0.3820312500000001 0.8875
0 0.41875 0.509375 0.3460937500000001 0.509375 0.3460937500000001 0.6822916666666666 0.41875 0.6822916666666666
0 0.4171875 0.30520833333333347 0.375 0.30520833333333347 0.375 0.39687500000000014 0.4171875 0.39687500000000014
0 0.5125 0.3333333333333334 0.47734375 0.3333333333333334 0.47734375 0.4229166666666668 0.5125 0.4229166666666668
0 0.45390625 0.25000000000000006 0.43515625 0.25000000000000006 0.43515625 0.30104166666666676 0.45390625 0.30104166666666676
0 0.50625 0.24062500000000006 0.47421875 0.24062500000000006 0.47421875 0.30104166666666676 0.50625 0.30104166666666676
2 0.5171875 0.08645833333333343 0.50390625 0.08645833333333343 0.50390625 0.11875000000000009 0.5171875 0.11875000000000009
2 0.4984375 0.08437500000000009 0.48828125 0.08437500000000009 0.48828125 0.12083333333333342 0.4984375 0.12083333333333342
3 0.08125000000000009 0.9416666666666667 0.05625000000000009 0.9416666666666667 0.05625000000000009 1 0.08125000000000009 1
3 0.1359375000000001 0.9375 0.10078125000000009 0.9375 0.10078125000000009 0.996875 0.1359375000000001 0.996875
3 0.18125000000000008 0.9677083333333333 0.15390625000000008 0.9677083333333333 0.15390625000000008 1 0.18125000000000008 1
3 0.1789062500000001 0.8958333333333334 0.14609375000000008 0.8958333333333334 0.14609375000000008 0.9697916666666667 0.1789062500000001 0.9697916666666667
3 0.14453125000000008 0.8572916666666667 0.0945312500000001 0.8572916666666667 0.0945312500000001 0.9385416666666667 0.14453125000000008 0.9385416666666667
3 0.2132812500000001 0.8791666666666667 0.1859375000000001 0.8791666666666667 0.1859375000000001 0.9791666666666666 0.2132812500000001 0.9791666666666666
3 0.2312500000000001 0.8208333333333333 0.2000000000000001 0.8208333333333333 0.2000000000000001 0.8864583333333333 0.2312500000000001 0.8864583333333333
3 0.2539062500000001 0.7333333333333333 0.21640625000000008 0.7333333333333333 0.21640625000000008 0.83125 0.2539062500000001 0.83125
3 0.2835937500000001 0.703125 0.2632812500000001 0.703125 0.2632812500000001 0.8052083333333333 0.2835937500000001 0.8052083333333333
3 0.3039062500000001 0.6552083333333333 0.2882812500000001 0.6552083333333333 0.2882812500000001 0.7520833333333333 0.3039062500000001 0.7520833333333333
3 0.425 0.7708333333333334 0.3781250000000001 0.7708333333333334 0.3781250000000001 0.8677083333333333 0.425 0.8677083333333333
3 0.43046875 0.66875 0.39140625000000007 0.66875 0.39140625000000007 0.7729166666666667 0.43046875 0.7729166666666667
3 0.4796875 0.5645833333333333 0.42265625 0.5645833333333333 0.42265625 0.653125 0.4796875 0.653125
3 0.2804687500000001 0.5802083333333333 0.2375000000000001 0.5802083333333333 0.2375000000000001 0.678125 0.2804687500000001 0.678125
3 0.34453125000000007 0.49375 0.3117187500000001 0.49375 0.3117187500000001 0.5489583333333333 0.34453125000000007 0.5489583333333333
3 0.36250000000000004 0.44166666666666665 0.3296875 0.44166666666666665 0.3296875 0.5041666666666667 0.3625000000000001 0.5041666666666667
3 0.4859375 0.44375000000000014 0.4546875 0.44375000000000014 0.4546875 0.5291666666666668 0.4859375 0.5291666666666668
3 0.43359375 0.34270833333333345 0.403125 0.34270833333333345 0.403125 0.41562500000000013 0.43359375 0.41562500000000013
3 0.46640625 0.2864583333333334 0.44609375 0.2864583333333334 0.44609375 0.3510416666666668 0.46640625 0.3510416666666668
3 0.43984375 0.3229166666666668 0.409375 0.3229166666666668 0.409375 0.37395833333333345 0.43984375 0.37395833333333345
3 0.528125 0.2593750000000001 0.515625 0.2593750000000001 0.515625 0.30520833333333347 0.528125 0.30520833333333347
3 0.47109375 0.23229166666666673 0.46171875 0.23229166666666673 0.46171875 0.2781250000000001 0.47109375 0.2781250000000001
3 0.48125 0.23541666666666672 0.4671875 0.23541666666666672 0.4671875 0.27500000000000013 0.48125 0.27500000000000013
3 0.48828125 0.2083333333333334 0.47421875 0.2083333333333334 0.47421875 0.23854166666666674 0.48828125 0.23854166666666674
3 0.48671875 0.19166666666666674 0.478125 0.19166666666666674 0.478125 0.2239583333333334 0.48671875 0.2239583333333334
3 0.45546875 0.22604166666666672 0.44453125 0.22604166666666672 0.44453125 0.26354166666666673 0.45546875 0.26354166666666673
3 0.4640625 0.18958333333333338 0.45625 0.18958333333333338 0.45625 0.23125000000000007 0.4640625 0.23125000000000007
3 0.50234375 0.20625000000000007 0.49453125 0.20625000000000007 0.49453125 0.24791666666666673 0.50234375 0.24791666666666673
3 0.5171875 0.22812500000000005 0.50390625 0.22812500000000005 0.50390625 0.26354166666666673 0.5171875 0.26354166666666673
3 0.51328125 0.13437500000000005 0.503125 0.13437500000000005 0.503125 0.15416666666666673 0.51328125 0.15416666666666673
3 0.5015625 0.12083333333333342 0.49375 0.12083333333333342 0.49375 0.14791666666666672 0.5015625 0.14791666666666672