3 0.5828125000000001 0.8354166666666667 0.528125 0.8354166666666667 0.5281250000000001 1 0.5828125000000002 1
3 0.934375 0.9177083333333336 0.8578125 0.9177083333333336 0.8578125 1.0000000000000002 0.934375 1.0000000000000002
3 0.68984375 0.6229166666666667 0.6609375 0.6229166666666667 0.6609375 0.675 0.68984375 0.675
3 0.6359375 0.6520833333333333 0.60234375 0.6520833333333333 0.60234375 0.7895833333333333 0.6359375 0.7895833333333333
3 0.63359375 0.5802083333333333 0.59765625 0.5802083333333333 0.59765625 0.6875 0.63359375 0.6875
0 0.82265625 0.6333333333333334 0.640625 0.6333333333333333 0.6406250000000001 1.0000000000000002 0.82265625 1.0000000000000002
0 0.58984375 0.5697916666666667 0.50625 0.5697916666666667 0.50625 0.7760416666666666 0.58984375 0.7760416666666666
3 0.5828125 0.5104166666666667 0.55390625 0.5104166666666667 0.55390625 0.6197916666666666 0.5828125 0.6197916666666666
3 0.61484375 0.49895833333333345 0.58046875 0.49895833333333345 0.58046875 0.596875 0.61484375 0.596875
3 0.64765625 0.4812500000000001 0.61953125 0.4812500000000001 0.61953125 0.58125 0.64765625 0.58125
3 0.678125 0.41458333333333347 0.6609375 0.41458333333333347 0.6609375 0.4843750000000001 0.678125 0.4843750000000001
3 0.6578125 0.4135416666666668 0.63046875 0.4135416666666668 0.63046875 0.49270833333333347 0.6578125 0.49270833333333347
0 0.73203125 0.4739583333333334 0.6515625 0.4739583333333334 0.6515625 0.6239583333333335 0.73203125 0.6239583333333336
0 0.54140625 0.4291666666666668 0.48125 0.4291666666666668 0.48125 0.5489583333333333 0.54140625 0.5489583333333333
3 0.628125 0.37916666666666676 0.60234375 0.37916666666666676 0.60234375 0.46145833333333347 0.628125 0.46145833333333347
3 0.56796875 0.38125000000000014 0.5484375 0.38125000000000014 0.5484375 0.45208333333333345 0.56796875 0.45208333333333345
3 0.56484375 0.35312500000000013 0.54921875 0.35312500000000013 0.54921875 0.4010416666666668 0.56484375 0.4010416666666668
3 0.5921875 0.3593750000000001 0.57578125 0.3593750000000001 0.57578125 0.3937500000000001 0.5921875 0.3937500000000001
3 0.6453125 0.3291666666666668 0.625 0.3291666666666668 0.625 0.3916666666666668 0.6453125 0.3916666666666668
3 0.5046875 0.32187500000000013 0.484375 0.32187500000000013 0.484375 0.3916666666666668 0.5046875 0.3916666666666668
3 0.53203125 0.31666666666666676 0.51796875 0.31666666666666676 0.51796875 0.3645833333333334 0.53203125 0.3645833333333334
3 0.5296875 0.28750000000000014 0.5171875 0.28750000000000014 0.5171875 0.3312500000000001 0.5296875 0.3312500000000001
3 0.58359375 0.29583333333333345 0.57109375 0.29583333333333345 0.57109375 0.3489583333333334 0.58359375 0.3489583333333334
3 0.59609375 0.28750000000000014 0.5875 0.28750000000000014 0.5875 0.3229166666666668 0.59609375 0.3229166666666668
3 0.60703125 0.27708333333333346 0.59296875 0.27708333333333346 0.59296875 0.31458333333333344 0.60703125 0.31458333333333344
3 0.51953125 0.2645833333333334 0.50546875 0.2645833333333334 0.50546875 0.31458333333333344 0.51953125 0.31458333333333344
3 0.5015625 0.2666666666666668 0.4875 0.2666666666666668 0.4875 0.2947916666666668 0.5015625 0.2947916666666668
3 0.57109375 0.28541666666666676 0.55859375 0.28541666666666676 0.55859375 0.31875000000000014 0.57109375 0.31875000000000014
3 0.5546875 0.23854166666666676 0.53984375 0.23854166666666674 0.53984375 0.28541666666666676 0.5546875 0.28541666666666676
3 0.48359375 0.2510416666666667 0.46953125 0.2510416666666667 0.46953125 0.2947916666666668 0.48359375 0.2947916666666668
3 0.56015625 0.22187500000000013 0.54921875 0.22187500000000013 0.54921875 0.2625000000000001 0.56015625 0.2625000000000001
3 0.55625 0.20833333333333345 0.5453125 0.20833333333333345 0.5453125 0.24583333333333346 0.55625 0.24583333333333346
3 0.48125 0.2177083333333334 0.46796875 0.2177083333333334 0.46796875 0.2593750000000001 0.48125 0.2593750000000001
3 0.49453125 0.21979166666666672 0.484375 0.21979166666666672 0.484375 0.26562500000000006 0.49453125 0.26562500000000006
3 0.5015625 0.20625000000000007 0.48984375 0.20625000000000007 0.48984375 0.24166666666666672 0.5015625 0.24166666666666672
3 0.4890625 0.21041666666666672 0.4796875 0.21041666666666672 0.4796875 0.2520833333333334 0.4890625 0.2520833333333334
3 0.51953125 0.21041666666666672 0.51015625 0.21041666666666672 0.51015625 0.2458333333333334 0.51953125 0.2458333333333334
3 0.528125 0.22083333333333338 0.5171875 0.22083333333333338 0.5171875 0.2458333333333334 0.528125 0.2458333333333334
3 0.540625 0.2083333333333334 0.53046875 0.2083333333333334 0.53046875 0.2458333333333334 0.540625 0.2458333333333334
3 0.546875 0.19583333333333341 0.53203125 0.1958333333333334 0.53203125 0.21979166666666675 0.546875 0.21979166666666677
3 0.4953125 0.18125000000000005 0.484375 0.18125000000000005 0.484375 0.2083333333333334 0.4953125 0.2083333333333334
3 0.475 0.17812500000000006 0.46328125 0.17812500000000006 0.46328125 0.21666666666666673 0.475 0.21666666666666673
3 0.48515625 0.16875000000000007 0.47421875 0.16875000000000007 0.47421875 0.2114583333333334 0.48515625 0.2114583333333334
3 0.52578125 0.19062500000000007 0.5140625 0.19062500000000007 0.5140625 0.2177083333333334 0.52578125 0.2177083333333334
3 0.52578125 0.17395833333333338 0.5140625 0.17395833333333338 0.5140625 0.2020833333333334 0.52578125 0.2020833333333334
3 0.51484375 0.14375000000000007 0.5046875 0.14375000000000007 0.5046875 0.1708333333333334 0.51484375 0.1708333333333334
3 0.51328125 0.13229166666666675 0.50390625 0.13229166666666675 0.50390625 0.15312500000000007 0.51328125 0.15312500000000007
3 0.47421875 0.1458333333333334 0.4640625 0.1458333333333334 0.4640625 0.1666666666666667 0.47421875 0.1666666666666667
3 0.47421875 0.1312500000000001 0.46484375 0.1312500000000001 0.46484375 0.15312500000000007 0.47421875 0.15312500000000007
3 0.5015625 0.11666666666666675 0.490625 0.11666666666666675 0.490625 0.13750000000000007 0.5015625 0.13750000000000007
3 0.47734375 0.10937500000000008 0.46875 0.10937500000000008 0.46875 0.12500000000000008 0.47734375 0.12500000000000008
3 0.48125 0.10208333333333343 0.4734375 0.10208333333333343 0.4734375 0.1218750000000001 0.48125 0.1218750000000001
3 0.4859375 0.09583333333333342 0.48125 0.09583333333333342 0.48125 0.11875000000000009 0.4859375 0.11875000000000009
3 0.490625 0.10312500000000009 0.4859375 0.10312500000000009 0.4859375 0.1218750000000001 0.490625 0.1218750000000001
2 0.50390625 0.09479166666666676 0.4859375 0.09479166666666676 0.4859375 0.1281250000000001 0.50390625 0.1281250000000001
2 0.50390625 0.1312500000000001 0.4828125 0.1312500000000001 0.4828125 0.1833333333333334 0.50390625 0.1833333333333334
0 0.47109375 0.11354166666666675 0.4578125 0.11354166666666675 0.4578125 0.14062500000000006 0.47109375 0.14062500000000006
0 0.48984375 0.11562500000000009 0.47734375 0.11562500000000009 0.47734375 0.14687500000000006 0.48984375 0.14687500000000006
0 0.51640625 0.17187500000000006 0.49375 0.17187500000000006 0.49375 0.2114583333333334 0.51640625 0.2114583333333334
0 0.534375 0.23541666666666672 0.509375 0.23541666666666672 0.509375 0.2885416666666668 0.534375 0.2885416666666668
0 0.5921875 0.22187500000000013 0.559375 0.22187500000000013 0.559375 0.2947916666666668 0.5921875 0.2947916666666668
0 0.5109375 0.2812500000000001 0.475 0.2812500000000001 0.475 0.3510416666666668 0.5109375 0.3510416666666668
0 0.57421875 0.2864583333333334 0.528125 0.2864583333333334 0.528125 0.3718750000000001 0.57421875 0.3718750000000001
0 0.625 0.3041666666666668 0.5859375 0.3041666666666668 0.5859375 0.3885416666666668 0.625 0.3885416666666668
0 0.54765625 0.35000000000000014 0.496875 0.35000000000000014 0.496875 0.4406250000000001 0.54765625 0.4406250000000001
0 0.61796875 0.3760416666666668 0.559375 0.3760416666666668 0.559375 0.5072916666666668 0.61796875 0.5072916666666668