2 0.2812500000000001 0.6416666666666667 0.09453125000000007 0.6416666666666667 0.09453125000000008 0.9822916666666667 0.2812500000000001 0.9822916666666667
3 0.1976562500000001 0.9302083333333333 0.15781250000000008 0.9302083333333333 0.15781250000000008 1 0.1976562500000001 1
3 0.14843750000000008 0.9427083333333334 0.1062500000000001 0.9427083333333334 0.1062500000000001 1 0.14843750000000008 1
3 0.08437500000000009 0.9375 0.02578125000000009 0.9375 0.02578125000000009 1 0.08437500000000009 1
3 0.53203125 0.5864583333333333 0.4875 0.5864583333333333 0.4875 0.7229166666666667 0.53203125 0.7229166666666667
0 0.4921875 0.61875 0.3976562500000001 0.61875 0.3976562500000001 0.8489583333333334 0.4921875 0.8489583333333334
3 0.43203125 0.5958333333333333 0.40703125 0.5958333333333333 0.40703125 0.7114583333333333 0.43203125 0.7114583333333333
0 0.3976562500000001 0.621875 0.30937500000000007 0.621875 0.30937500000000007 0.8260416666666667 0.3976562500000001 0.8260416666666667
3 0.3460937500000001 0.5958333333333333 0.3085937500000001 0.5958333333333333 0.3085937500000001 0.721875 0.3460937500000001 0.721875
3 0.3148437500000001 0.6322916666666667 0.2835937500000001 0.6322916666666667 0.2835937500000001 0.7708333333333334 0.3148437500000001 0.7708333333333334
3 0.3046875000000001 0.5833333333333334 0.27031250000000007 0.5833333333333334 0.27031250000000007 0.7104166666666667 0.3046875000000001 0.7104166666666667
3 0.2750000000000001 0.5604166666666667 0.25078125000000007 0.5604166666666667 0.25078125000000007 0.6572916666666667 0.2750000000000001 0.6572916666666667
3 0.2429687500000001 0.615625 0.21484375000000008 0.615625 0.21484375000000008 0.6447916666666667 0.2429687500000001 0.6447916666666667
3 0.43359375 0.47083333333333344 0.415625 0.47083333333333344 0.415625 0.5645833333333333 0.43359375 0.5645833333333333
0 0.49296875 0.47083333333333344 0.42421875 0.47083333333333344 0.42421875 0.6322916666666667 0.49296875 0.6322916666666667
3 0.44921875 0.44166666666666676 0.42421875 0.44166666666666676 0.42421875 0.5229166666666668 0.44921875 0.5229166666666668
3 0.43203125 0.43333333333333346 0.41484375 0.43333333333333346 0.41484375 0.5145833333333335 0.43203125 0.5145833333333335
3 0.4234375 0.42083333333333345 0.40390625 0.42083333333333345 0.40390625 0.4968750000000001 0.4234375 0.4968750000000001
0 0.4578125 0.36354166666666676 0.4078125 0.36354166666666676 0.4078125 0.4604166666666668 0.4578125 0.4604166666666668
2 0.5125 0.32395833333333346 0.4515625 0.32395833333333346 0.4515625 0.5281250000000001 0.5125 0.5281250000000001
3 0.46171875 0.3416666666666668 0.446875 0.3416666666666668 0.446875 0.3937500000000001 0.46171875 0.3937500000000001
3 0.4046875 0.4427083333333334 0.3875 0.4427083333333334 0.38750000000000007 0.4947916666666668 0.4046875 0.4947916666666668
0 0.415625 0.48229166666666673 0.340625 0.4822916666666667 0.34062500000000007 0.640625 0.415625 0.640625
0 0.3921875 0.38125000000000003 0.3296875 0.38125 0.3296875 0.5156250000000001 0.3921875000000001 0.5156250000000001
3 0.37578125000000007 0.46666666666666673 0.3578125 0.4666666666666667 0.35781250000000003 0.5114583333333333 0.37578125000000007 0.5114583333333335
3 0.3609375000000001 0.4947916666666667 0.3398437500000001 0.4947916666666667 0.3398437500000001 0.5770833333333333 0.3609375000000001 0.5770833333333333
3 0.3492187500000001 0.5270833333333333 0.3148437500000001 0.5270833333333333 0.3148437500000001 0.6229166666666667 0.3492187500000001 0.6229166666666667
3 0.3343750000000001 0.5666666666666667 0.3062500000000001 0.5666666666666667 0.3062500000000001 0.6645833333333333 0.3343750000000001 0.6645833333333333
3 0.3070312500000001 0.5083333333333333 0.2773437500000001 0.5083333333333333 0.2773437500000001 0.6041666666666666 0.3070312500000001 0.6041666666666666
3 0.32265625000000003 0.46041666666666664 0.29453125 0.46041666666666664 0.29453125 0.5510416666666667 0.3226562500000001 0.5510416666666667
3 0.33984375000000006 0.425 0.31484375 0.425 0.31484375000000003 0.5041666666666667 0.3398437500000001 0.5041666666666667
3 0.3515625 0.396875 0.33203125 0.396875 0.33203125 0.46979166666666666 0.3515625 0.46979166666666666
3 0.359375 0.3729166666666667 0.34140625 0.3729166666666667 0.34140625 0.42291666666666666 0.359375 0.42291666666666666
3 0.38359375 0.3302083333333334 0.36171875 0.3302083333333333 0.36171875 0.3864583333333334 0.38359375 0.38645833333333346
3 0.4515625 0.29583333333333345 0.4328125 0.29583333333333345 0.4328125 0.35312500000000013 0.4515625 0.35312500000000013
3 0.43203125 0.29583333333333345 0.415625 0.29583333333333345 0.415625 0.35208333333333347 0.43203125 0.35208333333333347
3 0.425 0.2843750000000001 0.4109375 0.2843750000000001 0.4109375 0.3312500000000001 0.425 0.3312500000000001
0 0.42109375 0.3260416666666668 0.3703125 0.3260416666666668 0.3703125 0.4010416666666668 0.42109375 0.4010416666666668
3 0.41171875 0.3000000000000001 0.39765625 0.3000000000000001 0.39765625 0.33229166666666676 0.41171875 0.33229166666666676
3 0.40625 0.28333333333333344 0.38828125 0.28333333333333344 0.38828125 0.33437500000000014 0.40625 0.33437500000000014
3 0.3984375 0.3156250000000001 0.38046875 0.3156250000000001 0.38046875 0.3385416666666668 0.3984375 0.3385416666666668
3 0.396875 0.30520833333333347 0.3875 0.30520833333333347 0.3875 0.33020833333333344 0.396875 0.33020833333333344
3 0.41875 0.2666666666666668 0.40703125 0.2666666666666668 0.40703125 0.31145833333333345 0.41875 0.31145833333333345
3 0.43125 0.2489583333333334 0.41796875 0.2489583333333334 0.41796875 0.2979166666666668 0.43125 0.2979166666666668
0 0.46640625 0.24375000000000005 0.43203125 0.24375000000000005 0.43203125 0.3041666666666668 0.46640625 0.3041666666666668
3 0.4375 0.23750000000000007 0.42734375 0.23750000000000007 0.42734375 0.2791666666666668 0.4375 0.2791666666666668
0 0.4984375 0.2020833333333334 0.46875 0.2020833333333334 0.46875 0.2489583333333334 0.4984375 0.2489583333333334
3 0.47265625 0.2114583333333334 0.45859375 0.2114583333333334 0.45859375 0.2447916666666667 0.47265625 0.2447916666666667
3 0.45234375 0.22083333333333338 0.4421875 0.22083333333333338 0.4421875 0.2510416666666667 0.45234375 0.2510416666666667
3 0.446875 0.2291666666666667 0.4359375 0.2291666666666667 0.4359375 0.2593750000000001 0.446875 0.2593750000000001
3 0.47578125 0.23125000000000007 0.4609375 0.23125000000000007 0.4609375 0.27395833333333347 0.47578125 0.27395833333333347
2 0.54296875 0.16979166666666673 0.48671875 0.16979166666666673 0.48671875 0.3041666666666668 0.54296875 0.3041666666666668
3 0.49921875 0.22291666666666674 0.48359375 0.22291666666666674 0.48359375 0.26562500000000006 0.49921875 0.26562500000000006
3 0.46875 0.20104166666666673 0.45859375 0.20104166666666673 0.45859375 0.23437500000000006 0.46875 0.23437500000000006
3 0.5453125 0.2052083333333334 0.5359375 0.20520833333333338 0.5359375 0.2406250000000001 0.5453125 0.24062500000000012
3 0.54296875 0.17291666666666672 0.53671875 0.17291666666666672 0.53671875 0.1979166666666667 0.54296875 0.1979166666666667
0 0.54609375 0.1427083333333334 0.5296875 0.14270833333333338 0.5296875 0.1687500000000001 0.54609375 0.16875000000000012
0 0.53984375 0.15416666666666673 0.52578125 0.15416666666666673 0.52578125 0.1708333333333334 0.53984375 0.1708333333333334
3 0.5296875 0.1395833333333334 0.5203125 0.1395833333333334 0.5203125 0.16250000000000006 0.5296875 0.16250000000000006
3 0.521875 0.1458333333333334 0.51484375 0.1458333333333334 0.51484375 0.16979166666666673 0.521875 0.16979166666666673
3 0.5234375 0.09895833333333343 0.51875 0.09895833333333343 0.51875 0.11562500000000009 0.5234375 0.11562500000000009
3 0.5203125 0.1281250000000001 0.50859375 0.1281250000000001 0.50859375 0.15937500000000007 0.5203125 0.15937500000000007
3 0.515625 0.11770833333333343 0.50703125 0.11770833333333343 0.50703125 0.1312500000000001 0.515625 0.1312500000000001
3 0.51484375 0.09583333333333342 0.5125 0.09583333333333342 0.5125 0.11041666666666676 0.51484375 0.11041666666666676
0 0.509375 0.13229166666666675 0.4953125 0.13229166666666675 0.4953125 0.15000000000000005 0.509375 0.15000000000000005
3 0.5109375 0.11145833333333342 0.5046875 0.11145833333333342 0.5046875 0.1218750000000001 0.5109375 0.1218750000000001
3 0.50390625 0.11354166666666675 0.49609375 0.11354166666666675 0.49609375 0.1270833333333334 0.50390625 0.1270833333333334
3 0.50703125 0.10833333333333342 0.50234375 0.10833333333333342 0.50234375 0.11979166666666675 0.50703125 0.11979166666666675
3 0.509375 0.09687500000000009 0.50546875 0.09687500000000009 0.50546875 0.10833333333333342 0.509375 0.10833333333333342
3 0.50234375 0.16250000000000006 0.4953125 0.16250000000000006 0.4953125 0.18854166666666672 0.50234375 0.18854166666666672
3 0.50625 0.1520833333333334 0.4984375 0.1520833333333334 0.4984375 0.17187500000000006 0.50625 0.17187500000000006
3 0.50859375 0.14479166666666674 0.50078125 0.14479166666666674 0.50078125 0.1645833333333334 0.50859375 0.1645833333333334
3 0.49609375 0.14375000000000007 0.48984375 0.14375000000000007 0.48984375 0.16979166666666673 0.49609375 0.16979166666666673
3 0.4984375 0.12916666666666676 0.49140625 0.12916666666666676 0.49140625 0.15000000000000005 0.4984375 0.15000000000000005
3 0.48828125 0.1666666666666667 0.48046875 0.1666666666666667 0.48046875 0.19166666666666674 0.48828125 0.19166666666666674
3 0.490625 0.1520833333333334 0.48515625 0.1520833333333334 0.48515625 0.1708333333333334 0.490625 0.1708333333333334
0 0.48046875 0.17291666666666672 0.4640625 0.17291666666666672 0.4640625 0.20937500000000006 0.48046875 0.20937500000000006
3 0.484375 0.18854166666666672 0.47421875 0.18854166666666672 0.47421875 0.21041666666666672 0.484375 0.21041666666666672
3 0.5015625 0.1062500000000001 0.49765625 0.1062500000000001 0.49765625 0.11562500000000009 0.5015625 0.11562500000000009
0 0.4984375 0.09791666666666675 0.4890625 0.09791666666666675 0.4890625 0.11145833333333342 0.4984375 0.11145833333333342
3 0.5015625 0.10000000000000009 0.49765625 0.10000000000000009 0.49765625 0.1062500000000001 0.5015625 0.1062500000000001
0 0.5054687500000001 0.8010416666666667 0.3804687500000001 0.8010416666666667 0.3804687500000001 1 0.5054687500000001 1
0 0.35625000000000007 0.7958333333333333 0.24765625000000008 0.7958333333333333 0.24765625000000008 1 0.35625000000000007 1
3 0.4078125 0.3718750000000001 0.3921875 0.3718750000000001 0.3921875 0.4447916666666668 0.4078125 0.4447916666666668
0 0.50234375 0.08645833333333343 0.4953125 0.08645833333333343 0.4953125 0.09791666666666675 0.50234375 0.09791666666666675
0 0.52109375 0.2812500000000001 0.47890625 0.2812500000000001 0.47890625 0.3854166666666668 0.52109375 0.3854166666666668