3 0.6031250000000001 0.8041666666666667 0.50703125 0.8041666666666667 0.50703125 0.9697916666666667 0.6031250000000001 0.9697916666666667
3 0.7359375000000001 0.8802083333333335 0.66328125 0.8802083333333334 0.66328125 0.9885416666666668 0.7359375000000001 0.9885416666666669
3 0.8109375 0.9177083333333336 0.7640625 0.9177083333333336 0.7640625000000001 1.0000000000000002 0.8109375 1.0000000000000002
3 0.9328125 0.8354166666666669 0.87109375 0.8354166666666669 0.87109375 0.9770833333333335 0.9328125 0.9770833333333335
3 0.8171875 0.7125000000000002 0.7421875 0.7125000000000002 0.7421875 0.8791666666666669 0.8171875 0.8791666666666669
3 0.846875 0.6770833333333336 0.790625 0.6770833333333336 0.790625 0.8760416666666669 0.846875 0.8760416666666669
3 0.6828125 0.7177083333333333 0.61484375 0.7177083333333333 0.61484375 0.8354166666666667 0.6828125 0.8354166666666667
3 0.71640625 0.5989583333333334 0.69453125 0.5989583333333334 0.69453125 0.7260416666666667 0.71640625 0.7260416666666667
3 0.7953125 0.6427083333333335 0.74609375 0.6427083333333335 0.74609375 0.7218750000000003 0.7953125 0.7218750000000003
3 0.7703125 0.5760416666666668 0.721875 0.5760416666666667 0.721875 0.7000000000000001 0.7703125 0.7000000000000003
3 0.66171875 0.6114583333333333 0.59375 0.6114583333333333 0.59375 0.7760416666666666 0.66171875 0.7760416666666666
3 0.64140625 0.5333333333333333 0.59375 0.5333333333333333 0.59375 0.6302083333333334 0.64140625 0.6302083333333334
3 0.67109375 0.5312500000000001 0.62421875 0.5312500000000001 0.62421875 0.6239583333333333 0.67109375 0.6239583333333333
3 0.721875 0.5177083333333334 0.68359375 0.5177083333333334 0.68359375 0.6354166666666666 0.721875 0.6354166666666666
0 0.58125 0.5677083333333334 0.50234375 0.5677083333333334 0.50234375 0.740625 0.58125 0.740625
3 0.58203125 0.5072916666666668 0.5265625 0.5072916666666668 0.5265625 0.6020833333333333 0.58203125 0.6020833333333333
3 0.628125 0.4479166666666668 0.578125 0.4479166666666668 0.578125 0.565625 0.628125 0.565625
3 0.66796875 0.4760416666666668 0.6265625 0.4760416666666668 0.6265625 0.5625 0.66796875 0.5625
3 0.67265625 0.36354166666666676 0.60546875 0.36354166666666676 0.60546875 0.4343750000000001 0.67265625 0.4343750000000001
0 0.58125 0.38958333333333345 0.5296875 0.38958333333333345 0.5296875 0.46458333333333346 0.58125 0.46458333333333346
0 0.6140625 0.3312500000000001 0.56171875 0.3312500000000001 0.56171875 0.44166666666666676 0.6140625 0.44166666666666676
3 0.6390625 0.31458333333333344 0.58203125 0.31458333333333344 0.58203125 0.4062500000000001 0.6390625 0.4062500000000001
3 0.55 0.29583333333333345 0.52109375 0.29583333333333345 0.52109375 0.3645833333333334 0.55 0.3645833333333334
3 0.52265625 0.22291666666666674 0.4875 0.22291666666666674 0.4875 0.30625000000000013 0.52265625 0.30625000000000013
3 0.53359375 0.25000000000000006 0.4953125 0.25000000000000006 0.4953125 0.30312500000000014 0.53359375 0.30312500000000014
3 0.56640625 0.19270833333333343 0.5203125 0.1927083333333334 0.5203125 0.27187500000000014 0.56640625 0.27187500000000014
0 0.48359375 0.1489583333333334 0.453125 0.1489583333333334 0.453125 0.1958333333333334 0.48359375 0.1958333333333334
0 0.4765625 0.1062500000000001 0.4578125 0.1062500000000001 0.4578125 0.15625000000000006 0.4765625 0.15625000000000006
0 0.4890625 0.1270833333333334 0.478125 0.1270833333333334 0.478125 0.17187500000000006 0.4890625 0.17187500000000006
3 0.51796875 0.11875000000000009 0.503125 0.11875000000000009 0.503125 0.16041666666666674 0.51796875 0.16041666666666674
3 0.51015625 0.10000000000000009 0.48828125 0.10000000000000009 0.48828125 0.1281250000000001 0.51015625 0.1281250000000001
0 0.6507812500000001 0.946875 0.5703125 0.946875 0.5703125000000001 1 0.6507812500000002 1