2 0.4867187500000001 0.6072916666666667 0.3625000000000001 0.6072916666666667 0.3625000000000001 0.9989583333333333 0.4867187500000002 0.9989583333333333
2 0.39765625 0.31562500000000004 0.33515625 0.315625 0.33515625 0.4552083333333334 0.39765625 0.45520833333333344
2 0.53671875 0.24687500000000007 0.4640625 0.24687500000000007 0.4640625 0.34583333333333344 0.53671875 0.34583333333333344
0 0.1984375000000001 0.8354166666666667 0.0007812500000000767 0.8354166666666667 0.0007812500000000843 1 0.1984375000000001 1
0 0.39140625000000007 0.7708333333333334 0.2429687500000001 0.7708333333333334 0.2429687500000001 1 0.39140625000000007 1
0 0.4078125 0.5822916666666667 0.3156250000000001 0.5822916666666667 0.3156250000000001 0.7677083333333333 0.4078125 0.7677083333333333
0 0.49921875 0.5666666666666667 0.4296875 0.5666666666666667 0.4296875 0.7260416666666667 0.49921875 0.7260416666666667
0 0.5078125 0.4510416666666668 0.42890625 0.4510416666666668 0.42890625 0.5979166666666667 0.5078125 0.5979166666666667
0 0.44609375 0.43333333333333346 0.38125 0.43333333333333346 0.38125000000000003 0.5270833333333335 0.44609375 0.5270833333333335
0 0.4578125 0.38333333333333347 0.39296875 0.38333333333333347 0.39296875 0.4531250000000001 0.4578125 0.4531250000000001
0 0.50625 0.41562500000000013 0.459375 0.41562500000000013 0.459375 0.4916666666666668 0.50625 0.4916666666666668
0 0.51875 0.3666666666666668 0.45 0.3666666666666668 0.45 0.4385416666666668 0.51875 0.4385416666666668
0 0.52734375 0.34791666666666676 0.484375 0.34791666666666676 0.484375 0.39479166666666676 0.52734375 0.39479166666666676
0 0.46328125 0.33645833333333347 0.409375 0.33645833333333347 0.409375 0.3885416666666668 0.46328125 0.3885416666666668
0 0.4125 0.31041666666666673 0.36171875 0.3104166666666667 0.36171875 0.41666666666666674 0.4125 0.4166666666666668
0 0.4765625 0.3093750000000001 0.43828125 0.3093750000000001 0.43828125 0.37916666666666676 0.4765625 0.37916666666666676
0 0.4265625 0.29062500000000013 0.39375 0.29062500000000013 0.39375 0.3729166666666668 0.4265625 0.3729166666666668
0 0.478125 0.27395833333333347 0.4390625 0.27395833333333347 0.4390625 0.33020833333333344 0.478125 0.33020833333333344
0 0.44296875 0.2489583333333334 0.40546875 0.2489583333333334 0.40546875 0.3072916666666668 0.44296875 0.3072916666666668
0 0.49609375 0.2510416666666667 0.453125 0.2510416666666667 0.453125 0.31145833333333345 0.49609375 0.31145833333333345
0 0.53515625 0.2489583333333334 0.4890625 0.2489583333333334 0.4890625 0.29895833333333344 0.53515625 0.29895833333333344
0 0.4953125 0.2239583333333334 0.45703125 0.2239583333333334 0.45703125 0.27187500000000014 0.4953125 0.27187500000000014
0 0.534375 0.22604166666666672 0.49765625 0.22604166666666672 0.49765625 0.27187500000000014 0.534375 0.27187500000000014
0 0.5 0.20416666666666672 0.47265625 0.20416666666666672 0.47265625 0.25000000000000006 0.5 0.25000000000000006
0 0.534375 0.20520833333333338 0.509375 0.20520833333333338 0.509375 0.2541666666666667 0.534375 0.2541666666666667
0 0.503125 0.19687500000000005 0.48046875 0.19687500000000005 0.48046875 0.2291666666666667 0.503125 0.2291666666666667
0 0.54296875 0.19687500000000005 0.5171875 0.19687500000000005 0.5171875 0.23541666666666672 0.54296875 0.23541666666666672
0 0.5515625 0.18229166666666677 0.51953125 0.1822916666666667 0.51953125 0.2218750000000001 0.5515625 0.22187500000000013
0 0.5171875 0.18854166666666672 0.48359375 0.18854166666666672 0.48359375 0.21250000000000005 0.5171875 0.21250000000000005
0 0.503125 0.17812500000000006 0.484375 0.17812500000000006 0.484375 0.20625000000000007 0.503125 0.20625000000000007
0 0.49375 0.1645833333333334 0.47734375 0.1645833333333334 0.47734375 0.19062500000000007 0.49375 0.19062500000000007
0 0.48984375 0.1614583333333334 0.471875 0.1614583333333334 0.471875 0.17812500000000006 0.48984375 0.17812500000000006
0 0.51796875 0.16979166666666673 0.50546875 0.16979166666666673 0.50546875 0.19375000000000006 0.51796875 0.19375000000000006
0 0.5390625 0.1520833333333334 0.5234375 0.1520833333333334 0.5234375 0.17604166666666674 0.5390625 0.17604166666666674
0 0.51796875 0.1489583333333334 0.5015625 0.1489583333333334 0.5015625 0.16562500000000005 0.51796875 0.16562500000000005
0 0.51875 0.15729166666666672 0.4984375 0.15729166666666672 0.4984375 0.16979166666666673 0.51875 0.16979166666666673
0 0.54453125 0.1468750000000001 0.5296875 0.14687500000000006 0.5296875 0.16458333333333341 0.54453125 0.16458333333333344
0 0.53984375 0.13750000000000007 0.525 0.13750000000000007 0.525 0.1510416666666667 0.53984375 0.1510416666666667
0 0.5234375 0.13854166666666673 0.50703125 0.13854166666666673 0.50703125 0.15000000000000005 0.5234375 0.15000000000000005
3 0.50546875 0.14375000000000007 0.49765625 0.14375000000000007 0.49765625 0.1489583333333334 0.50546875 0.1489583333333334
0 0.50546875 0.12916666666666676 0.48984375 0.12916666666666676 0.48984375 0.14687500000000006 0.50546875 0.14687500000000006
0 0.5390625 0.12395833333333342 0.5265625 0.12395833333333342 0.5265625 0.14166666666666672 0.5390625 0.14166666666666672
0 0.5234375 0.12291666666666676 0.509375 0.12291666666666676 0.509375 0.14166666666666672 0.5234375 0.14166666666666672
0 0.5359375 0.11666666666666675 0.52265625 0.11666666666666675 0.52265625 0.13750000000000007 0.5359375 0.13750000000000007
3 0.53203125 0.11666666666666675 0.52109375 0.11666666666666675 0.52109375 0.12395833333333342 0.53203125 0.12395833333333342
3 0.525 0.11458333333333343 0.51484375 0.11458333333333343 0.51484375 0.12291666666666676 0.525 0.12291666666666676
3 0.528125 0.11145833333333342 0.51328125 0.11145833333333342 0.51328125 0.11979166666666675 0.528125 0.11979166666666675
3 0.5109375 0.12291666666666676 0.5046875 0.12291666666666676 0.5046875 0.1364583333333334 0.5109375 0.1364583333333334
3 0.509375 0.11979166666666675 0.503125 0.11979166666666675 0.503125 0.12604166666666675 0.509375 0.12604166666666675
3 0.51171875 0.11041666666666676 0.503125 0.11041666666666676 0.503125 0.12395833333333342 0.51171875 0.12395833333333342
3 0.50546875 0.1218750000000001 0.4984375 0.1218750000000001 0.4984375 0.1281250000000001 0.50546875 0.1281250000000001
3 0.4953125 0.13020833333333343 0.48828125 0.13020833333333343 0.48828125 0.13854166666666673 0.4953125 0.13854166666666673
3 0.49453125 0.12604166666666675 0.48671875 0.12604166666666675 0.48671875 0.1333333333333334 0.49453125 0.1333333333333334
3 0.4984375 0.11666666666666675 0.48984375 0.11666666666666675 0.48984375 0.12500000000000008 0.4984375 0.12500000000000008
3 0.503125 0.11145833333333342 0.48984375 0.11145833333333342 0.48984375 0.12395833333333342 0.503125 0.12395833333333342
3 0.51875 0.10729166666666676 0.51015625 0.10729166666666676 0.51015625 0.11875000000000009 0.51875 0.11875000000000009
3 0.50546875 0.10520833333333342 0.48671875 0.10520833333333342 0.48671875 0.1218750000000001 0.50546875 0.1218750000000001
3 0.5046875 0.09479166666666676 0.4859375 0.09479166666666676 0.4859375 0.11458333333333343 0.5046875 0.11458333333333343
0 0.5078125 0.09479166666666676 0.4953125 0.09479166666666676 0.4953125 0.12083333333333342 0.5078125 0.12083333333333342
0 0.53125 0.09895833333333343 0.51484375 0.09895833333333343 0.51484375 0.12291666666666676 0.53125 0.12291666666666676
3 0.050000000000000086 0.9458333333333333 8.687338231451536e-17 0.9458333333333333 8.936094612528342e-17 1 0.050000000000000086 1
3 0.2273437500000001 0.9572916666666667 0.1781250000000001 0.9572916666666667 0.1781250000000001 1 0.2273437500000001 1
3 0.2617187500000001 0.846875 0.20078125000000008 0.846875 0.20078125000000008 0.9864583333333333 0.2617187500000001 0.9864583333333333
3 0.22031250000000008 0.8395833333333333 0.1687500000000001 0.8395833333333333 0.1687500000000001 0.95625 0.22031250000000008 0.95625
3 0.1593750000000001 0.8322916666666667 0.12500000000000008 0.8322916666666667 0.12500000000000008 0.9458333333333333 0.1593750000000001 0.9458333333333333
3 0.13046875000000008 0.8385416666666666 0.08906250000000007 0.8385416666666666 0.08906250000000007 0.93125 0.13046875000000008 0.93125
3 0.09921875000000008 0.8083333333333333 0.061718750000000065 0.8083333333333333 0.06171875000000008 0.93125 0.09921875000000009 0.93125
3 0.3031250000000001 0.7541666666666667 0.2312500000000001 0.7541666666666667 0.2312500000000001 0.8895833333333333 0.3031250000000001 0.8895833333333333
3 0.2554687500000001 0.7385416666666667 0.22031250000000008 0.7385416666666667 0.22031250000000008 0.8635416666666667 0.2554687500000001 0.8635416666666667
3 0.22656250000000008 0.7541666666666667 0.1804687500000001 0.7541666666666667 0.1804687500000001 0.8729166666666667 0.22656250000000008 0.8729166666666667
3 0.1976562500000001 0.7333333333333333 0.1375000000000001 0.7333333333333333 0.1375000000000001 0.8510416666666667 0.1976562500000001 0.8510416666666667
3 0.17578125000000006 0.6916666666666667 0.11250000000000004 0.6916666666666667 0.11250000000000007 0.8020833333333334 0.17578125000000008 0.8020833333333334
3 0.3109375000000001 0.7020833333333333 0.26250000000000007 0.7020833333333333 0.26250000000000007 0.8041666666666667 0.3109375000000001 0.8041666666666667
3 0.2718750000000001 0.678125 0.2390625000000001 0.678125 0.2390625000000001 0.7822916666666667 0.2718750000000001 0.7822916666666667
3 0.2601562500000001 0.6989583333333333 0.20859375000000008 0.6989583333333333 0.20859375000000008 0.7958333333333333 0.2601562500000001 0.7958333333333333
3 0.2289062500000001 0.6739583333333333 0.17968750000000006 0.6739583333333333 0.17968750000000006 0.7625 0.2289062500000001 0.7625
3 0.2117187500000001 0.6208333333333333 0.13828125000000005 0.6208333333333333 0.13828125000000008 0.734375 0.2117187500000001 0.734375
3 0.2554687500000001 0.628125 0.18984375000000003 0.628125 0.18984375000000003 0.7114583333333333 0.2554687500000001 0.7114583333333333
3 0.2757812500000001 0.6458333333333334 0.2140625000000001 0.6458333333333334 0.2140625000000001 0.73125 0.2757812500000001 0.73125
3 0.33671875000000007 0.6583333333333333 0.2828125000000001 0.6583333333333333 0.2828125000000001 0.7385416666666667 0.33671875000000007 0.7385416666666667
3 0.3140625000000001 0.6135416666666667 0.27031250000000007 0.6135416666666667 0.27031250000000007 0.715625 0.3140625000000001 0.715625
3 0.3429687500000001 0.5916666666666667 0.3039062500000001 0.5916666666666667 0.3039062500000001 0.7 0.3429687500000001 0.7
3 0.2796875000000001 0.58125 0.22031250000000008 0.58125 0.22031250000000008 0.6625 0.2796875000000001 0.6625
3 0.3031250000000001 0.5802083333333333 0.2523437500000001 0.5802083333333333 0.2523437500000001 0.7010416666666667 0.3031250000000001 0.7010416666666667
3 0.2796875000000001 0.5479166666666667 0.2257812500000001 0.5479166666666667 0.2257812500000001 0.6416666666666667 0.2796875000000001 0.6416666666666667
3 0.2984375000000001 0.5520833333333334 0.2609375000000001 0.5520833333333334 0.2609375000000001 0.615625 0.2984375000000001 0.615625
3 0.3320312500000001 0.5552083333333333 0.2710937500000001 0.5552083333333333 0.2710937500000001 0.6395833333333333 0.3320312500000001 0.6395833333333333
3 0.3539062500000001 0.5666666666666667 0.3062500000000001 0.5666666666666667 0.3062500000000001 0.6291666666666667 0.3539062500000001 0.6291666666666667
3 0.3968750000000001 0.5520833333333334 0.3468750000000001 0.5520833333333334 0.3468750000000001 0.609375 0.3968750000000001 0.609375
3 0.44296875 0.5250000000000001 0.37187500000000007 0.5250000000000001 0.37187500000000007 0.59375 0.44296875 0.59375
3 0.4609375 0.546875 0.3984375000000001 0.546875 0.3984375000000001 0.6354166666666666 0.4609375 0.6354166666666666
3 0.4 0.5156250000000001 0.3515625000000001 0.515625 0.3515625000000001 0.56875 0.4 0.56875
3 0.3078125000000001 0.5052083333333334 0.2695312500000001 0.5052083333333334 0.2695312500000001 0.5791666666666667 0.3078125000000001 0.5791666666666667
3 0.2914062500000001 0.5041666666666667 0.2640625000000001 0.5041666666666667 0.2640625000000001 0.5833333333333334 0.2914062500000001 0.5833333333333334
3 0.3398437500000001 0.5197916666666667 0.2921875000000001 0.5197916666666667 0.2921875000000001 0.5927083333333333 0.3398437500000001 0.5927083333333333
3 0.36406250000000007 0.509375 0.3218750000000001 0.509375 0.3218750000000001 0.5822916666666667 0.36406250000000007 0.5822916666666667
3 0.39453125000000006 0.46562500000000007 0.3625 0.465625 0.36250000000000004 0.534375 0.3945312500000001 0.534375
3 0.3929687500000001 0.49062500000000003 0.3593750000000001 0.490625 0.3593750000000001 0.5364583333333334 0.3929687500000001 0.5364583333333334
3 0.3281250000000001 0.4895833333333333 0.2968750000000001 0.4895833333333333 0.2968750000000001 0.5375 0.3281250000000001 0.5375
3 0.35234375000000007 0.5 0.3265625000000001 0.5 0.3265625000000001 0.55625 0.35234375000000007 0.55625
3 0.37031250000000004 0.4697916666666667 0.3359375 0.46979166666666666 0.33593750000000006 0.5208333333333334 0.3703125000000001 0.5208333333333335
3 0.39921875000000007 0.4385416666666668 0.37265625 0.4385416666666668 0.37265625 0.4843750000000001 0.39921875000000007 0.4843750000000001
3 0.33593750000000006 0.465625 0.303125 0.465625 0.30312500000000003 0.5239583333333333 0.3359375000000001 0.5239583333333333
3 0.33437500000000003 0.44375 0.28984375 0.44375 0.28984375000000007 0.4979166666666667 0.3343750000000001 0.4979166666666667
3 0.36484375 0.4468750000000001 0.3328125 0.446875 0.33281250000000007 0.49479166666666674 0.3648437500000001 0.4947916666666668
3 0.3453125 0.396875 0.31484375 0.396875 0.31484375 0.46875 0.3453125 0.46875
3 0.540625 0.29895833333333344 0.509375 0.29895833333333344 0.509375 0.3489583333333334 0.540625 0.3489583333333334
3 0.54609375 0.2822916666666668 0.51171875 0.2822916666666668 0.51171875 0.32083333333333347 0.54609375 0.32083333333333347
3 0.55390625 0.2562500000000001 0.509375 0.25625000000000003 0.509375 0.30833333333333346 0.55390625 0.30833333333333346
3 0.55859375 0.2364583333333334 0.5234375 0.23645833333333338 0.5234375 0.2708333333333334 0.55859375 0.2708333333333334
3 0.45234375 0.28958333333333347 0.4296875 0.28958333333333347 0.4296875 0.3385416666666668 0.45234375 0.3385416666666668
3 0.4015625 0.28541666666666676 0.3734375 0.28541666666666676 0.3734375 0.3291666666666668 0.4015625 0.3291666666666668
3 0.428125 0.3385416666666668 0.396875 0.3385416666666668 0.396875 0.4062500000000001 0.428125 0.4062500000000001
3 0.49375 0.09687500000000009 0.47734375 0.09687500000000009 0.47734375 0.11875000000000009 0.49375 0.11875000000000009
3 0.46015625 0.2708333333333334 0.44140625 0.2708333333333334 0.44140625 0.2979166666666668 0.46015625 0.2979166666666668
3 0.46796875 0.25729166666666675 0.4453125 0.25729166666666675 0.4453125 0.2843750000000001 0.46796875 0.2843750000000001
3 0.4546875 0.2447916666666667 0.4359375 0.2447916666666667 0.4359375 0.2781250000000001 0.4546875 0.2781250000000001
3 0.4453125 0.2395833333333334 0.425 0.2395833333333334 0.425 0.27187500000000014 0.4453125 0.27187500000000014
3 0.42421875 0.24166666666666672 0.415625 0.24166666666666672 0.415625 0.26979166666666676 0.42421875 0.26979166666666676
3 0.4671875 0.2395833333333334 0.453125 0.2395833333333334 0.453125 0.26250000000000007 0.4671875 0.26250000000000007
3 0.45625 0.23229166666666673 0.4421875 0.23229166666666673 0.4421875 0.2583333333333334 0.45625 0.2583333333333334
3 0.44765625 0.2291666666666667 0.43359375 0.2291666666666667 0.43359375 0.2520833333333334 0.44765625 0.2520833333333334
3 0.43671875 0.22604166666666672 0.42421875 0.22604166666666672 0.42421875 0.2489583333333334 0.43671875 0.2489583333333334
3 0.4734375 0.2239583333333334 0.4578125 0.2239583333333334 0.4578125 0.24062500000000006 0.4734375 0.24062500000000006
3 0.46171875 0.21666666666666673 0.44609375 0.21666666666666673 0.44609375 0.23437500000000006 0.46171875 0.23437500000000006
3 0.45234375 0.2135416666666667 0.43671875 0.2135416666666667 0.43671875 0.22812500000000005 0.45234375 0.22812500000000005
3 0.4796875 0.2145833333333334 0.46640625 0.2145833333333334 0.46640625 0.22604166666666672 0.4796875 0.22604166666666672
3 0.46640625 0.21250000000000005 0.4609375 0.21250000000000005 0.4609375 0.2270833333333334 0.46640625 0.2270833333333334
3 0.459375 0.2114583333333334 0.446875 0.2114583333333334 0.446875 0.22500000000000006 0.459375 0.22500000000000006
3 0.45234375 0.2020833333333334 0.44296875 0.2020833333333334 0.44296875 0.2145833333333334 0.45234375 0.2145833333333334
3 0.48203125 0.20729166666666674 0.47109375 0.20729166666666674 0.47109375 0.2177083333333334 0.48203125 0.2177083333333334
3 0.47109375 0.20520833333333338 0.46171875 0.20520833333333338 0.46171875 0.2177083333333334 0.47109375 0.2177083333333334
3 0.46640625 0.2020833333333334 0.453125 0.2020833333333334 0.453125 0.21250000000000005 0.46640625 0.21250000000000005
3 0.4609375 0.1958333333333334 0.45 0.1958333333333334 0.45 0.20312500000000006 0.4609375 0.20312500000000006
3 0.4859375 0.19687500000000005 0.47265625 0.19687500000000005 0.47265625 0.20729166666666674 0.4859375 0.20729166666666674
3 0.475 0.19479166666666672 0.46328125 0.19479166666666672 0.46328125 0.20416666666666672 0.475 0.20416666666666672
3 0.4703125 0.18437500000000007 0.46015625 0.18437500000000007 0.46015625 0.1958333333333334 0.4703125 0.1958333333333334
3 0.48671875 0.18958333333333338 0.475 0.18958333333333338 0.475 0.2020833333333334 0.48671875 0.2020833333333334
3 0.48046875 0.18541666666666673 0.471875 0.18541666666666673 0.471875 0.19479166666666672 0.48046875 0.19479166666666672
3 0.475 0.17395833333333338 0.46328125 0.17395833333333338 0.46328125 0.18541666666666673 0.475 0.18541666666666673
3 0.47578125 0.1822916666666667 0.46640625 0.1822916666666667 0.46640625 0.18541666666666673 0.47578125 0.18541666666666673
3 0.50625 0.23750000000000007 0.48515625 0.23750000000000007 0.48515625 0.2666666666666668 0.50625 0.2666666666666668
3 0.51171875 0.22604166666666672 0.49140625 0.22604166666666672 0.49140625 0.2427083333333334 0.51171875 0.2427083333333334
3 0.5140625 0.21562500000000007 0.49609375 0.21562500000000007 0.49609375 0.2333333333333334 0.5140625 0.2333333333333334
3 0.515625 0.20312500000000006 0.50234375 0.20312500000000006 0.50234375 0.21875000000000006 0.515625 0.21875000000000006
3 0.52421875 0.19166666666666674 0.50859375 0.19166666666666674 0.50859375 0.20729166666666674 0.52421875 0.20729166666666674
3 0.525 0.1833333333333334 0.50859375 0.1833333333333334 0.50859375 0.19479166666666672 0.525 0.19479166666666672
3 0.5515625 0.17916666666666675 0.53828125 0.17916666666666672 0.53828125 0.21145833333333341 0.5515625 0.21145833333333344
3 0.553125 0.16666666666666677 0.540625 0.1666666666666667 0.540625 0.18541666666666676 0.553125 0.18541666666666679
3 0.50546875 0.1677083333333334 0.49140625 0.1677083333333334 0.49140625 0.18125000000000005 0.50546875 0.18125000000000005
3 0.5078125 0.1510416666666667 0.49609375 0.1510416666666667 0.49609375 0.16875000000000007 0.5078125 0.16875000000000007
3 0.49765625 0.15729166666666672 0.490625 0.15729166666666672 0.490625 0.16979166666666673 0.49765625 0.16979166666666673
3 0.4921875 0.1552083333333334 0.48203125 0.1552083333333334 0.48203125 0.1645833333333334 0.4921875 0.1645833333333334
3 0.48515625 0.1552083333333334 0.475 0.1552083333333334 0.475 0.16250000000000006 0.48515625 0.16250000000000006
3 0.50390625 0.1520833333333334 0.49609375 0.1520833333333334 0.49609375 0.15833333333333338 0.50390625 0.15833333333333338
3 0.50078125 0.15000000000000005 0.49375 0.15000000000000005 0.49375 0.15833333333333338 0.50078125 0.15833333333333338
3 0.4953125 0.15000000000000005 0.48984375 0.15000000000000005 0.48984375 0.1552083333333334 0.4953125 0.1552083333333334
3 0.48984375 0.14687500000000006 0.484375 0.14687500000000006 0.484375 0.15416666666666673 0.48984375 0.15416666666666673
3 0.49296875 0.14062500000000006 0.48671875 0.14062500000000006 0.48671875 0.14791666666666672 0.49296875 0.14791666666666672