3 0.17734375000000008 0.775 0.09531250000000006 0.775 0.09531250000000008 0.94375 0.17734375000000008 0.94375
3 0.37187500000000007 0.8770833333333333 0.3062500000000001 0.8770833333333333 0.3062500000000001 0.9958333333333333 0.37187500000000007 0.9958333333333333
3 0.5320312500000001 0.8291666666666667 0.46875 0.8291666666666667 0.4687500000000001 0.9875 0.5320312500000002 0.9875
3 0.3734375000000001 0.7635416666666667 0.3234375000000001 0.7635416666666667 0.3234375000000001 0.9072916666666667 0.3734375000000001 0.9072916666666667
3 0.3109375000000001 0.7916666666666666 0.2640625000000001 0.7916666666666666 0.2640625000000001 0.9125 0.3109375000000001 0.9125
3 0.3226562500000001 0.7479166666666667 0.27812500000000007 0.7479166666666667 0.27812500000000007 0.8541666666666666 0.3226562500000001 0.8541666666666666
3 0.2375000000000001 0.6333333333333333 0.18359375000000006 0.6333333333333333 0.18359375000000006 0.771875 0.2375000000000001 0.771875
3 0.45078125 0.6541666666666667 0.4078125 0.6541666666666667 0.4078125 0.7239583333333334 0.45078125 0.7239583333333334
3 0.5125 0.640625 0.478125 0.640625 0.478125 0.7458333333333333 0.5125 0.7458333333333333
3 0.3273437500000001 0.49166666666666664 0.2960937500000001 0.49166666666666664 0.2960937500000001 0.584375 0.3273437500000001 0.584375
3 0.36015625000000007 0.41041666666666665 0.31953125 0.41041666666666665 0.31953125000000004 0.5072916666666667 0.36015625000000007 0.5072916666666667
3 0.40703125 0.3802083333333334 0.37734375 0.3802083333333334 0.37734375 0.4583333333333334 0.40703125 0.4583333333333334
3 0.37890625 0.36562500000000003 0.34921875 0.365625 0.34921875 0.43750000000000006 0.37890625 0.4375000000000001
3 0.409375 0.33020833333333344 0.38125 0.33020833333333344 0.38125 0.3781250000000001 0.409375 0.3781250000000001
3 0.43125 0.26041666666666674 0.41171875 0.26041666666666674 0.41171875 0.30104166666666676 0.43125 0.30104166666666676
3 0.453125 0.22500000000000006 0.43671875 0.22500000000000006 0.43671875 0.2489583333333334 0.453125 0.2489583333333334
3 0.46171875 0.2020833333333334 0.44453125 0.2020833333333334 0.44453125 0.2302083333333334 0.46171875 0.2302083333333334
3 0.4671875 0.2114583333333334 0.4609375 0.2114583333333334 0.4609375 0.22291666666666674 0.4671875 0.22291666666666674
3 0.47890625 0.20416666666666672 0.46875 0.20416666666666672 0.46875 0.22187500000000007 0.47890625 0.22187500000000007
3 0.546875 0.16145833333333343 0.53515625 0.1614583333333334 0.53515625 0.18750000000000008 0.546875 0.1875000000000001
3 0.53125 0.18125000000000005 0.52109375 0.18125000000000005 0.52109375 0.21562500000000007 0.53125 0.21562500000000007
3 0.51640625 0.15729166666666672 0.50625 0.15729166666666672 0.50625 0.19166666666666674 0.51640625 0.19166666666666674
3 0.51171875 0.1520833333333334 0.4984375 0.1520833333333334 0.4984375 0.18125000000000005 0.51171875 0.18125000000000005
3 0.49375 0.15729166666666672 0.4890625 0.15729166666666672 0.4890625 0.17916666666666672 0.49375 0.17916666666666672
3 0.54375 0.1333333333333334 0.53515625 0.1333333333333334 0.53515625 0.1510416666666667 0.54375 0.1510416666666667
3 0.50390625 0.11145833333333342 0.49609375 0.11145833333333342 0.49609375 0.1270833333333334 0.50390625 0.1270833333333334
3 0.50078125 0.10208333333333343 0.49609375 0.10208333333333343 0.49609375 0.11354166666666675 0.50078125 0.11354166666666675
3 0.5 0.09270833333333342 0.49609375 0.09270833333333342 0.49609375 0.10416666666666675 0.5 0.10416666666666675
2 0.5171875 0.08854166666666675 0.5015625 0.08854166666666675 0.5015625 0.12395833333333342 0.5171875 0.12395833333333342
2 0.53046875 0.10104166666666675 0.5109375 0.10104166666666675 0.5109375 0.1364583333333334 0.53046875 0.1364583333333334
0 0.4921875 0.16250000000000006 0.4703125 0.16250000000000006 0.4703125 0.2083333333333334 0.4921875 0.2083333333333334
0 0.5375 0.22291666666666674 0.5078125 0.22291666666666674 0.5078125 0.28958333333333347 0.5375 0.28958333333333347
0 0.51484375 0.25520833333333337 0.4921875 0.25520833333333337 0.4921875 0.32395833333333346 0.51484375 0.32395833333333346
2 0.503125 0.2239583333333334 0.41484375 0.2239583333333334 0.41484375 0.4229166666666668 0.503125 0.4229166666666668
0 0.49453125 0.5062500000000001 0.41796875 0.5062500000000001 0.41796875 0.6635416666666667 0.49453125 0.6635416666666667
0 0.4125 0.5770833333333333 0.3226562500000001 0.5770833333333333 0.3226562500000001 0.7739583333333333 0.4125 0.7739583333333333
0 0.3273437500000001 0.5666666666666667 0.2351562500000001 0.5666666666666667 0.2351562500000001 0.7614583333333333 0.3273437500000001 0.7614583333333333
0 0.4781250000000001 0.7010416666666667 0.37578125000000007 0.7010416666666667 0.37578125000000007 0.99375 0.4781250000000002 0.99375
0 0.2609375000000001 0.7697916666666667 0.12109375000000008 0.7697916666666667 0.12109375000000008 1 0.2609375000000001 1
0 0.3039062500000001 0.86875 0.1867187500000001 0.86875 0.1867187500000001 1 0.3039062500000001 1
0 0.4273437500000001 0.9104166666666667 0.3382812500000001 0.9104166666666667 0.3382812500000001 1 0.4273437500000002 1
0 0.49921875 0.08750000000000009 0.4921875 0.08750000000000009 0.4921875 0.09270833333333342 0.49921875 0.09270833333333342