0 0.8234375 0.8583333333333335 0.6796875 0.8583333333333333 0.6796875000000001 1.0000000000000002 0.8234375 1.0000000000000002
0 0.58203125 0.55625 0.5 0.55625 0.5 0.7302083333333333 0.58203125 0.7302083333333333
0 0.509375 0.2666666666666668 0.475 0.2666666666666668 0.475 0.35000000000000014 0.509375 0.35000000000000014
0 0.56796875 0.28958333333333347 0.53125 0.28958333333333347 0.53125 0.3489583333333334 0.56796875 0.3489583333333334
0 0.52578125 0.22604166666666672 0.4953125 0.22604166666666672 0.4953125 0.27708333333333346 0.52578125 0.27708333333333346
0 0.4953125 0.18854166666666672 0.47109375 0.18854166666666672 0.47109375 0.2302083333333334 0.4953125 0.2302083333333334
0 0.51484375 0.13229166666666675 0.5 0.13229166666666675 0.5 0.1645833333333334 0.51484375 0.1645833333333334
0 0.475 0.10416666666666675 0.46640625 0.10416666666666675 0.46640625 0.12500000000000008 0.475 0.12500000000000008
0 0.503125 0.09375000000000008 0.484375 0.09375000000000008 0.484375 0.10833333333333342 0.503125 0.10833333333333342
0 0.50859375 0.08333333333333343 0.49921875 0.08333333333333343 0.49921875 0.09791666666666675 0.50859375 0.09791666666666675
2 0.4734375 0.10937500000000008 0.459375 0.10937500000000008 0.459375 0.1552083333333334 0.4734375 0.1552083333333334
2 0.53515625 0.32083333333333347 0.47578125 0.32083333333333347 0.47578125 0.4354166666666668 0.53515625 0.4354166666666668
1 0.66171875 0.2968750000000001 0.5515625 0.2968750000000001 0.5515625 0.5614583333333333 0.66171875 0.5614583333333333
3 0.90703125 0.8989583333333335 0.86328125 0.8989583333333335 0.86328125 1.0000000000000002 0.90703125 1.0000000000000002
3 0.83125 0.8208333333333335 0.7734375 0.8208333333333335 0.7734375 0.9562500000000003 0.83125 0.9562500000000003
3 0.77734375 0.6208333333333336 0.7390625 0.6208333333333336 0.7390625 0.7687500000000003 0.77734375 0.7687500000000003
3 0.73515625 0.5552083333333334 0.71171875 0.5552083333333333 0.71171875 0.6604166666666668 0.73515625 0.6604166666666669
3 0.61640625 0.596875 0.590625 0.596875 0.590625 0.7385416666666667 0.61640625 0.7385416666666667
3 0.55859375 0.34270833333333345 0.53125 0.34270833333333345 0.53125 0.4229166666666668 0.55859375 0.4229166666666668
3 0.61328125 0.27708333333333346 0.58203125 0.27708333333333346 0.58203125 0.3197916666666668 0.61328125 0.3197916666666668
3 0.48984375 0.13437500000000005 0.48046875 0.13437500000000005 0.48046875 0.16041666666666674 0.48984375 0.16041666666666674
3 0.5046875 0.11875000000000009 0.49296875 0.11875000000000009 0.49296875 0.1354166666666667 0.5046875 0.1354166666666667
3 0.5140625 0.09166666666666676 0.50625 0.09166666666666676 0.50625 0.11145833333333342 0.5140625 0.11145833333333342