3 0.675 0.9260416666666667 0.63046875 0.9260416666666667 0.6304687500000001 1 0.6750000000000002 1
3 0.88671875 0.9072916666666669 0.825 0.9072916666666669 0.825 1.0000000000000002 0.88671875 1.0000000000000002
3 0.74921875 0.6375000000000001 0.71015625 0.6375 0.71015625 0.7645833333333335 0.74921875 0.7645833333333336
3 0.75703125 0.5895833333333335 0.71015625 0.5895833333333333 0.71015625 0.6822916666666667 0.75703125 0.6822916666666669
3 0.803125 0.6802083333333335 0.7640625 0.6802083333333335 0.7640625 0.8177083333333336 0.803125 0.8177083333333336
3 0.87734375 0.7437500000000002 0.81875 0.7437500000000002 0.81875 0.9145833333333335 0.87734375 0.9145833333333335
3 0.82578125 0.7614583333333336 0.7796875 0.7614583333333336 0.7796875 0.9260416666666669 0.82578125 0.9260416666666669
3 1 0.5864583333333335 0.96484375 0.5864583333333335 0.96484375 0.6895833333333335 1 0.6895833333333335
3 0.50859375 0.4218750000000001 0.484375 0.4218750000000001 0.484375 0.49895833333333345 0.50859375 0.49895833333333345
3 0.63828125 0.3489583333333334 0.62265625 0.3489583333333334 0.62265625 0.37395833333333345 0.63828125 0.37395833333333345
3 0.60625 0.33750000000000013 0.58828125 0.33750000000000013 0.58828125 0.40208333333333346 0.60625 0.40208333333333346
3 0.61171875 0.32708333333333345 0.596875 0.32708333333333345 0.596875 0.37916666666666676 0.61171875 0.37916666666666676
3 0.5828125 0.33645833333333347 0.56484375 0.33645833333333347 0.56484375 0.40000000000000013 0.5828125 0.40000000000000013
3 0.56796875 0.30520833333333347 0.54765625 0.30520833333333347 0.54765625 0.35833333333333345 0.56796875 0.35833333333333345
3 0.54921875 0.3020833333333334 0.53515625 0.3020833333333334 0.53515625 0.3541666666666668 0.54921875 0.3541666666666668
3 0.534375 0.29583333333333345 0.51875 0.29583333333333345 0.51875 0.3416666666666668 0.534375 0.3416666666666668
3 0.53203125 0.27187500000000014 0.5171875 0.27187500000000014 0.5171875 0.30520833333333347 0.53203125 0.30520833333333347
3 0.55078125 0.2614583333333334 0.53515625 0.2614583333333334 0.53515625 0.30833333333333346 0.55078125 0.30833333333333346
3 0.50859375 0.2489583333333334 0.4921875 0.2489583333333334 0.4921875 0.2864583333333334 0.50859375 0.2864583333333334
3 0.5375 0.23854166666666674 0.525 0.23854166666666674 0.525 0.2760416666666668 0.5375 0.2760416666666668
3 0.56328125 0.24166666666666678 0.5546875 0.24166666666666678 0.5546875 0.2729166666666668 0.56328125 0.2729166666666668
3 0.58125 0.2552083333333334 0.57109375 0.2552083333333334 0.57109375 0.2708333333333334 0.58125 0.2708333333333334
3 0.55546875 0.2229166666666668 0.546875 0.2229166666666668 0.546875 0.25625000000000014 0.55546875 0.25625000000000014
3 0.5640625 0.20937500000000012 0.55078125 0.20937500000000012 0.55078125 0.23958333333333345 0.5640625 0.23958333333333345
3 0.571875 0.22604166666666678 0.5640625 0.22604166666666678 0.5640625 0.2572916666666668 0.571875 0.2572916666666668
3 0.54453125 0.22291666666666676 0.534375 0.22291666666666674 0.534375 0.2614583333333334 0.54453125 0.26145833333333346
3 0.53359375 0.22604166666666672 0.525 0.22604166666666672 0.525 0.2541666666666667 0.53359375 0.2541666666666667
3 0.4890625 0.1822916666666667 0.47890625 0.1822916666666667 0.47890625 0.2145833333333334 0.4890625 0.2145833333333334
3 0.52109375 0.1927083333333334 0.515625 0.1927083333333334 0.515625 0.22187500000000007 0.52109375 0.22187500000000007
3 0.51640625 0.18854166666666672 0.5078125 0.18854166666666672 0.5078125 0.2145833333333334 0.51640625 0.2145833333333334
3 0.5125 0.17187500000000006 0.50625 0.17187500000000006 0.50625 0.1864583333333334 0.5125 0.1864583333333334
3 0.51953125 0.17187500000000006 0.51171875 0.17187500000000006 0.51171875 0.1927083333333334 0.51953125 0.1927083333333334
3 0.528125 0.1708333333333334 0.5171875 0.1708333333333334 0.5171875 0.1927083333333334 0.528125 0.1927083333333334
3 0.53515625 0.17187500000000006 0.52890625 0.17187500000000006 0.52890625 0.18958333333333338 0.53515625 0.18958333333333338
3 0.54140625 0.17395833333333338 0.5359375 0.17395833333333338 0.5359375 0.18750000000000006 0.54140625 0.18750000000000006
3 0.5140625 0.1552083333333334 0.50625 0.1552083333333334 0.50625 0.18125000000000005 0.5140625 0.18125000000000005
3 0.51953125 0.1510416666666667 0.5125 0.1510416666666667 0.5125 0.1708333333333334 0.51953125 0.1708333333333334
3 0.52734375 0.15833333333333338 0.51953125 0.15833333333333338 0.51953125 0.17604166666666674 0.52734375 0.17604166666666674
3 0.49765625 0.13020833333333343 0.4890625 0.13020833333333343 0.4890625 0.14791666666666672 0.49765625 0.14791666666666672
3 0.49453125 0.11458333333333343 0.48984375 0.11458333333333343 0.48984375 0.1281250000000001 0.49453125 0.1281250000000001
3 0.50234375 0.10208333333333343 0.496875 0.10208333333333343 0.496875 0.11979166666666675 0.50234375 0.11979166666666675
3 0.51171875 0.10416666666666675 0.50234375 0.10416666666666675 0.50234375 0.11875000000000009 0.51171875 0.11875000000000009
0 0.5109375 0.11875000000000009 0.50625 0.11875000000000009 0.50625 0.13437500000000005 0.5109375 0.13437500000000005
3 0.4890625 0.11145833333333342 0.48515625 0.11145833333333342 0.48515625 0.12916666666666676 0.4890625 0.12916666666666676
0 0.7835937500000001 0.9156250000000001 0.6765625 0.915625 0.6765625000000001 1.0000000000000002 0.7835937500000002 1.0000000000000002
0 0.70625 0.5958333333333333 0.603125 0.5958333333333333 0.603125 0.8052083333333333 0.70625 0.8052083333333333
0 0.565625 0.48854166666666676 0.49609375 0.48854166666666676 0.49609375 0.653125 0.565625 0.653125
0 0.6265625 0.4218750000000001 0.56640625 0.4218750000000001 0.56640625 0.553125 0.6265625 0.553125
0 0.65390625 0.36770833333333347 0.6 0.36770833333333347 0.6 0.4666666666666668 0.65390625 0.4666666666666668
0 0.5796875 0.3489583333333334 0.53046875 0.3489583333333334 0.53046875 0.44895833333333346 0.5796875 0.44895833333333346
0 0.528125 0.3447916666666668 0.47890625 0.3447916666666668 0.47890625 0.43333333333333346 0.528125 0.43333333333333346
0 0.509375 0.2791666666666668 0.47265625 0.2791666666666668 0.47265625 0.3541666666666668 0.509375 0.3541666666666668
0 0.49140625 0.23437500000000006 0.46015625 0.23437500000000006 0.46015625 0.2968750000000001 0.49140625 0.2968750000000001
0 0.52265625 0.2114583333333334 0.490625 0.2114583333333334 0.490625 0.26979166666666676 0.52265625 0.26979166666666676
0 0.5984375 0.2708333333333334 0.5578125 0.2708333333333334 0.5578125 0.33020833333333344 0.5984375 0.33020833333333344
0 0.54765625 0.18333333333333343 0.52265625 0.1833333333333334 0.52265625 0.23020833333333343 0.54765625 0.23020833333333346
0 0.509375 0.1802083333333334 0.490625 0.1802083333333334 0.490625 0.21875000000000006 0.509375 0.21875000000000006
0 0.50703125 0.15833333333333338 0.4875 0.15833333333333338 0.4875 0.18958333333333338 0.50703125 0.18958333333333338
0 0.51328125 0.13229166666666675 0.5 0.13229166666666675 0.5 0.15625000000000006 0.51328125 0.15625000000000006
3 0.50625 0.11458333333333343 0.49296875 0.11458333333333343 0.49296875 0.12916666666666676 0.50625 0.12916666666666676
0 0.49765625 0.1458333333333334 0.48046875 0.1458333333333334 0.48046875 0.17187500000000006 0.49765625 0.17187500000000006
0 0.49140625 0.1364583333333334 0.4765625 0.1364583333333334 0.4765625 0.15729166666666672 0.49140625 0.15729166666666672
0 0.49140625 0.12916666666666676 0.478125 0.12916666666666676 0.478125 0.14166666666666672 0.49140625 0.14166666666666672
0 0.48359375 0.11666666666666675 0.4734375 0.11666666666666675 0.4734375 0.1354166666666667 0.48359375 0.1354166666666667
0 0.48828125 0.10208333333333343 0.47265625 0.10208333333333343 0.47265625 0.1218750000000001 0.48828125 0.1218750000000001
0 0.49609375 0.09375000000000008 0.48515625 0.09375000000000008 0.48515625 0.11354166666666675 0.49609375 0.11354166666666675
2 0.49609375 0.07604166666666676 0.48203125 0.07604166666666676 0.48203125 0.09479166666666676 0.49609375 0.09479166666666676
2 0.46875 0.10833333333333342 0.4578125 0.10833333333333342 0.4578125 0.12395833333333342 0.46875 0.12395833333333342
2 0.475 0.11875000000000009 0.45546875 0.11875000000000009 0.45546875 0.16354166666666672 0.475 0.16354166666666672
2 0.484375 0.15312500000000007 0.4546875 0.15312500000000007 0.4546875 0.23125000000000007 0.484375 0.23125000000000007
0 0.48359375 0.09479166666666676 0.478125 0.09479166666666676 0.478125 0.10312500000000009 0.48359375 0.10312500000000009
0 0.47890625 0.09895833333333343 0.471875 0.09895833333333343 0.471875 0.11250000000000009 0.47890625 0.11250000000000009
3 0.471875 0.10833333333333342 0.46875 0.10833333333333342 0.46875 0.11770833333333343 0.471875 0.11770833333333343
3 0.50234375 0.09166666666666676 0.49765625 0.09166666666666676 0.49765625 0.10000000000000009 0.50234375 0.10000000000000009
3 0.51015625 0.08958333333333342 0.5046875 0.08958333333333342 0.5046875 0.10104166666666675 0.51015625 0.10104166666666675
3 0.5046875 0.08958333333333342 0.49921875 0.08958333333333342 0.49921875 0.10312500000000009 0.5046875 0.10312500000000009
3 0.5 0.12604166666666675 0.49609375 0.12604166666666675 0.49609375 0.14270833333333338 0.5 0.14270833333333338
3 0.515625 0.13437500000000005 0.51328125 0.13437500000000005 0.51328125 0.14687500000000006 0.515625 0.14687500000000006
3 0.5 0.14062500000000006 0.496875 0.14062500000000006 0.496875 0.1552083333333334 0.5 0.1552083333333334