3 0.3437500000000001 0.93125 0.2953125000000001 0.93125 0.2953125000000001 1 0.3437500000000001 1
0 0.28984375000000007 0.8072916666666666 0.16562500000000008 0.8072916666666666 0.16562500000000008 1 0.28984375000000007 1
3 0.43828125 0.7125 0.39921875000000007 0.7125 0.39921875000000007 0.8552083333333333 0.43828125 0.8552083333333333
3 0.48984375 0.60625 0.44765625 0.60625 0.44765625 0.74375 0.48984375 0.74375
3 0.3898437500000001 0.6010416666666667 0.3539062500000001 0.6010416666666667 0.3539062500000001 0.7354166666666667 0.3898437500000001 0.7354166666666667
3 0.3031250000000001 0.5791666666666667 0.2679687500000001 0.5791666666666667 0.2679687500000001 0.6989583333333333 0.3031250000000001 0.6989583333333333
3 0.25859375000000007 0.571875 0.2234375000000001 0.571875 0.2234375000000001 0.690625 0.25859375000000007 0.690625
3 0.2929687500000001 0.5479166666666667 0.26640625000000007 0.5479166666666667 0.26640625000000007 0.6385416666666667 0.2929687500000001 0.6385416666666667
3 0.31718750000000007 0.47604166666666664 0.2828125 0.47604166666666664 0.2828125 0.5875 0.31718750000000007 0.5875
3 0.42734375 0.45937500000000014 0.38984375 0.45937500000000014 0.38984375000000004 0.571875 0.42734375 0.571875
3 0.4671875 0.45729166666666676 0.44140625 0.45729166666666676 0.44140625 0.5583333333333333 0.4671875 0.5583333333333333
3 0.4890625 0.4218750000000001 0.4640625 0.4218750000000001 0.4640625 0.5229166666666668 0.4890625 0.5229166666666668
3 0.4625 0.32187500000000013 0.440625 0.32187500000000013 0.440625 0.3958333333333334 0.4625 0.3958333333333334
3 0.37890625 0.3364583333333334 0.36171875 0.33645833333333336 0.36171875 0.4208333333333334 0.37890625 0.42083333333333345
3 0.43359375 0.30520833333333347 0.415625 0.30520833333333347 0.415625 0.36562500000000014 0.43359375 0.36562500000000014
3 0.42265625 0.2885416666666668 0.4078125 0.2885416666666668 0.4078125 0.35520833333333346 0.42265625 0.35520833333333346
3 0.4375 0.2395833333333334 0.4234375 0.2395833333333334 0.4234375 0.29270833333333346 0.4375 0.29270833333333346
3 0.4671875 0.23854166666666674 0.45 0.23854166666666674 0.45 0.29895833333333344 0.4671875 0.29895833333333344
3 0.475 0.20729166666666674 0.46171875 0.20729166666666674 0.46171875 0.26250000000000007 0.475 0.26250000000000007
3 0.48046875 0.15833333333333338 0.47109375 0.15833333333333338 0.47109375 0.1958333333333334 0.48046875 0.1958333333333334
3 0.49921875 0.15937500000000007 0.4890625 0.15937500000000007 0.4890625 0.19479166666666672 0.49921875 0.19479166666666672
3 0.5078125 0.1520833333333334 0.4984375 0.1520833333333334 0.4984375 0.18541666666666673 0.5078125 0.18541666666666673
3 0.53125 0.1312500000000001 0.52265625 0.1312500000000001 0.52265625 0.16041666666666674 0.53125 0.16041666666666674
3 0.5125 0.11666666666666675 0.5046875 0.11666666666666675 0.5046875 0.1364583333333334 0.5125 0.1364583333333334
3 0.49921875 0.1333333333333334 0.490625 0.1333333333333334 0.490625 0.15833333333333338 0.49921875 0.15833333333333338
3 0.50390625 0.13854166666666673 0.496875 0.13854166666666673 0.496875 0.15937500000000007 0.50390625 0.15937500000000007
3 0.490625 0.14062500000000006 0.4828125 0.14062500000000006 0.4828125 0.17291666666666672 0.490625 0.17291666666666672
3 0.53125 0.10833333333333342 0.52578125 0.10833333333333342 0.52578125 0.1281250000000001 0.53125 0.1281250000000001
0 0.50703125 0.10312500000000009 0.49453125 0.10312500000000009 0.49453125 0.1270833333333334 0.50703125 0.1270833333333334
3 0.5 0.10104166666666675 0.49375 0.10104166666666675 0.49375 0.11875000000000009 0.5 0.11875000000000009
0 0.52265625 0.08645833333333343 0.50859375 0.08645833333333343 0.50859375 0.11145833333333342 0.52265625 0.11145833333333342
3 0.50546875 0.08854166666666675 0.5015625 0.08854166666666675 0.5015625 0.10312500000000009 0.50546875 0.10312500000000009
0 0.48984375 0.3562500000000001 0.446875 0.3562500000000001 0.446875 0.45208333333333345 0.48984375 0.45208333333333345