3 0.08515625000000009 0.8989583333333333 0.041406250000000075 0.8989583333333333 0.04140625000000008 1 0.08515625000000009 1
3 0.12109375000000008 0.9395833333333333 0.06875000000000009 0.9395833333333333 0.06875000000000009 1 0.12109375000000008 1
3 0.2195312500000001 0.8166666666666667 0.1625000000000001 0.8166666666666667 0.1625000000000001 0.9802083333333333 0.2195312500000001 0.9802083333333333
3 0.31484375000000003 0.478125 0.2890625 0.478125 0.28906250000000006 0.5364583333333334 0.3148437500000001 0.5364583333333334
3 0.42734375 0.4895833333333334 0.3937500000000001 0.4895833333333334 0.3937500000000001 0.5791666666666667 0.42734375 0.5791666666666667
3 0.51171875 0.49375000000000013 0.48046875 0.49375000000000013 0.48046875 0.5885416666666666 0.51171875 0.5885416666666666
3 0.45234375 0.42812500000000014 0.4296875 0.42812500000000014 0.4296875 0.5104166666666667 0.45234375 0.5104166666666667
3 0.35703125 0.41354166666666664 0.325 0.41354166666666664 0.32500000000000007 0.49583333333333335 0.3570312500000001 0.49583333333333335
3 0.53125 0.3312500000000001 0.51328125 0.3312500000000001 0.51328125 0.3916666666666668 0.53125 0.3916666666666668
3 0.475 0.3093750000000001 0.4609375 0.3093750000000001 0.4609375 0.36562500000000014 0.475 0.36562500000000014
3 0.5234375 0.3750000000000001 0.5046875 0.3750000000000001 0.5046875 0.44166666666666676 0.5234375 0.44166666666666676
3 0.4921875 0.3593750000000001 0.47265625 0.3593750000000001 0.47265625 0.4218750000000001 0.4921875 0.4218750000000001
3 0.45859375 0.37395833333333345 0.43984375 0.37395833333333345 0.43984375 0.44583333333333347 0.45859375 0.44583333333333347
3 0.36640625 0.36666666666666675 0.35 0.36666666666666664 0.35 0.4364583333333334 0.36640625 0.43645833333333345
3 0.37890625 0.3916666666666667 0.35703125 0.39166666666666666 0.35703125 0.4677083333333334 0.37890625 0.46770833333333345
3 0.446875 0.2937500000000001 0.43203125 0.2937500000000001 0.43203125 0.33645833333333347 0.446875 0.33645833333333347
0 0.4140625 0.32187500000000013 0.375 0.32187500000000013 0.375 0.39270833333333344 0.4140625 0.39270833333333344
3 0.390625 0.30104166666666676 0.3765625 0.30104166666666676 0.3765625 0.3468750000000001 0.390625 0.3468750000000001
3 0.41484375 0.2947916666666668 0.40625 0.2947916666666668 0.40625 0.33020833333333344 0.41484375 0.33020833333333344
3 0.40703125 0.28333333333333344 0.3953125 0.28333333333333344 0.3953125 0.32187500000000013 0.40703125 0.32187500000000013
3 0.43828125 0.2843750000000001 0.42421875 0.2843750000000001 0.42421875 0.33020833333333344 0.43828125 0.33020833333333344
3 0.425 0.26562500000000006 0.41328125 0.26562500000000006 0.41328125 0.2968750000000001 0.425 0.2968750000000001
3 0.43671875 0.25520833333333337 0.428125 0.25520833333333337 0.428125 0.29062500000000013 0.43671875 0.29062500000000013
3 0.44765625 0.2520833333333334 0.4359375 0.2520833333333334 0.4359375 0.2979166666666668 0.44765625 0.2979166666666668
3 0.4265625 0.2458333333333334 0.41640625 0.2458333333333334 0.41640625 0.2843750000000001 0.4265625 0.2843750000000001
3 0.4375 0.23229166666666673 0.425 0.23229166666666673 0.425 0.2666666666666668 0.4375 0.2666666666666668
3 0.4484375 0.20937500000000006 0.4375 0.20937500000000006 0.4375 0.2447916666666667 0.4484375 0.2447916666666667
3 0.45 0.23437500000000006 0.440625 0.23437500000000006 0.440625 0.26250000000000007 0.45 0.26250000000000007
3 0.45546875 0.1927083333333334 0.446875 0.1927083333333334 0.446875 0.2135416666666667 0.45546875 0.2135416666666667
3 0.465625 0.18437500000000007 0.4546875 0.18437500000000007 0.4546875 0.21666666666666673 0.465625 0.21666666666666673
3 0.47578125 0.17916666666666672 0.46796875 0.17916666666666672 0.46796875 0.20625000000000007 0.47578125 0.20625000000000007
3 0.4828125 0.16875000000000007 0.475 0.16875000000000007 0.475 0.19687500000000005 0.4828125 0.19687500000000005
3 0.475 0.16875000000000007 0.46796875 0.16875000000000007 0.46796875 0.19375000000000006 0.475 0.19375000000000006
3 0.46875 0.1770833333333334 0.46171875 0.1770833333333334 0.46171875 0.19687500000000005 0.46875 0.19687500000000005
3 0.49375 0.15312500000000007 0.48125 0.15312500000000007 0.48125 0.1822916666666667 0.49375 0.1822916666666667
3 0.49609375 0.1281250000000001 0.4859375 0.1281250000000001 0.4859375 0.1510416666666667 0.49609375 0.1510416666666667
3 0.49140625 0.13750000000000007 0.48515625 0.13750000000000007 0.48515625 0.1614583333333334 0.49140625 0.1614583333333334
3 0.50546875 0.2593750000000001 0.49453125 0.2593750000000001 0.49453125 0.3000000000000001 0.50546875 0.3000000000000001
3 0.521875 0.2760416666666668 0.51015625 0.2760416666666668 0.51015625 0.3250000000000001 0.521875 0.3250000000000001
3 0.5140625 0.25000000000000006 0.5046875 0.25000000000000006 0.5046875 0.28958333333333347 0.5140625 0.28958333333333347
3 0.52109375 0.23125000000000007 0.5109375 0.23125000000000007 0.5109375 0.26354166666666673 0.52109375 0.26354166666666673
3 0.53828125 0.24166666666666672 0.525 0.24166666666666672 0.525 0.2864583333333334 0.53828125 0.2864583333333334
3 0.5171875 0.20000000000000007 0.5109375 0.20000000000000007 0.5109375 0.23229166666666673 0.5171875 0.23229166666666673
3 0.52578125 0.19062500000000007 0.51640625 0.19062500000000007 0.51640625 0.22291666666666674 0.52578125 0.22291666666666674
0 0.54140625 0.15729166666666672 0.52421875 0.15729166666666672 0.52421875 0.19062500000000007 0.54140625 0.19062500000000007
3 0.5421875 0.15000000000000005 0.5375 0.15000000000000005 0.5375 0.16041666666666674 0.5421875 0.16041666666666674
3 0.5265625 0.11666666666666675 0.51953125 0.11666666666666675 0.51953125 0.1395833333333334 0.5265625 0.1395833333333334
3 0.51796875 0.10729166666666676 0.5109375 0.10729166666666676 0.5109375 0.1270833333333334 0.51796875 0.1270833333333334
3 0.509375 0.10312500000000009 0.50546875 0.10312500000000009 0.50546875 0.1218750000000001 0.509375 0.1218750000000001
3 0.50390625 0.10104166666666675 0.49921875 0.10104166666666675 0.49921875 0.1218750000000001 0.50390625 0.1218750000000001
3 0.4984375 0.10000000000000009 0.49296875 0.10000000000000009 0.49296875 0.11770833333333343 0.4984375 0.11770833333333343
3 0.5109375 0.09375000000000008 0.50625 0.09375000000000008 0.50625 0.10520833333333342 0.5109375 0.10520833333333342
3 0.503125 0.09166666666666676 0.49921875 0.09166666666666676 0.49921875 0.10416666666666675 0.503125 0.10416666666666675
0 0.5125 0.1666666666666667 0.4984375 0.1666666666666667 0.4984375 0.20000000000000007 0.5125 0.20000000000000007
0 0.51328125 0.1520833333333334 0.496875 0.1520833333333334 0.496875 0.1770833333333334 0.51328125 0.1770833333333334
0 0.50625 0.13020833333333343 0.49296875 0.13020833333333343 0.49296875 0.15625000000000006 0.50625 0.15625000000000006
0 0.53515625 0.1354166666666667 0.52265625 0.1354166666666667 0.52265625 0.16354166666666672 0.53515625 0.16354166666666672
0 0.5140625 0.13750000000000007 0.503125 0.13750000000000007 0.503125 0.16041666666666674 0.5140625 0.16041666666666674
0 0.534375 0.17604166666666674 0.515625 0.17604166666666674 0.515625 0.20520833333333338 0.534375 0.20520833333333338
0 0.4953125 0.1864583333333334 0.478125 0.1864583333333334 0.478125 0.21979166666666672 0.4953125 0.21979166666666672
0 0.5390625 0.20625000000000007 0.5203125 0.20625000000000007 0.5203125 0.2447916666666667 0.5390625 0.2447916666666667
0 0.5 0.21250000000000005 0.484375 0.21250000000000005 0.484375 0.2593750000000001 0.5 0.2593750000000001
2 0.48359375 0.2020833333333334 0.44921875 0.2020833333333334 0.44921875 0.30833333333333346 0.48359375 0.30833333333333346
0 0.51171875 0.2968750000000001 0.47890625 0.2968750000000001 0.47890625 0.37916666666666676 0.51171875 0.37916666666666676
0 0.453125 0.33229166666666676 0.4109375 0.33229166666666676 0.4109375 0.4041666666666668 0.453125 0.4041666666666668
0 0.5125 0.4187500000000001 0.4609375 0.4187500000000001 0.4609375 0.5093750000000001 0.5125 0.5093750000000001
0 0.421875 0.40000000000000013 0.36640625 0.40000000000000013 0.36640625000000004 0.5072916666666668 0.421875 0.5072916666666668
0 0.32500000000000007 0.5291666666666667 0.23437500000000008 0.5291666666666667 0.23437500000000008 0.6947916666666667 0.32500000000000007 0.6947916666666667
2 0.5007812500000001 0.5833333333333334 0.2843750000000001 0.5833333333333334 0.2843750000000001 1 0.5007812500000002 1
0 0.36796875000000007 0.6104166666666667 0.2890625000000001 0.6104166666666667 0.2890625000000001 0.7916666666666666 0.36796875000000007 0.7916666666666666