2 0.50625 0.23645833333333338 0.4640625 0.23645833333333338 0.4640625 0.31458333333333344 0.50625 0.31458333333333344
0 0.484375 0.22604166666666672 0.465625 0.22604166666666672 0.465625 0.26562500000000006 0.484375 0.26562500000000006
3 0.46328125 0.2270833333333334 0.45078125 0.2270833333333334 0.45078125 0.2541666666666667 0.46328125 0.2541666666666667
0 0.48203125 0.2083333333333334 0.4609375 0.2083333333333334 0.4609375 0.24375000000000005 0.48203125 0.24375000000000005
3 0.4578125 0.21250000000000005 0.44765625 0.21250000000000005 0.44765625 0.24062500000000006 0.4578125 0.24062500000000006
0 0.47734375 0.19479166666666672 0.4578125 0.19479166666666672 0.4578125 0.2114583333333334 0.47734375 0.2114583333333334
0 0.4671875 0.1802083333333334 0.45390625 0.1802083333333334 0.45390625 0.1927083333333334 0.4671875 0.1927083333333334
0 0.46484375 0.15729166666666672 0.44921875 0.15729166666666672 0.44921875 0.17291666666666672 0.46484375 0.17291666666666672
0 0.46796875 0.1395833333333334 0.4546875 0.1395833333333334 0.4546875 0.15625000000000006 0.46796875 0.15625000000000006
0 0.46640625 0.12291666666666674 0.453125 0.12291666666666673 0.453125 0.13750000000000007 0.46640625 0.13750000000000007
2 0.47265625 0.09270833333333342 0.4578125 0.09270833333333342 0.4578125 0.12395833333333342 0.47265625 0.12395833333333342
3 0.49375 0.18125000000000005 0.47421875 0.18125000000000005 0.47421875 0.21666666666666673 0.49375 0.21666666666666673
0 0.49453125 0.16562500000000005 0.475 0.16562500000000005 0.475 0.19375000000000006 0.49453125 0.19375000000000006
0 0.49921875 0.1520833333333334 0.4734375 0.1520833333333334 0.4734375 0.1927083333333334 0.49921875 0.1927083333333334
0 0.48125 0.1312500000000001 0.4703125 0.1312500000000001 0.4703125 0.1510416666666667 0.48125 0.1510416666666667
0 0.4859375 0.14062500000000006 0.47578125 0.14062500000000006 0.47578125 0.15416666666666673 0.4859375 0.15416666666666673
0 0.4890625 0.12083333333333342 0.47265625 0.12083333333333342 0.47265625 0.1333333333333334 0.4890625 0.1333333333333334
0 0.48203125 0.10729166666666676 0.46953125 0.10729166666666676 0.46953125 0.11875000000000009 0.48203125 0.11875000000000009
0 0.490625 0.10312500000000009 0.47734375 0.10312500000000009 0.47734375 0.11458333333333343 0.490625 0.11458333333333343
0 0.50390625 0.13020833333333343 0.48671875 0.13020833333333343 0.48671875 0.14479166666666674 0.50390625 0.14479166666666674
0 0.50703125 0.14062500000000006 0.49453125 0.14062500000000006 0.49453125 0.15625000000000006 0.50703125 0.15625000000000006
0 0.51015625 0.11979166666666675 0.48984375 0.11979166666666675 0.48984375 0.1281250000000001 0.51015625 0.1281250000000001
0 0.503125 0.11041666666666676 0.4890625 0.11041666666666676 0.4890625 0.11979166666666675 0.503125 0.11979166666666675
3 0.51015625 0.09687500000000009 0.496875 0.09687500000000009 0.496875 0.12291666666666676 0.51015625 0.12291666666666676
0 0.51015625 0.08645833333333343 0.49453125 0.08645833333333343 0.49453125 0.11041666666666676 0.51015625 0.11041666666666676
0 0.52109375 0.15937500000000007 0.49921875 0.15937500000000007 0.49921875 0.1864583333333334 0.52109375 0.1864583333333334
0 0.51640625 0.21041666666666672 0.496875 0.21041666666666672 0.496875 0.24166666666666672 0.51640625 0.24166666666666672
0 0.52890625 0.18125000000000005 0.509375 0.18125000000000005 0.509375 0.20520833333333338 0.52890625 0.20520833333333338
0 0.51328125 0.19479166666666672 0.48671875 0.19479166666666672 0.48671875 0.2291666666666667 0.51328125 0.2291666666666667
0 0.54609375 0.20729166666666676 0.521875 0.20729166666666674 0.521875 0.24166666666666675 0.54609375 0.24166666666666678
0 0.56015625 0.2208333333333334 0.53125 0.22083333333333338 0.53125 0.27395833333333347 0.56015625 0.27395833333333347
3 0.515625 0.2510416666666667 0.5015625 0.2510416666666667 0.5015625 0.29895833333333344 0.515625 0.29895833333333344
0 0.5296875 0.23854166666666674 0.5015625 0.23854166666666674 0.5015625 0.26979166666666676 0.5296875 0.26979166666666676
1 0.528125 0.3385416666666668 0.4796875 0.3385416666666668 0.4796875 0.4656250000000001 0.528125 0.4656250000000001
0 0.55703125 0.26250000000000007 0.5203125 0.26250000000000007 0.5203125 0.3406250000000001 0.55703125 0.3406250000000001
0 0.50234375 0.2843750000000001 0.47421875 0.2843750000000001 0.47421875 0.33958333333333346 0.50234375 0.33958333333333346
3 0.5671875 0.4604166666666668 0.5359375 0.4604166666666668 0.5359375 0.553125 0.5671875 0.553125
3 0.59765625 0.4822916666666668 0.55703125 0.4822916666666668 0.55703125 0.5489583333333333 0.59765625 0.5489583333333333
0 0.621875 0.40833333333333344 0.55859375 0.40833333333333344 0.55859375 0.5416666666666666 0.621875 0.5416666666666666
3 0.55703125 0.37395833333333345 0.53984375 0.37395833333333345 0.53984375 0.4250000000000001 0.55703125 0.4250000000000001
0 0.60078125 0.3468750000000001 0.5546875 0.3468750000000001 0.5546875 0.43020833333333347 0.60078125 0.43020833333333347
1 0.78515625 0.3604166666666668 0.62109375 0.3604166666666668 0.62109375 0.7010416666666668 0.78515625 0.7010416666666669
0 0.55703125 0.46250000000000013 0.49921875 0.46250000000000013 0.49921875 0.5916666666666667 0.55703125 0.5916666666666667
0 0.66328125 0.546875 0.57109375 0.546875 0.57109375 0.7072916666666667 0.66328125 0.7072916666666667
0 0.6078125 0.5739583333333333 0.51015625 0.5739583333333333 0.51015625 0.7291666666666666 0.6078125 0.7291666666666666
0 0.58515625 0.684375 0.4875 0.684375 0.4875 0.9239583333333333 0.58515625 0.9239583333333333
0 0.76796875 0.6656250000000001 0.65234375 0.665625 0.65234375 0.8791666666666668 0.76796875 0.8791666666666669
0 0.90234375 0.8333333333333336 0.7640625 0.8333333333333336 0.7640625000000001 1.0000000000000002 0.90234375 1.0000000000000002
0 0.7890625000000001 0.9541666666666668 0.70390625 0.9541666666666667 0.7039062500000001 1.0000000000000002 0.7890625000000002 1.0000000000000002
3 0.6453125000000001 0.9510416666666667 0.60546875 0.9510416666666667 0.6054687500000001 1 0.6453125000000002 1
3 0.5546875000000001 0.9104166666666667 0.515625 0.9104166666666667 0.5156250000000001 1 0.5546875000000002 1
3 0.7156250000000001 0.8854166666666666 0.67265625 0.8854166666666666 0.6726562500000001 1 0.7156250000000002 1
3 0.65234375 0.8197916666666667 0.6046875 0.8197916666666667 0.6046875 0.93125 0.65234375 0.93125
3 0.6890625 0.7885416666666667 0.63984375 0.7885416666666667 0.63984375 0.9447916666666667 0.6890625 0.9447916666666667
3 0.6296875 0.7072916666666667 0.58125 0.7072916666666667 0.58125 0.8364583333333333 0.6296875 0.8364583333333333
3 0.66953125 0.7416666666666667 0.63515625 0.7416666666666667 0.63515625 0.8229166666666666 0.66953125 0.8229166666666666
3 0.65390625 0.6708333333333333 0.609375 0.6708333333333333 0.609375 0.771875 0.65390625 0.771875
3 0.778125 0.8312500000000002 0.7109375 0.83125 0.7109375 0.9614583333333334 0.778125 0.9614583333333335
3 0.99765625 0.7260416666666669 0.96953125 0.7260416666666669 0.96953125 0.8781250000000003 0.99765625 0.8781250000000003
3 0.93046875 0.9177083333333336 0.878125 0.9177083333333336 0.878125 0.9927083333333335 0.93046875 0.9927083333333335
3 0.9640625 0.9072916666666669 0.928125 0.9072916666666669 0.928125 1.0000000000000002 0.9640625 1.0000000000000002
3 0.90546875 0.8500000000000002 0.853125 0.8500000000000002 0.853125 0.9354166666666669 0.90546875 0.9354166666666669
3 0.8890625 0.7604166666666669 0.8375 0.7604166666666669 0.8375 0.8656250000000002 0.8890625 0.8656250000000002
3 0.8359375 0.7697916666666669 0.7796875 0.7697916666666669 0.7796875 0.8562500000000003 0.8359375 0.8562500000000003
3 0.8578125 0.7635416666666669 0.8109375 0.7635416666666669 0.8109375 0.8322916666666669 0.8578125 0.8322916666666669
3 0.79453125 0.6822916666666669 0.7453125 0.6822916666666669 0.7453125 0.8062500000000002 0.79453125 0.8062500000000002
3 0.815625 0.6062500000000003 0.765625 0.6062500000000003 0.765625 0.7041666666666669 0.815625 0.7041666666666669
3 0.54453125 0.4291666666666668 0.52890625 0.4291666666666668 0.52890625 0.4843750000000001 0.54453125 0.4843750000000001
3 0.5359375 0.37916666666666676 0.5203125 0.37916666666666676 0.5203125 0.4510416666666668 0.5359375 0.4510416666666668
3 0.5546875 0.4010416666666668 0.52109375 0.4010416666666668 0.52109375 0.44375000000000014 0.5546875 0.44375000000000014
3 0.534375 0.3593750000000001 0.509375 0.3593750000000001 0.509375 0.3958333333333334 0.534375 0.3958333333333334
3 0.52734375 0.33437500000000014 0.5140625 0.33437500000000014 0.5140625 0.3750000000000001 0.52734375 0.3750000000000001
3 0.54140625 0.3250000000000001 0.52578125 0.3250000000000001 0.52578125 0.37395833333333345 0.54140625 0.37395833333333345
3 0.55 0.35000000000000014 0.53984375 0.35000000000000014 0.53984375 0.38645833333333346 0.55 0.38645833333333346
3 0.628125 0.3854166666666668 0.59453125 0.3854166666666668 0.59453125 0.47291666666666676 0.628125 0.47291666666666676
3 0.609375 0.3354166666666668 0.59296875 0.3354166666666668 0.59296875 0.4010416666666668 0.609375 0.4010416666666668
3 0.63671875 0.3510416666666668 0.60390625 0.3510416666666668 0.60390625 0.4270833333333334 0.63671875 0.4270833333333334
3 0.57421875 0.32083333333333347 0.5515625 0.32083333333333347 0.5515625 0.35833333333333345 0.57421875 0.35833333333333345
3 0.590625 0.3135416666666668 0.575 0.3135416666666668 0.575 0.3604166666666668 0.590625 0.3604166666666668
3 0.61328125 0.3135416666666668 0.59921875 0.3135416666666668 0.59921875 0.3593750000000001 0.61328125 0.3593750000000001
0 0.5890625 0.27187500000000014 0.55234375 0.27187500000000014 0.55234375 0.3312500000000001 0.5890625 0.3312500000000001
3 0.60546875 0.28750000000000014 0.58125 0.28750000000000014 0.58125 0.32395833333333346 0.60546875 0.32395833333333346
0 0.5921875 0.2437500000000001 0.5546875 0.2437500000000001 0.5546875 0.3000000000000001 0.5921875 0.3000000000000001
3 0.57265625 0.23750000000000013 0.5609375 0.23750000000000013 0.5609375 0.2572916666666668 0.57265625 0.2572916666666668
3 0.57265625 0.22395833333333345 0.55390625 0.22395833333333345 0.55390625 0.24166666666666678 0.57265625 0.24166666666666678
3 0.56171875 0.20937500000000012 0.55 0.20937500000000012 0.55 0.23020833333333346 0.56171875 0.23020833333333346
3 0.54921875 0.2000000000000001 0.53828125 0.20000000000000007 0.53828125 0.2218750000000001 0.54921875 0.22187500000000013
3 0.5328125 0.17812500000000006 0.52265625 0.17812500000000006 0.52265625 0.20000000000000007 0.5328125 0.20000000000000007
3 0.54375 0.1833333333333334 0.53046875 0.1833333333333334 0.53046875 0.20520833333333338 0.54375 0.20520833333333338
3 0.553125 0.1937500000000001 0.54140625 0.19375000000000006 0.54140625 0.20833333333333343 0.553125 0.20833333333333345
3 0.53125 0.1645833333333334 0.5203125 0.1645833333333334 0.5203125 0.1833333333333334 0.53125 0.1833333333333334
3 0.496875 0.2135416666666667 0.4828125 0.2135416666666667 0.4828125 0.2427083333333334 0.496875 0.2427083333333334
3 0.490625 0.20416666666666672 0.4796875 0.20416666666666672 0.4796875 0.23229166666666673 0.490625 0.23229166666666673
3 0.51484375 0.26770833333333344 0.50390625 0.26770833333333344 0.50390625 0.3156250000000001 0.51484375 0.3156250000000001
3 0.5203125 0.13750000000000007 0.5125 0.13750000000000007 0.5125 0.1645833333333334 0.5203125 0.1645833333333334
3 0.515625 0.1270833333333334 0.50390625 0.1270833333333334 0.50390625 0.14791666666666672 0.515625 0.14791666666666672