2 0.4859375000000001 0.4458333333333334 0.2734375 0.44583333333333336 0.27343750000000006 1 0.4859375000000002 1
2 0.52578125 0.28541666666666676 0.4875 0.28541666666666676 0.4875 0.35208333333333347 0.52578125 0.35208333333333347
2 0.5328125 0.2302083333333334 0.49765625 0.2302083333333334 0.49765625 0.2885416666666668 0.5328125 0.2885416666666668
0 0.50546875 0.48645833333333344 0.47109375 0.48645833333333344 0.47109375 0.6416666666666667 0.50546875 0.6416666666666667
2 0.23593750000000008 0.8260416666666667 0.07734375000000007 0.8260416666666667 0.07734375000000007 1 0.23593750000000008 1
2 0.3148437500000001 0.7822916666666667 0.2289062500000001 0.7822916666666667 0.2289062500000001 1 0.3148437500000001 1
2 0.3414062500000001 0.5760416666666667 0.2429687500000001 0.5760416666666667 0.2429687500000001 0.7447916666666666 0.3414062500000001 0.7447916666666666
2 0.4046875 0.46666666666666673 0.31953125 0.4666666666666667 0.31953125000000004 0.6135416666666667 0.4046875 0.6135416666666667
2 0.40625 0.43020833333333347 0.36640625 0.43020833333333347 0.36640625000000004 0.5020833333333334 0.40625 0.5020833333333334
2 0.43046875 0.3822916666666668 0.37109375 0.3822916666666668 0.37109375 0.47291666666666676 0.43046875 0.47291666666666676
2 0.509375 0.36145833333333344 0.4578125 0.36145833333333344 0.4578125 0.49895833333333345 0.509375 0.49895833333333345
2 0.45625 0.3260416666666668 0.41015625 0.3260416666666668 0.41015625 0.3885416666666668 0.45625 0.3885416666666668
2 0.5234375 0.3260416666666668 0.478125 0.3260416666666668 0.478125 0.3979166666666668 0.5234375 0.3979166666666668
2 0.47890625 0.2864583333333334 0.434375 0.2864583333333334 0.434375 0.34270833333333345 0.47890625 0.34270833333333345
2 0.4453125 0.25000000000000006 0.42109375 0.25000000000000006 0.42109375 0.32187500000000013 0.4453125 0.32187500000000013
3 0.50859375 0.24687500000000007 0.48671875 0.24687500000000007 0.48671875 0.28750000000000014 0.50859375 0.28750000000000014
2 0.4921875 0.2520833333333334 0.4640625 0.2520833333333334 0.4640625 0.29583333333333345 0.4921875 0.29583333333333345
2 0.53046875 0.20625000000000007 0.5125 0.20625000000000007 0.5125 0.23437500000000006 0.53046875 0.23437500000000006
2 0.49765625 0.23541666666666672 0.46796875 0.23541666666666672 0.46796875 0.2645833333333334 0.49765625 0.2645833333333334
2 0.54296875 0.17395833333333338 0.52890625 0.17395833333333338 0.52890625 0.21041666666666672 0.54296875 0.21041666666666672
2 0.540625 0.18854166666666672 0.51796875 0.18854166666666672 0.51796875 0.2177083333333334 0.540625 0.2177083333333334
3 0.51328125 0.20625000000000007 0.49765625 0.20625000000000007 0.49765625 0.2333333333333334 0.51328125 0.2333333333333334
2 0.49921875 0.21562500000000007 0.47734375 0.21562500000000007 0.47734375 0.24062500000000006 0.49921875 0.24062500000000006
2 0.50703125 0.18750000000000006 0.48203125 0.18750000000000006 0.48203125 0.21979166666666672 0.50703125 0.21979166666666672
2 0.5484375 0.1625000000000001 0.528125 0.16250000000000006 0.528125 0.19479166666666675 0.5484375 0.19479166666666678
3 0.52734375 0.17395833333333338 0.51484375 0.17395833333333338 0.51484375 0.1927083333333334 0.52734375 0.1927083333333334
3 0.52421875 0.15625000000000006 0.5203125 0.15625000000000006 0.5203125 0.17395833333333338 0.52421875 0.17395833333333338
3 0.5171875 0.18958333333333338 0.5046875 0.18958333333333338 0.5046875 0.20625000000000007 0.5171875 0.20625000000000007
3 0.5171875 0.17916666666666672 0.50625 0.17916666666666672 0.50625 0.1927083333333334 0.5171875 0.1927083333333334
2 0.5203125 0.15937500000000007 0.50703125 0.15937500000000007 0.50703125 0.1822916666666667 0.5203125 0.1822916666666667
2 0.5125 0.15625000000000006 0.49296875 0.15625000000000006 0.49296875 0.17916666666666672 0.5125 0.17916666666666672
3 0.52734375 0.1510416666666667 0.5171875 0.1510416666666667 0.5171875 0.1614583333333334 0.52734375 0.1614583333333334
2 0.51328125 0.13437500000000005 0.49609375 0.13437500000000005 0.49609375 0.1614583333333334 0.51328125 0.1614583333333334
2 0.553125 0.13229166666666675 0.52890625 0.13229166666666675 0.52890625 0.17187500000000008 0.553125 0.1718750000000001
2 0.5421875 0.11562500000000009 0.52890625 0.11562500000000009 0.52890625 0.14687500000000006 0.5421875 0.14687500000000006
2 0.53984375 0.09895833333333343 0.52578125 0.09895833333333343 0.52578125 0.12291666666666676 0.53984375 0.12291666666666676
3 0.53046875 0.1354166666666667 0.521875 0.1354166666666667 0.521875 0.1458333333333334 0.53046875 0.1458333333333334
2 0.52109375 0.11145833333333342 0.50390625 0.11145833333333342 0.50390625 0.1312500000000001 0.52109375 0.1312500000000001
2 0.50703125 0.10416666666666675 0.48984375 0.10416666666666675 0.48984375 0.13437500000000005 0.50703125 0.13437500000000005
2 0.52734375 0.09479166666666676 0.50859375 0.09479166666666676 0.50859375 0.11354166666666675 0.52734375 0.11354166666666675
2 0.51640625 0.09375000000000008 0.50546875 0.09375000000000008 0.50546875 0.12083333333333342 0.51640625 0.12083333333333342
3 0.490625 0.17812500000000006 0.47734375 0.17812500000000006 0.47734375 0.19062500000000007 0.490625 0.19062500000000007
3 0.4953125 0.15000000000000005 0.48515625 0.15000000000000005 0.48515625 0.1645833333333334 0.4953125 0.1645833333333334
3 0.5 0.12604166666666675 0.48671875 0.12604166666666675 0.48671875 0.14062500000000006 0.5 0.14062500000000006
2 0.50078125 0.09270833333333342 0.49140625 0.09270833333333342 0.49140625 0.10729166666666676 0.50078125 0.10729166666666676
3 0.48984375 0.1645833333333334 0.4828125 0.1645833333333334 0.4828125 0.17916666666666672 0.48984375 0.17916666666666672
3 0.4734375 0.2291666666666667 0.46171875 0.2291666666666667 0.46171875 0.25729166666666675 0.4734375 0.25729166666666675
3 0.478125 0.20937500000000006 0.46640625 0.20937500000000006 0.46640625 0.22500000000000006 0.478125 0.22500000000000006
3 0.4796875 0.1958333333333334 0.46953125 0.1958333333333334 0.46953125 0.2145833333333334 0.4796875 0.2145833333333334
3 0.484375 0.17916666666666672 0.47265625 0.17916666666666672 0.47265625 0.2020833333333334 0.484375 0.2020833333333334
3 0.4890625 0.16250000000000006 0.47265625 0.16250000000000006 0.47265625 0.17187500000000006 0.4890625 0.17187500000000006
3 0.4890625 0.1510416666666667 0.47890625 0.1510416666666667 0.47890625 0.16250000000000006 0.4890625 0.16250000000000006
3 0.49375 0.1395833333333334 0.48515625 0.1395833333333334 0.48515625 0.1520833333333334 0.49375 0.1520833333333334
3 0.48203125 0.17500000000000007 0.47265625 0.17500000000000007 0.47265625 0.1833333333333334 0.48203125 0.1833333333333334
3 0.4828125 0.1510416666666667 0.46953125 0.1510416666666667 0.46953125 0.16562500000000005 0.4828125 0.16562500000000005
3 0.4859375 0.1354166666666667 0.47578125 0.1354166666666667 0.47578125 0.15000000000000005 0.4859375 0.15000000000000005
3 0.46171875 0.22291666666666674 0.4515625 0.22291666666666674 0.4515625 0.24687500000000007 0.46171875 0.24687500000000007
3 0.4671875 0.1979166666666667 0.45 0.1979166666666667 0.45 0.2145833333333334 0.4671875 0.2145833333333334
3 0.46953125 0.1979166666666667 0.46015625 0.1979166666666667 0.46015625 0.21666666666666673 0.46953125 0.21666666666666673
3 0.47578125 0.1802083333333334 0.46015625 0.1802083333333334 0.46015625 0.2020833333333334 0.47578125 0.2020833333333334
3 0.47890625 0.19687500000000005 0.4640625 0.19687500000000005 0.4640625 0.22187500000000007 0.47890625 0.22187500000000007
3 0.47578125 0.19375000000000006 0.45546875 0.19375000000000006 0.45546875 0.2177083333333334 0.47578125 0.2177083333333334
3 0.4625 0.25312500000000004 0.4484375 0.25312500000000004 0.4484375 0.2781250000000001 0.4625 0.2781250000000001
3 0.45 0.2791666666666668 0.434375 0.2791666666666668 0.434375 0.3020833333333334 0.45 0.3020833333333334
3 0.46015625 0.24166666666666672 0.4484375 0.24166666666666672 0.4484375 0.26770833333333344 0.46015625 0.26770833333333344
3 0.4546875 0.2177083333333334 0.4453125 0.2177083333333334 0.4453125 0.2458333333333334 0.4546875 0.2458333333333334
3 0.44140625 0.22291666666666674 0.421875 0.22291666666666674 0.421875 0.2520833333333334 0.44140625 0.2520833333333334
3 0.446875 0.2145833333333334 0.4328125 0.2145833333333334 0.4328125 0.23750000000000007 0.446875 0.23750000000000007
1 0.4265625 0.24375000000000005 0.3421875 0.24375000000000005 0.3421875 0.4145833333333334 0.4265625 0.41458333333333347
3 0.026562500000000083 0.8739583333333333 8.027177066286166e-17 0.8739583333333333 8.606014029945659e-17 1 0.02656250000000009 1
3 0.03281250000000009 0.94375 8.668203125214859e-17 0.94375 8.926527059410005e-17 1 0.03281250000000009 1
3 0.21875000000000008 0.7447916666666666 0.18906250000000008 0.7447916666666666 0.18906250000000008 0.8260416666666667 0.21875000000000008 0.8260416666666667
3 0.2453125000000001 0.7614583333333333 0.2062500000000001 0.7614583333333333 0.2062500000000001 0.8354166666666667 0.2453125000000001 0.8354166666666667
3 0.2648437500000001 0.7145833333333333 0.23593750000000008 0.7145833333333333 0.23593750000000008 0.8041666666666667 0.2648437500000001 0.8041666666666667
3 0.31328125000000007 0.7083333333333334 0.2687500000000001 0.7083333333333334 0.2687500000000001 0.8135416666666667 0.31328125000000007 0.8135416666666667