3 0.07812500000000008 0.7875 0.02968750000000008 0.7875 0.029687500000000082 0.9385416666666667 0.07812500000000008 0.9385416666666667
3 0.3453125000000001 0.6802083333333333 0.3140625000000001 0.6802083333333333 0.3140625000000001 0.8135416666666667 0.3453125000000001 0.8135416666666667
3 0.20468750000000008 0.6479166666666667 0.17578125000000006 0.6479166666666667 0.17578125000000006 0.775 0.20468750000000008 0.775
3 0.2117187500000001 0.56875 0.17421875000000003 0.56875 0.17421875000000003 0.68125 0.2117187500000001 0.68125
3 0.24062500000000003 0.44166666666666665 0.215625 0.44166666666666665 0.21562500000000004 0.5291666666666667 0.2406250000000001 0.5291666666666667
3 0.28593750000000007 0.42083333333333334 0.26796875 0.42083333333333334 0.26796875000000003 0.5083333333333333 0.28593750000000007 0.5083333333333333
3 0.26953125000000006 0.4010416666666667 0.24921875 0.4010416666666667 0.24921875000000004 0.484375 0.2695312500000001 0.484375
3 0.3578125 0.39791666666666664 0.33828125 0.39791666666666664 0.33828125 0.475 0.3578125 0.475
3 0.35859375 0.32708333333333334 0.34140625 0.32708333333333334 0.34140625 0.396875 0.35859375 0.396875
3 0.30625 0.33125 0.2890625 0.33125 0.2890625 0.41041666666666665 0.30625 0.41041666666666665
3 0.284375 0.315625 0.26796875 0.315625 0.26796875 0.384375 0.284375 0.384375
3 0.3125 0.27291666666666664 0.29453125 0.27291666666666664 0.29453125 0.32916666666666666 0.3125 0.32916666666666666
3 0.353125 0.23125000000000007 0.33828125 0.23125000000000007 0.33828125 0.28020833333333334 0.353125 0.28020833333333334
3 0.38984375 0.2291666666666667 0.37734375 0.2291666666666667 0.37734375 0.2687500000000001 0.38984375 0.2687500000000001
3 0.36875 0.21666666666666673 0.35625 0.21666666666666673 0.35625 0.2447916666666667 0.36875 0.2447916666666667
3 0.38671875 0.19687500000000005 0.375 0.19687500000000005 0.375 0.23125000000000007 0.38671875 0.23125000000000007
3 0.37890625 0.18958333333333338 0.36875 0.18958333333333338 0.36875 0.2177083333333334 0.37890625 0.2177083333333334
3 0.39609375 0.17500000000000007 0.38828125 0.17500000000000007 0.38828125 0.21041666666666672 0.39609375 0.21041666666666672
3 0.38671875 0.16354166666666672 0.3765625 0.16354166666666672 0.3765625 0.19479166666666672 0.38671875 0.19479166666666672
3 0.375 0.14479166666666674 0.3671875 0.14479166666666674 0.3671875 0.17395833333333338 0.375 0.17395833333333338
3 0.41640625 0.1510416666666667 0.41015625 0.1510416666666667 0.41015625 0.18437500000000007 0.41640625 0.18437500000000007
3 0.40390625 0.1510416666666667 0.3953125 0.1510416666666667 0.3953125 0.1822916666666667 0.40390625 0.1822916666666667
3 0.3953125 0.14791666666666672 0.38671875 0.14791666666666672 0.38671875 0.17395833333333338 0.3953125 0.17395833333333338
3 0.3953125 0.10312500000000006 0.38671875 0.10312500000000006 0.38671875 0.11666666666666672 0.3953125 0.11666666666666672
3 0.38125 0.08125000000000006 0.37421875 0.08125000000000006 0.37421875 0.09166666666666673 0.38125 0.09166666666666673
3 0.38828125 0.08125000000000006 0.38125 0.08125000000000006 0.38125 0.09375000000000006 0.38828125 0.09375000000000006
3 0.39375 0.08125000000000006 0.38515625 0.08125000000000006 0.38515625 0.0958333333333334 0.39375 0.0958333333333334
0 0.3742187500000001 0.859375 0.2828125000000001 0.859375 0.2828125000000001 1 0.3742187500000001 1
0 0.2867187500000001 0.6697916666666667 0.18671875000000004 0.6697916666666667 0.18671875000000007 0.871875 0.2867187500000001 0.871875
0 0.409375 0.3281250000000001 0.365625 0.3281250000000001 0.365625 0.4062500000000001 0.409375 0.4062500000000001
0 0.415625 0.2593750000000001 0.384375 0.2593750000000001 0.384375 0.3177083333333334 0.415625 0.3177083333333334
0 0.38046875 0.23437500000000006 0.34765625 0.23437500000000006 0.34765625 0.3083333333333334 0.38046875 0.30833333333333346
0 0.43125 0.19687500000000005 0.40390625 0.19687500000000005 0.40390625 0.24791666666666673 0.43125 0.24791666666666673
0 0.43359375 0.12604166666666672 0.415625 0.12604166666666672 0.415625 0.15833333333333338 0.43359375 0.15833333333333338
0 0.41015625 0.11979166666666673 0.39140625 0.11979166666666673 0.39140625 0.1552083333333334 0.41015625 0.1552083333333334