3 0.746875 0.6229166666666668 0.71015625 0.6229166666666667 0.71015625 0.7468750000000001 0.746875 0.7468750000000003
3 0.60078125 0.2968750000000001 0.584375 0.2968750000000001 0.584375 0.3541666666666668 0.60078125 0.3541666666666668
3 0.51328125 0.2687500000000001 0.5 0.2687500000000001 0.5 0.32395833333333346 0.51328125 0.32395833333333346
3 0.55859375 0.21666666666666679 0.55 0.21666666666666679 0.55 0.2625000000000001 0.55859375 0.2625000000000001
3 0.54375 0.19375000000000006 0.53515625 0.19375000000000006 0.53515625 0.2291666666666667 0.54375 0.2291666666666667
3 0.47109375 0.19375000000000006 0.4625 0.19375000000000006 0.4625 0.2291666666666667 0.47109375 0.2291666666666667
3 0.5125 0.13854166666666673 0.50703125 0.13854166666666673 0.50703125 0.16041666666666674 0.5125 0.16041666666666674
3 0.4921875 0.1489583333333334 0.484375 0.1489583333333334 0.484375 0.17291666666666672 0.4921875 0.17291666666666672
3 0.4859375 0.12291666666666676 0.48125 0.12291666666666676 0.48125 0.14375000000000007 0.4859375 0.14375000000000007
3 0.49609375 0.1312500000000001 0.4921875 0.1312500000000001 0.4921875 0.1489583333333334 0.49609375 0.1489583333333334
3 0.4921875 0.11875000000000009 0.4859375 0.11875000000000009 0.4859375 0.14062500000000006 0.4921875 0.14062500000000006
3 0.50546875 0.12604166666666675 0.5 0.12604166666666675 0.5 0.14270833333333338 0.50546875 0.14270833333333338
0 0.4796875 0.10416666666666675 0.46953125 0.10416666666666675 0.46953125 0.12500000000000008 0.4796875 0.12500000000000008
3 0.4890625 0.10416666666666675 0.48359375 0.10416666666666675 0.48359375 0.12291666666666676 0.4890625 0.12291666666666676
3 0.4953125 0.11458333333333343 0.49140625 0.11458333333333343 0.49140625 0.12604166666666675 0.4953125 0.12604166666666675
3 0.5 0.11458333333333343 0.4953125 0.11458333333333343 0.4953125 0.1281250000000001 0.5 0.1281250000000001
3 0.49296875 0.11458333333333343 0.4921875 0.11458333333333343 0.4921875 0.11458333333333343 0.49296875 0.11458333333333343
3 0.4984375 0.10416666666666675 0.4953125 0.10416666666666675 0.4953125 0.11354166666666675 0.4984375 0.11354166666666675
0 0.5390625 0.22812500000000005 0.515625 0.22812500000000005 0.515625 0.28020833333333345 0.5390625 0.28020833333333345