0 0.2015625000000001 0.8989583333333333 0.08828125000000009 0.8989583333333333 0.08828125000000009 1 0.2015625000000001 1
0 0.3203125000000001 0.86875 0.2054687500000001 0.86875 0.2054687500000001 1 0.3203125000000001 1
0 0.4562500000000001 0.8364583333333333 0.3585937500000001 0.8364583333333333 0.3585937500000001 1 0.45625000000000016 1
0 0.48828125 0.5875 0.41328125 0.5875 0.41328125 0.753125 0.48828125 0.753125
0 0.3031250000000001 0.5510416666666667 0.2414062500000001 0.5510416666666667 0.2414062500000001 0.7083333333333334 0.3031250000000001 0.7083333333333334
0 0.4984375 0.48333333333333345 0.43828125 0.48333333333333345 0.43828125 0.6166666666666667 0.4984375 0.6166666666666667
0 0.4171875 0.5125000000000001 0.36796875000000007 0.5125000000000001 0.36796875000000007 0.6645833333333333 0.4171875 0.6645833333333333
0 0.42578125 0.4479166666666668 0.371875 0.4479166666666668 0.37187500000000007 0.5510416666666667 0.42578125 0.5510416666666667
0 0.453125 0.3906250000000001 0.4125 0.3906250000000001 0.4125 0.47708333333333347 0.453125 0.47708333333333347
0 0.50703125 0.3604166666666668 0.45859375 0.3604166666666668 0.45859375 0.44166666666666676 0.50703125 0.44166666666666676
0 0.509375 0.29895833333333344 0.46796875 0.29895833333333344 0.46796875 0.35000000000000014 0.509375 0.35000000000000014
0 0.51640625 0.27500000000000013 0.4921875 0.27500000000000013 0.4921875 0.31458333333333344 0.51640625 0.31458333333333344
0 0.5171875 0.19479166666666672 0.48671875 0.19479166666666672 0.48671875 0.25520833333333337 0.5171875 0.25520833333333337
0 0.52265625 0.11979166666666675 0.50234375 0.11979166666666675 0.50234375 0.15833333333333338 0.52265625 0.15833333333333338
2 0.36406250000000007 0.41145833333333337 0.27734375 0.4114583333333333 0.27734375000000006 0.5708333333333333 0.36406250000000007 0.5708333333333333
2 0.3929687500000001 0.5416666666666666 0.2593750000000001 0.5416666666666666 0.2593750000000001 0.8739583333333333 0.3929687500000001 0.8739583333333333
3 0.04921875000000009 0.9635416666666666 0.007031250000000089 0.9635416666666666 0.00703125000000009 1 0.04921875000000009 1
3 0.1218750000000001 0.9083333333333333 0.06796875000000009 0.9083333333333333 0.06796875000000009 0.9875 0.1218750000000001 0.9875
3 0.08437500000000009 0.8541666666666666 0.03984375000000008 0.8541666666666666 0.03984375000000008 0.996875 0.08437500000000009 0.996875
3 0.1710937500000001 0.8145833333333333 0.1218750000000001 0.8145833333333333 0.1218750000000001 0.925 0.1710937500000001 0.925
3 0.15000000000000008 0.7791666666666667 0.10468750000000009 0.7791666666666667 0.10468750000000009 0.8875 0.15000000000000008 0.8875
3 0.23437500000000008 0.821875 0.19296875000000008 0.821875 0.19296875000000008 0.9291666666666667 0.23437500000000008 0.9291666666666667
3 0.2062500000000001 0.7572916666666667 0.1765625000000001 0.7572916666666667 0.1765625000000001 0.88125 0.2062500000000001 0.88125
3 0.2500000000000001 0.759375 0.21640625000000008 0.759375 0.21640625000000008 0.8552083333333333 0.2500000000000001 0.8552083333333333
3 0.17421875000000006 0.7052083333333333 0.14687500000000003 0.7052083333333333 0.14687500000000006 0.81875 0.1742187500000001 0.81875
3 0.24218750000000008 0.6791666666666667 0.22031250000000008 0.6791666666666667 0.22031250000000008 0.79375 0.24218750000000008 0.79375
3 0.2054687500000001 0.7010416666666667 0.18203125000000003 0.7010416666666667 0.18203125000000006 0.7895833333333333 0.2054687500000001 0.7895833333333333
3 0.19531250000000006 0.6541666666666667 0.16250000000000003 0.6541666666666667 0.16250000000000006 0.74375 0.19531250000000008 0.74375
3 0.2296875000000001 0.6354166666666666 0.21093750000000008 0.6354166666666666 0.21093750000000008 0.734375 0.2296875000000001 0.734375
3 0.20859375000000008 0.6166666666666667 0.18906250000000005 0.6166666666666667 0.18906250000000005 0.7052083333333333 0.20859375000000008 0.7052083333333333
3 0.2015625000000001 0.5989583333333334 0.16406250000000006 0.5989583333333334 0.16406250000000006 0.69375 0.2015625000000001 0.69375
3 0.50390625 0.7697916666666667 0.47421875 0.7697916666666667 0.47421875 0.9197916666666667 0.50390625 0.9197916666666667
3 0.41328125 0.753125 0.3820312500000001 0.753125 0.3820312500000001 0.8697916666666666 0.41328125 0.8697916666666666
3 0.4953125 0.44687500000000013 0.475 0.44687500000000013 0.475 0.5072916666666668 0.4953125 0.5072916666666668
3 0.525 0.34583333333333344 0.509375 0.34583333333333344 0.509375 0.39895833333333347 0.525 0.39895833333333347
3 0.52890625 0.3281250000000001 0.51640625 0.3281250000000001 0.51640625 0.37395833333333345 0.52890625 0.37395833333333345
3 0.53359375 0.29895833333333344 0.521875 0.29895833333333344 0.521875 0.3385416666666668 0.53359375 0.3385416666666668
3 0.53046875 0.2510416666666667 0.51796875 0.2510416666666667 0.51796875 0.29062500000000013 0.53046875 0.29062500000000013
3 0.37734375 0.40625000000000006 0.3609375 0.40625 0.3609375 0.47916666666666674 0.37734375 0.4791666666666668
3 0.29921875000000003 0.475 0.278125 0.475 0.27812500000000007 0.5208333333333334 0.2992187500000001 0.5208333333333334
3 0.3140625 0.44166666666666665 0.29375 0.44166666666666665 0.29375 0.471875 0.3140625 0.471875
3 0.31875 0.425 0.30234375 0.425 0.30234375 0.45416666666666666 0.31875 0.45416666666666666
3 0.33203125 0.4041666666666667 0.31171875 0.4041666666666667 0.31171875 0.434375 0.33203125 0.434375
3 0.3609375 0.4041666666666667 0.34140625 0.4041666666666667 0.34140625 0.42604166666666665 0.3609375 0.42604166666666665
3 0.3875 0.39687500000000014 0.37109375 0.39687500000000014 0.37109375 0.4447916666666668 0.3875 0.4447916666666668
3 0.5 0.08750000000000009 0.490625 0.08750000000000009 0.490625 0.09895833333333343 0.5 0.09895833333333343
3 0.496875 0.08854166666666675 0.4859375 0.08854166666666675 0.4859375 0.09687500000000009 0.496875 0.09687500000000009
3 0.4953125 0.09583333333333342 0.4890625 0.09583333333333342 0.4890625 0.11250000000000009 0.4953125 0.11250000000000009
3 0.5 0.10312500000000009 0.49453125 0.10312500000000009 0.49453125 0.11250000000000009 0.5 0.11250000000000009
3 0.5 0.11354166666666675 0.49375 0.11354166666666675 0.49375 0.12500000000000008 0.5 0.12500000000000008
3 0.5046875 0.11562500000000009 0.4984375 0.11562500000000009 0.4984375 0.1312500000000001 0.5046875 0.1312500000000001
3 0.5109375 0.10104166666666675 0.5046875 0.10104166666666675 0.5046875 0.10833333333333342 0.5109375 0.10833333333333342
3 0.5078125 0.10833333333333342 0.50546875 0.10833333333333342 0.50546875 0.12083333333333342 0.5078125 0.12083333333333342
3 0.515625 0.11458333333333343 0.509375 0.11458333333333343 0.509375 0.1218750000000001 0.515625 0.1218750000000001
3 0.525 0.11354166666666675 0.51875 0.11354166666666675 0.51875 0.12604166666666675 0.525 0.12604166666666675
3 0.4953125 0.13229166666666675 0.484375 0.13229166666666675 0.484375 0.1520833333333334 0.4953125 0.1520833333333334
3 0.53671875 0.14791666666666672 0.52734375 0.14791666666666672 0.52734375 0.1666666666666667 0.53671875 0.1666666666666667
3 0.5328125 0.11875000000000009 0.521875 0.11875000000000009 0.521875 0.14062500000000006 0.5328125 0.14062500000000006
3 0.5296875 0.10729166666666676 0.52421875 0.10729166666666676 0.52421875 0.12083333333333342 0.5296875 0.12083333333333342
3 0.525 0.10208333333333343 0.5203125 0.10208333333333343 0.5203125 0.11354166666666675 0.525 0.11354166666666675
3 0.53203125 0.18437500000000007 0.52109375 0.18437500000000007 0.52109375 0.21250000000000005 0.53203125 0.21250000000000005
3 0.47265625 0.2114583333333334 0.4609375 0.2114583333333334 0.4609375 0.24687500000000007 0.47265625 0.24687500000000007
3 0.45625 0.20312500000000006 0.4484375 0.20312500000000006 0.4484375 0.23437500000000006 0.45625 0.23437500000000006
3 0.4484375 0.22187500000000007 0.43828125 0.22187500000000007 0.43828125 0.2510416666666667 0.4484375 0.2510416666666667
3 0.45546875 0.2447916666666667 0.440625 0.2447916666666667 0.440625 0.28541666666666676 0.45546875 0.28541666666666676
3 0.4640625 0.27187500000000014 0.44765625 0.27187500000000014 0.44765625 0.30312500000000014 0.4640625 0.30312500000000014
3 0.475 0.2760416666666668 0.4609375 0.2760416666666668 0.4609375 0.31145833333333345 0.475 0.31145833333333345
3 0.48046875 0.30625000000000013 0.4640625 0.30625000000000013 0.4640625 0.34270833333333345 0.48046875 0.34270833333333345
3 0.421875 0.2645833333333334 0.41328125 0.2645833333333334 0.41328125 0.3104166666666668 0.421875 0.3104166666666668
3 0.40546875 0.2760416666666668 0.39921875 0.2760416666666668 0.39921875 0.32083333333333347 0.40546875 0.32083333333333347
3 0.40078125 0.2937500000000001 0.390625 0.2937500000000001 0.390625 0.3354166666666668 0.40078125 0.3354166666666668
3 0.375 0.31979166666666675 0.35546875 0.31979166666666664 0.35546875 0.3739583333333334 0.375 0.37395833333333345
3 0.48046875 0.3416666666666668 0.47109375 0.3416666666666668 0.47109375 0.38645833333333346 0.48046875 0.38645833333333346
3 0.46328125 0.3072916666666668 0.4546875 0.3072916666666668 0.4546875 0.3416666666666668 0.46328125 0.3416666666666668
3 0.45 0.3229166666666668 0.4375 0.3229166666666668 0.4375 0.36354166666666676 0.45 0.36354166666666676
3 0.45703125 0.34270833333333345 0.4390625 0.34270833333333345 0.4390625 0.37083333333333346 0.45703125 0.37083333333333346
3 0.4671875 0.3541666666666668 0.4578125 0.3541666666666668 0.4578125 0.3875000000000001 0.4671875 0.3875000000000001
3 0.4640625 0.3666666666666668 0.44921875 0.3666666666666668 0.44921875 0.4135416666666668 0.4640625 0.4135416666666668
3 0.43984375 0.36562500000000014 0.43046875 0.36562500000000014 0.43046875 0.4010416666666668 0.43984375 0.4010416666666668
3 0.44140625 0.3041666666666668 0.42578125 0.3041666666666668 0.42578125 0.35312500000000013 0.44140625 0.35312500000000013
3 0.415625 0.31875000000000014 0.403125 0.31875000000000014 0.403125 0.3510416666666668 0.415625 0.3510416666666668
3 0.4 0.3291666666666668 0.3921875 0.3291666666666668 0.3921875 0.36354166666666676 0.4 0.36354166666666676
3 0.4203125 0.32708333333333345 0.41171875 0.32708333333333345 0.41171875 0.36875000000000013 0.4203125 0.36875000000000013
3 0.4328125 0.35000000000000014 0.42265625 0.35000000000000014 0.42265625 0.37708333333333344 0.4328125 0.37708333333333344
3 0.38828125 0.34270833333333345 0.37421875 0.34270833333333345 0.37421875 0.3822916666666668 0.38828125 0.3822916666666668
3 0.3921875 0.3645833333333334 0.378125 0.3645833333333334 0.378125 0.38958333333333345 0.3921875 0.38958333333333345
3 0.36328125 0.3677083333333334 0.353125 0.36770833333333336 0.353125 0.40625000000000006 0.36328125 0.4062500000000001
3 0.34609375 0.3854166666666667 0.33125 0.3854166666666667 0.33125 0.4197916666666667 0.34609375 0.4197916666666667
3 0.37734375 0.37708333333333344 0.3703125 0.37708333333333344 0.3703125 0.40520833333333345 0.37734375 0.40520833333333345
3 0.40703125 0.39687500000000014 0.39765625 0.39687500000000014 0.39765625 0.4427083333333334 0.40703125 0.4427083333333334
3 0.40859375 0.3822916666666668 0.3953125 0.3822916666666668 0.3953125 0.41458333333333347 0.40859375 0.41458333333333347
3 0.42109375 0.3729166666666668 0.40859375 0.3729166666666668 0.40859375 0.4250000000000001 0.42109375 0.4250000000000001
3 0.41171875 0.3593750000000001 0.3984375 0.3593750000000001 0.3984375 0.3875000000000001 0.41171875 0.3875000000000001