0 0.515625 0.15000000000000005 0.49453125 0.15000000000000005 0.49453125 0.1927083333333334 0.515625 0.1927083333333334
3 0.5125 0.1062500000000001 0.50234375 0.1062500000000001 0.50234375 0.13229166666666675 0.5125 0.13229166666666675
3 0.50078125 0.12291666666666676 0.4890625 0.12291666666666676 0.4890625 0.1510416666666667 0.50078125 0.1510416666666667
3 0.49140625 0.1510416666666667 0.475 0.1510416666666667 0.475 0.18750000000000006 0.49140625 0.18750000000000006
2 0.528125 0.23125000000000007 0.45703125 0.23125000000000007 0.45703125 0.42395833333333344 0.528125 0.42395833333333344
0 0.46875 0.2708333333333334 0.45234375 0.2708333333333334 0.45234375 0.3354166666666668 0.46875 0.3354166666666668
3 0.46640625 0.24687500000000007 0.44921875 0.24687500000000007 0.44921875 0.30104166666666676 0.46640625 0.30104166666666676
2 0.446875 0.3000000000000001 0.36875 0.3000000000000001 0.36875 0.4979166666666668 0.446875 0.4979166666666668
3 0.44453125 0.26250000000000007 0.43203125 0.26250000000000007 0.43203125 0.31458333333333344 0.44453125 0.31458333333333344
1 0.43125 0.23750000000000007 0.34609375 0.23750000000000007 0.34609375 0.38541666666666674 0.43125 0.3854166666666668
2 0.5125 0.3625000000000001 0.44609375 0.3625000000000001 0.44609375 0.5239583333333334 0.5125 0.5239583333333334
1 0.4203125 0.37812500000000004 0.27421875 0.378125 0.27421875000000007 0.6916666666666667 0.4203125 0.6916666666666667
0 0.49296875 0.5125000000000001 0.41953125 0.5125000000000001 0.41953125 0.640625 0.49296875 0.640625
3 0.521875 0.5322916666666668 0.49375 0.5322916666666668 0.49375 0.6322916666666667 0.521875 0.6322916666666667
3 0.5109375 0.6020833333333333 0.4859375 0.6020833333333333 0.4859375 0.7010416666666667 0.5109375 0.7010416666666667
0 0.48984375 0.640625 0.3984375000000001 0.640625 0.3984375000000001 0.8333333333333334 0.48984375 0.8333333333333334
3 0.3859375000000001 0.6875 0.3507812500000001 0.6875 0.3507812500000001 0.8229166666666666 0.3859375000000001 0.8229166666666666
0 0.3632812500000001 0.7645833333333333 0.2515625000000001 0.7645833333333333 0.2515625000000001 0.9989583333333333 0.3632812500000001 0.9989583333333333
3 0.2968750000000001 0.7114583333333333 0.2648437500000001 0.7114583333333333 0.2648437500000001 0.8375 0.2968750000000001 0.8375
3 0.28203125000000007 0.61875 0.24765625000000008 0.61875 0.24765625000000008 0.7458333333333333 0.28203125000000007 0.7458333333333333
3 0.2492187500000001 0.6 0.2156250000000001 0.6 0.2156250000000001 0.7291666666666666 0.2492187500000001 0.7291666666666666
3 0.503125 0.875 0.4640625 0.875 0.4640625000000001 1 0.5031250000000002 1
0 0.4476562500000002 0.9739583333333334 0.3703125000000001 0.9739583333333334 0.3703125000000001 1 0.4476562500000002 1
3 0.4015625000000001 0.8729166666666667 0.3554687500000001 0.8729166666666667 0.3554687500000001 0.9958333333333333 0.40156250000000016 0.9958333333333333
3 0.4109375 0.8020833333333334 0.3742187500000001 0.8020833333333334 0.3742187500000001 0.9364583333333333 0.4109375 0.9364583333333333
3 0.2601562500000001 0.7697916666666667 0.2250000000000001 0.7697916666666667 0.2250000000000001 0.9041666666666667 0.2601562500000001 0.9041666666666667
3 0.23046875000000008 0.7520833333333333 0.19921875000000008 0.7520833333333333 0.19921875000000008 0.8552083333333333 0.23046875000000008 0.8552083333333333
3 0.1984375000000001 0.728125 0.1625000000000001 0.728125 0.1625000000000001 0.859375 0.1984375000000001 0.859375
3 0.14609375000000008 0.85625 0.10156250000000008 0.85625 0.10156250000000008 0.996875 0.14609375000000008 0.996875
3 0.10078125000000009 0.959375 0.0671875000000001 0.959375 0.0671875000000001 1 0.10078125000000009 1
0 0.2429687500000001 0.8385416666666666 0.11875000000000009 0.8385416666666666 0.11875000000000009 1 0.2429687500000001 1