2 0.63671875 0.34791666666666676 0.55234375 0.34791666666666676 0.55234375 0.546875 0.63671875 0.546875
0 0.6304687500000001 0.915625 0.54140625 0.915625 0.5414062500000001 1 0.6304687500000001 1
0 0.7851562500000001 0.9541666666666668 0.67109375 0.9541666666666667 0.67109375 1.0000000000000002 0.7851562500000002 1.0000000000000002
0 0.74453125 0.6979166666666667 0.64609375 0.6979166666666666 0.64609375 0.9218750000000001 0.74453125 0.9218750000000002
0 0.67578125 0.5739583333333333 0.596875 0.5739583333333333 0.596875 0.715625 0.67578125 0.715625
0 0.5875 0.5739583333333333 0.5109375 0.5739583333333333 0.5109375 0.771875 0.5875 0.771875
0 0.5359375 0.3718750000000001 0.4828125 0.3718750000000001 0.4828125 0.4541666666666668 0.5359375 0.4541666666666668
0 0.5859375 0.2843750000000001 0.546875 0.2843750000000001 0.546875 0.3416666666666668 0.5859375 0.3416666666666668
0 0.48671875 0.10000000000000009 0.478125 0.10000000000000009 0.478125 0.11666666666666675 0.48671875 0.11666666666666675
3 0.49296875 0.08958333333333342 0.490625 0.08958333333333342 0.490625 0.10312500000000009 0.49296875 0.10312500000000009
3 0.478125 0.09583333333333342 0.475 0.09583333333333342 0.475 0.11145833333333342 0.478125 0.11145833333333342
3 0.50234375 0.10416666666666675 0.4953125 0.10416666666666675 0.4953125 0.12083333333333342 0.50234375 0.12083333333333342
3 0.47421875 0.1281250000000001 0.46796875 0.1281250000000001 0.46796875 0.1552083333333334 0.47421875 0.1552083333333334
3 0.49375 0.12395833333333342 0.48515625 0.12395833333333342 0.48515625 0.14375000000000007 0.49375 0.14375000000000007
3 0.4875 0.1354166666666667 0.47890625 0.1354166666666667 0.47890625 0.15625000000000006 0.4875 0.15625000000000006
3 0.49296875 0.15937500000000007 0.48359375 0.15937500000000007 0.48359375 0.18541666666666673 0.49296875 0.18541666666666673
3 0.5 0.1510416666666667 0.49453125 0.1510416666666667 0.49453125 0.17395833333333338 0.5 0.17395833333333338
3 0.51796875 0.16979166666666673 0.50625 0.16979166666666673 0.50625 0.20625000000000007 0.51796875 0.20625000000000007
3 0.5265625 0.1958333333333334 0.51796875 0.1958333333333334 0.51796875 0.22812500000000005 0.5265625 0.22812500000000005
3 0.56171875 0.24270833333333344 0.553125 0.24270833333333344 0.553125 0.2791666666666668 0.56171875 0.2791666666666668
3 0.58515625 0.26979166666666676 0.57265625 0.26979166666666676 0.57265625 0.3072916666666668 0.58515625 0.3072916666666668
3 0.61328125 0.3020833333333334 0.5953125 0.3020833333333334 0.5953125 0.35520833333333346 0.61328125 0.35520833333333346
3 0.70703125 0.48645833333333344 0.6828125 0.48645833333333344 0.6828125 0.5875 0.70703125 0.5875
3 0.56171875 0.5177083333333334 0.53984375 0.5177083333333334 0.53984375 0.5885416666666666 0.56171875 0.5885416666666666
3 0.69375 0.5854166666666667 0.6734375 0.5854166666666667 0.6734375 0.6947916666666667 0.69375 0.6947916666666667
3 0.71875 0.6333333333333333 0.69765625 0.6333333333333333 0.69765625 0.7447916666666666 0.71875 0.7447916666666666
3 0.75703125 0.6364583333333336 0.73046875 0.6364583333333336 0.73046875 0.7093750000000002 0.75703125 0.7093750000000002
3 0.75625 0.7166666666666669 0.72890625 0.7166666666666669 0.72890625 0.8312500000000003 0.75625 0.8312500000000003
3 0.8234375 0.6677083333333336 0.77890625 0.6677083333333336 0.77890625 0.7833333333333335 0.8234375 0.7833333333333335
3 0.80390625 0.7645833333333336 0.76796875 0.7645833333333336 0.76796875 0.8395833333333336 0.80390625 0.8395833333333336
3 0.52421875 0.7041666666666667 0.48359375 0.7041666666666667 0.48359375 0.7947916666666667 0.52421875 0.7947916666666667
3 0.5390625 0.8010416666666667 0.4921875 0.8010416666666667 0.4921875 0.9395833333333333 0.5390625 0.9395833333333333
3 0.61875 0.7552083333333334 0.540625 0.7552083333333334 0.540625 0.9166666666666666 0.61875 0.9166666666666666
3 0.78671875 0.8020833333333336 0.75390625 0.8020833333333336 0.75390625 0.9364583333333336 0.78671875 0.9364583333333336
3 0.85703125 0.8187500000000002 0.80390625 0.8187500000000002 0.80390625 0.9927083333333335 0.85703125 0.9927083333333335
3 0.82578125 0.9156250000000002 0.78671875 0.9156250000000002 0.7867187500000001 1.0000000000000002 0.82578125 1.0000000000000002
3 0.9234375 0.9354166666666669 0.8625 0.9354166666666669 0.8625 1.0000000000000002 0.9234375 1.0000000000000002