3 0.8359375 0.9229166666666669 0.78125 0.9229166666666669 0.7812500000000001 1.0000000000000002 0.8359375 1.0000000000000002
3 0.89453125 0.9166666666666669 0.840625 0.9166666666666669 0.840625 1.0000000000000002 0.89453125 1.0000000000000002
3 0.746875 0.8020833333333335 0.6984375 0.8020833333333334 0.6984375 0.9520833333333335 0.746875 0.9520833333333336
3 0.809375 0.6864583333333336 0.7421875 0.6864583333333336 0.7421875 0.8812500000000002 0.809375 0.8812500000000002
3 0.8703125 0.6989583333333336 0.8046875 0.6989583333333336 0.8046875 0.8479166666666669 0.8703125 0.8479166666666669
3 0.7828125 0.5656250000000002 0.72421875 0.565625 0.72421875 0.6479166666666668 0.7828125 0.6479166666666669
3 0.603125 0.31666666666666676 0.5546875 0.31666666666666676 0.5546875 0.3750000000000001 0.603125 0.3750000000000001
3 0.58515625 0.24270833333333344 0.56328125 0.24270833333333344 0.56328125 0.29270833333333346 0.58515625 0.29270833333333346
3 0.5625 0.19791666666666677 0.534375 0.1979166666666667 0.534375 0.2500000000000001 0.5625 0.2500000000000001
3 0.51328125 0.14166666666666672 0.49609375 0.14166666666666672 0.49609375 0.16875000000000007 0.51328125 0.16875000000000007
3 0.5 0.10104166666666675 0.49375 0.10104166666666675 0.49375 0.11145833333333342 0.5 0.11145833333333342
3 0.4984375 0.09270833333333342 0.49140625 0.09270833333333342 0.49140625 0.10416666666666675 0.4984375 0.10416666666666675
3 0.51015625 0.0906250000000001 0.5046875 0.0906250000000001 0.5046875 0.10729166666666676 0.51015625 0.10729166666666676
0 0.4890625 0.0906250000000001 0.4796875 0.0906250000000001 0.4796875 0.10937500000000008 0.4890625 0.10937500000000008
0 0.475 0.1489583333333334 0.45703125 0.1489583333333334 0.45703125 0.1822916666666667 0.475 0.1822916666666667
0 0.50546875 0.15937500000000007 0.48828125 0.15937500000000007 0.48828125 0.19375000000000006 0.50546875 0.19375000000000006
0 0.55390625 0.23854166666666676 0.52421875 0.23854166666666674 0.52421875 0.30104166666666676 0.55390625 0.30104166666666676
0 0.65078125 0.6916666666666667 0.54609375 0.6916666666666667 0.54609375 0.9104166666666667 0.65078125 0.9104166666666667
0 0.6664062500000001 0.8979166666666667 0.5609375 0.8979166666666667 0.5609375000000001 1 0.6664062500000002 1