3 0.921875 0.6947916666666669 0.871875 0.6947916666666669 0.871875 0.8322916666666669 0.921875 0.8322916666666669
3 0.90546875 0.9479166666666669 0.87578125 0.9479166666666669 0.87578125 1.0000000000000002 0.90546875 1.0000000000000002
3 0.99921875 0.9437500000000002 0.98046875 0.9437500000000002 0.98046875 1.0000000000000002 0.99921875 1.0000000000000002
3 0.7671875000000001 0.9593750000000002 0.7375 0.9593750000000002 0.7375 1.0000000000000002 0.7671875000000001 1.0000000000000002
3 0.8015625 0.8552083333333336 0.75859375 0.8552083333333336 0.7585937500000001 0.9937500000000002 0.8015625 0.9937500000000002
3 0.78359375 0.7760416666666669 0.74453125 0.7760416666666669 0.74453125 0.9062500000000002 0.78359375 0.9062500000000002
3 0.7375 0.7468750000000001 0.69609375 0.746875 0.69609375 0.9104166666666668 0.7375 0.9104166666666669
3 0.59921875 0.7979166666666667 0.56953125 0.7979166666666667 0.56953125 0.9052083333333333 0.59921875 0.9052083333333333
3 0.61640625 0.8927083333333333 0.578125 0.8927083333333333 0.5781250000000001 1 0.6164062500000002 1
3 0.6531250000000001 0.946875 0.61875 0.946875 0.6187500000000001 1 0.6531250000000002 1
3 0.54140625 0.7854166666666667 0.5109375 0.7854166666666667 0.5109375 0.9 0.54140625 0.9
3 0.56953125 0.84375 0.52734375 0.84375 0.5273437500000001 1 0.5695312500000002 1
3 0.5468750000000001 0.8927083333333333 0.49453125 0.8927083333333333 0.4945312500000001 1 0.5468750000000002 1
3 0.69765625 0.68125 0.67421875 0.68125 0.67421875 0.8208333333333333 0.69765625 0.8208333333333333
3 0.69921875 0.6364583333333333 0.671875 0.6364583333333333 0.671875 0.7072916666666667 0.69921875 0.7072916666666667
3 0.72890625 0.6635416666666668 0.7046875 0.6635416666666667 0.7046875 0.7364583333333334 0.72890625 0.7364583333333335
3 0.78828125 0.6947916666666669 0.7484375 0.6947916666666669 0.7484375 0.8000000000000003 0.78828125 0.8000000000000003
3 0.82265625 0.7302083333333336 0.78984375 0.7302083333333336 0.78984375 0.8062500000000002 0.82265625 0.8062500000000002
3 0.83984375 0.7822916666666669 0.80859375 0.7822916666666669 0.80859375 0.9093750000000003 0.83984375 0.9093750000000003
3 0.8265625 0.7895833333333335 0.78671875 0.7895833333333335 0.7867187500000001 0.9729166666666669 0.8265625 0.9729166666666669
3 0.8765625 0.7947916666666669 0.8390625 0.7947916666666669 0.8390625 0.8802083333333336 0.8765625 0.8802083333333336
3 0.76953125 0.6552083333333336 0.7421875 0.6552083333333336 0.7421875 0.7343750000000002 0.76953125 0.7343750000000002
3 0.76484375 0.6104166666666669 0.734375 0.6104166666666669 0.734375 0.6802083333333335 0.76484375 0.6802083333333335
3 0.7546875 0.5781250000000002 0.728125 0.5781250000000002 0.728125 0.6354166666666669 0.7546875 0.6354166666666669
3 0.72421875 0.54375 0.7 0.54375 0.7 0.6135416666666667 0.72421875 0.6135416666666667
3 0.70234375 0.5666666666666667 0.67109375 0.5666666666666667 0.67109375 0.64375 0.70234375 0.64375
3 0.728125 0.6052083333333335 0.70390625 0.6052083333333333 0.70390625 0.6687500000000001 0.728125 0.6687500000000003
3 0.67265625 0.5416666666666666 0.653125 0.5416666666666666 0.653125 0.6375 0.67265625 0.6375
3 0.7015625 0.4697916666666668 0.6734375 0.4697916666666668 0.6734375 0.5281250000000001 0.7015625 0.5281250000000001
3 0.68828125 0.47500000000000014 0.66875 0.47500000000000014 0.66875 0.55 0.68828125 0.55
3 0.659375 0.46770833333333345 0.63984375 0.46770833333333345 0.63984375 0.5447916666666667 0.659375 0.5447916666666667
3 0.66640625 0.4541666666666668 0.653125 0.4541666666666668 0.653125 0.4979166666666668 0.66640625 0.4979166666666668
3 0.64453125 0.4531250000000001 0.63203125 0.4531250000000001 0.63203125 0.5291666666666668 0.64453125 0.5291666666666668
3 0.6328125 0.4187500000000001 0.6171875 0.4187500000000001 0.6171875 0.4843750000000001 0.6328125 0.4843750000000001
3 0.6703125 0.4197916666666668 0.64140625 0.4197916666666668 0.64140625 0.47083333333333344 0.6703125 0.47083333333333344
3 0.66328125 0.3979166666666668 0.64921875 0.3979166666666668 0.64921875 0.43020833333333347 0.66328125 0.43020833333333347
3 0.65 0.3562500000000001 0.6375 0.3562500000000001 0.6375 0.4062500000000001 0.65 0.4062500000000001
3 0.6578125 0.3781250000000001 0.64921875 0.3781250000000001 0.64921875 0.4010416666666668 0.6578125 0.4010416666666668
3 0.6421875 0.3875000000000001 0.62578125 0.3875000000000001 0.62578125 0.4406250000000001 0.6421875 0.4406250000000001
3 0.62109375 0.3906250000000001 0.60546875 0.3906250000000001 0.60546875 0.45937500000000014 0.62109375 0.45937500000000014
3 0.5609375 0.3906250000000001 0.54296875 0.3906250000000001 0.54296875 0.4343750000000001 0.5609375 0.4343750000000001
3 0.5296875 0.3510416666666668 0.5171875 0.3510416666666668 0.5171875 0.3958333333333334 0.5296875 0.3958333333333334
3 0.53984375 0.36770833333333347 0.525 0.36770833333333347 0.525 0.4072916666666668 0.53984375 0.4072916666666668
3 0.53828125 0.3781250000000001 0.5265625 0.3781250000000001 0.5265625 0.43958333333333344 0.53828125 0.43958333333333344
3 0.55234375 0.3937500000000001 0.53671875 0.3937500000000001 0.53671875 0.43125000000000013 0.55234375 0.43125000000000013
3 0.55 0.41770833333333346 0.534375 0.41770833333333346 0.534375 0.47812500000000013 0.55 0.47812500000000013
3 0.5671875 0.4375000000000001 0.54765625 0.4375000000000001 0.54765625 0.4916666666666668 0.5671875 0.4916666666666668
3 0.565625 0.46250000000000013 0.5390625 0.46250000000000013 0.5390625 0.5354166666666667 0.565625 0.5354166666666667
3 0.57890625 0.5312500000000001 0.5453125 0.5312500000000001 0.5453125 0.63125 0.57890625 0.63125
3 0.54375 0.5177083333333334 0.5203125 0.5177083333333334 0.5203125 0.584375 0.54375 0.584375
3 0.51328125 0.5156250000000001 0.4875 0.5156250000000001 0.4875 0.6229166666666667 0.51328125 0.6229166666666667
3 0.525 0.47812500000000013 0.51171875 0.47812500000000013 0.51171875 0.575 0.525 0.575
3 0.5921875 0.3281250000000001 0.5796875 0.3281250000000001 0.5796875 0.3697916666666668 0.5921875 0.3697916666666668
3 0.6375 0.3281250000000001 0.6234375 0.3281250000000001 0.6234375 0.37083333333333346 0.6375 0.37083333333333346
3 0.61484375 0.30833333333333346 0.6046875 0.30833333333333346 0.6046875 0.3291666666666668 0.61484375 0.3291666666666668
3 0.60703125 0.29583333333333345 0.59765625 0.29583333333333345 0.59765625 0.32187500000000013 0.60703125 0.32187500000000013
3 0.58125 0.2781250000000001 0.571875 0.2781250000000001 0.571875 0.29583333333333345 0.58125 0.29583333333333345
3 0.59609375 0.27187500000000014 0.578125 0.27187500000000014 0.578125 0.29583333333333345 0.59609375 0.29583333333333345
3 0.59453125 0.25208333333333344 0.578125 0.25208333333333344 0.578125 0.28333333333333344 0.59453125 0.28333333333333344
3 0.5828125 0.24791666666666679 0.5734375 0.24791666666666679 0.5734375 0.2708333333333334 0.5828125 0.2708333333333334
3 0.57265625 0.24062500000000012 0.56328125 0.24062500000000012 0.56328125 0.2572916666666668 0.57265625 0.2572916666666668
3 0.559375 0.2281250000000001 0.55 0.2281250000000001 0.55 0.25625000000000014 0.559375 0.25625000000000014
3 0.55 0.22395833333333343 0.53671875 0.2239583333333334 0.53671875 0.26041666666666674 0.55 0.2604166666666668
3 0.515625 0.2458333333333334 0.503125 0.2458333333333334 0.503125 0.27708333333333346 0.515625 0.27708333333333346
3 0.509375 0.2666666666666668 0.5 0.2666666666666668 0.5 0.30625000000000013 0.509375 0.30625000000000013
3 0.52109375 0.3135416666666668 0.503125 0.3135416666666668 0.503125 0.3697916666666668 0.52109375 0.3697916666666668
3 0.52890625 0.3468750000000001 0.51796875 0.3468750000000001 0.51796875 0.3916666666666668 0.52890625 0.3916666666666668
3 0.52734375 0.20937500000000006 0.51640625 0.20937500000000006 0.51640625 0.2427083333333334 0.52734375 0.2427083333333334
3 0.48828125 0.2083333333333334 0.47734375 0.2083333333333334 0.47734375 0.2333333333333334 0.48828125 0.2333333333333334
3 0.53984375 0.18125000000000005 0.53125 0.18125000000000005 0.53125 0.19479166666666672 0.53984375 0.19479166666666672
3 0.5296875 0.18125000000000005 0.521875 0.18125000000000005 0.521875 0.21041666666666672 0.5296875 0.21041666666666672
3 0.5171875 0.17812500000000006 0.51015625 0.17812500000000006 0.51015625 0.1989583333333334 0.5171875 0.1989583333333334
3 0.521875 0.15833333333333338 0.5140625 0.15833333333333338 0.5140625 0.17604166666666674 0.521875 0.17604166666666674
3 0.48359375 0.1645833333333334 0.4734375 0.1645833333333334 0.4734375 0.18854166666666672 0.48359375 0.18854166666666672
3 0.51875 0.14166666666666672 0.50703125 0.14166666666666672 0.50703125 0.16250000000000006 0.51875 0.16250000000000006
3 0.50859375 0.12500000000000008 0.50078125 0.12500000000000008 0.50078125 0.1458333333333334 0.50859375 0.1458333333333334
3 0.49765625 0.1281250000000001 0.490625 0.1281250000000001 0.490625 0.14479166666666674 0.49765625 0.14479166666666674
3 0.50078125 0.1062500000000001 0.49296875 0.1062500000000001 0.49296875 0.12083333333333342 0.50078125 0.12083333333333342
3 0.48046875 0.10520833333333342 0.4765625 0.10520833333333342 0.4765625 0.12083333333333342 0.48046875 0.12083333333333342
3 0.5078125 0.10000000000000009 0.503125 0.10000000000000009 0.503125 0.11458333333333343 0.5078125 0.11458333333333343
3 0.503125 0.09479166666666676 0.4953125 0.09479166666666676 0.4953125 0.11041666666666676 0.503125 0.11041666666666676
3 0.49609375 0.10312500000000009 0.48984375 0.10312500000000009 0.48984375 0.11770833333333343 0.49609375 0.11770833333333343
2 0.50078125 0.07291666666666675 0.48515625 0.07291666666666675 0.48515625 0.09895833333333343 0.50078125 0.09895833333333343
0 0.50859375 0.08750000000000009 0.4984375 0.08750000000000009 0.4984375 0.09270833333333342 0.50859375 0.09270833333333342
0 0.48828125 0.08958333333333342 0.475 0.08958333333333342 0.475 0.10312500000000009 0.48828125 0.10312500000000009
0 0.48125 0.10208333333333343 0.47265625 0.10208333333333343 0.47265625 0.11250000000000009 0.48125 0.11250000000000009
0 0.47421875 0.10937500000000008 0.46328125 0.10937500000000008 0.46328125 0.1281250000000001 0.47421875 0.1281250000000001
0 0.47734375 0.11458333333333343 0.465625 0.11458333333333343 0.465625 0.1354166666666667 0.47734375 0.1354166666666667
0 0.4734375 0.1270833333333334 0.4578125 0.1270833333333334 0.4578125 0.15000000000000005 0.4734375 0.15000000000000005
0 0.475 0.13854166666666673 0.4578125 0.13854166666666673 0.4578125 0.16875000000000007 0.475 0.16875000000000007
0 0.49140625 0.10833333333333342 0.4796875 0.10833333333333342 0.4796875 0.1270833333333334 0.49140625 0.1270833333333334
0 0.49296875 0.11666666666666675 0.48046875 0.11666666666666675 0.48046875 0.1395833333333334 0.49296875 0.1395833333333334
1 0.5125 0.14062500000000006 0.4828125 0.14062500000000006 0.4828125 0.2114583333333334 0.5125 0.2114583333333334
0 0.49921875 0.23645833333333338 0.46640625 0.23645833333333338 0.46640625 0.2916666666666668 0.49921875 0.2916666666666668
0 0.5609375 0.19166666666666676 0.53203125 0.19166666666666674 0.53203125 0.24270833333333341 0.5609375 0.24270833333333344
0 0.54453125 0.24375000000000008 0.51796875 0.24375000000000005 0.51796875 0.28750000000000014 0.54453125 0.28750000000000014
0 0.57734375 0.2510416666666668 0.546875 0.2510416666666668 0.546875 0.3020833333333334 0.57734375 0.3020833333333334
0 0.54765625 0.2729166666666668 0.5125 0.2729166666666668 0.5125 0.3437500000000001 0.54765625 0.3437500000000001
2 0.51484375 0.30104166666666676 0.4734375 0.30104166666666676 0.4734375 0.4041666666666668 0.51484375 0.4041666666666668
0 0.56171875 0.30833333333333346 0.521875 0.30833333333333346 0.521875 0.3854166666666668 0.56171875 0.3854166666666668
0 0.603125 0.2968750000000001 0.565625 0.2968750000000001 0.565625 0.3562500000000001 0.603125 0.3562500000000001
0 0.63828125 0.3281250000000001 0.58984375 0.3281250000000001 0.58984375 0.41250000000000014 0.63828125 0.41250000000000014
0 0.59765625 0.35520833333333346 0.55234375 0.35520833333333346 0.55234375 0.43020833333333347 0.59765625 0.43020833333333347
0 0.53515625 0.3906250000000001 0.4796875 0.3906250000000001 0.4796875 0.5156250000000001 0.53515625 0.5156250000000001
0 0.60859375 0.40000000000000013 0.56640625 0.40000000000000013 0.56640625 0.4875000000000001 0.60859375 0.4875000000000001
0 0.64296875 0.4531250000000001 0.5765625 0.4531250000000001 0.5765625 0.58125 0.64296875 0.58125
0 0.571875 0.5770833333333333 0.4953125 0.5770833333333333 0.4953125 0.7489583333333333 0.571875 0.7489583333333333
0 0.66640625 0.540625 0.58359375 0.540625 0.58359375 0.7177083333333333 0.66640625 0.7177083333333333
0 0.709375 0.690625 0.60078125 0.690625 0.60078125 0.9489583333333333 0.709375 0.9489583333333333