2 0.8609375 0.7312500000000001 0.6546875 0.73125 0.6546875000000001 1.0000000000000002 0.8609375 1.0000000000000002
0 0.6406250000000001 0.8208333333333333 0.534375 0.8208333333333333 0.534375 1 0.6406250000000002 1
0 0.59453125 0.65625 0.5015625 0.65625 0.5015625 0.8385416666666666 0.59453125 0.8385416666666666
0 0.709375 0.5729166666666666 0.63125 0.5729166666666666 0.63125 0.7489583333333333 0.709375 0.7489583333333333
0 0.55859375 0.5197916666666668 0.496875 0.5197916666666668 0.496875 0.6302083333333334 0.55859375 0.6302083333333334
2 0.56328125 0.32187500000000013 0.48671875 0.32187500000000013 0.48671875 0.5104166666666667 0.56328125 0.5104166666666667
0 0.55703125 0.2729166666666668 0.5234375 0.2729166666666668 0.5234375 0.33645833333333347 0.55703125 0.33645833333333347
0 0.4796875 0.15416666666666673 0.459375 0.15416666666666673 0.459375 0.19062500000000007 0.4796875 0.19062500000000007
0 0.49375 0.09479166666666676 0.47734375 0.09479166666666676 0.47734375 0.11145833333333342 0.49375 0.11145833333333342
3 0.49609375 0.12916666666666676 0.4859375 0.12916666666666676 0.4859375 0.14166666666666672 0.49609375 0.14166666666666672
3 0.50625 0.09687500000000009 0.49921875 0.09687500000000009 0.49921875 0.10833333333333342 0.50625 0.10833333333333342
0 0.50703125 0.08645833333333343 0.49453125 0.08645833333333343 0.49453125 0.09687500000000009 0.50703125 0.09687500000000009
3 0.51015625 0.09687500000000009 0.50625 0.09687500000000009 0.50625 0.10312500000000009 0.51015625 0.10312500000000009
3 0.52421875 0.20000000000000007 0.51171875 0.20000000000000007 0.51171875 0.23125000000000007 0.52421875 0.23125000000000007
3 0.6296875 0.3333333333333334 0.5984375 0.3333333333333334 0.5984375 0.3750000000000001 0.6296875 0.3750000000000001
3 0.64296875 0.37395833333333345 0.61640625 0.37395833333333345 0.61640625 0.4427083333333334 0.64296875 0.4427083333333334
3 0.68984375 0.4427083333333334 0.65859375 0.4427083333333334 0.65859375 0.5270833333333335 0.68984375 0.5270833333333335
3 0.5921875 0.46145833333333347 0.56328125 0.46145833333333347 0.56328125 0.5177083333333334 0.5921875 0.5177083333333334
3 0.625 0.609375 0.58203125 0.609375 0.58203125 0.7104166666666667 0.625 0.7104166666666667
3 0.60625 0.55625 0.59296875 0.55625 0.59296875 0.6614583333333334 0.60625 0.6614583333333334
3 0.52109375 0.6041666666666666 0.48359375 0.6041666666666666 0.48359375 0.7010416666666667 0.52109375 0.7010416666666667
3 0.7125 0.5395833333333333 0.68125 0.5395833333333333 0.68125 0.6302083333333334 0.7125 0.6302083333333334
3 0.65390625 0.7635416666666667 0.61640625 0.7635416666666667 0.61640625 0.9104166666666667 0.65390625 0.9104166666666667
3 0.63671875 0.6947916666666667 0.61015625 0.6947916666666667 0.61015625 0.796875 0.63671875 0.796875
3 0.8609375 0.6677083333333336 0.8046875 0.6677083333333336 0.8046875 0.7541666666666669 0.8609375 0.7541666666666669
3 0.81875 0.7562500000000002 0.778125 0.7562500000000002 0.778125 0.8656250000000002 0.81875 0.8656250000000002
3 0.9859375 0.8333333333333336 0.91796875 0.8333333333333336 0.91796875 0.9479166666666669 0.9859375 0.9479166666666669
3 0.94296875 0.8489583333333336 0.8828125 0.8489583333333336 0.8828125 0.9812500000000003 0.94296875 0.9812500000000003
3 0.88515625 0.8479166666666669 0.8375 0.8479166666666669 0.8375 0.9687500000000002 0.88515625 0.9687500000000002
3 0.971875 0.9593750000000002 0.93828125 0.9593750000000002 0.93828125 1.0000000000000002 0.971875 1.0000000000000002
3 0.90078125 0.9604166666666669 0.86796875 0.9604166666666669 0.86796875 1.0000000000000002 0.90078125 1.0000000000000002