0 0.4804687500000001 0.9010416666666666 0.3546875000000001 0.9010416666666666 0.3546875000000001 1 0.48046875000000017 1
0 0.2609375000000001 0.7510416666666667 0.15781250000000008 0.7510416666666667 0.15781250000000008 0.9729166666666667 0.2609375000000001 0.9729166666666667
0 0.3648437500000001 0.6760416666666667 0.2562500000000001 0.6760416666666667 0.2562500000000001 0.9114583333333334 0.3648437500000001 0.9114583333333334
0 0.50390625 0.659375 0.40078125 0.659375 0.40078125 0.9239583333333333 0.50390625 0.9239583333333333
0 0.3593750000000001 0.5427083333333333 0.2515625000000001 0.5427083333333333 0.2515625000000001 0.715625 0.3593750000000001 0.715625
0 0.425 0.575 0.33671875000000007 0.575 0.33671875000000007 0.7395833333333334 0.425 0.7395833333333334
0 0.52890625 0.45937500000000014 0.46953125 0.45937500000000014 0.46953125 0.5666666666666667 0.52890625 0.5666666666666667
0 0.4671875 0.4583333333333334 0.396875 0.4583333333333334 0.39687500000000003 0.5635416666666667 0.4671875 0.5635416666666667
0 0.4125 0.4302083333333334 0.3484375 0.43020833333333336 0.34843750000000007 0.5541666666666667 0.4125 0.5541666666666667
0 0.546875 0.33437500000000014 0.49375 0.33437500000000014 0.49375 0.4479166666666668 0.546875 0.4479166666666668
0 0.48671875 0.3697916666666668 0.43359375 0.3697916666666668 0.43359375 0.4666666666666668 0.48671875 0.4666666666666668
0 0.440625 0.35833333333333345 0.38671875 0.35833333333333345 0.38671875 0.4385416666666668 0.440625 0.4385416666666668
0 0.496875 0.33437500000000014 0.45234375 0.33437500000000014 0.45234375 0.38958333333333345 0.496875 0.38958333333333345
0 0.46328125 0.24791666666666673 0.41015625 0.24791666666666673 0.41015625 0.33437500000000014 0.46328125 0.33437500000000014
0 0.50546875 0.2864583333333334 0.4578125 0.2864583333333334 0.4578125 0.3416666666666668 0.50546875 0.3416666666666668
0 0.55703125 0.2687500000000001 0.49921875 0.2687500000000001 0.49921875 0.34270833333333345 0.55703125 0.34270833333333345
0 0.521875 0.24791666666666673 0.478125 0.24791666666666673 0.478125 0.3177083333333334 0.521875 0.3177083333333334
0 0.503125 0.22187500000000007 0.4609375 0.22187500000000007 0.4609375 0.26979166666666676 0.503125 0.26979166666666676
0 0.5765625 0.1447916666666668 0.55390625 0.1447916666666668 0.55390625 0.18645833333333345 0.5765625 0.18645833333333345
0 0.57578125 0.09583333333333342 0.55625 0.09583333333333342 0.55625 0.12395833333333342 0.57578125 0.12395833333333342
3 0.07421875000000008 0.940625 0.03593750000000009 0.940625 0.03593750000000009 1 0.07421875000000008 1
3 0.13437500000000008 0.9572916666666667 0.07343750000000009 0.9572916666666667 0.07343750000000009 1 0.13437500000000008 1
3 0.14218750000000008 0.8604166666666667 0.10390625000000009 0.8604166666666667 0.10390625000000009 0.984375 0.14218750000000008 0.984375
3 0.3492187500000001 0.9583333333333334 0.3085937500000001 0.9583333333333334 0.3085937500000001 1 0.3492187500000001 1
3 0.5468750000000001 0.928125 0.49609375 0.928125 0.4960937500000001 1 0.5468750000000002 1
3 0.42265625 0.7052083333333333 0.3804687500000001 0.7052083333333333 0.3804687500000001 0.85 0.42265625 0.85
3 0.553125 0.678125 0.4921875 0.678125 0.4921875 0.840625 0.553125 0.840625
3 0.3101562500000001 0.6625 0.2484375000000001 0.6625 0.2484375000000001 0.7666666666666667 0.3101562500000001 0.7666666666666667
3 0.4640625 0.5947916666666667 0.4078125 0.5947916666666667 0.4078125 0.7010416666666667 0.4640625 0.7010416666666667
3 0.521875 0.5552083333333333 0.446875 0.5552083333333333 0.446875 0.690625 0.521875 0.690625
3 0.28515625000000006 0.46875 0.25546875 0.46875 0.25546875 0.5427083333333333 0.2851562500000001 0.5427083333333333
3 0.30390625000000004 0.42604166666666665 0.246875 0.42604166666666665 0.24687500000000004 0.49375 0.3039062500000001 0.49375
3 0.3414062500000001 0.49270833333333336 0.28203125000000007 0.49270833333333336 0.28203125000000007 0.5770833333333333 0.3414062500000001 0.5770833333333333
3 0.36718750000000006 0.4572916666666667 0.33046875 0.45729166666666665 0.33046875000000003 0.5114583333333333 0.3671875000000001 0.5114583333333335
3 0.321875 0.4552083333333333 0.29453125 0.4552083333333333 0.29453125 0.5083333333333333 0.3218750000000001 0.5083333333333333
3 0.35000000000000003 0.46145833333333336 0.325 0.46145833333333336 0.32500000000000007 0.525 0.3500000000000001 0.525
3 0.375 0.4000000000000001 0.3453125 0.4 0.3453125 0.4541666666666667 0.375 0.4541666666666668
3 0.3453125 0.42291666666666666 0.31015625 0.42291666666666666 0.31015625 0.465625 0.3453125 0.465625
3 0.3875 0.3822916666666668 0.36640625 0.3822916666666668 0.36640625 0.4218750000000001 0.3875 0.4218750000000001
3 0.39453125 0.35312500000000013 0.38046875 0.35312500000000013 0.38046875 0.40208333333333346 0.39453125 0.40208333333333346
3 0.40390625 0.3312500000000001 0.37890625 0.3312500000000001 0.37890625 0.36875000000000013 0.40390625 0.36875000000000013
3 0.42578125 0.3250000000000001 0.39765625 0.3250000000000001 0.39765625 0.3750000000000001 0.42578125 0.3750000000000001
3 0.44609375 0.31145833333333345 0.4171875 0.31145833333333345 0.4171875 0.37083333333333346 0.44609375 0.37083333333333346
3 0.475 0.21666666666666673 0.44765625 0.21666666666666673 0.44765625 0.2666666666666668 0.475 0.2666666666666668
3 0.49609375 0.17812500000000006 0.471875 0.17812500000000006 0.471875 0.22604166666666672 0.49609375 0.22604166666666672
3 0.57578125 0.20416666666666675 0.54296875 0.20416666666666672 0.54296875 0.25729166666666675 0.57578125 0.2572916666666668
3 0.5078125 0.15312500000000007 0.48046875 0.15312500000000007 0.48046875 0.20416666666666672 0.5078125 0.20416666666666672
3 0.55546875 0.13437500000000008 0.53671875 0.13437500000000005 0.53671875 0.1687500000000001 0.55546875 0.16875000000000012
3 0.52265625 0.12604166666666675 0.50703125 0.12604166666666675 0.50703125 0.1510416666666667 0.52265625 0.1510416666666667
3 0.546875 0.09791666666666675 0.53671875 0.09791666666666675 0.53671875 0.1312500000000001 0.546875 0.1312500000000001
3 0.55390625 0.09270833333333342 0.53984375 0.09270833333333342 0.53984375 0.11979166666666675 0.55390625 0.11979166666666675
3 0.54140625 0.07083333333333343 0.53046875 0.07083333333333343 0.53046875 0.08750000000000009 0.54140625 0.08750000000000009
3 0.5359375 0.0750000000000001 0.525 0.0750000000000001 0.525 0.08854166666666675 0.5359375 0.08854166666666675
3 0.52890625 0.06979166666666675 0.5171875 0.06979166666666675 0.5171875 0.09166666666666676 0.52890625 0.09166666666666676