3 0.20312500000000008 0.7 0.15859375000000003 0.7 0.15859375000000006 0.7916666666666666 0.20312500000000008 0.7916666666666666
3 0.2445312500000001 0.6260416666666667 0.21093750000000008 0.6260416666666667 0.21093750000000008 0.7458333333333333 0.2445312500000001 0.7458333333333333
0 0.3296875000000001 0.58125 0.23203125000000008 0.58125 0.23203125000000008 0.771875 0.3296875000000001 0.771875
3 0.2500000000000001 0.5625 0.23203125000000008 0.5625 0.23203125000000008 0.65625 0.2500000000000001 0.65625
3 0.2804687500000001 0.5520833333333334 0.2593750000000001 0.5520833333333334 0.2593750000000001 0.6270833333333333 0.2804687500000001 0.6270833333333333
3 0.3343750000000001 0.5333333333333333 0.3125000000000001 0.5333333333333333 0.3125000000000001 0.615625 0.3343750000000001 0.615625
3 0.3140625000000001 0.528125 0.2875000000000001 0.528125 0.2875000000000001 0.5864583333333333 0.3140625000000001 0.5864583333333333
3 0.3257812500000001 0.48541666666666666 0.30156250000000007 0.48541666666666666 0.30156250000000007 0.5552083333333333 0.3257812500000001 0.5552083333333333
3 0.33281250000000007 0.4197916666666667 0.30390625 0.4197916666666667 0.30390625000000004 0.5072916666666667 0.33281250000000007 0.5072916666666667
0 0.39375000000000004 0.3989583333333334 0.34296875 0.39895833333333336 0.34296875000000004 0.4937500000000001 0.3937500000000001 0.49375000000000013
3 0.3484375 0.4041666666666667 0.32578125 0.4041666666666667 0.32578125 0.47604166666666664 0.3484375 0.47604166666666664
3 0.3640625 0.36666666666666675 0.3421875 0.36666666666666664 0.3421875 0.4385416666666667 0.3640625 0.4385416666666668
3 0.41953125 0.38645833333333346 0.39921875 0.38645833333333346 0.39921875 0.4406250000000001 0.41953125 0.4406250000000001
3 0.384375 0.37187500000000007 0.359375 0.371875 0.359375 0.4000000000000001 0.384375 0.40000000000000013
3 0.375 0.3458333333333334 0.35625 0.3458333333333333 0.35625 0.38750000000000007 0.375 0.3875000000000001
0 0.42890625 0.3104166666666668 0.3796875 0.3104166666666668 0.3796875 0.39270833333333344 0.42890625 0.39270833333333344
3 0.384375 0.31666666666666676 0.3703125 0.31666666666666676 0.3703125 0.3645833333333334 0.384375 0.3645833333333334
2 0.5140625 0.27395833333333347 0.41640625 0.27395833333333347 0.41640625 0.6666666666666666 0.5140625 0.6666666666666666
0 0.4671875 0.25625000000000003 0.425 0.25625000000000003 0.425 0.33229166666666676 0.4671875 0.33229166666666676
3 0.434375 0.29062500000000013 0.4171875 0.29062500000000013 0.4171875 0.3354166666666668 0.434375 0.3354166666666668
3 0.434375 0.2645833333333334 0.425 0.2645833333333334 0.425 0.29895833333333344 0.434375 0.29895833333333344
3 0.4203125 0.2687500000000001 0.40546875 0.2687500000000001 0.40546875 0.30520833333333347 0.4203125 0.30520833333333347
3 0.41640625 0.28750000000000014 0.40078125 0.28750000000000014 0.40078125 0.3156250000000001 0.41640625 0.3156250000000001
3 0.40546875 0.29583333333333345 0.38046875 0.29583333333333345 0.38046875 0.3291666666666668 0.40546875 0.3291666666666668
0 0.41953125 0.5166666666666667 0.33671875000000007 0.5166666666666667 0.33671875000000007 0.6604166666666667 0.41953125 0.6604166666666667
3 0.3906250000000001 0.4854166666666668 0.3656250000000001 0.4854166666666668 0.3656250000000001 0.5302083333333335 0.3906250000000001 0.5302083333333335
3 0.38359375000000007 0.46770833333333345 0.365625 0.46770833333333345 0.36562500000000003 0.5187500000000002 0.38359375000000007 0.5187500000000002
0 0.4984375 0.2302083333333334 0.46875 0.2302083333333334 0.46875 0.28020833333333345 0.4984375 0.28020833333333345
0 0.459375 0.22812500000000005 0.43203125 0.22812500000000005 0.43203125 0.26770833333333344 0.459375 0.26770833333333344
3 0.43984375 0.23645833333333338 0.42890625 0.23645833333333338 0.42890625 0.2708333333333334 0.43984375 0.2708333333333334
3 0.428125 0.2489583333333334 0.41640625 0.2489583333333334 0.41640625 0.27708333333333346 0.428125 0.27708333333333346
0 0.5421875 0.22604166666666672 0.509375 0.22604166666666672 0.509375 0.27500000000000013 0.5421875 0.27500000000000013
3 0.51796875 0.22500000000000006 0.5046875 0.22500000000000006 0.5046875 0.26979166666666676 0.51796875 0.26979166666666676
2 0.546875 0.17604166666666676 0.51328125 0.17604166666666674 0.51328125 0.2406250000000001 0.546875 0.24062500000000012
3 0.51640625 0.2177083333333334 0.50703125 0.2177083333333334 0.50703125 0.23854166666666674 0.51640625 0.23854166666666674
3 0.5171875 0.20000000000000007 0.50703125 0.20000000000000007 0.50703125 0.22291666666666674 0.5171875 0.22291666666666674
0 0.50703125 0.2177083333333334 0.48515625 0.2177083333333334 0.48515625 0.2520833333333334 0.50703125 0.2520833333333334
3 0.4875 0.20520833333333338 0.4765625 0.20520833333333338 0.4765625 0.23541666666666672 0.4875 0.23541666666666672
3 0.52421875 0.25729166666666675 0.515625 0.25729166666666675 0.515625 0.3135416666666668 0.52421875 0.3135416666666668
3 0.478125 0.21562500000000007 0.46640625 0.21562500000000007 0.46640625 0.2395833333333334 0.478125 0.2395833333333334
3 0.46796875 0.22083333333333338 0.45625 0.22083333333333338 0.45625 0.24687500000000007 0.46796875 0.24687500000000007
3 0.43984375 0.2177083333333334 0.4234375 0.2177083333333334 0.4234375 0.2489583333333334 0.43984375 0.2489583333333334
0 0.50859375 0.1864583333333334 0.48671875 0.1864583333333334 0.48671875 0.22083333333333338 0.50859375 0.22083333333333338
0 0.47890625 0.1958333333333334 0.45546875 0.1958333333333334 0.45546875 0.22083333333333338 0.47890625 0.22083333333333338
3 0.4546875 0.2020833333333334 0.4359375 0.2020833333333334 0.4359375 0.2270833333333334 0.4546875 0.2270833333333334
3 0.52421875 0.29895833333333344 0.5078125 0.29895833333333344 0.5078125 0.3718750000000001 0.52421875 0.3718750000000001
3 0.51796875 0.1833333333333334 0.5109375 0.1833333333333334 0.5109375 0.1989583333333334 0.51796875 0.1989583333333334
0 0.49140625 0.1708333333333334 0.47109375 0.1708333333333334 0.47109375 0.20520833333333338 0.49140625 0.20520833333333338
0 0.546875 0.14895833333333341 0.53125 0.1489583333333334 0.53125 0.18125000000000008 0.546875 0.1812500000000001
0 0.52109375 0.1520833333333334 0.5046875 0.1520833333333334 0.5046875 0.1770833333333334 0.52109375 0.1770833333333334
0 0.51484375 0.16354166666666672 0.4984375 0.16354166666666672 0.4984375 0.18541666666666673 0.51484375 0.18541666666666673
0 0.49921875 0.15625000000000006 0.478125 0.15625000000000006 0.478125 0.18437500000000007 0.49921875 0.18437500000000007
3 0.48125 0.15937500000000007 0.46875 0.15937500000000007 0.46875 0.18125000000000005 0.48125 0.18125000000000005
0 0.52265625 0.14479166666666674 0.5078125 0.14479166666666674 0.5078125 0.16354166666666672 0.52265625 0.16354166666666672
3 0.50546875 0.15000000000000005 0.496875 0.15000000000000005 0.496875 0.1645833333333334 0.50546875 0.1645833333333334
0 0.540625 0.11770833333333343 0.52890625 0.11770833333333343 0.52890625 0.13750000000000007 0.540625 0.13750000000000007
0 0.54453125 0.13229166666666675 0.52890625 0.13229166666666675 0.52890625 0.14583333333333343 0.54453125 0.14583333333333345
3 0.509375 0.1395833333333334 0.50703125 0.1395833333333334 0.50703125 0.1520833333333334 0.509375 0.1520833333333334
3 0.49296875 0.14270833333333338 0.48359375 0.14270833333333338 0.48359375 0.15625000000000006 0.49296875 0.15625000000000006
3 0.4828125 0.14375000000000007 0.46953125 0.14375000000000007 0.46953125 0.15729166666666672 0.4828125 0.15729166666666672
0 0.525 0.11770833333333343 0.5140625 0.11770833333333343 0.5140625 0.13854166666666673 0.525 0.13854166666666673
0 0.50625 0.1218750000000001 0.4875 0.1218750000000001 0.4875 0.14270833333333338 0.50625 0.14270833333333338
0 0.51640625 0.09687500000000009 0.50234375 0.09687500000000009 0.50234375 0.11770833333333343 0.51640625 0.11770833333333343
0 0.5234375 0.10416666666666675 0.509375 0.10416666666666675 0.509375 0.12395833333333342 0.5234375 0.12395833333333342
3 0.5109375 0.11770833333333343 0.50234375 0.11770833333333343 0.50234375 0.13229166666666675 0.5109375 0.13229166666666675
3 0.5109375 0.1270833333333334 0.50625 0.1270833333333334 0.50625 0.1395833333333334 0.5109375 0.1395833333333334
3 0.490625 0.12916666666666676 0.4828125 0.12916666666666676 0.4828125 0.14270833333333338 0.490625 0.14270833333333338
3 0.49765625 0.11770833333333343 0.49453125 0.11770833333333343 0.49453125 0.12604166666666675 0.49765625 0.12604166666666675
0 0.503125 0.09791666666666675 0.49140625 0.09791666666666675 0.49140625 0.11770833333333343 0.503125 0.11770833333333343
3 0.4921875 0.10833333333333342 0.4859375 0.10833333333333342 0.4859375 0.11875000000000009 0.4921875 0.11875000000000009
3 0.49140625 0.11666666666666675 0.48359375 0.11666666666666675 0.48359375 0.12395833333333342 0.49140625 0.12395833333333342
0 0.3882812500000001 0.678125 0.2882812500000001 0.678125 0.2882812500000001 0.903125 0.3882812500000001 0.903125
0 0.23203125000000008 0.771875 0.08750000000000006 0.771875 0.08750000000000008 1 0.23203125000000008 1
0 0.5046875 0.08958333333333342 0.48671875 0.08958333333333342 0.48671875 0.1062500000000001 0.5046875 0.1062500000000001