3 0.46015625 0.56875 0.43046875 0.56875 0.43046875 0.6927083333333334 0.46015625 0.6927083333333334
3 0.4234375 0.5291666666666668 0.3976562500000001 0.5291666666666668 0.3976562500000001 0.6385416666666667 0.4234375 0.6385416666666667
0 0.4078125 0.5791666666666667 0.3085937500000001 0.5791666666666667 0.3085937500000001 0.7885416666666667 0.4078125 0.7885416666666667
0 0.384375 0.4541666666666667 0.3234375 0.45416666666666666 0.32343750000000004 0.5927083333333333 0.3843750000000001 0.5927083333333333
3 0.3812500000000001 0.54375 0.3507812500000001 0.54375 0.3507812500000001 0.596875 0.3812500000000001 0.596875
3 0.41875 0.46250000000000013 0.396875 0.46250000000000013 0.39687500000000003 0.5572916666666666 0.41875 0.5572916666666666
3 0.44765625 0.41250000000000014 0.42578125 0.41250000000000014 0.42578125 0.5114583333333335 0.44765625 0.5114583333333335
3 0.40390625 0.4270833333333334 0.38359375 0.4270833333333334 0.38359375000000007 0.5208333333333335 0.40390625 0.5208333333333335
3 0.33906250000000004 0.44895833333333335 0.3171875 0.44895833333333335 0.31718750000000007 0.5427083333333333 0.3390625000000001 0.5427083333333333
3 0.31328125000000007 0.46875 0.2859375 0.46875 0.28593750000000007 0.578125 0.31328125000000007 0.578125
3 0.525 0.37395833333333345 0.50625 0.37395833333333345 0.50625 0.4583333333333334 0.525 0.4583333333333334
2 0.5109375 0.3312500000000001 0.4453125 0.3312500000000001 0.4453125 0.55625 0.5109375 0.55625
0 0.4453125 0.34791666666666676 0.39921875 0.34791666666666676 0.39921875 0.44583333333333347 0.4453125 0.44583333333333347
0 0.52578125 0.28750000000000014 0.49453125 0.28750000000000014 0.49453125 0.3666666666666668 0.52578125 0.3666666666666668
3 0.50546875 0.2822916666666668 0.49375 0.2822916666666668 0.49375 0.30833333333333346 0.50546875 0.30833333333333346
3 0.48203125 0.31145833333333345 0.46953125 0.31145833333333345 0.46953125 0.33229166666666676 0.48203125 0.33229166666666676
3 0.4890625 0.2885416666666668 0.478125 0.2885416666666668 0.478125 0.31875000000000014 0.4890625 0.31875000000000014
0 0.52734375 0.23437500000000006 0.49765625 0.23437500000000006 0.49765625 0.2843750000000001 0.52734375 0.2843750000000001
3 0.51015625 0.26770833333333344 0.49765625 0.26770833333333344 0.49765625 0.29062500000000013 0.51015625 0.29062500000000013
3 0.49609375 0.25312500000000004 0.484375 0.25312500000000004 0.484375 0.3000000000000001 0.49609375 0.3000000000000001
3 0.4859375 0.2708333333333334 0.471875 0.2708333333333334 0.471875 0.3072916666666668 0.4859375 0.3072916666666668
0 0.46875 0.28958333333333347 0.43359375 0.28958333333333347 0.43359375 0.35208333333333347 0.46875 0.35208333333333347
3 0.43671875 0.29583333333333345 0.42578125 0.29583333333333345 0.42578125 0.3354166666666668 0.43671875 0.3354166666666668
3 0.43359375 0.28750000000000014 0.4203125 0.28750000000000014 0.4203125 0.34270833333333345 0.43359375 0.34270833333333345
0 0.48125 0.23854166666666674 0.45078125 0.23854166666666674 0.45078125 0.2947916666666668 0.48125 0.2947916666666668
3 0.44609375 0.27187500000000014 0.43671875 0.27187500000000014 0.43671875 0.30312500000000014 0.44609375 0.30312500000000014
0 0.41875 0.3041666666666668 0.378125 0.3041666666666668 0.378125 0.3802083333333334 0.41875 0.3802083333333334
3 0.4203125 0.2885416666666668 0.4078125 0.2885416666666668 0.4078125 0.32708333333333345 0.4203125 0.32708333333333345
3 0.41640625 0.27395833333333347 0.40390625 0.27395833333333347 0.40390625 0.3093750000000001 0.41640625 0.3093750000000001
3 0.45625 0.22604166666666672 0.44609375 0.22604166666666672 0.44609375 0.2687500000000001 0.45625 0.2687500000000001
3 0.4453125 0.24687500000000007 0.43671875 0.24687500000000007 0.43671875 0.2760416666666668 0.4453125 0.2760416666666668
3 0.43359375 0.26979166666666676 0.4234375 0.26979166666666676 0.4234375 0.29583333333333345 0.43359375 0.29583333333333345
3 0.425 0.25000000000000006 0.4140625 0.25000000000000006 0.4140625 0.2979166666666668 0.425 0.2979166666666668
3 0.4328125 0.25520833333333337 0.4234375 0.25520833333333337 0.4234375 0.2822916666666668 0.4328125 0.2822916666666668
3 0.415625 0.26041666666666674 0.4078125 0.26041666666666674 0.4078125 0.28541666666666676 0.415625 0.28541666666666676
3 0.43828125 0.22812500000000005 0.4296875 0.22812500000000005 0.4296875 0.2729166666666668 0.43828125 0.2729166666666668
0 0.48984375 0.20729166666666674 0.46328125 0.20729166666666674 0.46328125 0.25520833333333337 0.48984375 0.25520833333333337
3 0.46640625 0.21562500000000007 0.4578125 0.21562500000000007 0.4578125 0.24375000000000005 0.46640625 0.24375000000000005
3 0.459375 0.20416666666666672 0.45078125 0.20416666666666672 0.45078125 0.24166666666666672 0.459375 0.24166666666666672
3 0.45546875 0.21666666666666673 0.44765625 0.21666666666666673 0.44765625 0.2447916666666667 0.45546875 0.2447916666666667
3 0.44453125 0.2083333333333334 0.4359375 0.2083333333333334 0.4359375 0.24687500000000007 0.44453125 0.24687500000000007
0 0.50390625 0.19375000000000006 0.48203125 0.19375000000000006 0.48203125 0.23750000000000007 0.50390625 0.23750000000000007
3 0.4734375 0.18541666666666673 0.4640625 0.18541666666666673 0.4640625 0.21979166666666672 0.4734375 0.21979166666666672
3 0.46484375 0.1927083333333334 0.4578125 0.1927083333333334 0.4578125 0.22604166666666672 0.46484375 0.22604166666666672
0 0.5453125 0.19270833333333343 0.51875 0.1927083333333334 0.51875 0.2375000000000001 0.5453125 0.23750000000000013
3 0.51953125 0.20729166666666674 0.509375 0.20729166666666674 0.509375 0.23750000000000007 0.51953125 0.23750000000000007
3 0.51328125 0.20729166666666674 0.50546875 0.20729166666666674 0.50546875 0.23854166666666674 0.51328125 0.23854166666666674
3 0.48359375 0.18750000000000006 0.47421875 0.18750000000000006 0.47421875 0.21562500000000007 0.48359375 0.21562500000000007
3 0.55078125 0.1583333333333334 0.5421875 0.15833333333333338 0.5421875 0.18229166666666677 0.55078125 0.1822916666666668
3 0.51640625 0.1927083333333334 0.50859375 0.1927083333333334 0.50859375 0.22604166666666672 0.51640625 0.22604166666666672
0 0.53671875 0.17500000000000007 0.51640625 0.17500000000000007 0.51640625 0.21250000000000005 0.53671875 0.21250000000000005
0 0.540625 0.15729166666666672 0.52421875 0.15729166666666672 0.52421875 0.19375000000000006 0.540625 0.19375000000000006
3 0.5203125 0.16875000000000007 0.5125 0.16875000000000007 0.5125 0.1958333333333334 0.5203125 0.1958333333333334
0 0.51015625 0.16875000000000007 0.49296875 0.16875000000000007 0.49296875 0.1989583333333334 0.51015625 0.1989583333333334
3 0.49609375 0.17500000000000007 0.48984375 0.17500000000000007 0.48984375 0.19687500000000005 0.49609375 0.19687500000000005
3 0.53203125 0.14791666666666672 0.521875 0.14791666666666672 0.521875 0.17187500000000006 0.53203125 0.17187500000000006
3 0.54921875 0.12916666666666676 0.5421875 0.12916666666666676 0.5421875 0.16041666666666676 0.54921875 0.1604166666666668
0 0.5421875 0.14062500000000006 0.521875 0.14062500000000006 0.521875 0.15833333333333338 0.5421875 0.15833333333333338
0 0.546875 0.12916666666666676 0.5265625 0.12916666666666676 0.5265625 0.14791666666666675 0.546875 0.14791666666666678
0 0.5296875 0.11979166666666675 0.51875 0.11979166666666675 0.51875 0.14375000000000007 0.5296875 0.14375000000000007
3 0.53125 0.13229166666666675 0.52265625 0.13229166666666675 0.52265625 0.14791666666666672 0.53125 0.14791666666666672
3 0.490625 0.1770833333333334 0.4796875 0.1770833333333334 0.4796875 0.1989583333333334 0.490625 0.1989583333333334
3 0.5203125 0.14479166666666674 0.515625 0.14479166666666674 0.515625 0.1708333333333334 0.5203125 0.1708333333333334
0 0.51484375 0.14791666666666672 0.5 0.14791666666666672 0.5 0.17187500000000006 0.51484375 0.17187500000000006
3 0.50390625 0.14687500000000006 0.4984375 0.14687500000000006 0.4984375 0.16354166666666672 0.50390625 0.16354166666666672
3 0.496875 0.1552083333333334 0.48828125 0.1552083333333334 0.48828125 0.17604166666666674 0.496875 0.17604166666666674
3 0.4875 0.15937500000000007 0.48125 0.15937500000000007 0.48125 0.1770833333333334 0.4875 0.1770833333333334
0 0.48046875 0.16979166666666673 0.4609375 0.16979166666666673 0.4609375 0.19062500000000007 0.48046875 0.19062500000000007
3 0.478125 0.15625000000000006 0.46953125 0.15625000000000006 0.46953125 0.16979166666666673 0.478125 0.16979166666666673
3 0.52265625 0.13020833333333343 0.51484375 0.13020833333333343 0.51484375 0.15312500000000007 0.52265625 0.15312500000000007
0 0.51640625 0.1281250000000001 0.5015625 0.1281250000000001 0.5015625 0.1489583333333334 0.51640625 0.1489583333333334
3 0.4984375 0.1333333333333334 0.4890625 0.1333333333333334 0.4890625 0.1552083333333334 0.4984375 0.1552083333333334
3 0.4875 0.1354166666666667 0.48125 0.1354166666666667 0.48125 0.1520833333333334 0.4875 0.1520833333333334
3 0.4828125 0.13229166666666675 0.475 0.13229166666666675 0.475 0.15625000000000006 0.4828125 0.15625000000000006
3 0.50703125 0.11666666666666675 0.5 0.11666666666666675 0.5 0.1354166666666667 0.50703125 0.1354166666666667
0 0.5125 0.10416666666666675 0.496875 0.10416666666666675 0.496875 0.12395833333333342 0.5125 0.12395833333333342
3 0.49765625 0.11041666666666676 0.49140625 0.11041666666666676 0.49140625 0.13229166666666675 0.49765625 0.13229166666666675
0 0.546875 0.11458333333333343 0.5296875 0.11458333333333343 0.5296875 0.1375000000000001 0.546875 0.13750000000000012
0 0.5265625 0.10312500000000009 0.515625 0.10312500000000009 0.515625 0.11979166666666675 0.5265625 0.11979166666666675