3 0.653125 0.8385416666666666 0.609375 0.8385416666666666 0.609375 0.959375 0.653125 0.959375
3 0.659375 0.9260416666666667 0.6171875 0.9260416666666667 0.6171875000000001 1 0.6593750000000002 1
3 0.86796875 0.7187500000000002 0.8328125 0.7187500000000002 0.8328125 0.8468750000000003 0.86796875 0.8468750000000003
3 0.74765625 0.7177083333333335 0.684375 0.7177083333333333 0.684375 0.8343750000000001 0.74765625 0.8343750000000002
3 0.65625 0.69375 0.6203125 0.69375 0.6203125 0.8270833333333333 0.65625 0.8270833333333333
3 0.61328125 0.6520833333333333 0.58359375 0.6520833333333333 0.58359375 0.76875 0.61328125 0.76875
3 0.55546875 0.44166666666666676 0.5265625 0.44166666666666676 0.5265625 0.5312500000000001 0.55546875 0.5312500000000001
3 0.66015625 0.5135416666666668 0.63125 0.5135416666666668 0.63125 0.6177083333333333 0.66015625 0.6177083333333333
3 0.61953125 0.3260416666666668 0.6046875 0.3260416666666668 0.6046875 0.37708333333333344 0.61953125 0.37708333333333344
3 0.58515625 0.3093750000000001 0.575 0.3093750000000001 0.575 0.3645833333333334 0.58515625 0.3645833333333334
3 0.571875 0.29062500000000013 0.5609375 0.29062500000000013 0.5609375 0.3291666666666668 0.571875 0.3291666666666668
3 0.56328125 0.25625000000000014 0.54765625 0.25625000000000014 0.54765625 0.30312500000000014 0.56328125 0.30312500000000014
3 0.5375 0.25000000000000006 0.5171875 0.25000000000000006 0.5171875 0.2937500000000001 0.5375 0.2937500000000001
3 0.51171875 0.22187500000000007 0.49296875 0.22187500000000007 0.49296875 0.2645833333333334 0.51171875 0.2645833333333334
3 0.52421875 0.1833333333333334 0.515625 0.1833333333333334 0.515625 0.21041666666666672 0.52421875 0.21041666666666672
3 0.47265625 0.1489583333333334 0.4609375 0.1489583333333334 0.4609375 0.1708333333333334 0.47265625 0.1708333333333334
3 0.46796875 0.1312500000000001 0.465625 0.1312500000000001 0.465625 0.15000000000000005 0.46796875 0.15000000000000005
3 0.48984375 0.11145833333333342 0.47578125 0.11145833333333342 0.47578125 0.1458333333333334 0.48984375 0.1458333333333334
0 0.5984375000000001 0.7916666666666666 0.5078125 0.7916666666666666 0.5078125000000001 1 0.5984375000000002 1
0 0.575 0.6041666666666666 0.49921875 0.6041666666666666 0.49921875 0.8072916666666666 0.575 0.8072916666666666
0 0.80625 0.7927083333333335 0.69375 0.7927083333333333 0.6937500000000001 1.0000000000000002 0.80625 1.0000000000000002
0 0.9046875 0.7562500000000002 0.771875 0.7562500000000002 0.7718750000000001 1.0000000000000002 0.9046875 1.0000000000000002
0 0.7140625 0.44687500000000013 0.640625 0.44687500000000013 0.640625 0.5895833333333333 0.7140625 0.5895833333333333
0 0.59375 0.3802083333333334 0.553125 0.3802083333333334 0.553125 0.47708333333333347 0.59375 0.47708333333333347
0 0.528125 0.2666666666666668 0.4859375 0.2666666666666668 0.4859375 0.35312500000000013 0.528125 0.35312500000000013
0 0.534375 0.20937500000000006 0.50625 0.20937500000000006 0.50625 0.26250000000000007 0.534375 0.26250000000000007
0 0.50859375 0.16979166666666673 0.4875 0.16979166666666673 0.4875 0.19687500000000005 0.50859375 0.19687500000000005
0 0.4828125 0.16979166666666673 0.459375 0.16979166666666673 0.459375 0.20625000000000007 0.4828125 0.20625000000000007
0 0.515625 0.1364583333333334 0.48828125 0.1364583333333334 0.48828125 0.1864583333333334 0.515625 0.1864583333333334
0 0.50078125 0.09895833333333343 0.4890625 0.09895833333333343 0.4890625 0.1281250000000001 0.50078125 0.1281250000000001