3 0.91640625 0.8135416666666669 0.82421875 0.8135416666666669 0.82421875 0.9833333333333336 0.91640625 0.9833333333333336
3 0.63515625 0.6041666666666666 0.578125 0.6041666666666666 0.578125 0.70625 0.63515625 0.70625
3 0.6828125 0.5666666666666667 0.60859375 0.5666666666666667 0.60859375 0.6947916666666667 0.6828125 0.6947916666666667
3 0.75234375 0.5000000000000001 0.65390625 0.5000000000000001 0.65390625 0.6052083333333335 0.75234375 0.6052083333333336
3 0.6078125 0.30312500000000014 0.55703125 0.30312500000000014 0.55703125 0.3979166666666668 0.6078125 0.3979166666666668
3 0.53828125 0.21562500000000007 0.515625 0.21562500000000007 0.515625 0.26770833333333344 0.53828125 0.26770833333333344
3 0.49296875 0.17500000000000007 0.46484375 0.17500000000000007 0.46484375 0.24062500000000006 0.49296875 0.24062500000000006
3 0.5421875 0.1770833333333334 0.52734375 0.1770833333333334 0.52734375 0.21562500000000007 0.5421875 0.21562500000000007
3 0.5046875 0.14791666666666672 0.48828125 0.14791666666666672 0.48828125 0.17395833333333338 0.5046875 0.17395833333333338
3 0.509375 0.1458333333333334 0.49765625 0.1458333333333334 0.49765625 0.17395833333333338 0.509375 0.17395833333333338
0 0.51796875 0.13437500000000005 0.4953125 0.13437500000000005 0.4953125 0.16354166666666672 0.51796875 0.16354166666666672
3 0.51328125 0.1218750000000001 0.496875 0.1218750000000001 0.496875 0.1458333333333334 0.51328125 0.1458333333333334
0 0.5078125 0.08958333333333342 0.49375 0.08958333333333342 0.49375 0.11041666666666676 0.5078125 0.11041666666666676
3 0.51640625 0.08229166666666675 0.5046875 0.08229166666666675 0.5046875 0.10833333333333342 0.51640625 0.10833333333333342
0 0.58671875 0.5447916666666667 0.49375 0.5447916666666667 0.49375 0.740625 0.58671875 0.740625
0 0.8328125 0.7479166666666668 0.690625 0.7479166666666667 0.690625 0.9958333333333335 0.8328125 0.9958333333333336
0 0.4890625 0.11979166666666675 0.46015625 0.11979166666666675 0.46015625 0.1770833333333334 0.4890625 0.1770833333333334