3 0.6304687500000001 0.9645833333333333 0.596875 0.9645833333333333 0.596875 1 0.6304687500000001 1
3 0.96328125 0.9156250000000002 0.90078125 0.9156250000000002 0.90078125 1.0000000000000002 0.96328125 1.0000000000000002
3 0.80546875 0.6479166666666669 0.771875 0.6479166666666669 0.771875 0.7541666666666669 0.80546875 0.7541666666666669
3 0.82265625 0.7114583333333335 0.7796875 0.7114583333333335 0.7796875 0.8072916666666669 0.82265625 0.8072916666666669
3 0.75703125 0.5468750000000001 0.71796875 0.546875 0.71796875 0.6760416666666668 0.75703125 0.6760416666666669
3 0.57578125 0.43958333333333344 0.55390625 0.43958333333333344 0.55390625 0.5052083333333335 0.57578125 0.5052083333333335
3 0.54765625 0.4479166666666668 0.53046875 0.4479166666666668 0.53046875 0.49895833333333345 0.54765625 0.49895833333333345
3 0.52578125 0.43958333333333344 0.50390625 0.43958333333333344 0.50390625 0.4843750000000001 0.52578125 0.4843750000000001
3 0.52421875 0.4739583333333334 0.50234375 0.4739583333333334 0.50234375 0.5135416666666668 0.52421875 0.5135416666666668
3 0.5109375 0.5208333333333335 0.490625 0.5208333333333335 0.490625 0.6010416666666667 0.5109375 0.6010416666666667
3 0.50703125 0.4114583333333334 0.48203125 0.4114583333333334 0.48203125 0.48333333333333345 0.50703125 0.48333333333333345
3 0.50078125 0.3645833333333334 0.4875 0.3645833333333334 0.4875 0.41770833333333346 0.50078125 0.41770833333333346
3 0.515625 0.3906250000000001 0.50390625 0.3906250000000001 0.50390625 0.4531250000000001 0.515625 0.4531250000000001
3 0.5328125 0.37708333333333344 0.51875 0.37708333333333344 0.51875 0.42083333333333345 0.5328125 0.42083333333333345
3 0.540625 0.4031250000000001 0.5234375 0.4031250000000001 0.5234375 0.4791666666666668 0.540625 0.4791666666666668
3 0.54609375 0.35208333333333347 0.52578125 0.35208333333333347 0.52578125 0.4072916666666668 0.54609375 0.4072916666666668
3 0.57578125 0.3406250000000001 0.55625 0.3406250000000001 0.55625 0.3822916666666668 0.57578125 0.3822916666666668
3 0.5953125 0.3385416666666668 0.584375 0.3385416666666668 0.584375 0.36145833333333344 0.5953125 0.36145833333333344
3 0.6046875 0.3229166666666668 0.59140625 0.3229166666666668 0.59140625 0.35833333333333345 0.6046875 0.35833333333333345
3 0.63125 0.33020833333333344 0.61953125 0.33020833333333344 0.61953125 0.3562500000000001 0.63125 0.3562500000000001
3 0.6140625 0.3177083333333334 0.6015625 0.3177083333333334 0.6015625 0.3593750000000001 0.6140625 0.3593750000000001
3 0.6109375 0.2885416666666668 0.596875 0.2885416666666668 0.596875 0.31666666666666676 0.6109375 0.31666666666666676
3 0.60078125 0.26979166666666676 0.58671875 0.26979166666666676 0.58671875 0.3093750000000001 0.60078125 0.3093750000000001
3 0.5703125 0.3093750000000001 0.55390625 0.3093750000000001 0.55390625 0.3416666666666668 0.5703125 0.3416666666666668
3 0.5796875 0.3020833333333334 0.5640625 0.3020833333333334 0.5640625 0.3437500000000001 0.5796875 0.3437500000000001
3 0.525 0.2885416666666668 0.50703125 0.2885416666666668 0.50703125 0.3333333333333334 0.525 0.3333333333333334
3 0.53046875 0.3125000000000001 0.51640625 0.3125000000000001 0.51640625 0.37083333333333346 0.53046875 0.37083333333333346
3 0.525 0.2645833333333334 0.51171875 0.2645833333333334 0.51171875 0.28958333333333347 0.525 0.28958333333333347
3 0.55390625 0.29583333333333345 0.540625 0.29583333333333345 0.540625 0.34583333333333344 0.55390625 0.34583333333333344
3 0.54921875 0.29895833333333344 0.52734375 0.29895833333333344 0.52734375 0.3406250000000001 0.54921875 0.3406250000000001
3 0.546875 0.3281250000000001 0.534375 0.3281250000000001 0.534375 0.37708333333333344 0.546875 0.37708333333333344
3 0.53515625 0.2791666666666668 0.51953125 0.2791666666666668 0.51953125 0.3333333333333334 0.53515625 0.3333333333333334
3 0.55703125 0.2781250000000001 0.54140625 0.2781250000000001 0.54140625 0.31458333333333344 0.55703125 0.31458333333333344
3 0.559375 0.2500000000000001 0.54375 0.25000000000000006 0.54375 0.2812500000000001 0.559375 0.2812500000000001
3 0.56953125 0.23958333333333345 0.5546875 0.23958333333333345 0.5546875 0.2635416666666668 0.56953125 0.2635416666666668
3 0.58828125 0.24895833333333345 0.571875 0.24895833333333345 0.571875 0.27500000000000013 0.58828125 0.27500000000000013
3 0.5 0.16875000000000007 0.49140625 0.16875000000000007 0.49140625 0.19062500000000007 0.5 0.19062500000000007
3 0.55859375 0.2125000000000001 0.55234375 0.2125000000000001 0.55234375 0.24687500000000012 0.55859375 0.24687500000000012
3 0.55234375 0.21770833333333342 0.53671875 0.2177083333333334 0.53671875 0.2510416666666668 0.55234375 0.2510416666666668
3 0.5359375 0.20000000000000007 0.5296875 0.20000000000000007 0.5296875 0.23229166666666673 0.5359375 0.23229166666666673
3 0.53125 0.2020833333333334 0.521875 0.2020833333333334 0.521875 0.2302083333333334 0.53125 0.2302083333333334
3 0.521875 0.19166666666666674 0.5125 0.19166666666666674 0.5125 0.2177083333333334 0.521875 0.2177083333333334
3 0.509375 0.18854166666666672 0.50234375 0.18854166666666672 0.50234375 0.20625000000000007 0.509375 0.20625000000000007
3 0.50546875 0.17604166666666674 0.4984375 0.17604166666666674 0.4984375 0.20000000000000007 0.50546875 0.20000000000000007
3 0.5484375 0.2062500000000001 0.53828125 0.20625000000000007 0.53828125 0.22395833333333343 0.5484375 0.22395833333333345
3 0.55625 0.19895833333333346 0.54609375 0.19895833333333346 0.54609375 0.2229166666666668 0.55625 0.2229166666666668
3 0.54609375 0.18645833333333342 0.5375 0.1864583333333334 0.5375 0.20416666666666675 0.54609375 0.20416666666666677
3 0.5375 0.18854166666666672 0.52421875 0.18854166666666672 0.52421875 0.20937500000000006 0.5375 0.20937500000000006
3 0.50546875 0.15729166666666672 0.50078125 0.15729166666666672 0.50078125 0.17916666666666672 0.50546875 0.17916666666666672
3 0.51640625 0.1520833333333334 0.509375 0.1520833333333334 0.509375 0.17395833333333338 0.51640625 0.17395833333333338
3 0.5171875 0.1708333333333334 0.50625 0.1708333333333334 0.50625 0.19166666666666674 0.5171875 0.19166666666666674
3 0.52734375 0.15625000000000006 0.51953125 0.15625000000000006 0.51953125 0.1708333333333334 0.52734375 0.1708333333333334
3 0.53125 0.1708333333333334 0.51953125 0.1708333333333334 0.51953125 0.18854166666666672 0.53125 0.18854166666666672
3 0.5390625 0.16562500000000005 0.528125 0.16562500000000005 0.528125 0.18854166666666672 0.5390625 0.18854166666666672
2 0.48828125 0.13125000000000006 0.44921875 0.13125000000000006 0.44921875 0.22604166666666672 0.48828125 0.22604166666666672
2 0.50625 0.1979166666666667 0.4640625 0.1979166666666667 0.4640625 0.3104166666666668 0.50625 0.3104166666666668
2 0.60625 0.49895833333333345 0.490625 0.49895833333333345 0.490625 0.83125 0.60625 0.83125
2 0.73828125 0.3541666666666668 0.56953125 0.3541666666666668 0.56953125 0.8083333333333335 0.73828125 0.8083333333333336
0 0.8953125 0.7895833333333335 0.7515625 0.7895833333333335 0.7515625000000001 1.0000000000000002 0.8953125 1.0000000000000002
0 0.59296875 0.37708333333333344 0.540625 0.37708333333333344 0.540625 0.47291666666666676 0.59296875 0.47291666666666676
0 0.52109375 0.30312500000000014 0.47734375 0.30312500000000014 0.47734375 0.3979166666666668 0.52109375 0.3979166666666668
0 0.59296875 0.26145833333333346 0.55390625 0.26145833333333346 0.55390625 0.3291666666666668 0.59296875 0.3291666666666668
0 0.5421875 0.22812500000000005 0.5140625 0.22812500000000005 0.5140625 0.2822916666666668 0.5421875 0.2822916666666668
0 0.5203125 0.20625000000000007 0.5 0.20625000000000007 0.5 0.25625000000000003 0.5203125 0.25625000000000003