3 0.4523437500000001 0.871875 0.40234375 0.871875 0.4023437500000001 0.96875 0.45234375000000016 0.96875
3 0.36796875000000007 0.834375 0.3148437500000001 0.834375 0.3148437500000001 0.9739583333333334 0.36796875000000007 0.9739583333333334
3 0.34843750000000007 0.9291666666666667 0.3031250000000001 0.9291666666666667 0.3031250000000001 1 0.34843750000000007 1
3 0.23046875000000008 0.81875 0.1429687500000001 0.81875 0.1429687500000001 1 0.23046875000000008 1
3 0.1648437500000001 0.7854166666666667 0.1140625000000001 0.7854166666666667 0.1140625000000001 0.9427083333333334 0.1648437500000001 0.9427083333333334
3 0.2750000000000001 0.7010416666666667 0.23437500000000008 0.7010416666666667 0.23437500000000008 0.8520833333333333 0.2750000000000001 0.8520833333333333
3 0.24609375000000008 0.6302083333333334 0.2000000000000001 0.6302083333333334 0.2000000000000001 0.7604166666666666 0.24609375000000008 0.7604166666666666
3 0.2484375000000001 0.5875 0.21250000000000008 0.5875 0.21250000000000008 0.6645833333333333 0.2484375000000001 0.6645833333333333
3 0.30156250000000007 0.5947916666666667 0.2757812500000001 0.5947916666666667 0.2757812500000001 0.703125 0.30156250000000007 0.703125
3 0.2851562500000001 0.5177083333333333 0.2570312500000001 0.5177083333333333 0.2570312500000001 0.621875 0.2851562500000001 0.621875
3 0.51875 0.6072916666666667 0.47890625 0.6072916666666667 0.47890625 0.7427083333333333 0.51875 0.7427083333333333
3 0.503125 0.5645833333333333 0.475 0.5645833333333333 0.475 0.6489583333333333 0.503125 0.6489583333333333
3 0.32031250000000006 0.45416666666666666 0.29140625 0.45416666666666666 0.29140625000000003 0.5302083333333333 0.3203125000000001 0.5302083333333333
3 0.39765625 0.3468750000000001 0.378125 0.3468750000000001 0.378125 0.38125000000000014 0.39765625 0.38125000000000014
3 0.4171875 0.2843750000000001 0.3984375 0.2843750000000001 0.3984375 0.34791666666666676 0.4171875 0.34791666666666676
3 0.43984375 0.2614583333333334 0.41953125 0.2614583333333334 0.41953125 0.32187500000000013 0.43984375 0.32187500000000013
3 0.44140625 0.2395833333333334 0.421875 0.2395833333333334 0.421875 0.2822916666666668 0.44140625 0.2822916666666668
3 0.51875 0.24375000000000005 0.49921875 0.24375000000000005 0.49921875 0.30625000000000013 0.51875 0.30625000000000013
3 0.48359375 0.21875000000000006 0.46953125 0.21875000000000006 0.46953125 0.2583333333333334 0.48359375 0.2583333333333334
3 0.48515625 0.20520833333333338 0.47421875 0.20520833333333338 0.47421875 0.24166666666666672 0.48515625 0.24166666666666672
3 0.46796875 0.1864583333333334 0.46015625 0.1864583333333334 0.46015625 0.21250000000000005 0.46796875 0.21250000000000005
3 0.50078125 0.1614583333333334 0.4859375 0.1614583333333334 0.4859375 0.20416666666666672 0.50078125 0.20416666666666672
3 0.53125 0.15833333333333338 0.51796875 0.15833333333333338 0.51796875 0.2083333333333334 0.53125 0.2083333333333334
3 0.5078125 0.1218750000000001 0.49609375 0.1218750000000001 0.49609375 0.15312500000000007 0.5078125 0.15312500000000007
3 0.50859375 0.10208333333333343 0.5015625 0.10208333333333343 0.5015625 0.11979166666666675 0.50859375 0.11979166666666675
3 0.51171875 0.09583333333333342 0.50234375 0.09583333333333342 0.50234375 0.11145833333333342 0.51171875 0.11145833333333342
3 0.49453125 0.09270833333333342 0.48984375 0.09270833333333342 0.48984375 0.11354166666666675 0.49453125 0.11354166666666675
0 0.46796875 0.19687500000000005 0.4421875 0.19687500000000005 0.4421875 0.25520833333333337 0.46796875 0.25520833333333337
0 0.51015625 0.4427083333333334 0.440625 0.4427083333333334 0.440625 0.6020833333333333 0.51015625 0.6020833333333333
0 0.48359375 0.6479166666666667 0.3890625000000001 0.6479166666666667 0.3890625000000001 0.8947916666666667 0.48359375 0.8947916666666667
0 0.4609375000000001 0.95 0.3632812500000001 0.95 0.3632812500000001 1 0.46093750000000017 1
0 0.3648437500000001 0.6875 0.25468750000000007 0.6875 0.25468750000000007 0.91875 0.3648437500000001 0.91875
1 0.44296875 0.3604166666666667 0.2859375 0.36041666666666666 0.28593750000000007 0.7104166666666667 0.44296875 0.7104166666666667