2 0.5484375 0.14895833333333341 0.52890625 0.1489583333333334 0.52890625 0.19479166666666675 0.5484375 0.19479166666666678
2 0.465625 0.2020833333333334 0.43203125 0.2020833333333334 0.43203125 0.29062500000000013 0.465625 0.29062500000000013
2 0.540625 0.10833333333333342 0.52578125 0.10833333333333342 0.52578125 0.13020833333333343 0.540625 0.13020833333333343
0 0.4671875000000001 0.6854166666666667 0.3937500000000001 0.6854166666666667 0.3937500000000001 0.9864583333333333 0.4671875000000002 0.9864583333333333
0 0.2960937500000001 0.8739583333333333 0.2273437500000001 0.8739583333333333 0.2273437500000001 1 0.2960937500000001 1
0 0.1632812500000001 0.7979166666666667 0.10078125000000009 0.7979166666666667 0.10078125000000009 0.9916666666666667 0.1632812500000001 0.9916666666666667
0 0.49765625 0.56875 0.43828125 0.56875 0.43828125 0.7145833333333333 0.49765625 0.7145833333333333
0 0.3742187500000001 0.5510416666666667 0.3117187500000001 0.5510416666666667 0.3117187500000001 0.7052083333333333 0.3742187500000001 0.7052083333333333
0 0.50390625 0.47291666666666676 0.4703125 0.47291666666666676 0.4703125 0.575 0.50390625 0.575
0 0.4296875 0.45937500000000014 0.3859375 0.45937500000000014 0.38593750000000004 0.5520833333333334 0.4296875 0.5520833333333334
0 0.3375 0.4708333333333333 0.2953125 0.4708333333333333 0.29531250000000003 0.5697916666666667 0.3375000000000001 0.5697916666666667
0 0.50859375 0.42395833333333344 0.478125 0.42395833333333344 0.478125 0.4760416666666668 0.50859375 0.4760416666666668
0 0.44140625 0.4114583333333334 0.4078125 0.4114583333333334 0.4078125 0.47708333333333347 0.44140625 0.47708333333333347
0 0.3859375 0.39062500000000006 0.35625 0.390625 0.35625 0.44791666666666674 0.3859375 0.4479166666666668
0 0.4125 0.32395833333333346 0.3796875 0.32395833333333346 0.3796875 0.38333333333333347 0.4125 0.38333333333333347
0 0.40546875 0.2864583333333334 0.3890625 0.2864583333333334 0.3890625 0.32708333333333345 0.40546875 0.32708333333333345
0 0.44453125 0.3447916666666668 0.4 0.3447916666666668 0.4 0.4135416666666668 0.44453125 0.4135416666666668
0 0.4625 0.3177083333333334 0.428125 0.3177083333333334 0.428125 0.3802083333333334 0.4625 0.3802083333333334
0 0.4703125 0.2979166666666668 0.44453125 0.2979166666666668 0.44453125 0.3447916666666668 0.4703125 0.3447916666666668
0 0.51171875 0.31666666666666676 0.475 0.31666666666666676 0.475 0.3781250000000001 0.51171875 0.3781250000000001
0 0.509375 0.3666666666666668 0.4734375 0.3666666666666668 0.4734375 0.4229166666666668 0.509375 0.4229166666666668
0 0.525 0.2614583333333334 0.5015625 0.2614583333333334 0.5015625 0.31458333333333344 0.525 0.31458333333333344
0 0.5359375 0.23645833333333338 0.52109375 0.23645833333333338 0.52109375 0.2708333333333334 0.5359375 0.2708333333333334
0 0.521875 0.23645833333333338 0.50703125 0.23645833333333338 0.50703125 0.2666666666666668 0.521875 0.2666666666666668
0 0.54375 0.21875000000000006 0.52890625 0.21875000000000006 0.52890625 0.2427083333333334 0.54375 0.2427083333333334
3 0.528125 0.1958333333333334 0.521875 0.1958333333333334 0.521875 0.22083333333333338 0.528125 0.22083333333333338
0 0.5171875 0.20104166666666673 0.50390625 0.20104166666666673 0.50390625 0.2239583333333334 0.5171875 0.2239583333333334
3 0.5015625 0.23854166666666674 0.49375 0.23854166666666674 0.49375 0.2645833333333334 0.5015625 0.2645833333333334
0 0.50078125 0.21666666666666673 0.484375 0.21666666666666673 0.484375 0.24166666666666672 0.50078125 0.24166666666666672
0 0.49609375 0.18541666666666673 0.4828125 0.18541666666666673 0.4828125 0.20625000000000007 0.49609375 0.20625000000000007
0 0.4859375 0.20625000000000007 0.47421875 0.20625000000000007 0.47421875 0.2333333333333334 0.4859375 0.2333333333333334
0 0.5203125 0.19166666666666674 0.50703125 0.19166666666666674 0.50703125 0.2135416666666667 0.5203125 0.2135416666666667
0 0.50234375 0.1666666666666667 0.490625 0.1666666666666667 0.490625 0.19166666666666674 0.50234375 0.19166666666666674
3 0.52578125 0.1645833333333334 0.52109375 0.1645833333333334 0.52109375 0.19375000000000006 0.52578125 0.19375000000000006
0 0.5140625 0.1614583333333334 0.50546875 0.1614583333333334 0.50546875 0.1802083333333334 0.5140625 0.1802083333333334
0 0.521875 0.12500000000000008 0.5125 0.12500000000000008 0.5125 0.1364583333333334 0.521875 0.1364583333333334
0 0.52109375 0.11458333333333343 0.5140625 0.11458333333333343 0.5140625 0.1270833333333334 0.52109375 0.1270833333333334
0 0.5125 0.11145833333333342 0.50390625 0.11145833333333342 0.50390625 0.1270833333333334 0.5125 0.1270833333333334
3 0.54453125 0.19166666666666676 0.53515625 0.19166666666666674 0.53515625 0.23020833333333343 0.54453125 0.23020833333333346
3 0.05781250000000008 0.8104166666666667 0.01796875000000007 0.8104166666666667 0.01796875000000008 0.9229166666666667 0.057812500000000086 0.9229166666666667
3 0.06640625000000008 0.9052083333333333 0.025000000000000078 0.9052083333333333 0.025000000000000085 1 0.06640625000000008 1
3 0.012500000000000091 0.9604166666666667 8.82128397510828e-17 0.9604166666666667 9.003067484356715e-17 1 0.012500000000000094 1
3 0.3414062500000001 0.9395833333333333 0.31718750000000007 0.9395833333333333 0.31718750000000007 1 0.3414062500000001 1
3 0.36796875000000007 0.8541666666666666 0.3453125000000001 0.8541666666666666 0.3453125000000001 0.9885416666666667 0.36796875000000007 0.9885416666666667
3 0.34453125000000007 0.8083333333333333 0.3156250000000001 0.8083333333333333 0.3156250000000001 0.9364583333333333 0.34453125000000007 0.9364583333333333
3 0.3078125000000001 0.7979166666666667 0.2875000000000001 0.7979166666666667 0.2875000000000001 0.8708333333333333 0.3078125000000001 0.8708333333333333
3 0.2750000000000001 0.7895833333333333 0.25078125000000007 0.7895833333333333 0.25078125000000007 0.8739583333333333 0.2750000000000001 0.8739583333333333
3 0.2609375000000001 0.753125 0.2351562500000001 0.753125 0.2351562500000001 0.8645833333333334 0.2609375000000001 0.8645833333333334
3 0.2406250000000001 0.84375 0.20312500000000008 0.84375 0.20312500000000008 0.9697916666666667 0.2406250000000001 0.9697916666666667
3 0.19531250000000008 0.9270833333333334 0.1632812500000001 0.9270833333333334 0.1632812500000001 1 0.19531250000000008 1
3 0.14531250000000007 0.69375 0.11093750000000005 0.69375 0.11093750000000006 0.8010416666666667 0.1453125000000001 0.8010416666666667
3 0.16796875000000008 0.7364583333333333 0.1515625000000001 0.7364583333333333 0.1515625000000001 0.8072916666666666 0.16796875000000008 0.8072916666666666
3 0.19375000000000006 0.6760416666666667 0.16640625000000003 0.6760416666666667 0.16640625000000006 0.7729166666666667 0.1937500000000001 0.7729166666666667
3 0.2273437500000001 0.71875 0.19687500000000005 0.71875 0.19687500000000008 0.8041666666666667 0.2273437500000001 0.8041666666666667
3 0.2234375000000001 0.6729166666666667 0.18828125000000004 0.6729166666666667 0.18828125000000007 0.7697916666666667 0.2234375000000001 0.7697916666666667
3 0.25859375000000007 0.6552083333333333 0.2335937500000001 0.6552083333333333 0.2335937500000001 0.7552083333333334 0.25859375000000007 0.7552083333333334
3 0.2867187500000001 0.6697916666666667 0.2617187500000001 0.6697916666666667 0.2617187500000001 0.76875 0.2867187500000001 0.76875
3 0.31718750000000007 0.734375 0.2804687500000001 0.734375 0.2804687500000001 0.81875 0.31718750000000007 0.81875
3 0.3453125000000001 0.6770833333333334 0.3062500000000001 0.6770833333333334 0.3062500000000001 0.7854166666666667 0.3453125000000001 0.7854166666666667
3 0.3828125000000001 0.7427083333333333 0.35234375000000007 0.7427083333333333 0.35234375000000007 0.8604166666666667 0.3828125000000001 0.8604166666666667
3 0.3937500000000001 0.6822916666666666 0.36796875000000007 0.6822916666666666 0.36796875000000007 0.7739583333333333 0.3937500000000001 0.7739583333333333
3 0.4109375 0.6197916666666666 0.3828125000000001 0.6197916666666666 0.3828125000000001 0.7208333333333333 0.4109375 0.7208333333333333
3 0.42421875 0.5739583333333333 0.3976562500000001 0.5739583333333333 0.3976562500000001 0.6614583333333334 0.42421875 0.6614583333333334
3 0.28203125000000007 0.48854166666666665 0.2601562500000001 0.48854166666666665 0.2601562500000001 0.5770833333333333 0.28203125000000007 0.5770833333333333
3 0.15859375000000003 0.403125 0.13046875000000005 0.403125 0.13046875000000005 0.5010416666666667 0.15859375000000003 0.5010416666666667
3 0.25859375000000007 0.5614583333333333 0.2335937500000001 0.5614583333333333 0.2335937500000001 0.64375 0.25859375000000007 0.64375
3 0.2804687500000001 0.58125 0.2531250000000001 0.58125 0.2531250000000001 0.6729166666666667 0.2804687500000001 0.6729166666666667
3 0.3062500000000001 0.5875 0.2734375000000001 0.5875 0.2734375000000001 0.6729166666666667 0.3062500000000001 0.6729166666666667
3 0.3242187500000001 0.5302083333333333 0.2921875000000001 0.5302083333333333 0.2921875000000001 0.6354166666666666 0.3242187500000001 0.6354166666666666
3 0.32109375000000007 0.5375 0.29765625000000007 0.5375 0.29765625000000007 0.6260416666666667 0.32109375000000007 0.6260416666666667
3 0.2500000000000001 0.6145833333333334 0.2289062500000001 0.6145833333333334 0.2289062500000001 0.696875 0.2500000000000001 0.696875
3 0.22656250000000008 0.6052083333333333 0.2000000000000001 0.6052083333333333 0.2000000000000001 0.6875 0.22656250000000008 0.6875
3 0.38906250000000003 0.43645833333333345 0.36796875 0.43645833333333345 0.36796875000000007 0.5208333333333335 0.3890625000000001 0.5208333333333335
3 0.37265625 0.46875000000000006 0.3578125 0.46875 0.35781250000000003 0.5333333333333333 0.3726562500000001 0.5333333333333333
3 0.36796875000000007 0.503125 0.3421875000000001 0.503125 0.3421875000000001 0.5510416666666667 0.36796875000000007 0.5510416666666667
3 0.36406250000000007 0.44062500000000004 0.346875 0.440625 0.34687500000000004 0.5104166666666667 0.36406250000000007 0.5104166666666667
3 0.34765625 0.42604166666666665 0.33359375 0.42604166666666665 0.33359375 0.475 0.34765625 0.475
3 0.32890625 0.44479166666666664 0.309375 0.44479166666666664 0.309375 0.48020833333333335 0.32890625 0.48020833333333335
3 0.403125 0.3572916666666668 0.38359375 0.3572916666666668 0.38359375 0.42812500000000014 0.403125 0.42812500000000014
3 0.43046875 0.3000000000000001 0.41640625 0.3000000000000001 0.41640625 0.3447916666666668 0.43046875 0.3447916666666668
3 0.44921875 0.2791666666666668 0.43125 0.2791666666666668 0.43125 0.3197916666666668 0.44921875 0.3197916666666668
3 0.48359375 0.2822916666666668 0.47265625 0.2822916666666668 0.47265625 0.33437500000000014 0.48359375 0.33437500000000014
3 0.471875 0.27500000000000013 0.45625 0.27500000000000013 0.45625 0.31145833333333345 0.471875 0.31145833333333345
3 0.49765625 0.25312500000000004 0.4875 0.25312500000000004 0.4875 0.2885416666666668 0.49765625 0.2885416666666668
3 0.49140625 0.26250000000000007 0.48203125 0.26250000000000007 0.48203125 0.2979166666666668 0.49140625 0.2979166666666668
3 0.48671875 0.27187500000000014 0.47734375 0.27187500000000014 0.47734375 0.30520833333333347 0.48671875 0.30520833333333347
3 0.4875 0.2489583333333334 0.478125 0.2489583333333334 0.478125 0.2812500000000001 0.4875 0.2812500000000001
3 0.49140625 0.23750000000000007 0.4828125 0.23750000000000007 0.4828125 0.26041666666666674 0.49140625 0.26041666666666674
3 0.41953125 0.2843750000000001 0.40703125 0.2843750000000001 0.40703125 0.31875000000000014 0.41953125 0.31875000000000014
3 0.42734375 0.27187500000000014 0.41953125 0.27187500000000014 0.41953125 0.30312500000000014 0.42734375 0.30312500000000014
3 0.41015625 0.26979166666666676 0.403125 0.26979166666666676 0.403125 0.2968750000000001 0.41015625 0.2968750000000001
3 0.42890625 0.25312500000000004 0.421875 0.25312500000000004 0.421875 0.2812500000000001 0.42890625 0.2812500000000001
3 0.41640625 0.25312500000000004 0.4078125 0.25312500000000004 0.4078125 0.2812500000000001 0.41640625 0.2812500000000001
3 0.42421875 0.24375000000000005 0.415625 0.24375000000000005 0.415625 0.26979166666666676 0.42421875 0.26979166666666676
3 0.42890625 0.23125000000000007 0.42109375 0.23125000000000007 0.42109375 0.2583333333333334 0.42890625 0.2583333333333334
3 0.48203125 0.17291666666666672 0.47578125 0.17291666666666672 0.47578125 0.20312500000000006 0.48203125 0.20312500000000006
3 0.47109375 0.17291666666666672 0.4640625 0.17291666666666672 0.4640625 0.20000000000000007 0.47109375 0.20000000000000007
3 0.4640625 0.17500000000000007 0.45703125 0.17500000000000007 0.45703125 0.19687500000000005 0.4640625 0.19687500000000005
3 0.48984375 0.1614583333333334 0.4828125 0.1614583333333334 0.4828125 0.1864583333333334 0.48984375 0.1864583333333334
3 0.47734375 0.16354166666666672 0.4703125 0.16354166666666672 0.4703125 0.19062500000000007 0.47734375 0.19062500000000007
0 0.521875 0.14687500000000006 0.51015625 0.14687500000000006 0.51015625 0.16979166666666673 0.521875 0.16979166666666673
3 0.50546875 0.14479166666666674 0.5 0.14479166666666674 0.5 0.1666666666666667 0.50546875 0.1666666666666667
0 0.50859375 0.13229166666666675 0.49765625 0.13229166666666675 0.49765625 0.1510416666666667 0.50859375 0.1510416666666667
3 0.49765625 0.1218750000000001 0.49140625 0.1218750000000001 0.49140625 0.14479166666666674 0.49765625 0.14479166666666674
3 0.50546875 0.11979166666666675 0.50078125 0.11979166666666675 0.50078125 0.13437500000000005 0.50546875 0.13437500000000005
3 0.51328125 0.10208333333333343 0.509375 0.10208333333333343 0.509375 0.11666666666666675 0.51328125 0.11666666666666675
3 0.50234375 0.10937500000000008 0.4984375 0.10937500000000008 0.4984375 0.1270833333333334 0.50234375 0.1270833333333334
3 0.49921875 0.11562500000000009 0.49453125 0.11562500000000009 0.49453125 0.12916666666666676 0.49921875 0.12916666666666676
0 0.49921875 0.1458333333333334 0.48515625 0.1458333333333334 0.48515625 0.1666666666666667 0.49921875 0.1666666666666667
3 0.49296875 0.1312500000000001 0.48671875 0.1312500000000001 0.48671875 0.15312500000000007 0.49296875 0.15312500000000007
3 0.48671875 0.14062500000000006 0.48046875 0.14062500000000006 0.48046875 0.16354166666666672 0.48671875 0.16354166666666672
3 0.48125 0.1520833333333334 0.47421875 0.1520833333333334 0.47421875 0.17500000000000007 0.48125 0.17500000000000007
0 0.5421875 0.1281250000000001 0.53359375 0.1281250000000001 0.53359375 0.14479166666666674 0.5421875 0.14479166666666674
3 0.53125 0.1333333333333334 0.52578125 0.1333333333333334 0.52578125 0.15625000000000006 0.53125 0.15625000000000006
0 0.5234375 0.13437500000000005 0.5125 0.13437500000000005 0.5125 0.14791666666666672 0.5234375 0.14791666666666672
0 0.52265625 0.10520833333333342 0.5171875 0.10520833333333342 0.5171875 0.11458333333333343 0.52265625 0.11458333333333343
0 0.509375 0.10312500000000009 0.5 0.10312500000000009 0.5 0.11145833333333342 0.509375 0.11145833333333342
0 0.50546875 0.09270833333333342 0.49375 0.09270833333333342 0.49375 0.10729166666666676 0.50546875 0.10729166666666676
3 0.4953125 0.1062500000000001 0.49140625 0.1062500000000001 0.49140625 0.1218750000000001 0.4953125 0.1218750000000001