3 0.96015625 0.9635416666666669 0.9375 0.9635416666666669 0.9375 1.0000000000000002 0.96015625 1.0000000000000002
3 0.8921875 0.8927083333333335 0.85625 0.8927083333333335 0.85625 0.9979166666666669 0.8921875 0.9979166666666669
3 0.92109375 0.8687500000000002 0.8890625 0.8687500000000002 0.8890625 0.9833333333333336 0.92109375 0.9833333333333336
3 0.8421875 0.8385416666666669 0.80859375 0.8385416666666669 0.80859375 0.9916666666666669 0.8421875 0.9916666666666669
3 0.86796875 0.6979166666666669 0.83671875 0.6979166666666669 0.83671875 0.8208333333333335 0.86796875 0.8208333333333335
3 0.85703125 0.8104166666666669 0.83125 0.8104166666666669 0.83125 0.9291666666666669 0.85703125 0.9291666666666669
3 0.8046875 0.7697916666666669 0.77890625 0.7697916666666669 0.77890625 0.8895833333333336 0.8046875 0.8895833333333336
3 0.6765625000000001 0.8208333333333333 0.6375 0.8208333333333333 0.6375000000000001 0.9770833333333333 0.6765625000000002 0.9770833333333333
3 0.65 0.7447916666666666 0.61953125 0.7447916666666666 0.61953125 0.8854166666666666 0.65 0.8854166666666666
3 0.6390625 0.6895833333333333 0.61484375 0.6895833333333333 0.61484375 0.7604166666666666 0.6390625 0.7604166666666666
3 0.6390625 0.5989583333333334 0.61171875 0.5989583333333334 0.61171875 0.6927083333333334 0.6390625 0.6927083333333334
2 0.60546875 0.5291666666666668 0.50859375 0.5291666666666668 0.50859375 0.9541666666666667 0.60546875 0.9541666666666667
3 0.61015625 0.5250000000000001 0.5828125 0.5250000000000001 0.5828125 0.5989583333333334 0.61015625 0.5989583333333334
2 0.78515625 0.5718750000000001 0.64296875 0.571875 0.64296875 0.9281250000000001 0.78515625 0.9281250000000002
3 0.6984375 0.5197916666666668 0.67578125 0.5197916666666668 0.67578125 0.584375 0.6984375 0.584375
0 0.67734375 0.4843750000000001 0.61015625 0.4843750000000001 0.61015625 0.6125 0.67734375 0.6125
3 0.675 0.48020833333333346 0.65546875 0.48020833333333346 0.65546875 0.5333333333333333 0.675 0.5333333333333333
3 0.721875 0.5187500000000002 0.70390625 0.5187500000000002 0.70390625 0.5822916666666667 0.721875 0.5822916666666667
3 0.7140625 0.4760416666666668 0.6921875 0.4760416666666668 0.6921875 0.540625 0.7140625 0.540625
3 0.69921875 0.4583333333333334 0.6828125 0.4583333333333334 0.6828125 0.5156250000000001 0.69921875 0.5156250000000001
3 0.6890625 0.4270833333333334 0.67109375 0.4270833333333334 0.67109375 0.49375000000000013 0.6890625 0.49375000000000013
3 0.61015625 0.4583333333333334 0.5921875 0.4583333333333334 0.5921875 0.534375 0.61015625 0.534375
2 0.57578125 0.3250000000000001 0.48125 0.3250000000000001 0.48125 0.553125 0.57578125 0.553125
3 0.58125 0.4322916666666668 0.56640625 0.4322916666666668 0.56640625 0.5125000000000001 0.58125 0.5125000000000001
3 0.65390625 0.42604166666666676 0.6046875 0.42604166666666676 0.6046875 0.4854166666666668 0.65390625 0.4854166666666668
3 0.67109375 0.39895833333333347 0.65234375 0.39895833333333347 0.65234375 0.45937500000000014 0.67109375 0.45937500000000014
0 0.64609375 0.3625000000000001 0.59765625 0.3625000000000001 0.59765625 0.43125000000000013 0.64609375 0.43125000000000013
3 0.65859375 0.3760416666666668 0.6421875 0.3760416666666668 0.6421875 0.4322916666666668 0.65859375 0.4322916666666668
3 0.6484375 0.3447916666666668 0.6328125 0.3447916666666668 0.6328125 0.3885416666666668 0.6484375 0.3885416666666668
0 0.59609375 0.35833333333333345 0.55703125 0.35833333333333345 0.55703125 0.44687500000000013 0.59609375 0.44687500000000013
0 0.584375 0.3250000000000001 0.54921875 0.3250000000000001 0.54921875 0.38333333333333347 0.584375 0.38333333333333347
0 0.6078125 0.2968750000000001 0.57109375 0.2968750000000001 0.57109375 0.3718750000000001 0.6078125 0.3718750000000001
3 0.60625 0.33437500000000014 0.59140625 0.33437500000000014 0.59140625 0.38645833333333346 0.60625 0.38645833333333346
2 0.52734375 0.26979166666666676 0.48125 0.26979166666666676 0.48125 0.3510416666666668 0.52734375 0.3510416666666668
3 0.5109375 0.2270833333333334 0.5 0.2270833333333334 0.5 0.26250000000000007 0.5109375 0.26250000000000007
3 0.528125 0.22812500000000005 0.515625 0.22812500000000005 0.515625 0.2666666666666668 0.528125 0.2666666666666668
0 0.55859375 0.2947916666666668 0.5359375 0.2947916666666668 0.5359375 0.3468750000000001 0.55859375 0.3468750000000001
3 0.5703125 0.24166666666666678 0.54453125 0.24166666666666678 0.54453125 0.29270833333333346 0.5703125 0.29270833333333346
0 0.5703125 0.24166666666666678 0.54453125 0.24166666666666678 0.54453125 0.28333333333333344 0.5703125 0.28333333333333344
3 0.5578125 0.2291666666666668 0.5515625 0.2291666666666668 0.5515625 0.23958333333333345 0.5578125 0.23958333333333345
3 0.53046875 0.27500000000000013 0.51953125 0.27500000000000013 0.51953125 0.31875000000000014 0.53046875 0.31875000000000014
3 0.48359375 0.3041666666666668 0.46640625 0.3041666666666668 0.46640625 0.3562500000000001 0.48359375 0.3562500000000001
3 0.47890625 0.2760416666666668 0.471875 0.2760416666666668 0.471875 0.3135416666666668 0.47890625 0.3135416666666668
3 0.546875 0.28020833333333345 0.53828125 0.28020833333333345 0.53828125 0.29895833333333344 0.546875 0.29895833333333344
3 0.5671875 0.28750000000000014 0.55625 0.28750000000000014 0.55625 0.3312500000000001 0.5671875 0.3312500000000001
0 0.60703125 0.25625000000000014 0.56796875 0.25625000000000014 0.56796875 0.3229166666666668 0.60703125 0.3229166666666668
3 0.57890625 0.23750000000000013 0.57109375 0.23750000000000013 0.57109375 0.2708333333333334 0.57890625 0.2708333333333334
3 0.58984375 0.2510416666666668 0.58046875 0.2510416666666668 0.58046875 0.2666666666666668 0.58984375 0.2666666666666668
3 0.50625 0.1218750000000001 0.496875 0.1218750000000001 0.496875 0.1395833333333334 0.50625 0.1395833333333334
3 0.5125 0.09687500000000009 0.50390625 0.09687500000000009 0.50390625 0.11562500000000009 0.5125 0.11562500000000009
0 0.49140625 0.2135416666666667 0.46328125 0.2135416666666667 0.46328125 0.2666666666666668 0.49140625 0.2666666666666668
0 0.83046875 0.5729166666666669 0.7265625 0.5729166666666669 0.7265625 0.7697916666666669 0.83046875 0.7697916666666669
0 0.7828125000000001 0.8833333333333334 0.68828125 0.8833333333333333 0.6882812500000001 1.0000000000000002 0.7828125000000001 1.0000000000000002