3 0.2867187500000001 0.9489583333333333 0.2539062500000001 0.9489583333333333 0.2539062500000001 1 0.2867187500000001 1
3 0.20078125000000008 0.9625 0.1585937500000001 0.9625 0.1585937500000001 1 0.20078125000000008 1
3 0.3203125000000001 0.8291666666666667 0.2773437500000001 0.8291666666666667 0.2773437500000001 0.9885416666666667 0.3203125000000001 0.9885416666666667
3 0.2062500000000001 0.7864583333333334 0.1687500000000001 0.7864583333333334 0.1687500000000001 0.9322916666666666 0.2062500000000001 0.9322916666666666
3 0.2562500000000001 0.6708333333333333 0.22265625000000008 0.6708333333333333 0.22265625000000008 0.7947916666666667 0.2562500000000001 0.7947916666666667
3 0.21640625000000008 0.6791666666666667 0.18906250000000005 0.6791666666666667 0.18906250000000008 0.7802083333333333 0.21640625000000008 0.7802083333333333
3 0.1585937500000001 0.7791666666666667 0.11640625000000009 0.7791666666666667 0.11640625000000009 0.91875 0.1585937500000001 0.91875
0 0.3656250000000001 0.6364583333333333 0.26640625000000007 0.6364583333333333 0.26640625000000007 0.8145833333333333 0.3656250000000001 0.8145833333333333
3 0.2968750000000001 0.6177083333333333 0.27031250000000007 0.6177083333333333 0.27031250000000007 0.7322916666666667 0.2968750000000001 0.7322916666666667
3 0.2601562500000001 0.6135416666666667 0.2335937500000001 0.6135416666666667 0.2335937500000001 0.6927083333333334 0.2601562500000001 0.6927083333333334
3 0.2671875000000001 0.5677083333333334 0.2367187500000001 0.5677083333333334 0.2367187500000001 0.628125 0.2671875000000001 0.628125
3 0.2953125000000001 0.5125 0.2695312500000001 0.5125 0.2695312500000001 0.6125 0.2953125000000001 0.6125
3 0.3539062500000001 0.534375 0.32109375000000007 0.534375 0.32109375000000007 0.6322916666666667 0.3539062500000001 0.6322916666666667
3 0.3304687500000001 0.521875 0.3085937500000001 0.521875 0.3085937500000001 0.6083333333333333 0.3304687500000001 0.6083333333333333
3 0.3257812500000001 0.49375 0.3101562500000001 0.49375 0.3101562500000001 0.5479166666666667 0.3257812500000001 0.5479166666666667
3 0.3140625 0.47291666666666665 0.296875 0.47291666666666665 0.29687500000000006 0.55 0.3140625000000001 0.55
3 0.33281250000000007 0.4354166666666667 0.31796875 0.4354166666666667 0.31796875 0.5083333333333333 0.33281250000000007 0.5083333333333333
3 0.35234375 0.39479166666666665 0.33203125 0.39479166666666665 0.33203125 0.4708333333333333 0.35234375 0.4708333333333333
3 0.4546875 0.3885416666666668 0.43203125 0.3885416666666668 0.43203125 0.4635416666666668 0.4546875 0.4635416666666668
3 0.478125 0.43958333333333344 0.45390625 0.43958333333333344 0.45390625 0.48333333333333345 0.478125 0.48333333333333345
3 0.51015625 0.4510416666666668 0.4921875 0.4510416666666668 0.4921875 0.5166666666666668 0.51015625 0.5166666666666668
2 0.503125 0.48333333333333345 0.41171875 0.48333333333333345 0.41171875 0.7239583333333334 0.503125 0.7239583333333334
3 0.45 0.48020833333333346 0.43125 0.48020833333333346 0.43125 0.5208333333333335 0.45 0.5208333333333335
3 0.36796875 0.38125000000000003 0.35 0.38125 0.35 0.44479166666666675 0.36796875 0.4447916666666668
3 0.375 0.36145833333333344 0.3640625 0.36145833333333344 0.3640625 0.4072916666666668 0.375 0.4072916666666668
3 0.40703125 0.3229166666666668 0.3953125 0.3229166666666668 0.3953125 0.3718750000000001 0.40703125 0.3718750000000001
0 0.41875 0.36562500000000014 0.3703125 0.36562500000000014 0.3703125 0.45520833333333344 0.41875 0.45520833333333344
3 0.39375 0.34270833333333345 0.38125 0.34270833333333345 0.38125 0.3781250000000001 0.39375 0.3781250000000001
3 0.38671875 0.31875000000000014 0.37578125 0.31875000000000014 0.37578125 0.36875000000000013 0.38671875 0.36875000000000013
3 0.42265625 0.33645833333333347 0.40703125 0.33645833333333347 0.40703125 0.37916666666666676 0.42265625 0.37916666666666676
3 0.43515625 0.31458333333333344 0.42265625 0.31458333333333344 0.42265625 0.3593750000000001 0.43515625 0.3593750000000001
3 0.41640625 0.3041666666666668 0.4078125 0.3041666666666668 0.4078125 0.33437500000000014 0.41640625 0.33437500000000014
3 0.4 0.30104166666666676 0.3875 0.30104166666666676 0.3875 0.3468750000000001 0.4 0.3468750000000001
3 0.43046875 0.28020833333333345 0.415625 0.28020833333333345 0.415625 0.31145833333333345 0.43046875 0.31145833333333345
3 0.4109375 0.2864583333333334 0.39609375 0.2864583333333334 0.39609375 0.32187500000000013 0.4109375 0.32187500000000013
3 0.45546875 0.26979166666666676 0.440625 0.26979166666666676 0.440625 0.3104166666666668 0.45546875 0.3104166666666668
3 0.440625 0.2843750000000001 0.43046875 0.2843750000000001 0.43046875 0.3135416666666668 0.440625 0.3135416666666668
3 0.4484375 0.26041666666666674 0.434375 0.26041666666666674 0.434375 0.28958333333333347 0.4484375 0.28958333333333347
3 0.43046875 0.26250000000000007 0.4203125 0.26250000000000007 0.4203125 0.2843750000000001 0.43046875 0.2843750000000001
3 0.4859375 0.1989583333333334 0.47734375 0.1989583333333334 0.47734375 0.2302083333333334 0.4859375 0.2302083333333334
0 0.47265625 0.20937500000000006 0.44609375 0.20937500000000006 0.44609375 0.25312500000000004 0.47265625 0.25312500000000004
3 0.44921875 0.20104166666666673 0.440625 0.20104166666666673 0.440625 0.23750000000000007 0.44921875 0.23750000000000007
3 0.4734375 0.1864583333333334 0.4640625 0.1864583333333334 0.4640625 0.2114583333333334 0.4734375 0.2114583333333334
3 0.46015625 0.18854166666666672 0.4546875 0.18854166666666672 0.4546875 0.21041666666666672 0.46015625 0.21041666666666672
3 0.48125 0.1645833333333334 0.475 0.1645833333333334 0.475 0.18854166666666672 0.48125 0.18854166666666672
3 0.48203125 0.15416666666666673 0.47578125 0.15416666666666673 0.47578125 0.17187500000000006 0.48203125 0.17187500000000006
3 0.50546875 0.1614583333333334 0.49375 0.1614583333333334 0.49375 0.19166666666666674 0.50546875 0.19166666666666674
3 0.4890625 0.14375000000000007 0.48046875 0.14375000000000007 0.48046875 0.1645833333333334 0.4890625 0.1645833333333334
0 0.50390625 0.14270833333333338 0.4890625 0.14270833333333338 0.4890625 0.16354166666666672 0.50390625 0.16354166666666672
3 0.490625 0.1312500000000001 0.484375 0.1312500000000001 0.484375 0.15416666666666673 0.490625 0.15416666666666673
0 0.5109375 0.13229166666666675 0.49609375 0.13229166666666675 0.49609375 0.14687500000000006 0.5109375 0.14687500000000006
3 0.49609375 0.1270833333333334 0.490625 0.1270833333333334 0.490625 0.14479166666666674 0.49609375 0.14479166666666674
0 0.4593750000000001 0.9083333333333333 0.3664062500000001 0.9083333333333333 0.3664062500000001 1 0.4593750000000002 1
0 0.43671875 0.4218750000000001 0.378125 0.4218750000000001 0.37812500000000004 0.5395833333333333 0.43671875 0.5395833333333333
0 0.5140625 0.3468750000000001 0.471875 0.3468750000000001 0.471875 0.43125000000000013 0.5140625 0.43125000000000013
0 0.4796875 0.30833333333333346 0.44375 0.30833333333333346 0.44375 0.37395833333333345 0.4796875 0.37395833333333345
0 0.48359375 0.2687500000000001 0.45546875 0.2687500000000001 0.45546875 0.3156250000000001 0.48359375 0.3156250000000001
0 0.4953125 0.23437500000000006 0.47421875 0.23437500000000006 0.47421875 0.2791666666666668 0.4953125 0.2791666666666668
0 0.54296875 0.18958333333333338 0.525 0.18958333333333338 0.525 0.2302083333333334 0.54296875 0.2302083333333334
0 0.54375 0.17395833333333338 0.52890625 0.17395833333333338 0.52890625 0.1958333333333334 0.54375 0.1958333333333334
0 0.5453125 0.15416666666666676 0.528125 0.15416666666666673 0.528125 0.17604166666666676 0.5453125 0.1760416666666668
0 0.54765625 0.13541666666666677 0.52890625 0.1354166666666667 0.52890625 0.15520833333333342 0.54765625 0.15520833333333345
0 0.52421875 0.16562500000000005 0.50546875 0.16562500000000005 0.50546875 0.1958333333333334 0.52421875 0.1958333333333334
0 0.496875 0.17291666666666672 0.48046875 0.17291666666666672 0.48046875 0.20104166666666673 0.496875 0.20104166666666673
0 0.52265625 0.14687500000000006 0.50625 0.14687500000000006 0.50625 0.1677083333333334 0.52265625 0.1677083333333334
0 0.50625 0.12083333333333342 0.490625 0.12083333333333342 0.490625 0.13437500000000005 0.50625 0.13437500000000005
0 0.5078125 0.11041666666666676 0.4953125 0.11041666666666676 0.4953125 0.1218750000000001 0.5078125 0.1218750000000001
0 0.50546875 0.10208333333333343 0.49375 0.10208333333333343 0.49375 0.11354166666666675 0.50546875 0.11354166666666675
2 0.54375 0.10416666666666675 0.52734375 0.10416666666666675 0.52734375 0.1458333333333334 0.54375 0.1458333333333334
0 0.534375 0.10000000000000009 0.52265625 0.10000000000000009 0.52265625 0.11250000000000009 0.534375 0.11250000000000009
2 0.528125 0.11250000000000009 0.5078125 0.11250000000000009 0.5078125 0.15833333333333338 0.528125 0.15833333333333338
0 0.528125 0.09687500000000009 0.51484375 0.09687500000000009 0.51484375 0.10937500000000008 0.528125 0.10937500000000008
0 0.52109375 0.0906250000000001 0.51015625 0.0906250000000001 0.51015625 0.10000000000000009 0.52109375 0.10000000000000009
0 0.51640625 0.10208333333333343 0.50703125 0.10208333333333343 0.50703125 0.11041666666666676 0.51640625 0.11041666666666676
0 0.51015625 0.08958333333333342 0.50390625 0.08958333333333342 0.50390625 0.09895833333333343 0.51015625 0.09895833333333343
0 0.51796875 0.10833333333333342 0.51015625 0.10833333333333342 0.51015625 0.11562500000000009 0.51796875 0.11562500000000009
0 0.50546875 0.09583333333333342 0.4953125 0.09583333333333342 0.4953125 0.10312500000000009 0.50546875 0.10312500000000009
0 0.5015625 0.08854166666666675 0.49375 0.08854166666666675 0.49375 0.09583333333333342 0.5015625 0.09583333333333342
0 0.5359375 0.2114583333333334 0.51640625 0.2114583333333334 0.51640625 0.26041666666666674 0.5359375 0.26041666666666674
2 0.52890625 0.20520833333333338 0.49296875 0.20520833333333338 0.49296875 0.3312500000000001 0.52890625 0.3312500000000001