0 0.6273437500000001 0.8479166666666667 0.5109375 0.8479166666666667 0.5109375 1 0.6273437500000002 1
0 0.83515625 0.7541666666666668 0.69453125 0.7541666666666667 0.69453125 0.9812500000000001 0.83515625 0.9812500000000003
0 0.58984375 0.6572916666666667 0.50546875 0.6572916666666667 0.50546875 0.8270833333333333 0.58984375 0.8270833333333333
0 0.70390625 0.5791666666666667 0.6109375 0.5791666666666667 0.6109375 0.753125 0.70390625 0.753125
0 0.5734375 0.5104166666666667 0.50625 0.5104166666666667 0.50625 0.6510416666666666 0.5734375 0.6510416666666666
0 0.6515625 0.47812500000000013 0.58203125 0.47812500000000013 0.58203125 0.5833333333333334 0.6515625 0.5833333333333334
0 0.60625 0.40833333333333344 0.55234375 0.40833333333333344 0.55234375 0.4979166666666668 0.60625 0.4979166666666668
0 0.53671875 0.1927083333333334 0.51484375 0.1927083333333334 0.51484375 0.24375000000000005 0.53671875 0.24375000000000005
0 0.4734375 0.1281250000000001 0.46015625 0.1281250000000001 0.46015625 0.15000000000000005 0.4734375 0.15000000000000005
2 0.490625 0.09687500000000009 0.478125 0.09687500000000009 0.478125 0.13020833333333343 0.490625 0.13020833333333343
0 0.5046875 0.08437500000000009 0.49453125 0.08437500000000009 0.49453125 0.10208333333333343 0.5046875 0.10208333333333343
3 0.6617187500000001 0.8364583333333333 0.60234375 0.8364583333333333 0.6023437500000001 0.9958333333333333 0.6617187500000001 0.9958333333333333
3 0.8640625 0.7177083333333336 0.8140625 0.7177083333333336 0.8140625 0.8781250000000003 0.8640625 0.8781250000000003
3 0.5296875 0.596875 0.49453125 0.596875 0.49453125 0.7125 0.5296875 0.7125
3 0.5234375 0.5208333333333335 0.49375 0.5208333333333335 0.49375 0.6104166666666667 0.5234375 0.6104166666666667
3 0.6875 0.47291666666666676 0.65078125 0.47291666666666676 0.65078125 0.5541666666666667 0.6875 0.5541666666666667
3 0.67734375 0.41458333333333347 0.65625 0.41458333333333347 0.65625 0.47083333333333344 0.67734375 0.47083333333333344
3 0.6390625 0.3875000000000001 0.609375 0.3875000000000001 0.609375 0.4635416666666668 0.6390625 0.4635416666666668
3 0.58125 0.3468750000000001 0.5296875 0.3468750000000001 0.5296875 0.4322916666666668 0.58125 0.4322916666666668
3 0.51015625 0.16979166666666673 0.496875 0.16979166666666673 0.496875 0.20312500000000006 0.51015625 0.20312500000000006
3 0.521875 0.1708333333333334 0.5125 0.1708333333333334 0.5125 0.20520833333333338 0.521875 0.20520833333333338
3 0.47890625 0.15312500000000007 0.46484375 0.15312500000000007 0.46484375 0.17916666666666672 0.47890625 0.17916666666666672
3 0.5140625 0.14479166666666674 0.50390625 0.14479166666666674 0.50390625 0.16979166666666673 0.5140625 0.16979166666666673
3 0.5203125 0.15000000000000005 0.51171875 0.15000000000000005 0.51171875 0.1666666666666667 0.5203125 0.1666666666666667
3 0.49609375 0.11250000000000009 0.4890625 0.11250000000000009 0.4890625 0.1354166666666667 0.49609375 0.1354166666666667
0 0.82734375 0.9427083333333335 0.68828125 0.9427083333333334 0.6882812500000001 1.0000000000000002 0.82734375 1.0000000000000002