3 0.6835937500000001 0.853125 0.62109375 0.853125 0.6210937500000001 1 0.6835937500000002 1
3 0.65234375 0.78125 0.609375 0.78125 0.609375 0.909375 0.65234375 0.909375
3 0.64453125 0.7239583333333334 0.6140625 0.7239583333333334 0.6140625 0.8083333333333333 0.64453125 0.8083333333333333
3 0.696875 0.73125 0.6625 0.73125 0.6625 0.8447916666666667 0.696875 0.8447916666666667
0 0.6671875 0.5625 0.5859375 0.5625 0.5859375 0.734375 0.6671875 0.734375
3 0.62265625 0.6572916666666667 0.58125 0.6572916666666667 0.58125 0.7572916666666667 0.62265625 0.7572916666666667
0 0.590625 0.6520833333333333 0.5125 0.6520833333333333 0.5125 0.825 0.590625 0.825
3 0.59453125 0.6135416666666667 0.56953125 0.6135416666666667 0.56953125 0.678125 0.59453125 0.678125
3 0.5265625 0.6239583333333333 0.49140625 0.6239583333333333 0.49140625 0.7208333333333333 0.5265625 0.7208333333333333
3 0.60546875 0.5302083333333335 0.57421875 0.5302083333333335 0.57421875 0.6020833333333333 0.60546875 0.6020833333333333
0 0.56484375 0.5052083333333335 0.50390625 0.5052083333333335 0.50390625 0.6447916666666667 0.56484375 0.6447916666666667
3 0.5875 0.4791666666666668 0.55859375 0.4791666666666668 0.55859375 0.5697916666666667 0.5875 0.5697916666666667
3 0.55234375 0.46250000000000013 0.53203125 0.46250000000000013 0.53203125 0.5000000000000001 0.55234375 0.5000000000000001
3 0.5734375 0.45729166666666676 0.55390625 0.45729166666666676 0.55390625 0.5031250000000002 0.5734375 0.5031250000000002
3 0.56015625 0.48854166666666676 0.5265625 0.48854166666666676 0.5265625 0.5427083333333333 0.56015625 0.5427083333333333
3 0.51171875 0.4812500000000001 0.48828125 0.4812500000000001 0.48828125 0.5552083333333333 0.51171875 0.5552083333333333
3 0.67578125 0.5385416666666667 0.6421875 0.5385416666666667 0.6421875 0.61875 0.67578125 0.61875
3 0.69296875 0.5739583333333333 0.6625 0.5739583333333333 0.6625 0.6427083333333333 0.69296875 0.6427083333333333
3 0.7046875 0.6427083333333333 0.67421875 0.6427083333333333 0.67421875 0.71875 0.7046875 0.71875
3 0.7171875 0.5708333333333333 0.69609375 0.5708333333333333 0.69609375 0.634375 0.7171875 0.634375
3 0.7265625 0.6145833333333335 0.703125 0.6145833333333334 0.703125 0.6770833333333335 0.7265625 0.6770833333333336
3 0.78671875 0.6791666666666668 0.6875 0.6791666666666667 0.6875 0.8500000000000001 0.78671875 0.8500000000000002
3 0.76640625 0.6520833333333336 0.73828125 0.6520833333333336 0.73828125 0.7260416666666669 0.76640625 0.7260416666666669
3 0.80703125 0.7479166666666669 0.77265625 0.7479166666666669 0.77265625 0.8520833333333335 0.80703125 0.8520833333333335
3 0.81328125 0.7187500000000002 0.7859375 0.7187500000000002 0.7859375 0.7875000000000002 0.81328125 0.7875000000000002
3 0.84609375 0.7562500000000002 0.81015625 0.7562500000000002 0.81015625 0.8302083333333335 0.84609375 0.8302083333333335
3 0.8453125 0.8093750000000003 0.81015625 0.8093750000000003 0.81015625 0.9468750000000002 0.8453125 0.9468750000000002
3 0.90234375 0.8145833333333335 0.8578125 0.8145833333333335 0.8578125 0.9531250000000002 0.90234375 0.9531250000000002
3 0.9046875 0.9020833333333336 0.85 0.9020833333333336 0.85 1.0000000000000002 0.9046875 1.0000000000000002
3 0.94921875 0.9093750000000003 0.896875 0.9093750000000003 0.896875 1.0000000000000002 0.94921875 1.0000000000000002
3 0.9953125 0.9093750000000003 0.95390625 0.9093750000000003 0.95390625 1.0000000000000002 0.9953125 1.0000000000000002
0 0.63359375 0.44895833333333346 0.58515625 0.44895833333333346 0.58515625 0.55625 0.63359375 0.55625
0 0.60859375 0.38645833333333346 0.56015625 0.38645833333333346 0.56015625 0.4875000000000001 0.60859375 0.4875000000000001
3 0.634375 0.40208333333333346 0.6078125 0.40208333333333346 0.6078125 0.4656250000000001 0.634375 0.4656250000000001
0 0.709375 0.4197916666666668 0.6421875 0.4197916666666668 0.6421875 0.5510416666666667 0.709375 0.5510416666666667
3 0.725 0.4291666666666668 0.70078125 0.4291666666666668 0.70078125 0.5135416666666668 0.725 0.5135416666666668
0 0.53671875 0.3937500000000001 0.4890625 0.3937500000000001 0.4890625 0.48333333333333345 0.53671875 0.48333333333333345
3 0.56796875 0.41770833333333346 0.5359375 0.41770833333333346 0.5359375 0.4822916666666668 0.56796875 0.4822916666666668
3 0.54921875 0.39687500000000014 0.528125 0.39687500000000014 0.528125 0.4541666666666668 0.54921875 0.4541666666666668
0 0.51953125 0.3333333333333334 0.48125 0.3333333333333334 0.48125 0.3906250000000001 0.51953125 0.3906250000000001
3 0.5328125 0.3437500000000001 0.51796875 0.3437500000000001 0.51796875 0.3937500000000001 0.5328125 0.3937500000000001
3 0.54453125 0.35833333333333345 0.528125 0.35833333333333345 0.528125 0.3958333333333334 0.54453125 0.3958333333333334
3 0.49453125 0.3197916666666668 0.4734375 0.3197916666666668 0.4734375 0.3697916666666668 0.49453125 0.3697916666666668
3 0.48515625 0.28541666666666676 0.4671875 0.28541666666666676 0.4671875 0.3406250000000001 0.48515625 0.3406250000000001
0 0.51875 0.27708333333333346 0.48515625 0.27708333333333346 0.48515625 0.32395833333333346 0.51875 0.32395833333333346
3 0.52890625 0.28333333333333344 0.51328125 0.28333333333333344 0.51328125 0.33437500000000014 0.52890625 0.33437500000000014
3 0.62421875 0.37916666666666676 0.60546875 0.37916666666666676 0.60546875 0.4291666666666668 0.62421875 0.4291666666666668
0 0.5859375 0.3447916666666668 0.54921875 0.3447916666666668 0.54921875 0.4010416666666668 0.5859375 0.4010416666666668
0 0.5703125 0.32395833333333346 0.53515625 0.32395833333333346 0.53515625 0.37083333333333346 0.5703125 0.37083333333333346
0 0.5625 0.2843750000000001 0.53046875 0.2843750000000001 0.53046875 0.32395833333333346 0.5625 0.32395833333333346
3 0.57109375 0.29062500000000013 0.56328125 0.29062500000000013 0.56328125 0.3250000000000001 0.57109375 0.3250000000000001
1 0.6515625 0.2625000000000001 0.5703125 0.2625000000000001 0.5703125 0.4135416666666668 0.6515625 0.4135416666666668
3 0.57890625 0.3020833333333334 0.57109375 0.3020833333333334 0.57109375 0.3250000000000001 0.57890625 0.3250000000000001
0 0.56171875 0.2583333333333334 0.521875 0.2583333333333334 0.521875 0.29583333333333345 0.56171875 0.29583333333333345
3 0.56171875 0.2531250000000001 0.5515625 0.2531250000000001 0.5515625 0.2843750000000001 0.56171875 0.2843750000000001
3 0.57890625 0.24895833333333345 0.56796875 0.24895833333333345 0.56796875 0.2843750000000001 0.57890625 0.2843750000000001
2 0.5453125 0.21770833333333342 0.515625 0.2177083333333334 0.515625 0.26458333333333345 0.5453125 0.26458333333333345
3 0.55859375 0.2385416666666668 0.55 0.2385416666666668 0.55 0.2635416666666668 0.55859375 0.2635416666666668
3 0.5265625 0.2781250000000001 0.5109375 0.2781250000000001 0.5109375 0.3177083333333334 0.5265625 0.3177083333333334
0 0.5140625 0.2447916666666667 0.484375 0.2447916666666667 0.484375 0.2864583333333334 0.5140625 0.2864583333333334
3 0.51796875 0.2291666666666667 0.50703125 0.2291666666666667 0.50703125 0.2708333333333334 0.51796875 0.2708333333333334
0 0.48203125 0.22291666666666674 0.46015625 0.22291666666666674 0.46015625 0.26250000000000007 0.48203125 0.26250000000000007
3 0.49609375 0.21041666666666672 0.48046875 0.21041666666666672 0.48046875 0.2395833333333334 0.49609375 0.2395833333333334
3 0.49921875 0.22500000000000006 0.49453125 0.22500000000000006 0.49453125 0.2427083333333334 0.49921875 0.2427083333333334
3 0.66875 0.36770833333333347 0.65 0.36770833333333347 0.65 0.42604166666666676 0.66875 0.42604166666666676
3 0.55078125 0.21354166666666677 0.54296875 0.2135416666666667 0.54296875 0.24583333333333343 0.55078125 0.24583333333333346
3 0.578125 0.22708333333333344 0.56640625 0.22708333333333344 0.56640625 0.2531250000000001 0.578125 0.2531250000000001
0 0.53125 0.1927083333333334 0.51015625 0.1927083333333334 0.51015625 0.21979166666666672 0.53125 0.21979166666666672
0 0.5546875 0.18333333333333343 0.53359375 0.1833333333333334 0.53359375 0.23333333333333342 0.5546875 0.23333333333333345
3 0.56328125 0.2135416666666668 0.55546875 0.2135416666666668 0.55546875 0.24062500000000012 0.56328125 0.24062500000000012
3 0.496875 0.19479166666666672 0.48828125 0.19479166666666672 0.48828125 0.22604166666666672 0.496875 0.22604166666666672
2 0.49140625 0.16354166666666672 0.45859375 0.16354166666666672 0.45859375 0.21562500000000007 0.49140625 0.21562500000000007
3 0.49609375 0.16354166666666672 0.4875 0.16354166666666672 0.4875 0.19687500000000005 0.49609375 0.19687500000000005
3 0.5 0.1822916666666667 0.49375 0.1822916666666667 0.49375 0.20000000000000007 0.5 0.20000000000000007
0 0.51640625 0.1989583333333334 0.49921875 0.1989583333333334 0.49921875 0.23750000000000007 0.51640625 0.23750000000000007
3 0.509375 0.17812500000000006 0.4984375 0.17812500000000006 0.4984375 0.20312500000000006 0.509375 0.20312500000000006
0 0.478125 0.14375000000000007 0.459375 0.14375000000000007 0.459375 0.16562500000000005 0.478125 0.16562500000000005
3 0.4859375 0.14166666666666672 0.47734375 0.14166666666666672 0.47734375 0.1770833333333334 0.4859375 0.1770833333333334
3 0.50078125 0.15833333333333338 0.490625 0.15833333333333338 0.490625 0.17916666666666672 0.50078125 0.17916666666666672
3 0.49296875 0.12500000000000008 0.4890625 0.12500000000000008 0.4890625 0.14687500000000006 0.49296875 0.14687500000000006
3 0.471875 0.11979166666666675 0.46796875 0.11979166666666675 0.46796875 0.13437500000000005 0.471875 0.13437500000000005
3 0.48203125 0.11458333333333343 0.47578125 0.11458333333333343 0.47578125 0.1312500000000001 0.48203125 0.1312500000000001
0 0.52890625 0.14687500000000006 0.50546875 0.14687500000000006 0.50546875 0.19375000000000006 0.52890625 0.19375000000000006
3 0.5109375 0.14687500000000006 0.5015625 0.14687500000000006 0.5015625 0.16979166666666673 0.5109375 0.16979166666666673
3 0.50625 0.1281250000000001 0.4984375 0.1281250000000001 0.4984375 0.14791666666666672 0.50625 0.14791666666666672
0 0.49140625 0.10208333333333343 0.48046875 0.10208333333333343 0.48046875 0.12500000000000008 0.49140625 0.12500000000000008
3 0.49609375 0.11041666666666676 0.49140625 0.11041666666666676 0.49140625 0.1312500000000001 0.49609375 0.1312500000000001
3 0.50546875 0.11979166666666675 0.4984375 0.11979166666666675 0.4984375 0.1333333333333334 0.50546875 0.1333333333333334
0 0.49296875 0.09791666666666675 0.48359375 0.09791666666666675 0.48359375 0.10937500000000008 0.49296875 0.10937500000000008
3 0.49609375 0.10208333333333343 0.48828125 0.10208333333333343 0.48828125 0.11354166666666675 0.49609375 0.11354166666666675
3 0.5015625 0.10520833333333342 0.496875 0.10520833333333342 0.496875 0.1218750000000001 0.5015625 0.1218750000000001
3 0.50703125 0.09791666666666675 0.5015625 0.09791666666666675 0.5015625 0.11041666666666676 0.50703125 0.11041666666666676
0 0.50546875 0.08854166666666675 0.49609375 0.08854166666666675 0.49609375 0.10520833333333342 0.50546875 0.10520833333333342
3 0.50078125 0.09375000000000008 0.496875 0.09375000000000008 0.496875 0.10520833333333342 0.50078125 0.10520833333333342
0 0.784375 0.8177083333333335 0.684375 0.8177083333333334 0.6843750000000001 1.0000000000000002 0.7843750000000002 1.0000000000000002
3 0.6125 0.7989583333333333 0.52109375 0.7989583333333333 0.5210937500000001 1 0.6125000000000002 1
0 0.5125 0.08645833333333343 0.50546875 0.08645833333333343 0.50546875 0.10000000000000009 0.5125 0.10000000000000009