2 0.48125000000000007 0.8010416666666667 0.3156250000000001 0.8010416666666667 0.3156250000000001 1 0.4812500000000002 1
0 0.48046875 0.65 0.3882812500000001 0.65 0.3882812500000001 0.8395833333333333 0.48046875 0.8395833333333333
0 0.4953125 0.4822916666666668 0.41484375 0.4822916666666668 0.41484375 0.640625 0.4953125 0.640625
0 0.3265625000000001 0.5177083333333333 0.2367187500000001 0.5177083333333333 0.2367187500000001 0.6729166666666667 0.3265625000000001 0.6729166666666667
0 0.4265625 0.4468750000000001 0.3546875 0.446875 0.35468750000000004 0.6260416666666667 0.4265625 0.6260416666666667
0 0.39687500000000003 0.37291666666666673 0.31640625 0.3729166666666667 0.31640625000000006 0.5000000000000001 0.3968750000000001 0.5000000000000001
0 0.5015625 0.3750000000000001 0.44765625 0.3750000000000001 0.44765625 0.5010416666666668 0.5015625 0.5010416666666668
0 0.446875 0.34583333333333344 0.3953125 0.34583333333333344 0.3953125 0.4447916666666668 0.446875 0.4447916666666668
0 0.51875 0.3093750000000001 0.4765625 0.3093750000000001 0.4765625 0.3937500000000001 0.51875 0.3937500000000001
0 0.4703125 0.2583333333333334 0.43046875 0.2583333333333334 0.43046875 0.32708333333333345 0.4703125 0.32708333333333345
0 0.42734375 0.26562500000000006 0.3953125 0.26562500000000006 0.3953125 0.33645833333333347 0.42734375 0.33645833333333347
0 0.44765625 0.25000000000000006 0.40234375 0.25000000000000006 0.40234375 0.2885416666666668 0.44765625 0.2885416666666668
0 0.52890625 0.2333333333333334 0.48125 0.2333333333333334 0.48125 0.30312500000000014 0.52890625 0.30312500000000014
2 0.4890625 0.18437500000000007 0.45390625 0.18437500000000007 0.45390625 0.26979166666666676 0.4890625 0.26979166666666676
0 0.46640625 0.19166666666666674 0.4296875 0.19166666666666674 0.4296875 0.2489583333333334 0.46640625 0.2489583333333334
0 0.53828125 0.21875000000000006 0.50625 0.21875000000000006 0.50625 0.25520833333333337 0.53828125 0.25520833333333337
0 0.546875 0.18541666666666676 0.51328125 0.18541666666666673 0.51328125 0.23437500000000008 0.546875 0.2343750000000001
0 0.5546875 0.16354166666666675 0.5109375 0.16354166666666672 0.5109375 0.2062500000000001 0.5546875 0.20625000000000013
0 0.54375 0.1552083333333334 0.51875 0.1552083333333334 0.51875 0.19166666666666674 0.54375 0.19166666666666674
2 0.51640625 0.1510416666666667 0.4796875 0.1510416666666667 0.4796875 0.2239583333333334 0.51640625 0.2239583333333334
0 0.490625 0.15416666666666673 0.459375 0.15416666666666673 0.459375 0.1927083333333334 0.490625 0.1927083333333334
3 0.2429687500000001 0.9072916666666667 0.16406250000000008 0.9072916666666667 0.16406250000000008 1 0.2429687500000001 1
3 0.1859375000000001 0.85 0.10156250000000008 0.85 0.10156250000000008 1 0.1859375000000001 1
3 0.2757812500000001 0.709375 0.19687500000000005 0.709375 0.19687500000000008 0.8854166666666666 0.2757812500000001 0.8854166666666666
3 0.39140625000000007 0.6364583333333333 0.3164062500000001 0.6364583333333333 0.3164062500000001 0.80625 0.39140625000000007 0.80625
3 0.54765625 0.24895833333333342 0.51640625 0.2489583333333334 0.51640625 0.30520833333333347 0.54765625 0.30520833333333347
3 0.4296875 0.23541666666666672 0.4078125 0.23541666666666672 0.4078125 0.28750000000000014 0.4296875 0.28750000000000014
3 0.4140625 0.25000000000000006 0.3984375 0.25000000000000006 0.3984375 0.29062500000000013 0.4140625 0.29062500000000013
3 0.45703125 0.23229166666666673 0.44140625 0.23229166666666673 0.44140625 0.26770833333333344 0.45703125 0.26770833333333344
3 0.45390625 0.20937500000000006 0.4375 0.20937500000000006 0.4375 0.24375000000000005 0.45390625 0.24375000000000005
3 0.44375 0.21041666666666672 0.4234375 0.21041666666666672 0.4234375 0.2489583333333334 0.44375 0.2489583333333334
3 0.5359375 0.1333333333333334 0.52109375 0.1333333333333334 0.52109375 0.17395833333333338 0.5359375 0.17395833333333338
3 0.5265625 0.14166666666666672 0.50703125 0.14166666666666672 0.50703125 0.1864583333333334 0.5265625 0.1864583333333334
3 0.51015625 0.10104166666666675 0.49765625 0.10104166666666675 0.49765625 0.1333333333333334 0.51015625 0.1333333333333334
3 0.51328125 0.08020833333333342 0.5015625 0.08020833333333342 0.5015625 0.11458333333333343 0.51328125 0.11458333333333343
0 0.50234375 0.08333333333333343 0.490625 0.08333333333333343 0.490625 0.10937500000000008 0.50234375 0.10937500000000008