3 1 0.9489583333333336 0.96875 0.9489583333333336 0.96875 1.0000000000000002 1 1.0000000000000002
3 0.95546875 0.9552083333333335 0.921875 0.9552083333333335 0.921875 0.9989583333333336 0.95546875 0.9989583333333336
3 0.9859375 0.8239583333333336 0.93359375 0.8239583333333336 0.93359375 0.9614583333333335 0.9859375 0.9614583333333335
3 0.96328125 0.8572916666666669 0.925 0.8572916666666669 0.925 0.9645833333333336 0.96328125 0.9645833333333336
3 0.91484375 0.8541666666666669 0.8828125 0.8541666666666669 0.8828125 0.9479166666666669 0.91484375 0.9479166666666669
3 0.88125 0.8635416666666669 0.85234375 0.8635416666666669 0.85234375 0.9468750000000002 0.88125 0.9468750000000002
3 0.87265625 0.7604166666666669 0.83828125 0.7604166666666669 0.83828125 0.8895833333333336 0.87265625 0.8895833333333336
3 0.86015625 0.7906250000000002 0.82734375 0.7906250000000002 0.82734375 0.9062500000000002 0.86015625 0.9062500000000002
3 0.8359375 0.8437500000000002 0.79609375 0.8437500000000002 0.79609375 0.9489583333333336 0.8359375 0.9489583333333336
3 0.8078125 0.7635416666666669 0.765625 0.7635416666666669 0.765625 0.9197916666666669 0.8078125 0.9197916666666669
3 0.77578125 0.7822916666666668 0.72421875 0.7822916666666667 0.72421875 0.9427083333333335 0.77578125 0.9427083333333336
3 0.8125 0.6250000000000002 0.7796875 0.6250000000000002 0.7796875 0.7447916666666669 0.8125 0.7447916666666669
3 0.84296875 0.6854166666666669 0.80546875 0.6854166666666669 0.80546875 0.7958333333333336 0.84296875 0.7958333333333336
3 0.775 0.5906250000000003 0.74609375 0.5906250000000003 0.74609375 0.6322916666666669 0.775 0.6322916666666669
3 0.75546875 0.5604166666666669 0.7328125 0.5604166666666669 0.7328125 0.6031250000000002 0.75546875 0.6031250000000002
3 0.7328125 0.5760416666666668 0.709375 0.5760416666666667 0.709375 0.6281250000000002 0.7328125 0.6281250000000003
3 0.71171875 0.575 0.68515625 0.575 0.68515625 0.6677083333333333 0.71171875 0.6677083333333333
3 0.69140625 0.60625 0.6625 0.60625 0.6625 0.659375 0.69140625 0.659375
3 0.6578125 0.6 0.63359375 0.6 0.63359375 0.6635416666666667 0.6578125 0.6635416666666667
3 0.66953125 0.571875 0.640625 0.571875 0.640625 0.6604166666666667 0.66953125 0.6604166666666667
3 0.65859375 0.5427083333333333 0.6390625 0.5427083333333333 0.6390625 0.5927083333333333 0.65859375 0.5927083333333333
3 0.64609375 0.5135416666666668 0.6296875 0.5135416666666668 0.6296875 0.5854166666666667 0.64609375 0.5854166666666667
3 0.6921875 0.534375 0.665625 0.534375 0.665625 0.6083333333333333 0.6921875 0.6083333333333333
3 0.696875 0.5093750000000001 0.67734375 0.5093750000000001 0.67734375 0.5708333333333333 0.696875 0.5708333333333333
3 0.65546875 0.4947916666666668 0.63984375 0.4947916666666668 0.63984375 0.5291666666666668 0.65546875 0.5291666666666668
3 0.7203125 0.4697916666666668 0.69765625 0.4697916666666668 0.69765625 0.5583333333333333 0.7203125 0.5583333333333333
3 0.7 0.46250000000000013 0.6859375 0.46250000000000013 0.6859375 0.5135416666666668 0.7 0.5135416666666668
3 0.696875 0.4385416666666668 0.6859375 0.4385416666666668 0.6859375 0.48333333333333345 0.696875 0.48333333333333345
3 0.68984375 0.4218750000000001 0.68125 0.4218750000000001 0.68125 0.44375000000000014 0.68984375 0.44375000000000014
3 0.56640625 0.42083333333333345 0.54609375 0.42083333333333345 0.54609375 0.4854166666666668 0.56640625 0.4854166666666668
3 0.546875 0.4583333333333334 0.5296875 0.4583333333333334 0.5296875 0.5093750000000001 0.546875 0.5093750000000001
3 0.56171875 0.4979166666666668 0.5390625 0.4979166666666668 0.5390625 0.5614583333333333 0.56171875 0.5614583333333333
3 0.5421875 0.5197916666666668 0.52578125 0.5197916666666668 0.52578125 0.5635416666666667 0.5421875 0.5635416666666667
3 0.53046875 0.4843750000000001 0.51015625 0.4843750000000001 0.51015625 0.5520833333333334 0.53046875 0.5520833333333334
3 0.51796875 0.46458333333333346 0.4984375 0.46458333333333346 0.4984375 0.5385416666666667 0.51796875 0.5385416666666667
3 0.50703125 0.5187500000000002 0.48828125 0.5187500000000002 0.48828125 0.6041666666666666 0.50703125 0.6041666666666666
3 0.49765625 0.4854166666666668 0.4796875 0.4854166666666668 0.4796875 0.5666666666666667 0.49765625 0.5666666666666667
3 0.53046875 0.4510416666666668 0.509375 0.4510416666666668 0.509375 0.5000000000000001 0.53046875 0.5000000000000001
3 0.58125 0.34270833333333345 0.5671875 0.34270833333333345 0.5671875 0.37916666666666676 0.58125 0.37916666666666676
3 0.63515625 0.3354166666666668 0.615625 0.3354166666666668 0.615625 0.3885416666666668 0.63515625 0.3885416666666668
3 0.61171875 0.3250000000000001 0.60234375 0.3250000000000001 0.60234375 0.34270833333333345 0.61171875 0.34270833333333345
3 0.5953125 0.3156250000000001 0.584375 0.3156250000000001 0.584375 0.35833333333333345 0.5953125 0.35833333333333345
3 0.584375 0.32395833333333346 0.5703125 0.32395833333333346 0.5703125 0.36770833333333347 0.584375 0.36770833333333347
3 0.5796875 0.2937500000000001 0.56015625 0.2937500000000001 0.56015625 0.3312500000000001 0.5796875 0.3312500000000001
3 0.5921875 0.29583333333333345 0.5765625 0.29583333333333345 0.5765625 0.3312500000000001 0.5921875 0.3312500000000001
3 0.60625 0.2864583333333334 0.590625 0.2864583333333334 0.590625 0.33437500000000014 0.60625 0.33437500000000014
3 0.59375 0.25937500000000013 0.5828125 0.25937500000000013 0.5828125 0.28020833333333345 0.59375 0.28020833333333345
3 0.584375 0.2552083333333334 0.57421875 0.2552083333333334 0.57421875 0.2666666666666668 0.584375 0.2666666666666668
3 0.553125 0.26770833333333344 0.53984375 0.26770833333333344 0.53984375 0.29583333333333345 0.553125 0.29583333333333345
3 0.546875 0.24791666666666676 0.534375 0.24791666666666673 0.534375 0.27708333333333346 0.546875 0.27708333333333346
3 0.53984375 0.23125000000000007 0.5234375 0.23125000000000007 0.5234375 0.2593750000000001 0.53984375 0.2593750000000001
3 0.52578125 0.23125000000000007 0.5140625 0.23125000000000007 0.5140625 0.26041666666666674 0.52578125 0.26041666666666674
3 0.51171875 0.2177083333333334 0.50078125 0.2177083333333334 0.50078125 0.2395833333333334 0.51171875 0.2395833333333334
3 0.521875 0.2083333333333334 0.521875 0.2083333333333334 0.521875 0.2114583333333334 0.521875 0.2114583333333334
3 0.52890625 0.2114583333333334 0.51796875 0.2114583333333334 0.51796875 0.24166666666666672 0.52890625 0.24166666666666672
3 0.52109375 0.21250000000000005 0.50859375 0.21250000000000005 0.50859375 0.23541666666666672 0.52109375 0.23541666666666672
3 0.5765625 0.23333333333333345 0.565625 0.23333333333333345 0.565625 0.2625000000000001 0.5765625 0.2625000000000001
3 0.56640625 0.21770833333333345 0.55859375 0.21770833333333345 0.55859375 0.2447916666666668 0.56640625 0.2447916666666668
3 0.5609375 0.20937500000000012 0.553125 0.20937500000000012 0.553125 0.23229166666666679 0.5609375 0.23229166666666679
3 0.5515625 0.2052083333333334 0.54140625 0.20520833333333338 0.54140625 0.22708333333333341 0.5515625 0.22708333333333344
3 0.55234375 0.19479166666666675 0.5421875 0.19479166666666672 0.5421875 0.21458333333333343 0.55234375 0.21458333333333346
3 0.54296875 0.20000000000000007 0.53359375 0.20000000000000007 0.53359375 0.21875000000000006 0.54296875 0.21875000000000006
3 0.53671875 0.1958333333333334 0.5296875 0.1958333333333334 0.5296875 0.2114583333333334 0.53671875 0.2114583333333334
3 0.53125 0.1989583333333334 0.52421875 0.1989583333333334 0.52421875 0.2114583333333334 0.53125 0.2114583333333334
3 0.48203125 0.1645833333333334 0.4765625 0.1645833333333334 0.4765625 0.1822916666666667 0.48203125 0.1822916666666667
3 0.4875 0.1833333333333334 0.4765625 0.1833333333333334 0.4765625 0.1989583333333334 0.4875 0.1989583333333334
3 0.50546875 0.18437500000000007 0.49609375 0.18437500000000007 0.49609375 0.1958333333333334 0.50546875 0.1958333333333334
3 0.49921875 0.17916666666666672 0.490625 0.17916666666666672 0.490625 0.19479166666666672 0.49921875 0.19479166666666672
3 0.48984375 0.17812500000000006 0.484375 0.17812500000000006 0.484375 0.19166666666666674 0.48984375 0.19166666666666674
3 0.5 0.19166666666666674 0.48984375 0.19166666666666674 0.48984375 0.20625000000000007 0.5 0.20625000000000007
3 0.5203125 0.15000000000000005 0.51484375 0.15000000000000005 0.51484375 0.15833333333333338 0.5203125 0.15833333333333338
3 0.52421875 0.15416666666666673 0.515625 0.15416666666666673 0.515625 0.1645833333333334 0.52421875 0.1645833333333334
3 0.52265625 0.16354166666666672 0.5171875 0.16354166666666672 0.5171875 0.17604166666666674 0.52265625 0.17604166666666674
3 0.50703125 0.16875000000000007 0.5015625 0.16875000000000007 0.5015625 0.18437500000000007 0.50703125 0.18437500000000007
3 0.51484375 0.1708333333333334 0.50859375 0.1708333333333334 0.50859375 0.1864583333333334 0.51484375 0.1864583333333334
3 0.52265625 0.18854166666666672 0.5140625 0.18854166666666672 0.5140625 0.20937500000000006 0.52265625 0.20937500000000006
3 0.534375 0.17291666666666672 0.5265625 0.17291666666666672 0.5265625 0.1833333333333334 0.534375 0.1833333333333334
3 0.528125 0.1666666666666667 0.521875 0.1666666666666667 0.521875 0.18437500000000007 0.528125 0.18437500000000007
3 0.4734375 0.15416666666666673 0.46953125 0.15416666666666673 0.46953125 0.1677083333333334 0.4734375 0.1677083333333334
3 0.49765625 0.14375000000000007 0.49140625 0.14375000000000007 0.49140625 0.15625000000000006 0.49765625 0.15625000000000006
3 0.5015625 0.14166666666666672 0.4953125 0.14166666666666672 0.4953125 0.15625000000000006 0.5015625 0.15625000000000006
3 0.49453125 0.1364583333333334 0.48984375 0.1364583333333334 0.48984375 0.15000000000000005 0.49453125 0.15000000000000005
3 0.49453125 0.1281250000000001 0.4875 0.1281250000000001 0.4875 0.14166666666666672 0.49453125 0.14166666666666672
3 0.4765625 0.13854166666666673 0.47265625 0.13854166666666673 0.47265625 0.1510416666666667 0.4765625 0.1510416666666667
3 0.47734375 0.1458333333333334 0.47265625 0.1458333333333334 0.47265625 0.16041666666666674 0.47734375 0.16041666666666674
3 0.51328125 0.1270833333333334 0.50625 0.1270833333333334 0.50625 0.13750000000000007 0.51328125 0.13750000000000007
3 0.50703125 0.10729166666666676 0.503125 0.10729166666666676 0.503125 0.11666666666666675 0.50703125 0.11666666666666675
3 0.5015625 0.10833333333333342 0.4984375 0.10833333333333342 0.4984375 0.11666666666666675 0.5015625 0.11666666666666675
3 0.47890625 0.12083333333333342 0.47265625 0.12083333333333342 0.47265625 0.13229166666666675 0.47890625 0.13229166666666675
3 0.50078125 0.08854166666666675 0.49609375 0.08854166666666675 0.49609375 0.09479166666666676 0.50078125 0.09479166666666676
3 0.50703125 0.08645833333333343 0.503125 0.08645833333333343 0.503125 0.09375000000000008 0.50703125 0.09375000000000008
3 0.509375 0.08541666666666675 0.50703125 0.08541666666666675 0.50703125 0.09375000000000008 0.509375 0.09375000000000008
1 0.49140625 0.09583333333333342 0.4796875 0.09583333333333342 0.4796875 0.10937500000000008 0.49140625 0.10937500000000008
0 0.50546875 0.09479166666666676 0.4953125 0.09479166666666676 0.4953125 0.10416666666666675 0.50546875 0.10416666666666675
0 0.50078125 0.10416666666666675 0.4921875 0.10416666666666675 0.4921875 0.10937500000000008 0.50078125 0.10937500000000008
0 0.49921875 0.11041666666666676 0.4890625 0.11041666666666676 0.4890625 0.11979166666666675 0.49921875 0.11979166666666675
0 0.4921875 0.11875000000000009 0.48515625 0.11875000000000009 0.48515625 0.12916666666666676 0.4921875 0.12916666666666676
0 0.51015625 0.12083333333333342 0.49921875 0.12083333333333342 0.49921875 0.1270833333333334 0.51015625 0.1270833333333334
0 0.50234375 0.12916666666666676 0.49296875 0.12916666666666676 0.49296875 0.14062500000000006 0.50234375 0.14062500000000006
0 0.5140625 0.1395833333333334 0.50234375 0.1395833333333334 0.50234375 0.14375000000000007 0.5140625 0.14375000000000007
0 0.51328125 0.1458333333333334 0.49921875 0.1458333333333334 0.49921875 0.15937500000000007 0.51328125 0.15937500000000007
0 0.48671875 0.11041666666666676 0.4765625 0.11041666666666676 0.4765625 0.11875000000000009 0.48671875 0.11875000000000009
0 0.47734375 0.1062500000000001 0.4671875 0.1062500000000001 0.4671875 0.11250000000000009 0.47734375 0.11250000000000009
0 0.46796875 0.11145833333333342 0.4578125 0.11145833333333342 0.4578125 0.1281250000000001 0.46796875 0.1281250000000001
0 0.46953125 0.12604166666666675 0.45703125 0.12604166666666675 0.45703125 0.1395833333333334 0.46953125 0.1395833333333334
0 0.4703125 0.1354166666666667 0.45703125 0.1354166666666667 0.45703125 0.15000000000000005 0.4703125 0.15000000000000005
2 0.47421875 0.15312500000000007 0.4546875 0.15312500000000007 0.4546875 0.18958333333333338 0.47421875 0.18958333333333338
0 0.48671875 0.12916666666666676 0.4765625 0.12916666666666676 0.4765625 0.1364583333333334 0.48671875 0.1364583333333334
0 0.49140625 0.1364583333333334 0.47421875 0.1364583333333334 0.47421875 0.14270833333333338 0.49140625 0.14270833333333338
0 0.4921875 0.14375000000000007 0.478125 0.14375000000000007 0.478125 0.15729166666666672 0.4921875 0.15729166666666672
0 0.48828125 0.15833333333333338 0.47578125 0.15833333333333338 0.47578125 0.17604166666666674 0.48828125 0.17604166666666674
0 0.50078125 0.1552083333333334 0.48984375 0.1552083333333334 0.48984375 0.1666666666666667 0.50078125 0.1666666666666667
0 0.51328125 0.15937500000000007 0.49921875 0.15937500000000007 0.49921875 0.17812500000000006 0.51328125 0.17812500000000006
0 0.49765625 0.1666666666666667 0.48671875 0.1666666666666667 0.48671875 0.1802083333333334 0.49765625 0.1802083333333334
0 0.47734375 0.1770833333333334 0.45703125 0.1770833333333334 0.45703125 0.19062500000000007 0.47734375 0.19062500000000007
0 0.475 0.19479166666666672 0.45390625 0.19479166666666672 0.45390625 0.23229166666666673 0.475 0.23229166666666673
0 0.51171875 0.1958333333333334 0.49453125 0.1958333333333334 0.49453125 0.22187500000000007 0.51171875 0.22187500000000007
0 0.54453125 0.18229166666666677 0.52734375 0.1822916666666667 0.52734375 0.20312500000000008 0.54453125 0.2031250000000001
0 0.5453125 0.2093750000000001 0.52578125 0.20937500000000006 0.52578125 0.23541666666666675 0.5453125 0.23541666666666677
0 0.5609375 0.23020833333333343 0.5375 0.2302083333333334 0.5375 0.2666666666666668 0.5609375 0.2666666666666668
2 0.5296875 0.20104166666666673 0.45859375 0.20104166666666673 0.45859375 0.3958333333333334 0.5296875 0.3958333333333334
0 0.53984375 0.2583333333333334 0.5234375 0.2583333333333334 0.5234375 0.28750000000000014 0.53984375 0.28750000000000014
0 0.57265625 0.25208333333333344 0.54375 0.2520833333333334 0.54375 0.3000000000000001 0.57265625 0.3000000000000001
0 0.56171875 0.2885416666666668 0.5265625 0.2885416666666668 0.5265625 0.3406250000000001 0.56171875 0.3406250000000001
0 0.59296875 0.26979166666666676 0.55625 0.26979166666666676 0.55625 0.32708333333333345 0.59296875 0.32708333333333345
0 0.5734375 0.32083333333333347 0.5265625 0.32083333333333347 0.5265625 0.38125000000000014 0.5734375 0.38125000000000014
0 0.6265625 0.3385416666666668 0.584375 0.3385416666666668 0.584375 0.41770833333333346 0.6265625 0.41770833333333346
0 0.57265625 0.35520833333333346 0.53125 0.35520833333333346 0.53125 0.43020833333333347 0.57265625 0.43020833333333347
2 0.68828125 0.3697916666666668 0.61796875 0.3697916666666668 0.61796875 0.5322916666666668 0.68828125 0.5322916666666668
0 0.62265625 0.38333333333333347 0.56171875 0.38333333333333347 0.56171875 0.4947916666666668 0.62265625 0.4947916666666668
0 0.61171875 0.43125000000000013 0.55078125 0.43125000000000013 0.55078125 0.55 0.61171875 0.55
0 0.56015625 0.5479166666666667 0.49453125 0.5479166666666667 0.49453125 0.7125 0.56015625 0.7125
0 0.6390625 0.5145833333333335 0.56328125 0.5145833333333335 0.56328125 0.61875 0.6390625 0.61875
0 0.8078125 0.6156250000000001 0.69609375 0.615625 0.69609375 0.8072916666666667 0.8078125 0.8072916666666669
0 0.7328125 0.6510416666666667 0.640625 0.6510416666666666 0.640625 0.8718750000000001 0.7328125 0.8718750000000003
2 0.6703125000000001 0.575 0.52734375 0.575 0.5273437500000001 1 0.6703125000000002 1
2 0.871875 0.8708333333333335 0.70546875 0.8708333333333333 0.7054687500000001 1.0000000000000002 0.871875 1.0000000000000002
0 0.94140625 0.9302083333333335 0.859375 0.9302083333333335 0.859375 1.0000000000000002 0.94140625 1.0000000000000002