2 0.6609375000000001 0.6447916666666667 0.528125 0.6447916666666667 0.5281250000000001 1 0.6609375000000002 1
2 0.575 0.5385416666666667 0.50625 0.5385416666666667 0.50625 0.7458333333333333 0.575 0.7458333333333333
2 0.5125 0.2135416666666667 0.4640625 0.2135416666666667 0.4640625 0.31145833333333345 0.5125 0.31145833333333345
3 0.46328125 0.1395833333333334 0.45703125 0.1395833333333334 0.45703125 0.15729166666666672 0.46328125 0.15729166666666672
3 0.4640625 0.12916666666666676 0.45703125 0.12916666666666676 0.45703125 0.13750000000000007 0.4640625 0.13750000000000007
3 0.48203125 0.13020833333333343 0.4765625 0.13020833333333343 0.4765625 0.1458333333333334 0.48203125 0.1458333333333334
3 0.4703125 0.12291666666666676 0.4625 0.12291666666666676 0.4625 0.13854166666666673 0.4703125 0.13854166666666673
3 0.47734375 0.12083333333333342 0.47265625 0.12083333333333342 0.47265625 0.13437500000000005 0.47734375 0.13437500000000005
0 0.48359375 0.11041666666666676 0.47265625 0.11041666666666676 0.47265625 0.13229166666666675 0.48359375 0.13229166666666675
3 0.4875 0.13437500000000005 0.48046875 0.13437500000000005 0.48046875 0.15312500000000007 0.4875 0.15312500000000007
0 0.4953125 0.12395833333333342 0.48671875 0.12395833333333342 0.48671875 0.14166666666666672 0.4953125 0.14166666666666672
0 0.4796875 0.16875000000000007 0.46171875 0.16875000000000007 0.46171875 0.1927083333333334 0.4796875 0.1927083333333334
0 0.48515625 0.23854166666666674 0.46640625 0.23854166666666674 0.46640625 0.26979166666666676 0.48515625 0.26979166666666676
0 0.48515625 0.21250000000000005 0.4671875 0.21250000000000005 0.4671875 0.23541666666666672 0.48515625 0.23541666666666672
0 0.4796875 0.1979166666666667 0.46328125 0.1979166666666667 0.46328125 0.2145833333333334 0.4796875 0.2145833333333334
0 0.51484375 0.20937500000000006 0.496875 0.20937500000000006 0.496875 0.2458333333333334 0.51484375 0.2458333333333334
0 0.553125 0.21666666666666676 0.52109375 0.21666666666666673 0.52109375 0.24791666666666676 0.553125 0.24791666666666679
3 0.51953125 0.2614583333333334 0.50703125 0.2614583333333334 0.50703125 0.28333333333333344 0.51953125 0.28333333333333344
0 0.5375 0.2489583333333334 0.5140625 0.2489583333333334 0.5140625 0.27708333333333346 0.5375 0.27708333333333346
0 0.5515625 0.3000000000000001 0.521875 0.3000000000000001 0.521875 0.34791666666666676 0.5515625 0.34791666666666676
0 0.55234375 0.27708333333333346 0.528125 0.27708333333333346 0.528125 0.32187500000000013 0.55234375 0.32187500000000013
0 0.528125 0.34270833333333345 0.48359375 0.34270833333333345 0.48359375 0.3916666666666668 0.528125 0.3916666666666668
0 0.509375 0.31666666666666676 0.478125 0.31666666666666676 0.478125 0.3625000000000001 0.509375 0.3625000000000001
0 0.5984375 0.2812500000000001 0.56796875 0.2812500000000001 0.56796875 0.33958333333333346 0.5984375 0.33958333333333346
0 0.5875 0.33229166666666676 0.5484375 0.33229166666666676 0.5484375 0.37708333333333344 0.5875 0.37708333333333344
0 0.5375 0.3979166666666668 0.4828125 0.3979166666666668 0.4828125 0.4270833333333334 0.5375 0.4270833333333334
0 0.52890625 0.42812500000000014 0.48671875 0.42812500000000014 0.48671875 0.5322916666666668 0.52890625 0.5322916666666668
0 0.59296875 0.3760416666666668 0.5515625 0.3760416666666668 0.5515625 0.4270833333333334 0.59296875 0.4270833333333334
0 0.6515625 0.39270833333333344 0.60703125 0.39270833333333344 0.60703125 0.45729166666666676 0.6515625 0.45729166666666676
0 0.6140625 0.4322916666666668 0.565625 0.4322916666666668 0.565625 0.5218750000000001 0.6140625 0.5218750000000001
0 0.66953125 0.5010416666666668 0.6125 0.5010416666666668 0.6125 0.6333333333333333 0.66953125 0.6333333333333333
0 0.75390625 0.5437500000000001 0.684375 0.54375 0.684375 0.6843750000000001 0.75390625 0.6843750000000003
0 0.68046875 0.6145833333333334 0.60234375 0.6145833333333334 0.60234375 0.7645833333333333 0.68046875 0.7645833333333333
0 0.8 0.7020833333333335 0.690625 0.7020833333333333 0.690625 0.9687500000000001 0.8 0.9687500000000002
3 0.965625 0.8760416666666669 0.92421875 0.8760416666666669 0.92421875 1.0000000000000002 0.965625 1.0000000000000002
3 0.93515625 0.8729166666666669 0.8703125 0.8729166666666669 0.8703125 0.9937500000000002 0.93515625 0.9937500000000002
3 0.9078125 0.9541666666666669 0.8421875 0.9541666666666669 0.8421875 1.0000000000000002 0.9078125 1.0000000000000002
3 0.840625 0.9447916666666669 0.7953125 0.9447916666666669 0.7953125000000001 1.0000000000000002 0.840625 1.0000000000000002
3 0.784375 0.9270833333333336 0.73984375 0.9270833333333336 0.7398437500000001 1.0000000000000002 0.7843750000000002 1.0000000000000002
3 0.84921875 0.8406250000000003 0.80703125 0.8406250000000003 0.80703125 0.9666666666666669 0.84921875 0.9666666666666669
3 0.85859375 0.8260416666666669 0.834375 0.8260416666666669 0.834375 0.9510416666666669 0.85859375 0.9510416666666669
3 0.87265625 0.7531250000000003 0.82734375 0.7531250000000003 0.82734375 0.8187500000000002 0.87265625 0.8187500000000002
3 0.80703125 0.7500000000000002 0.77421875 0.7500000000000002 0.77421875 0.8520833333333335 0.80703125 0.8520833333333335
3 0.84375 0.6885416666666669 0.81015625 0.6885416666666669 0.81015625 0.7937500000000003 0.84375 0.7937500000000003
3 0.8078125 0.6979166666666669 0.775 0.6979166666666669 0.775 0.7843750000000003 0.8078125 0.7843750000000003
3 0.82734375 0.6375000000000003 0.79296875 0.6375000000000003 0.79296875 0.7125000000000002 0.82734375 0.7125000000000002
3 0.7859375 0.5854166666666669 0.76640625 0.5854166666666669 0.76640625 0.6864583333333336 0.7859375 0.6864583333333336
3 0.6015625 0.571875 0.5734375 0.571875 0.5734375 0.6479166666666667 0.6015625 0.6479166666666667
3 0.5984375 0.5166666666666668 0.56640625 0.5166666666666668 0.56640625 0.5864583333333333 0.5984375 0.5864583333333333
3 0.690625 0.5145833333333335 0.6703125 0.5145833333333335 0.6703125 0.6 0.690625 0.6
3 0.73828125 0.5218750000000001 0.72265625 0.5218750000000001 0.72265625 0.6062500000000001 0.73828125 0.6062500000000003
3 0.72890625 0.5041666666666668 0.6984375 0.5041666666666668 0.6984375 0.5562500000000001 0.72890625 0.5562500000000002
3 0.7171875 0.46770833333333345 0.69453125 0.46770833333333345 0.69453125 0.5177083333333334 0.7171875 0.5177083333333334
3 0.6921875 0.4895833333333334 0.665625 0.4895833333333334 0.665625 0.540625 0.6921875 0.540625
3 0.65859375 0.48020833333333346 0.6375 0.48020833333333346 0.6375 0.5281250000000001 0.65859375 0.5281250000000001
3 0.63984375 0.4343750000000001 0.62421875 0.4343750000000001 0.62421875 0.4791666666666668 0.63984375 0.4791666666666668
3 0.65234375 0.4510416666666668 0.63203125 0.4510416666666668 0.63203125 0.49583333333333346 0.65234375 0.49583333333333346
3 0.67734375 0.46145833333333347 0.65703125 0.46145833333333347 0.65703125 0.49895833333333345 0.67734375 0.49895833333333345
3 0.6890625 0.4354166666666668 0.665625 0.4354166666666668 0.665625 0.4760416666666668 0.6890625 0.4760416666666668
3 0.659375 0.3781250000000001 0.634375 0.3781250000000001 0.634375 0.43125000000000013 0.659375 0.43125000000000013
3 0.67578125 0.3958333333333334 0.65625 0.3958333333333334 0.65625 0.4343750000000001 0.67578125 0.4343750000000001
3 0.61484375 0.3562500000000001 0.5984375 0.3562500000000001 0.5984375 0.4135416666666668 0.61484375 0.4135416666666668
3 0.646875 0.36354166666666676 0.6265625 0.36354166666666676 0.6265625 0.3885416666666668 0.646875 0.3885416666666668
3 0.62734375 0.3333333333333334 0.609375 0.3333333333333334 0.609375 0.3718750000000001 0.62734375 0.3718750000000001
3 0.640625 0.3312500000000001 0.628125 0.3312500000000001 0.628125 0.3729166666666668 0.640625 0.3729166666666668
3 0.63046875 0.3000000000000001 0.609375 0.3000000000000001 0.609375 0.3385416666666668 0.63046875 0.3385416666666668
3 0.615625 0.2812500000000001 0.6 0.2812500000000001 0.6 0.31666666666666676 0.615625 0.31666666666666676
3 0.52890625 0.2760416666666668 0.5125 0.2760416666666668 0.5125 0.3125000000000001 0.52890625 0.3125000000000001
3 0.58359375 0.27500000000000013 0.57109375 0.27500000000000013 0.57109375 0.29583333333333345 0.58359375 0.29583333333333345
3 0.5921875 0.2635416666666668 0.5828125 0.2635416666666668 0.5828125 0.28958333333333347 0.5921875 0.28958333333333347
3 0.60078125 0.2729166666666668 0.58671875 0.2729166666666668 0.58671875 0.29583333333333345 0.60078125 0.29583333333333345
3 0.571875 0.2552083333333334 0.56171875 0.2552083333333334 0.56171875 0.27500000000000013 0.571875 0.27500000000000013
3 0.57265625 0.22395833333333345 0.55859375 0.22395833333333345 0.55859375 0.25833333333333347 0.57265625 0.25833333333333347
3 0.559375 0.20104166666666679 0.5453125 0.20104166666666679 0.5453125 0.23645833333333346 0.559375 0.23645833333333346
3 0.53984375 0.19479166666666672 0.5296875 0.19479166666666672 0.5296875 0.22604166666666672 0.53984375 0.22604166666666672
3 0.53515625 0.17500000000000007 0.52421875 0.17500000000000007 0.52421875 0.20729166666666674 0.53515625 0.20729166666666674
3 0.54375 0.1833333333333334 0.53515625 0.1833333333333334 0.53515625 0.21041666666666672 0.54375 0.21041666666666672
3 0.50078125 0.18854166666666672 0.4890625 0.18854166666666672 0.4890625 0.21562500000000007 0.50078125 0.21562500000000007
3 0.5546875 0.24166666666666675 0.53515625 0.24166666666666672 0.53515625 0.2791666666666668 0.5546875 0.2791666666666668
3 0.509375 0.16979166666666673 0.49921875 0.16979166666666673 0.49921875 0.18958333333333338 0.509375 0.18958333333333338
3 0.51953125 0.15937500000000007 0.50703125 0.15937500000000007 0.50703125 0.18437500000000007 0.51953125 0.18437500000000007
3 0.50546875 0.1489583333333334 0.496875 0.1489583333333334 0.496875 0.16562500000000005 0.50546875 0.16562500000000005
3 0.51484375 0.14062500000000006 0.50703125 0.14062500000000006 0.50703125 0.1614583333333334 0.51484375 0.1614583333333334
3 0.509375 0.13020833333333343 0.50078125 0.13020833333333343 0.50078125 0.14791666666666672 0.509375 0.14791666666666672
3 0.503125 0.11666666666666675 0.4984375 0.11666666666666675 0.4984375 0.1354166666666667 0.503125 0.1354166666666667
3 0.490625 0.11250000000000009 0.48359375 0.11250000000000009 0.48359375 0.12291666666666676 0.490625 0.12291666666666676
3 0.49609375 0.10520833333333342 0.49140625 0.10520833333333342 0.49140625 0.12291666666666676 0.49609375 0.12291666666666676
3 0.496875 0.09791666666666675 0.49140625 0.09791666666666675 0.49140625 0.10729166666666676 0.496875 0.10729166666666676
3 0.50234375 0.09479166666666676 0.5 0.09479166666666676 0.5 0.10833333333333342 0.50234375 0.10833333333333342
3 0.5109375 0.09375000000000008 0.50546875 0.09375000000000008 0.50546875 0.10729166666666676 0.5109375 0.10729166666666676
3 0.47265625 0.10729166666666676 0.4671875 0.10729166666666676 0.4671875 0.12083333333333342 0.47265625 0.12083333333333342
3 0.50625 0.08854166666666675 0.50078125 0.08854166666666675 0.50078125 0.09687500000000009 0.50625 0.09687500000000009