2 0.61953125 0.48333333333333345 0.459375 0.48333333333333345 0.459375 0.8572916666666667 0.61953125 0.8572916666666667
2 0.46640625 0.15937500000000007 0.41484375 0.15937500000000007 0.41484375 0.23541666666666672 0.46640625 0.23541666666666672
2 0.51484375 0.18125000000000005 0.47890625 0.18125000000000005 0.47890625 0.25000000000000006 0.51484375 0.25000000000000006
1 0.49375 0.14062500000000006 0.45625 0.14062500000000006 0.45625 0.21250000000000005 0.49375 0.21250000000000005
2 0.47421875 0.13125000000000006 0.453125 0.13125000000000006 0.453125 0.18125000000000005 0.47421875 0.18125000000000005
2 0.4703125 0.10416666666666674 0.44296875 0.10416666666666673 0.44296875 0.1510416666666667 0.4703125 0.1510416666666667
0 0.6625 0.5000000000000001 0.57578125 0.5000000000000001 0.57578125 0.6697916666666667 0.6625 0.6697916666666667
0 0.58203125 0.36354166666666676 0.52890625 0.36354166666666676 0.52890625 0.47500000000000014 0.58203125 0.47500000000000014
0 0.5046875 0.3729166666666668 0.4546875 0.3729166666666668 0.4546875 0.4791666666666668 0.5046875 0.4791666666666668
0 0.490625 0.30520833333333347 0.44296875 0.30520833333333347 0.44296875 0.38333333333333347 0.490625 0.38333333333333347
0 0.5265625 0.2812500000000001 0.490625 0.2812500000000001 0.490625 0.35520833333333346 0.5265625 0.35520833333333346
0 0.559375 0.24479166666666677 0.52578125 0.2447916666666667 0.52578125 0.30520833333333347 0.559375 0.30520833333333347
0 0.48046875 0.2614583333333334 0.440625 0.2614583333333334 0.440625 0.31458333333333344 0.48046875 0.31458333333333344
0 0.484375 0.21979166666666672 0.44609375 0.21979166666666672 0.44609375 0.2645833333333334 0.484375 0.2645833333333334
2 0.4515625 0.1458333333333334 0.41875 0.1458333333333334 0.41875 0.18437500000000007 0.4515625 0.18437500000000007
0 0.44140625 0.13229166666666672 0.4234375 0.13229166666666672 0.4234375 0.1510416666666667 0.44140625 0.1510416666666667
0 0.4390625 0.12083333333333339 0.421875 0.12083333333333339 0.421875 0.1364583333333334 0.4390625 0.1364583333333334
0 0.45703125 0.08541666666666674 0.44609375 0.08541666666666672 0.44609375 0.09791666666666674 0.45703125 0.09791666666666675
3 0.7757812500000001 0.8864583333333335 0.69296875 0.8864583333333333 0.6929687500000001 1.0000000000000002 0.7757812500000002 1.0000000000000002