3 0.8546875 0.7854166666666669 0.80625 0.7854166666666669 0.80625 0.9625000000000002 0.8546875 0.9625000000000002
3 0.75859375 0.7645833333333335 0.715625 0.7645833333333333 0.715625 0.9510416666666668 0.75859375 0.9510416666666669
3 0.6296875 0.4500000000000001 0.60625 0.4500000000000001 0.60625 0.5479166666666667 0.6296875 0.5479166666666667
3 0.54296875 0.2687500000000001 0.53203125 0.2687500000000001 0.53203125 0.30625000000000013 0.54296875 0.30625000000000013
3 0.5421875 0.22500000000000006 0.528125 0.22500000000000006 0.528125 0.2645833333333334 0.5421875 0.2645833333333334
3 0.521875 0.22500000000000006 0.50859375 0.22500000000000006 0.50859375 0.27708333333333346 0.521875 0.27708333333333346
3 0.528125 0.20625000000000007 0.51875 0.20625000000000007 0.51875 0.23750000000000007 0.528125 0.23750000000000007
3 0.525 0.19166666666666674 0.515625 0.19166666666666674 0.515625 0.22083333333333338 0.525 0.22083333333333338
3 0.50625 0.20312500000000006 0.4953125 0.20312500000000006 0.4953125 0.23750000000000007 0.50625 0.23750000000000007
3 0.50546875 0.16875000000000007 0.49609375 0.16875000000000007 0.49609375 0.20312500000000006 0.50546875 0.20312500000000006
3 0.47734375 0.19062500000000007 0.46640625 0.19062500000000007 0.46640625 0.2239583333333334 0.47734375 0.2239583333333334
3 0.47890625 0.17604166666666674 0.471875 0.17604166666666674 0.471875 0.20416666666666672 0.47890625 0.20416666666666672
3 0.48046875 0.15833333333333338 0.47109375 0.15833333333333338 0.47109375 0.18125000000000005 0.48046875 0.18125000000000005
3 0.48203125 0.11875000000000009 0.47265625 0.11875000000000009 0.47265625 0.14166666666666672 0.48203125 0.14166666666666672
3 0.471875 0.10729166666666676 0.465625 0.10729166666666676 0.465625 0.1281250000000001 0.471875 0.1281250000000001
3 0.459375 0.2947916666666668 0.44453125 0.2947916666666668 0.44453125 0.3604166666666668 0.459375 0.3604166666666668
2 0.6703125000000001 0.5322916666666668 0.47890625 0.5322916666666668 0.4789062500000001 1 0.6703125000000002 1
2 0.559375 0.4093750000000001 0.4734375 0.4093750000000001 0.4734375 0.6302083333333334 0.559375 0.6302083333333334
2 0.46015625 0.10625000000000008 0.4484375 0.10625000000000005 0.4484375 0.14479166666666674 0.46015625 0.14479166666666674
2 0.4828125 0.05729166666666674 0.46328125 0.05729166666666674 0.46328125 0.08333333333333343 0.4828125 0.08333333333333343
0 0.5921875 0.3729166666666668 0.540625 0.3729166666666668 0.540625 0.47083333333333344 0.5921875 0.47083333333333344
0 0.509375 0.3385416666666668 0.46484375 0.3385416666666668 0.46484375 0.43333333333333346 0.509375 0.43333333333333346
0 0.5515625 0.29895833333333344 0.51328125 0.29895833333333344 0.51328125 0.37916666666666676 0.5515625 0.37916666666666676
0 0.521875 0.25625000000000003 0.48359375 0.25625000000000003 0.48359375 0.32708333333333345 0.521875 0.32708333333333345
0 0.47109375 0.23750000000000007 0.4390625 0.23750000000000007 0.4390625 0.29583333333333345 0.47109375 0.29583333333333345
0 0.503125 0.20312500000000006 0.47578125 0.20312500000000006 0.47578125 0.26354166666666673 0.503125 0.26354166666666673
0 0.4546875 0.1833333333333334 0.42890625 0.1833333333333334 0.42890625 0.23437500000000006 0.4546875 0.23437500000000006
0 0.44375 0.13437500000000005 0.4234375 0.13437500000000005 0.4234375 0.17500000000000007 0.44375 0.17500000000000007
0 0.4390625 0.10312500000000006 0.42578125 0.10312500000000006 0.42578125 0.13437500000000005 0.4390625 0.13437500000000005
0 0.459375 0.09062500000000008 0.446875 0.09062500000000005 0.446875 0.10625000000000008 0.459375 0.1062500000000001
0 0.45546875 0.08125000000000007 0.4453125 0.08125000000000006 0.4453125 0.09166666666666674 0.45546875 0.09166666666666676
0 0.4734375 0.08229166666666675 0.46328125 0.08229166666666675 0.46328125 0.10000000000000009 0.4734375 0.10000000000000009