3 0.2000000000000001 0.7979166666666667 0.1546875000000001 0.7979166666666667 0.1546875000000001 0.9666666666666667 0.2000000000000001 0.9666666666666667
3 0.3078125000000001 0.5520833333333334 0.2726562500000001 0.5520833333333334 0.2726562500000001 0.6739583333333333 0.3078125000000001 0.6739583333333333
3 0.3578125000000001 0.5541666666666667 0.3265625000000001 0.5541666666666667 0.3265625000000001 0.6697916666666667 0.3578125000000001 0.6697916666666667
3 0.41796875 0.5062500000000001 0.39531250000000007 0.5062500000000001 0.39531250000000007 0.6177083333333333 0.41796875 0.6177083333333333
3 0.4328125 0.3645833333333334 0.4046875 0.3645833333333334 0.4046875 0.4406250000000001 0.4328125 0.4406250000000001
3 0.5421875 0.1062500000000001 0.53515625 0.1062500000000001 0.53515625 0.12916666666666676 0.5421875 0.12916666666666676
3 0.5578125 0.08750000000000009 0.546875 0.08750000000000009 0.546875 0.10208333333333343 0.5578125 0.10208333333333343
3 0.5296875 0.07812500000000008 0.51796875 0.07812500000000008 0.51796875 0.0906250000000001 0.5296875 0.0906250000000001
0 0.5171875 0.6572916666666667 0.42734375 0.6572916666666667 0.42734375 0.9 0.5171875 0.9
0 0.571875 0.16250000000000012 0.55078125 0.16250000000000012 0.55078125 0.20625000000000013 0.571875 0.20625000000000013
0 0.55234375 0.14166666666666675 0.5328125 0.14166666666666672 0.5328125 0.19270833333333343 0.55234375 0.19270833333333345
2 0.55546875 0.06041666666666676 0.53984375 0.06041666666666676 0.53984375 0.09791666666666675 0.55546875 0.09791666666666675
2 0.5359375 0.06562500000000009 0.52578125 0.06562500000000009 0.52578125 0.08854166666666675 0.5359375 0.08854166666666675