0 0.7914062500000001 0.9562500000000002 0.7140625 0.95625 0.7140625 1.0000000000000002 0.7914062500000002 1.0000000000000002
3 0.659375 0.9010416666666666 0.59921875 0.9010416666666666 0.5992187500000001 1 0.6593750000000002 1
3 0.5632812500000001 0.86875 0.515625 0.86875 0.5156250000000001 1 0.5632812500000002 1
3 0.609375 0.7958333333333333 0.5640625 0.7958333333333333 0.5640625 0.9604166666666667 0.609375 0.9604166666666667
3 0.55390625 0.7125 0.51171875 0.7125 0.51171875 0.8729166666666667 0.55390625 0.8729166666666667
3 0.565625 0.6322916666666667 0.52890625 0.6322916666666667 0.52890625 0.7697916666666667 0.565625 0.7697916666666667
3 0.6171875 0.703125 0.58125 0.703125 0.58125 0.8447916666666667 0.6171875 0.8447916666666667
3 0.66015625 0.7604166666666666 0.62265625 0.7604166666666666 0.62265625 0.915625 0.66015625 0.915625
3 0.675 0.6614583333333334 0.64140625 0.6614583333333334 0.64140625 0.821875 0.675 0.821875
3 0.88125 0.7791666666666669 0.8265625 0.7791666666666669 0.8265625 0.9385416666666669 0.88125 0.9385416666666669
3 0.82265625 0.6572916666666669 0.78515625 0.6572916666666669 0.78515625 0.7958333333333336 0.82265625 0.7958333333333336
3 0.76953125 0.6552083333333336 0.7296875 0.6552083333333336 0.7296875 0.7854166666666669 0.76953125 0.7854166666666669
3 0.775 0.6197916666666669 0.73984375 0.6197916666666669 0.73984375 0.7437500000000002 0.775 0.7437500000000002
3 0.64765625 0.546875 0.61875 0.546875 0.61875 0.6697916666666667 0.64765625 0.6697916666666667
3 0.69375 0.6083333333333333 0.6640625 0.6083333333333333 0.6640625 0.74375 0.69375 0.74375
3 0.7265625 0.5760416666666668 0.696875 0.5760416666666667 0.696875 0.6989583333333335 0.7265625 0.6989583333333336
3 0.68984375 0.5281250000000001 0.66015625 0.5281250000000001 0.66015625 0.609375 0.68984375 0.609375
3 0.73515625 0.5052083333333335 0.6984375 0.5052083333333335 0.6984375 0.6083333333333335 0.73515625 0.6083333333333336
3 0.66328125 0.4822916666666668 0.6359375 0.4822916666666668 0.6359375 0.5916666666666667 0.66328125 0.5916666666666667
3 0.69921875 0.4385416666666668 0.6671875 0.4385416666666668 0.6671875 0.5250000000000001 0.69921875 0.5250000000000001
3 0.675 0.4500000000000001 0.646875 0.4500000000000001 0.646875 0.54375 0.675 0.54375
3 0.65625 0.39895833333333347 0.63828125 0.39895833333333347 0.63828125 0.47291666666666676 0.65625 0.47291666666666676
3 0.65 0.3604166666666668 0.6296875 0.3604166666666668 0.6296875 0.4197916666666668 0.65 0.4197916666666668
3 0.63203125 0.3406250000000001 0.615625 0.3406250000000001 0.615625 0.4041666666666668 0.63203125 0.4041666666666668
3 0.6375 0.31666666666666676 0.62109375 0.31666666666666676 0.62109375 0.36770833333333347 0.6375 0.36770833333333347
3 0.546875 0.39270833333333344 0.5265625 0.39270833333333344 0.5265625 0.46250000000000013 0.546875 0.46250000000000013
3 0.5078125 0.4072916666666668 0.49140625 0.4072916666666668 0.49140625 0.4687500000000001 0.5078125 0.4687500000000001
3 0.5 0.35520833333333346 0.48046875 0.35520833333333346 0.48046875 0.43020833333333347 0.5 0.43020833333333347
3 0.53671875 0.36770833333333347 0.515625 0.36770833333333347 0.515625 0.42812500000000014 0.53671875 0.42812500000000014
3 0.521875 0.3437500000000001 0.503125 0.3437500000000001 0.503125 0.4093750000000001 0.521875 0.4093750000000001
3 0.496875 0.3260416666666668 0.4765625 0.3260416666666668 0.4765625 0.38125000000000014 0.496875 0.38125000000000014
3 0.503125 0.28333333333333344 0.4875 0.28333333333333344 0.4875 0.33750000000000013 0.503125 0.33750000000000013
3 0.51328125 0.29895833333333344 0.4984375 0.29895833333333344 0.4984375 0.3645833333333334 0.51328125 0.3645833333333334
3 0.60546875 0.28958333333333347 0.590625 0.28958333333333347 0.590625 0.3197916666666668 0.60546875 0.3197916666666668
3 0.59453125 0.2552083333333334 0.58046875 0.2552083333333334 0.58046875 0.2979166666666668 0.59453125 0.2979166666666668
3 0.58203125 0.24166666666666678 0.5703125 0.24166666666666678 0.5703125 0.28750000000000014 0.58203125 0.28750000000000014
3 0.50859375 0.2302083333333334 0.49609375 0.2302083333333334 0.49609375 0.2729166666666668 0.50859375 0.2729166666666668
3 0.52890625 0.22812500000000005 0.521875 0.22812500000000005 0.521875 0.25312500000000004 0.52890625 0.25312500000000004
3 0.5234375 0.22812500000000005 0.5109375 0.22812500000000005 0.5109375 0.24791666666666673 0.5234375 0.24791666666666673
3 0.53984375 0.21562500000000007 0.53046875 0.21562500000000007 0.53046875 0.2541666666666667 0.53984375 0.2541666666666667
3 0.54921875 0.20208333333333342 0.54140625 0.2020833333333334 0.54140625 0.2312500000000001 0.54921875 0.23125000000000012
3 0.54453125 0.21354166666666677 0.53671875 0.2135416666666667 0.53671875 0.24479166666666677 0.54453125 0.2447916666666668
3 0.5703125 0.23958333333333345 0.56015625 0.23958333333333345 0.56015625 0.2635416666666668 0.5703125 0.2635416666666668
3 0.55546875 0.21770833333333345 0.546875 0.21770833333333345 0.546875 0.2552083333333334 0.55546875 0.2552083333333334
3 0.56171875 0.22604166666666678 0.5546875 0.22604166666666678 0.5546875 0.2604166666666668 0.56171875 0.2604166666666668
3 0.5671875 0.20000000000000012 0.553125 0.20000000000000012 0.553125 0.23333333333333345 0.5671875 0.23333333333333345
3 0.4859375 0.16979166666666673 0.47578125 0.16979166666666673 0.47578125 0.1927083333333334 0.4859375 0.1927083333333334
3 0.5078125 0.1677083333333334 0.50078125 0.1677083333333334 0.50078125 0.18958333333333338 0.5078125 0.18958333333333338
3 0.54765625 0.18541666666666676 0.53984375 0.18541666666666673 0.53984375 0.20416666666666675 0.54765625 0.20416666666666677
3 0.47734375 0.14687500000000006 0.4703125 0.14687500000000006 0.4703125 0.1666666666666667 0.47734375 0.1666666666666667
3 0.484375 0.1312500000000001 0.47734375 0.1312500000000001 0.47734375 0.1552083333333334 0.484375 0.1552083333333334
3 0.49375 0.13229166666666675 0.48671875 0.13229166666666675 0.48671875 0.15000000000000005 0.49375 0.15000000000000005
3 0.50234375 0.13020833333333343 0.49296875 0.13020833333333343 0.49296875 0.14791666666666672 0.50234375 0.14791666666666672
3 0.5 0.1520833333333334 0.4890625 0.1520833333333334 0.4890625 0.1677083333333334 0.5 0.1677083333333334
3 0.5125 0.1708333333333334 0.50703125 0.1708333333333334 0.50703125 0.19166666666666674 0.5125 0.19166666666666674
3 0.5109375 0.09583333333333342 0.50546875 0.09583333333333342 0.50546875 0.11458333333333343 0.5109375 0.11458333333333343
3 0.49453125 0.09895833333333343 0.4890625 0.09895833333333343 0.4890625 0.10937500000000008 0.49453125 0.10937500000000008
0 0.50546875 0.09375000000000008 0.49296875 0.09375000000000008 0.49296875 0.10416666666666675 0.50546875 0.10416666666666675
0 0.50703125 0.10208333333333343 0.49296875 0.10208333333333343 0.49296875 0.1218750000000001 0.50703125 0.1218750000000001
0 0.48984375 0.09791666666666675 0.47890625 0.09791666666666675 0.47890625 0.11458333333333343 0.48984375 0.11458333333333343
0 0.4921875 0.10729166666666676 0.4796875 0.10729166666666676 0.4796875 0.1218750000000001 0.4921875 0.1218750000000001
2 0.47421875 0.0927083333333334 0.44921875 0.09270833333333339 0.44921875 0.14687500000000006 0.47421875 0.14687500000000006
0 0.5046875 0.11562500000000009 0.475 0.11562500000000009 0.475 0.13437500000000005 0.5046875 0.13437500000000005
1 0.53046875 0.12500000000000008 0.5015625 0.12500000000000008 0.5015625 0.1677083333333334 0.53046875 0.1677083333333334
0 0.47421875 0.14687500000000006 0.45390625 0.14687500000000006 0.45390625 0.17187500000000006 0.47421875 0.17187500000000006
0 0.48046875 0.1552083333333334 0.4546875 0.1552083333333334 0.4546875 0.19479166666666672 0.48046875 0.19479166666666672
0 0.49296875 0.14687500000000006 0.4734375 0.14687500000000006 0.4734375 0.17187500000000006 0.49296875 0.17187500000000006
0 0.496875 0.14062500000000006 0.48125 0.14062500000000006 0.48125 0.1614583333333334 0.496875 0.1614583333333334
0 0.5328125 0.16250000000000006 0.51015625 0.16250000000000006 0.51015625 0.19375000000000006 0.5328125 0.19375000000000006
0 0.50625 0.16562500000000005 0.484375 0.16562500000000005 0.484375 0.19479166666666672 0.50625 0.19479166666666672
2 0.4953125 0.18750000000000006 0.46015625 0.18750000000000006 0.46015625 0.27395833333333347 0.4953125 0.27395833333333347
0 0.5375 0.17604166666666674 0.5140625 0.17604166666666674 0.5140625 0.19687500000000005 0.5375 0.19687500000000005
0 0.51015625 0.1833333333333334 0.4890625 0.1833333333333334 0.4890625 0.21041666666666672 0.51015625 0.21041666666666672
0 0.54609375 0.18541666666666676 0.51875 0.18541666666666673 0.51875 0.23229166666666676 0.54609375 0.23229166666666679
0 0.52109375 0.19687500000000005 0.49375 0.19687500000000005 0.49375 0.24791666666666673 0.52109375 0.24791666666666673
0 0.53828125 0.23645833333333338 0.50546875 0.23645833333333338 0.50546875 0.3020833333333334 0.53828125 0.3020833333333334
0 0.57421875 0.2510416666666668 0.54296875 0.2510416666666667 0.54296875 0.30833333333333346 0.57421875 0.30833333333333346
0 0.5703125 0.2968750000000001 0.52421875 0.2968750000000001 0.52421875 0.38958333333333345 0.5703125 0.38958333333333345
0 0.62578125 0.30312500000000014 0.56875 0.30312500000000014 0.56875 0.41458333333333347 0.62578125 0.41458333333333347
0 0.61015625 0.38645833333333346 0.54765625 0.38645833333333346 0.54765625 0.5145833333333335 0.61015625 0.5145833333333335
0 0.55546875 0.4375000000000001 0.49765625 0.4375000000000001 0.49765625 0.578125 0.55546875 0.578125
0 0.87265625 0.7687500000000003 0.73359375 0.7687500000000003 0.73359375 1.0000000000000002 0.87265625 1.0000000000000002