3 0.05703125000000009 0.9489583333333333 0.02187500000000009 0.9489583333333333 0.021875000000000092 0.9989583333333333 0.05703125000000009 0.9989583333333333
3 0.08203125000000008 0.9739583333333334 0.05156250000000009 0.9739583333333334 0.05156250000000009 1 0.08203125000000008 1
3 0.1398437500000001 0.8791666666666667 0.09296875000000009 0.8791666666666667 0.09296875000000009 1 0.1398437500000001 1
3 0.16171875000000008 0.896875 0.1296875000000001 0.896875 0.1296875000000001 0.940625 0.16171875000000008 0.940625
3 0.18125000000000008 0.8104166666666667 0.1375000000000001 0.8104166666666667 0.1375000000000001 0.9020833333333333 0.18125000000000008 0.9020833333333333
3 0.18359375000000006 0.6864583333333333 0.13515625000000003 0.6864583333333333 0.13515625000000006 0.8208333333333333 0.18359375000000008 0.8208333333333333
3 0.2101562500000001 0.746875 0.1687500000000001 0.746875 0.1687500000000001 0.8385416666666666 0.2101562500000001 0.8385416666666666
3 0.2273437500000001 0.6791666666666667 0.19140625000000006 0.6791666666666667 0.19140625000000006 0.7677083333333333 0.2273437500000001 0.7677083333333333
3 0.2406250000000001 0.6333333333333333 0.2195312500000001 0.6333333333333333 0.2195312500000001 0.7177083333333333 0.2406250000000001 0.7177083333333333
3 0.42265625 0.5697916666666667 0.3921875000000001 0.5697916666666667 0.3921875000000001 0.6802083333333333 0.42265625 0.6802083333333333
3 0.3554687500000001 0.540625 0.3281250000000001 0.540625 0.3281250000000001 0.653125 0.3554687500000001 0.653125
3 0.2687500000000001 0.6010416666666667 0.2390625000000001 0.6010416666666667 0.2390625000000001 0.684375 0.2687500000000001 0.684375
3 0.2875000000000001 0.553125 0.2539062500000001 0.553125 0.2539062500000001 0.6125 0.2875000000000001 0.6125
3 0.2968750000000001 0.5072916666666667 0.2648437500000001 0.5072916666666667 0.2648437500000001 0.5760416666666667 0.2968750000000001 0.5760416666666667
3 0.30312500000000003 0.47708333333333336 0.28203125 0.47708333333333336 0.28203125000000007 0.55625 0.3031250000000001 0.55625
3 0.31484375000000003 0.45 0.296875 0.45 0.29687500000000006 0.5333333333333333 0.3148437500000001 0.5333333333333333
3 0.33359375 0.43645833333333334 0.31328125 0.43645833333333334 0.31328125 0.4739583333333333 0.33359375 0.4739583333333333
3 0.44921875 0.45729166666666676 0.42421875 0.45729166666666676 0.42421875 0.5447916666666667 0.44921875 0.5447916666666667
3 0.40859375 0.4531250000000001 0.38984375 0.4531250000000001 0.38984375000000004 0.4947916666666668 0.40859375 0.4947916666666668
3 0.384375 0.4447916666666668 0.3671875 0.4447916666666668 0.36718750000000006 0.5302083333333335 0.3843750000000001 0.5302083333333335
3 0.39843750000000006 0.42083333333333345 0.378125 0.42083333333333345 0.37812500000000004 0.49583333333333346 0.3984375000000001 0.49583333333333346
3 0.36484375 0.43541666666666673 0.33984375 0.4354166666666667 0.33984375 0.47187500000000004 0.36484375 0.4718750000000001
3 0.378125 0.4093750000000001 0.365625 0.4093750000000001 0.365625 0.46458333333333346 0.378125 0.46458333333333346
3 0.365625 0.39687500000000003 0.35234375 0.396875 0.35234375 0.44375000000000003 0.365625 0.44375000000000014
3 0.35078125 0.3958333333333333 0.33203125 0.3958333333333333 0.33203125 0.43125 0.35078125 0.43125
3 0.359375 0.38125 0.35234375 0.38125 0.35234375 0.4041666666666667 0.359375 0.4041666666666667
3 0.40546875 0.2843750000000001 0.39140625 0.2843750000000001 0.39140625 0.32708333333333345 0.40546875 0.32708333333333345
3 0.38203125 0.3312500000000001 0.37265625 0.3312500000000001 0.37265625 0.3562500000000001 0.38203125 0.3562500000000001
3 0.36875 0.34687500000000004 0.35390625 0.346875 0.35390625 0.3989583333333334 0.36875 0.39895833333333347
3 0.4921875 0.32083333333333347 0.47890625 0.32083333333333347 0.47890625 0.37395833333333345 0.4921875 0.37395833333333345
3 0.54765625 0.20729166666666676 0.53828125 0.20729166666666674 0.53828125 0.22916666666666677 0.54765625 0.2291666666666668
3 0.54921875 0.19166666666666676 0.540625 0.19166666666666674 0.540625 0.2052083333333334 0.54921875 0.20520833333333346
3 0.55078125 0.17604166666666676 0.54375 0.17604166666666674 0.54375 0.1906250000000001 0.55078125 0.19062500000000013
3 0.50625 0.2291666666666667 0.496875 0.2291666666666667 0.496875 0.25312500000000004 0.50625 0.25312500000000004
3 0.51953125 0.21250000000000005 0.51484375 0.21250000000000005 0.51484375 0.2239583333333334 0.51953125 0.2239583333333334
3 0.5140625 0.20937500000000006 0.50625 0.20937500000000006 0.50625 0.22500000000000006 0.5140625 0.22500000000000006
3 0.51484375 0.19687500000000005 0.50859375 0.19687500000000005 0.50859375 0.2083333333333334 0.51484375 0.2083333333333334
3 0.44609375 0.21041666666666672 0.43671875 0.21041666666666672 0.43671875 0.22812500000000005 0.44609375 0.22812500000000005
3 0.44921875 0.22604166666666672 0.43984375 0.22604166666666672 0.43984375 0.25312500000000004 0.44921875 0.25312500000000004
3 0.475 0.20520833333333338 0.46640625 0.20520833333333338 0.46640625 0.23125000000000007 0.475 0.23125000000000007
3 0.465625 0.20416666666666672 0.45859375 0.20416666666666672 0.45859375 0.2239583333333334 0.465625 0.2239583333333334
3 0.50234375 0.09270833333333342 0.49765625 0.09270833333333342 0.49765625 0.10208333333333343 0.50234375 0.10208333333333343
3 0.53359375 0.11562500000000009 0.528125 0.11562500000000009 0.528125 0.12395833333333342 0.53359375 0.12395833333333342
3 0.53046875 0.12500000000000008 0.5265625 0.12500000000000008 0.5265625 0.13437500000000005 0.53046875 0.13437500000000005
3 0.5296875 0.1364583333333334 0.5234375 0.1364583333333334 0.5234375 0.15312500000000007 0.5296875 0.15312500000000007
3 0.52578125 0.15833333333333338 0.51953125 0.15833333333333338 0.51953125 0.17187500000000006 0.52578125 0.17187500000000006
3 0.49765625 0.16041666666666674 0.49375 0.16041666666666674 0.49375 0.17291666666666672 0.49765625 0.17291666666666672
3 0.49140625 0.1614583333333334 0.48515625 0.1614583333333334 0.48515625 0.1822916666666667 0.49140625 0.1822916666666667
3 0.48359375 0.16562500000000005 0.47890625 0.16562500000000005 0.47890625 0.1822916666666667 0.48359375 0.1822916666666667
3 0.475 0.16562500000000005 0.46953125 0.16562500000000005 0.46953125 0.1822916666666667 0.475 0.1822916666666667
3 0.46796875 0.17916666666666672 0.46015625 0.17916666666666672 0.46015625 0.19375000000000006 0.46796875 0.19375000000000006
3 0.45859375 0.18437500000000007 0.453125 0.18437500000000007 0.453125 0.1979166666666667 0.45859375 0.1979166666666667
3 0.48671875 0.14479166666666674 0.48125 0.14479166666666674 0.48125 0.1614583333333334 0.48671875 0.1614583333333334
3 0.49296875 0.1281250000000001 0.4859375 0.1281250000000001 0.4859375 0.1395833333333334 0.49296875 0.1395833333333334
3 0.5015625 0.1270833333333334 0.49453125 0.1270833333333334 0.49453125 0.1395833333333334 0.5015625 0.1395833333333334
3 0.50078125 0.11041666666666676 0.49453125 0.11041666666666676 0.49453125 0.1218750000000001 0.50078125 0.1218750000000001
3 0.496875 0.10104166666666675 0.49296875 0.10104166666666675 0.49296875 0.10937500000000008 0.496875 0.10937500000000008
3 0.49375 0.09270833333333342 0.48984375 0.09270833333333342 0.48984375 0.10312500000000009 0.49375 0.10312500000000009
3 0.4953125 0.11979166666666675 0.4921875 0.11979166666666675 0.4921875 0.1281250000000001 0.4953125 0.1281250000000001
3 0.5046875 0.10208333333333343 0.5015625 0.10208333333333343 0.5015625 0.10833333333333342 0.5046875 0.10833333333333342
0 0.4984375000000001 0.8260416666666667 0.3898437500000001 0.8260416666666667 0.3898437500000001 1 0.4984375000000002 1
0 0.4953125 0.6 0.3937500000000001 0.6 0.3937500000000001 0.821875 0.4953125 0.821875
0 0.3984375000000001 0.6541666666666667 0.3273437500000001 0.6541666666666667 0.3273437500000001 0.8520833333333333 0.3984375000000001 0.8520833333333333
0 0.34062500000000007 0.584375 0.2500000000000001 0.584375 0.2500000000000001 0.6885416666666667 0.34062500000000007 0.6885416666666667
0 0.37187500000000007 0.4614583333333334 0.29375 0.46145833333333336 0.29375000000000007 0.5989583333333334 0.37187500000000007 0.5989583333333334
0 0.434375 0.48645833333333344 0.3671875000000001 0.48645833333333344 0.3671875000000001 0.6229166666666667 0.434375 0.6229166666666667
0 0.51015625 0.49270833333333347 0.44296875 0.49270833333333347 0.44296875 0.6270833333333333 0.51015625 0.6270833333333333
0 0.50859375 0.4041666666666668 0.4578125 0.4041666666666668 0.4578125 0.5281250000000001 0.50859375 0.5281250000000001
0 0.45390625 0.3750000000000001 0.40625 0.3750000000000001 0.40625 0.4718750000000001 0.45390625 0.4718750000000001
0 0.4109375 0.34583333333333344 0.36328125 0.34583333333333344 0.36328125 0.4343750000000001 0.4109375 0.4343750000000001
0 0.46875 0.3281250000000001 0.43203125 0.3281250000000001 0.43203125 0.4093750000000001 0.46875 0.4093750000000001
0 0.5234375 0.33020833333333344 0.475 0.33020833333333344 0.475 0.4135416666666668 0.5234375 0.4135416666666668
0 0.43046875 0.31666666666666676 0.3921875 0.31666666666666676 0.3921875 0.3781250000000001 0.43046875 0.3781250000000001
0 0.52421875 0.28750000000000014 0.48828125 0.28750000000000014 0.48828125 0.3312500000000001 0.52421875 0.3312500000000001
0 0.47578125 0.29895833333333344 0.43671875 0.29895833333333344 0.43671875 0.36354166666666676 0.47578125 0.36354166666666676
0 0.43984375 0.28020833333333345 0.4078125 0.28020833333333345 0.4078125 0.3291666666666668 0.43984375 0.3291666666666668
0 0.4484375 0.2614583333333334 0.41953125 0.2614583333333334 0.41953125 0.3125000000000001 0.4484375 0.3125000000000001
0 0.48515625 0.25520833333333337 0.453125 0.25520833333333337 0.453125 0.30312500000000014 0.48515625 0.30312500000000014
0 0.528125 0.24687500000000007 0.4890625 0.24687500000000007 0.4890625 0.30833333333333346 0.528125 0.30833333333333346
0 0.53125 0.22604166666666672 0.5015625 0.22604166666666672 0.5015625 0.2760416666666668 0.53125 0.2760416666666668
0 0.49296875 0.2291666666666667 0.46796875 0.2291666666666667 0.46796875 0.2781250000000001 0.49296875 0.2781250000000001
0 0.46796875 0.22187500000000007 0.44375 0.22187500000000007 0.44375 0.2729166666666668 0.46796875 0.2729166666666668
0 0.44375 0.23229166666666673 0.42265625 0.23229166666666673 0.42265625 0.26250000000000007 0.44375 0.26250000000000007
0 0.50078125 0.20000000000000007 0.484375 0.20000000000000007 0.484375 0.21666666666666673 0.50078125 0.21666666666666673
0 0.49765625 0.21041666666666672 0.47578125 0.21041666666666672 0.47578125 0.23229166666666673 0.49765625 0.23229166666666673
0 0.53671875 0.20937500000000006 0.51875 0.20937500000000006 0.51875 0.2593750000000001 0.53671875 0.2593750000000001
0 0.5390625 0.1927083333333334 0.521875 0.1927083333333334 0.521875 0.2135416666666667 0.5390625 0.2135416666666667
0 0.53984375 0.17187500000000006 0.521875 0.17187500000000006 0.521875 0.20000000000000007 0.53984375 0.20000000000000007
0 0.54453125 0.1583333333333334 0.53046875 0.15833333333333338 0.53046875 0.18229166666666677 0.54453125 0.1822916666666668
0 0.54140625 0.14791666666666672 0.52578125 0.14791666666666672 0.52578125 0.15729166666666672 0.54140625 0.15729166666666672
0 0.540625 0.1395833333333334 0.53046875 0.1395833333333334 0.53046875 0.1510416666666667 0.540625 0.1510416666666667
0 0.540625 0.12083333333333342 0.5328125 0.12083333333333342 0.5328125 0.13437500000000005 0.540625 0.13437500000000005
0 0.51640625 0.10937500000000008 0.503125 0.10937500000000008 0.503125 0.13020833333333343 0.51640625 0.13020833333333343
0 0.4875 0.1833333333333334 0.46484375 0.1833333333333334 0.46484375 0.20625000000000007 0.4875 0.20625000000000007
0 0.46171875 0.1989583333333334 0.4421875 0.1989583333333334 0.4421875 0.22500000000000006 0.46171875 0.22500000000000006
0 0.51484375 0.17187500000000006 0.4984375 0.17187500000000006 0.4984375 0.1927083333333334 0.51484375 0.1927083333333334
0 0.5171875 0.15729166666666672 0.50390625 0.15729166666666672 0.50390625 0.17187500000000006 0.5171875 0.17187500000000006
2 0.5234375 0.12500000000000008 0.50546875 0.12500000000000008 0.50546875 0.15833333333333338 0.5234375 0.15833333333333338
0 0.53046875 0.09270833333333342 0.521875 0.09270833333333342 0.521875 0.11562500000000009 0.53046875 0.11562500000000009
2 0.3546875000000001 0.675 0.13359375000000004 0.675 0.13359375000000007 1 0.3546875000000001 1
0 0.50234375 0.1395833333333334 0.490625 0.1395833333333334 0.490625 0.15833333333333338 0.50234375 0.15833333333333338