3 0.5804687500000001 0.865625 0.5453125 0.865625 0.5453125000000001 0.99375 0.5804687500000002 0.99375
3 0.70390625 0.6447916666666667 0.665625 0.6447916666666667 0.665625 0.7708333333333334 0.70390625 0.7708333333333334
3 0.6484375 0.5979166666666667 0.62265625 0.5979166666666667 0.62265625 0.703125 0.6484375 0.703125
3 0.6203125 0.54375 0.5921875 0.54375 0.5921875 0.6489583333333333 0.6203125 0.6489583333333333
3 0.6484375 0.5052083333333335 0.6140625 0.5052083333333335 0.6140625 0.6083333333333333 0.6484375 0.6083333333333333
3 0.603125 0.47812500000000013 0.58203125 0.47812500000000013 0.58203125 0.5791666666666667 0.603125 0.5791666666666667
3 0.67265625 0.4291666666666668 0.6453125 0.4291666666666668 0.6453125 0.5145833333333335 0.67265625 0.5145833333333335
3 0.54921875 0.3562500000000001 0.53203125 0.3562500000000001 0.53203125 0.4114583333333334 0.54921875 0.4114583333333334
3 0.5578125 0.3406250000000001 0.53984375 0.3406250000000001 0.53984375 0.39479166666666676 0.5578125 0.39479166666666676
3 0.6171875 0.3177083333333334 0.60625 0.3177083333333334 0.60625 0.3468750000000001 0.6171875 0.3468750000000001
3 0.60390625 0.2666666666666668 0.5890625 0.2666666666666668 0.5890625 0.3125000000000001 0.60390625 0.3125000000000001
3 0.56171875 0.2864583333333334 0.54296875 0.2864583333333334 0.54296875 0.3093750000000001 0.56171875 0.3093750000000001
3 0.5609375 0.2604166666666668 0.55078125 0.2604166666666668 0.55078125 0.2947916666666668 0.5609375 0.2947916666666668
3 0.56875 0.24583333333333346 0.553125 0.24583333333333346 0.553125 0.28541666666666676 0.56875 0.28541666666666676
3 0.553125 0.2552083333333334 0.54296875 0.25520833333333337 0.54296875 0.2947916666666668 0.553125 0.2947916666666668
3 0.54921875 0.23958333333333343 0.53828125 0.2395833333333334 0.53828125 0.2781250000000001 0.54921875 0.2781250000000001
3 0.5359375 0.21875000000000006 0.525 0.21875000000000006 0.525 0.25312500000000004 0.5359375 0.25312500000000004
3 0.5328125 0.20729166666666674 0.52421875 0.20729166666666674 0.52421875 0.23437500000000006 0.5328125 0.23437500000000006
3 0.4671875 0.2135416666666667 0.45703125 0.2135416666666667 0.45703125 0.2489583333333334 0.4671875 0.2489583333333334
3 0.484375 0.1833333333333334 0.4765625 0.1833333333333334 0.4765625 0.2083333333333334 0.484375 0.2083333333333334
3 0.54609375 0.1937500000000001 0.5390625 0.19375000000000006 0.5390625 0.21770833333333342 0.54609375 0.21770833333333345
3 0.54296875 0.1864583333333334 0.5359375 0.1864583333333334 0.5359375 0.21250000000000005 0.54296875 0.21250000000000005
3 0.534375 0.1822916666666667 0.52578125 0.1822916666666667 0.52578125 0.21041666666666672 0.534375 0.21041666666666672
3 0.525 0.17395833333333338 0.51953125 0.17395833333333338 0.51953125 0.19375000000000006 0.525 0.19375000000000006
3 0.52734375 0.1645833333333334 0.5203125 0.1645833333333334 0.5203125 0.1822916666666667 0.52734375 0.1822916666666667
3 0.5203125 0.1614583333333334 0.5125 0.1614583333333334 0.5125 0.1833333333333334 0.5203125 0.1833333333333334
3 0.51328125 0.1645833333333334 0.5078125 0.1645833333333334 0.5078125 0.19166666666666674 0.51328125 0.19166666666666674
3 0.50859375 0.16041666666666674 0.50078125 0.16041666666666674 0.50078125 0.18958333333333338 0.50859375 0.18958333333333338
3 0.4984375 0.15000000000000005 0.49375 0.15000000000000005 0.49375 0.16979166666666673 0.4984375 0.16979166666666673
3 0.503125 0.14687500000000006 0.49921875 0.14687500000000006 0.49921875 0.16250000000000006 0.503125 0.16250000000000006
3 0.51796875 0.14687500000000006 0.5125 0.14687500000000006 0.5125 0.16354166666666672 0.51796875 0.16354166666666672
3 0.5109375 0.1458333333333334 0.50546875 0.1458333333333334 0.50546875 0.1614583333333334 0.5109375 0.1614583333333334
3 0.51640625 0.13229166666666675 0.51171875 0.13229166666666675 0.51171875 0.1520833333333334 0.51640625 0.1520833333333334
3 0.509375 0.1312500000000001 0.50546875 0.1312500000000001 0.50546875 0.14687500000000006 0.509375 0.14687500000000006
3 0.5046875 0.12604166666666675 0.5 0.12604166666666675 0.5 0.1395833333333334 0.5046875 0.1395833333333334
3 0.4984375 0.12291666666666676 0.49375 0.12291666666666676 0.49375 0.1364583333333334 0.4984375 0.1364583333333334
3 0.49375 0.12395833333333342 0.48828125 0.12395833333333342 0.48828125 0.13854166666666673 0.49375 0.13854166666666673
3 0.49453125 0.1354166666666667 0.4890625 0.1354166666666667 0.4890625 0.1552083333333334 0.49453125 0.1552083333333334
3 0.478125 0.1552083333333334 0.4703125 0.1552083333333334 0.4703125 0.18125000000000005 0.478125 0.18125000000000005
2 0.4734375 0.09791666666666675 0.45625 0.09791666666666675 0.45625 0.1281250000000001 0.4734375 0.1281250000000001
0 0.5046875 0.0906250000000001 0.49609375 0.0906250000000001 0.49609375 0.09687500000000009 0.5046875 0.09687500000000009
0 0.4921875 0.09166666666666676 0.48515625 0.09166666666666676 0.48515625 0.09583333333333342 0.4921875 0.09583333333333342
0 0.51171875 0.09895833333333343 0.50234375 0.09895833333333343 0.50234375 0.11145833333333342 0.51171875 0.11145833333333342
0 0.48828125 0.09479166666666676 0.48046875 0.09479166666666676 0.48046875 0.10312500000000009 0.48828125 0.10312500000000009
0 0.5 0.09583333333333342 0.48828125 0.09583333333333342 0.48828125 0.10208333333333343 0.5 0.10208333333333343
0 0.50625 0.10416666666666675 0.49453125 0.10416666666666675 0.49453125 0.11770833333333343 0.50625 0.11770833333333343
0 0.49453125 0.10208333333333343 0.484375 0.10208333333333343 0.484375 0.11041666666666676 0.49453125 0.11041666666666676
0 0.49140625 0.10937500000000008 0.47734375 0.10937500000000008 0.47734375 0.12083333333333342 0.49140625 0.12083333333333342
0 0.50703125 0.11562500000000009 0.49375 0.11562500000000009 0.49375 0.12291666666666676 0.50703125 0.12291666666666676
0 0.4875 0.11666666666666675 0.475 0.11666666666666675 0.475 0.1312500000000001 0.4875 0.1312500000000001
0 0.48359375 0.09687500000000009 0.4765625 0.09687500000000009 0.4765625 0.10208333333333343 0.48359375 0.10208333333333343
0 0.47890625 0.10312500000000009 0.475 0.10312500000000009 0.475 0.11875000000000009 0.47890625 0.11875000000000009
0 0.4703125 0.11979166666666675 0.45859375 0.11979166666666675 0.45859375 0.1364583333333334 0.4703125 0.1364583333333334
0 0.4671875 0.1270833333333334 0.45234375 0.12708333333333338 0.45234375 0.14375000000000007 0.4671875 0.14375000000000007
0 0.46484375 0.1333333333333334 0.4515625 0.1333333333333334 0.4515625 0.1510416666666667 0.46484375 0.1510416666666667
0 0.490625 0.13229166666666675 0.478125 0.13229166666666675 0.478125 0.14791666666666672 0.490625 0.14791666666666672
0 0.4890625 0.14375000000000007 0.47265625 0.14375000000000007 0.47265625 0.16979166666666673 0.4890625 0.16979166666666673
0 0.46796875 0.14375000000000007 0.4546875 0.14375000000000007 0.4546875 0.1677083333333334 0.46796875 0.1677083333333334
0 0.4703125 0.15833333333333338 0.4546875 0.15833333333333338 0.4546875 0.1833333333333334 0.4703125 0.1833333333333334
0 0.49296875 0.16041666666666674 0.48046875 0.16041666666666674 0.48046875 0.1864583333333334 0.49296875 0.1864583333333334
0 0.47578125 0.17812500000000006 0.45546875 0.17812500000000006 0.45546875 0.2177083333333334 0.47578125 0.2177083333333334
0 0.50390625 0.16875000000000007 0.48671875 0.16875000000000007 0.48671875 0.20104166666666673 0.50390625 0.20104166666666673
0 0.5046875 0.18854166666666672 0.490625 0.18854166666666672 0.490625 0.2083333333333334 0.5046875 0.2083333333333334
0 0.53046875 0.18437500000000007 0.509375 0.18437500000000007 0.509375 0.22291666666666674 0.53046875 0.22291666666666674
0 0.509375 0.20312500000000006 0.48671875 0.20312500000000006 0.48671875 0.23854166666666674 0.509375 0.23854166666666674
0 0.48828125 0.20000000000000007 0.46171875 0.20000000000000007 0.46171875 0.2333333333333334 0.48828125 0.2333333333333334
0 0.49296875 0.22604166666666672 0.4671875 0.22604166666666672 0.4671875 0.26354166666666673 0.49296875 0.26354166666666673
0 0.53203125 0.22187500000000007 0.5015625 0.22187500000000007 0.5015625 0.27187500000000014 0.53203125 0.27187500000000014
0 0.5 0.25729166666666675 0.4640625 0.25729166666666675 0.4640625 0.3135416666666668 0.5 0.3135416666666668
0 0.5375 0.24687500000000007 0.5046875 0.24687500000000007 0.5046875 0.3125000000000001 0.5375 0.3125000000000001
0 0.5640625 0.20208333333333342 0.53828125 0.2020833333333334 0.53828125 0.2552083333333334 0.5640625 0.2552083333333334
0 0.59921875 0.25833333333333347 0.56484375 0.25833333333333347 0.56484375 0.3354166666666668 0.59921875 0.3354166666666668
0 0.5734375 0.3000000000000001 0.53828125 0.3000000000000001 0.53828125 0.36875000000000013 0.5734375 0.36875000000000013
0 0.5125 0.2916666666666668 0.47734375 0.2916666666666668 0.47734375 0.3572916666666668 0.5125 0.3572916666666668
0 0.625 0.3250000000000001 0.58125 0.3250000000000001 0.58125 0.41458333333333347 0.625 0.41458333333333347
0 0.59765625 0.37916666666666676 0.546875 0.37916666666666676 0.546875 0.4854166666666668 0.59765625 0.4854166666666668
0 0.53828125 0.36875000000000013 0.48515625 0.36875000000000013 0.48515625 0.4666666666666668 0.53828125 0.4666666666666668
2 0.55703125 0.4354166666666668 0.48671875 0.4354166666666668 0.48671875 0.6041666666666666 0.55703125 0.6041666666666666
0 0.7421875 0.4843750000000001 0.65078125 0.4843750000000001 0.65078125 0.6260416666666668 0.7421875 0.6260416666666669
0 0.7046875000000001 0.7072916666666667 0.59140625 0.7072916666666667 0.5914062500000001 0.96875 0.7046875000000001 0.96875
0 0.84609375 0.7010416666666668 0.72109375 0.7010416666666667 0.72109375 0.9604166666666668 0.84609375 0.9604166666666669