0 0.49921875 0.17916666666666672 0.471875 0.17916666666666672 0.471875 0.24166666666666672 0.49921875 0.24166666666666672
3 0.5015625 0.16041666666666674 0.49296875 0.16041666666666674 0.49296875 0.18541666666666673 0.5015625 0.18541666666666673
3 0.45703125 0.22500000000000006 0.4453125 0.22500000000000006 0.4453125 0.2645833333333334 0.45703125 0.2645833333333334
3 0.46015625 0.2614583333333334 0.45 0.2614583333333334 0.45 0.2937500000000001 0.46015625 0.2937500000000001
3 0.4546875 0.2822916666666668 0.44296875 0.2822916666666668 0.44296875 0.3291666666666668 0.4546875 0.3291666666666668
2 0.5015625 0.10208333333333343 0.48203125 0.10208333333333343 0.48203125 0.1552083333333334 0.5015625 0.1552083333333334
3 0.53203125 0.3156250000000001 0.51640625 0.3156250000000001 0.51640625 0.38645833333333346 0.53203125 0.38645833333333346
0 0.5328125 0.2937500000000001 0.5046875 0.2937500000000001 0.5046875 0.33958333333333346 0.5328125 0.33958333333333346
3 0.5234375 0.2791666666666668 0.5125 0.2791666666666668 0.5125 0.29583333333333345 0.5234375 0.29583333333333345
3 0.50546875 0.2760416666666668 0.4921875 0.2760416666666668 0.4921875 0.31458333333333344 0.50546875 0.31458333333333344
0 0.51875 0.3447916666666668 0.48203125 0.3447916666666668 0.48203125 0.41041666666666676 0.51875 0.41041666666666676
0 0.51171875 0.39479166666666676 0.48046875 0.39479166666666676 0.48046875 0.46458333333333346 0.51171875 0.46458333333333346
0 0.47109375 0.35312500000000013 0.44453125 0.35312500000000013 0.44453125 0.4229166666666668 0.47109375 0.4229166666666668
0 0.48046875 0.32083333333333347 0.453125 0.32083333333333347 0.453125 0.38125000000000014 0.48046875 0.38125000000000014
0 0.48671875 0.2791666666666668 0.45859375 0.2791666666666668 0.45859375 0.32083333333333347 0.48671875 0.32083333333333347
0 0.4375 0.3072916666666668 0.41171875 0.3072916666666668 0.41171875 0.3697916666666668 0.4375 0.3697916666666668
0 0.415625 0.3489583333333334 0.3859375 0.3489583333333334 0.3859375 0.42812500000000014 0.415625 0.42812500000000014
0 0.44609375 0.4135416666666668 0.4078125 0.4135416666666668 0.4078125 0.5010416666666668 0.44609375 0.5010416666666668
0 0.42734375 0.4739583333333334 0.365625 0.4739583333333334 0.36562500000000003 0.6270833333333333 0.42734375 0.6270833333333333
0 0.36406250000000007 0.6645833333333333 0.30156250000000007 0.6645833333333333 0.30156250000000007 0.8177083333333334 0.36406250000000007 0.8177083333333334
0 0.46953125000000007 0.8083333333333333 0.3859375000000001 0.8083333333333333 0.3859375000000001 1 0.4695312500000002 1
0 0.2648437500000001 0.8572916666666667 0.18359375000000008 0.8572916666666667 0.18359375000000008 1 0.2648437500000001 1
0 0.440625 0.2489583333333334 0.41328125 0.2489583333333334 0.41328125 0.31458333333333344 0.440625 0.31458333333333344
1 0.27656250000000004 0.4635416666666667 0.14375000000000004 0.4635416666666667 0.14375000000000007 0.8604166666666667 0.2765625000000001 0.8604166666666667
3 0.35625000000000007 0.8260416666666667 0.3031250000000001 0.8260416666666667 0.3031250000000001 1 0.35625000000000007 1
3 0.4984375 0.7145833333333333 0.46328125 0.7145833333333333 0.46328125 0.8375 0.4984375 0.8375
3 0.428125 0.7104166666666667 0.4 0.7104166666666667 0.4 0.815625 0.428125 0.815625
3 0.42109375 0.6427083333333333 0.39531250000000007 0.6427083333333333 0.39531250000000007 0.7697916666666667 0.42109375 0.7697916666666667
3 0.4875 0.6520833333333333 0.4640625 0.6520833333333333 0.4640625 0.7583333333333333 0.4875 0.7583333333333333
3 0.46171875 0.6114583333333333 0.43515625 0.6114583333333333 0.43515625 0.7375 0.46171875 0.7375
3 0.43828125 0.590625 0.415625 0.590625 0.415625 0.7114583333333333 0.43828125 0.7114583333333333
3 0.5015625 0.5802083333333333 0.4765625 0.5802083333333333 0.4765625 0.6979166666666666 0.5015625 0.6979166666666666
3 0.46015625 0.5489583333333333 0.43828125 0.5489583333333333 0.43828125 0.653125 0.46015625 0.653125
3 0.5046875 0.540625 0.484375 0.540625 0.484375 0.6260416666666667 0.5046875 0.6260416666666667
3 0.48125 0.5270833333333335 0.46171875 0.5270833333333335 0.46171875 0.6208333333333333 0.48125 0.6208333333333333
3 0.51796875 0.5031250000000002 0.503125 0.5031250000000002 0.503125 0.5979166666666667 0.51796875 0.5979166666666667
3 0.50390625 0.46770833333333345 0.4890625 0.46770833333333345 0.4890625 0.5489583333333333 0.50390625 0.5489583333333333
3 0.4875 0.46250000000000013 0.46953125 0.46250000000000013 0.46953125 0.540625 0.4875 0.540625
3 0.45859375 0.5197916666666668 0.4453125 0.5197916666666668 0.4453125 0.5916666666666667 0.45859375 0.5916666666666667
3 0.5234375 0.44583333333333347 0.5046875 0.44583333333333347 0.5046875 0.5187500000000002 0.5234375 0.5187500000000002
3 0.36796875000000007 0.47604166666666675 0.34921875 0.47604166666666664 0.34921875 0.55625 0.36796875000000007 0.55625
3 0.38593750000000004 0.42604166666666676 0.36484375 0.42604166666666676 0.36484375 0.5093750000000001 0.3859375000000001 0.5093750000000001
3 0.35234375000000007 0.44895833333333335 0.33828125 0.44895833333333335 0.33828125000000003 0.5229166666666667 0.35234375000000007 0.5229166666666667
3 0.3734375 0.40104166666666674 0.35078125 0.4010416666666667 0.35078125 0.46666666666666673 0.3734375 0.4666666666666668
3 0.3546875 0.40208333333333335 0.33515625 0.40208333333333335 0.33515625 0.4666666666666667 0.3546875 0.4666666666666667
3 0.37421875 0.37291666666666673 0.359375 0.3729166666666667 0.359375 0.4312500000000001 0.37421875 0.43125000000000013
3 0.36015625 0.353125 0.34609375 0.353125 0.34609375 0.42083333333333334 0.36015625 0.42083333333333334
3 0.37890625 0.3604166666666668 0.36953125 0.3604166666666668 0.36953125 0.40208333333333346 0.37890625 0.40208333333333346
3 0.38203125 0.33750000000000013 0.371875 0.33750000000000013 0.371875 0.3781250000000001 0.38203125 0.3781250000000001
3 0.37421875 0.32291666666666674 0.36171875 0.3229166666666667 0.36171875 0.3677083333333334 0.37421875 0.36770833333333347
3 0.390625 0.31145833333333345 0.37890625 0.31145833333333345 0.37890625 0.3593750000000001 0.390625 0.3593750000000001
3 0.40546875 0.33437500000000014 0.39453125 0.33437500000000014 0.39453125 0.35208333333333347 0.40546875 0.35208333333333347
3 0.4015625 0.3125000000000001 0.39140625 0.3125000000000001 0.39140625 0.3437500000000001 0.4015625 0.3437500000000001
3 0.3984375 0.29583333333333345 0.3890625 0.29583333333333345 0.3890625 0.33229166666666676 0.3984375 0.33229166666666676
3 0.41640625 0.2614583333333334 0.4078125 0.2614583333333334 0.4078125 0.3104166666666668 0.41640625 0.3104166666666668
3 0.403125 0.2864583333333334 0.3953125 0.2864583333333334 0.3953125 0.31666666666666676 0.403125 0.31666666666666676
3 0.4078125 0.27500000000000013 0.3984375 0.27500000000000013 0.3984375 0.3072916666666668 0.4078125 0.3072916666666668