3 0.83671875 0.9072916666666669 0.79375 0.9072916666666669 0.7937500000000001 1.0000000000000002 0.83671875 1.0000000000000002
0 0.7820312500000001 0.8093750000000001 0.65390625 0.809375 0.6539062500000001 1.0000000000000002 0.7820312500000002 1.0000000000000002
3 0.78828125 0.8197916666666669 0.74296875 0.8197916666666669 0.7429687500000001 0.9895833333333336 0.7882812500000002 0.9895833333333336
0 0.825 0.6177083333333334 0.696875 0.6177083333333333 0.696875 0.8333333333333335 0.825 0.8333333333333336
3 0.740625 0.7437500000000001 0.7109375 0.74375 0.7109375 0.8437500000000001 0.740625 0.8437500000000002
2 0.6757812500000001 0.621875 0.51484375 0.621875 0.51484375 1 0.6757812500000002 1
3 0.67578125 0.75 0.6359375 0.75 0.6359375 0.8614583333333333 0.67578125 0.8614583333333333
3 0.71171875 0.690625 0.67109375 0.690625 0.67109375 0.7958333333333333 0.71171875 0.7958333333333333
3 0.66796875 0.6729166666666667 0.6203125 0.6729166666666667 0.6203125 0.7916666666666666 0.66796875 0.7916666666666666
3 0.83671875 0.6656250000000002 0.79765625 0.6656250000000002 0.79765625 0.7687500000000003 0.83671875 0.7687500000000003
3 0.8703125 0.7770833333333336 0.8359375 0.7770833333333336 0.8359375 0.8968750000000002 0.8703125 0.8968750000000002
3 0.896875 0.7250000000000002 0.8484375 0.7250000000000002 0.8484375 0.8645833333333336 0.896875 0.8645833333333336
3 0.89609375 0.8583333333333336 0.82734375 0.8583333333333336 0.82734375 1.0000000000000002 0.89609375 1.0000000000000002
3 0.94453125 0.8604166666666669 0.9125 0.8604166666666669 0.9125 0.9520833333333336 0.94453125 0.9520833333333336
3 0.96015625 0.9218750000000002 0.90390625 0.9218750000000002 0.90390625 1.0000000000000002 0.96015625 1.0000000000000002
3 1 0.9406250000000003 0.9703125 0.9406250000000003 0.9703125 1.0000000000000002 1 1.0000000000000002
3 0.78359375 0.5989583333333336 0.7625 0.5989583333333336 0.7625 0.6708333333333336 0.78359375 0.6708333333333336
3 0.75859375 0.5437500000000003 0.72890625 0.5437500000000003 0.72890625 0.6187500000000002 0.75859375 0.6187500000000002
3 0.584375 0.2687500000000001 0.56015625 0.2687500000000001 0.56015625 0.32395833333333346 0.584375 0.32395833333333346
3 0.56015625 0.20833333333333345 0.54765625 0.20833333333333345 0.54765625 0.25208333333333344 0.56015625 0.25208333333333344
3 0.575 0.21979166666666677 0.56015625 0.21979166666666677 0.56015625 0.2635416666666668 0.575 0.2635416666666668
0 0.54453125 0.2093750000000001 0.51015625 0.20937500000000006 0.51015625 0.26979166666666676 0.54453125 0.26979166666666676
3 0.51796875 0.18854166666666672 0.5078125 0.18854166666666672 0.5078125 0.21979166666666672 0.51796875 0.21979166666666672
0 0.5046875 0.23437500000000006 0.4765625 0.23437500000000006 0.4765625 0.28541666666666676 0.5046875 0.28541666666666676
3 0.534375 0.20625000000000007 0.52421875 0.20625000000000007 0.52421875 0.22083333333333338 0.534375 0.22083333333333338
3 0.5125 0.17291666666666672 0.503125 0.17291666666666672 0.503125 0.20000000000000007 0.5125 0.20000000000000007
3 0.4765625 0.15937500000000007 0.46484375 0.15937500000000007 0.46484375 0.1958333333333334 0.4765625 0.1958333333333334
0 0.49921875 0.1520833333333334 0.484375 0.1520833333333334 0.484375 0.1864583333333334 0.49921875 0.1864583333333334
0 0.5 0.12604166666666675 0.48046875 0.12604166666666675 0.48046875 0.1520833333333334 0.5 0.1520833333333334
3 0.50625 0.13229166666666675 0.49375 0.13229166666666675 0.49375 0.15416666666666673 0.50625 0.15416666666666673
3 0.4953125 0.11979166666666675 0.48984375 0.11979166666666675 0.48984375 0.1354166666666667 0.4953125 0.1354166666666667
0 0.48671875 0.09166666666666676 0.47265625 0.09166666666666676 0.47265625 0.11562500000000009 0.48671875 0.11562500000000009
3 0.4984375 0.09375000000000008 0.48359375 0.09375000000000008 0.48359375 0.11562500000000009 0.4984375 0.11562500000000009
3 0.50390625 0.09375000000000008 0.49609375 0.09375000000000008 0.49609375 0.11562500000000009 0.50390625 0.11562500000000009
0 0.65859375 0.5489583333333333 0.5796875 0.5489583333333333 0.5796875 0.7052083333333333 0.65859375 0.7052083333333333
0 0.58828125 0.5791666666666667 0.50546875 0.5791666666666667 0.50546875 0.7635416666666667 0.58828125 0.7635416666666667
0 0.7265625 0.5197916666666668 0.65234375 0.5197916666666668 0.65234375 0.6593750000000002 0.7265625 0.6593750000000003
0 0.690625 0.4375000000000001 0.6265625 0.4375000000000001 0.6265625 0.55 0.690625 0.55
0 0.63203125 0.42812500000000014 0.55546875 0.42812500000000014 0.55546875 0.5520833333333334 0.63203125 0.5520833333333334
0 0.56875 0.5062500000000001 0.5125 0.5062500000000001 0.5125 0.5895833333333333 0.56875 0.5895833333333333
0 0.578125 0.3197916666666668 0.52578125 0.3197916666666668 0.52578125 0.3979166666666668 0.578125 0.3979166666666668
2 0.553125 0.3354166666666668 0.4875 0.3354166666666668 0.4875 0.5114583333333335 0.553125 0.5114583333333335