0 0.56484375 0.5729166666666666 0.5265625 0.5729166666666666 0.5265625 0.7260416666666667 0.56484375 0.7260416666666667
0 0.6390625 0.5083333333333334 0.60078125 0.5083333333333334 0.60078125 0.6333333333333333 0.6390625 0.6333333333333333
0 0.540625 0.4968750000000001 0.51015625 0.4968750000000001 0.51015625 0.578125 0.540625 0.578125
0 0.52734375 0.42395833333333344 0.49765625 0.42395833333333344 0.49765625 0.4947916666666668 0.52734375 0.4947916666666668
0 0.58828125 0.3875000000000001 0.55625 0.3875000000000001 0.55625 0.4583333333333334 0.58828125 0.4583333333333334
0 0.64765625 0.41458333333333347 0.6234375 0.41458333333333347 0.6234375 0.47500000000000014 0.64765625 0.47500000000000014
0 0.5125 0.3260416666666668 0.4921875 0.3260416666666668 0.4921875 0.38645833333333346 0.5125 0.38645833333333346
0 0.59140625 0.33958333333333346 0.565625 0.33958333333333346 0.565625 0.38437500000000013 0.59140625 0.38437500000000013
0 0.5578125 0.3177083333333334 0.53515625 0.3177083333333334 0.53515625 0.35520833333333346 0.5578125 0.35520833333333346
0 0.49375 0.28958333333333347 0.47109375 0.28958333333333347 0.47109375 0.33958333333333346 0.49375 0.33958333333333346
0 0.48515625 0.25520833333333337 0.4703125 0.25520833333333337 0.4703125 0.2864583333333334 0.48515625 0.2864583333333334
0 0.4921875 0.2333333333333334 0.478125 0.2333333333333334 0.478125 0.25729166666666675 0.4921875 0.25729166666666675
0 0.51796875 0.2177083333333334 0.50234375 0.2177083333333334 0.50234375 0.2541666666666667 0.51796875 0.2541666666666667
0 0.48671875 0.21875000000000006 0.47421875 0.21875000000000006 0.47421875 0.23229166666666673 0.48671875 0.23229166666666673
2 0.55859375 0.22916666666666677 0.52421875 0.2291666666666667 0.52421875 0.3156250000000001 0.55859375 0.3156250000000001
0 0.54375 0.19062500000000007 0.5296875 0.19062500000000007 0.5296875 0.21979166666666672 0.54375 0.21979166666666672
3 0.5234375 0.19166666666666674 0.51953125 0.19166666666666674 0.51953125 0.20937500000000006 0.5234375 0.20937500000000006
0 0.53203125 0.17604166666666674 0.5203125 0.17604166666666674 0.5203125 0.19375000000000006 0.53203125 0.19375000000000006
0 0.51328125 0.19479166666666672 0.496875 0.19479166666666672 0.496875 0.21562500000000007 0.51328125 0.21562500000000007
0 0.4984375 0.1614583333333334 0.48828125 0.1614583333333334 0.48828125 0.19166666666666674 0.4984375 0.19166666666666674
2 0.48359375 0.14687500000000006 0.47421875 0.14687500000000006 0.47421875 0.17291666666666672 0.48359375 0.17291666666666672
2 0.46875 0.14270833333333338 0.459375 0.14270833333333338 0.459375 0.17604166666666674 0.46875 0.17604166666666674
3 0.46875 0.18750000000000006 0.459375 0.18750000000000006 0.459375 0.2145833333333334 0.46875 0.2145833333333334
3 0.46484375 0.2145833333333334 0.45703125 0.2145833333333334 0.45703125 0.2458333333333334 0.46484375 0.2458333333333334
3 0.471875 0.2177083333333334 0.46640625 0.2177083333333334 0.46640625 0.2458333333333334 0.471875 0.2458333333333334
3 0.47109375 0.2458333333333334 0.4625 0.2458333333333334 0.4625 0.28750000000000014 0.47109375 0.28750000000000014
3 0.4984375 0.4031250000000001 0.48984375 0.4031250000000001 0.48984375 0.45520833333333344 0.4984375 0.45520833333333344
3 0.49140625 0.3854166666666668 0.48125 0.3854166666666668 0.48125 0.4375000000000001 0.49140625 0.4375000000000001
0 0.77578125 0.6010416666666668 0.725 0.6010416666666667 0.725 0.7635416666666668 0.77578125 0.7635416666666669
0 0.89609375 0.8979166666666669 0.84296875 0.8979166666666669 0.84296875 0.9937500000000002 0.89609375 0.9937500000000002
0 0.7593750000000001 0.8385416666666667 0.69375 0.8385416666666666 0.6937500000000001 1.0000000000000002 0.7593750000000001 1.0000000000000002
3 0.76640625 0.7718750000000002 0.7421875 0.7718750000000002 0.7421875 0.8989583333333335 0.76640625 0.8989583333333335
3 0.7992187500000001 0.8343750000000002 0.778125 0.8343750000000002 0.7781250000000001 0.9677083333333336 0.7992187500000002 0.9677083333333336
3 0.8171875 0.7843750000000003 0.796875 0.7843750000000003 0.796875 0.9083333333333335 0.8171875 0.9083333333333335
3 0.84765625 0.8354166666666669 0.828125 0.8354166666666669 0.828125 0.9125000000000002 0.84765625 0.9125000000000002
3 0.88515625 0.8062500000000002 0.85859375 0.8062500000000002 0.85859375 0.9052083333333336 0.88515625 0.9052083333333336
3 0.92109375 0.8687500000000002 0.89140625 0.8687500000000002 0.89140625 0.9593750000000002 0.92109375 0.9593750000000002
3 0.98125 0.8031250000000002 0.93671875 0.8031250000000002 0.93671875 0.9395833333333335 0.98125 0.9395833333333335
3 0.9734375 0.9687500000000002 0.94609375 0.9687500000000002 0.94609375 1.0000000000000002 0.9734375 1.0000000000000002
3 0.6773437500000001 0.928125 0.65 0.928125 0.6500000000000001 1 0.6773437500000001 1
3 0.6578125 0.8125 0.63046875 0.8125 0.63046875 0.9614583333333333 0.6578125 0.9614583333333333
3 0.67734375 0.7583333333333333 0.64921875 0.7583333333333333 0.64921875 0.8614583333333333 0.67734375 0.8614583333333333
3 0.6328125 0.696875 0.60234375 0.696875 0.60234375 0.8177083333333334 0.6328125 0.8177083333333334
3 0.65859375 0.6208333333333333 0.6375 0.6208333333333333 0.6375 0.7322916666666667 0.65859375 0.7322916666666667
3 0.63203125 0.6552083333333333 0.60703125 0.6552083333333333 0.60703125 0.73125 0.63203125 0.73125
3 0.609375 0.5958333333333333 0.5859375 0.5958333333333333 0.5859375 0.7083333333333334 0.609375 0.7083333333333334
3 0.58359375 0.70625 0.55625 0.70625 0.55625 0.81875 0.58359375 0.81875
3 0.56796875 0.7541666666666667 0.53671875 0.7541666666666667 0.53671875 0.8635416666666667 0.56796875 0.8635416666666667
3 0.5390625 0.7229166666666667 0.49453125 0.7229166666666667 0.49453125 0.8197916666666667 0.5390625 0.8197916666666667
3 0.534375 0.7947916666666667 0.5015625 0.7947916666666667 0.5015625 0.915625 0.534375 0.915625
3 0.5320312500000001 0.90625 0.503125 0.90625 0.503125 1 0.5320312500000002 1
3 0.85234375 0.7125000000000002 0.81875 0.7125000000000002 0.81875 0.8437500000000002 0.85234375 0.8437500000000002
3 0.81640625 0.6427083333333335 0.784375 0.6427083333333335 0.784375 0.7729166666666669 0.81640625 0.7729166666666669
3 0.72109375 0.7135416666666666 0.69453125 0.7135416666666666 0.69453125 0.81875 0.72109375 0.81875
3 0.684375 0.7010416666666667 0.6546875 0.7010416666666667 0.6546875 0.7979166666666667 0.684375 0.7979166666666667
3 0.6828125 0.6572916666666667 0.66328125 0.6572916666666667 0.66328125 0.7489583333333333 0.6828125 0.7489583333333333
3 0.69921875 0.6260416666666667 0.6796875 0.6260416666666667 0.6796875 0.7333333333333333 0.69921875 0.7333333333333333
3 0.68671875 0.5802083333333333 0.66875 0.5802083333333333 0.66875 0.665625 0.68671875 0.665625
3 0.6796875 0.5354166666666667 0.66015625 0.5354166666666667 0.66015625 0.6239583333333333 0.6796875 0.6239583333333333
3 0.5875 0.5447916666666667 0.56640625 0.5447916666666667 0.56640625 0.6364583333333333 0.5875 0.6364583333333333
3 0.5796875 0.5145833333333335 0.56484375 0.5145833333333335 0.56484375 0.5895833333333333 0.5796875 0.5895833333333333
3 0.584375 0.4791666666666668 0.56953125 0.4791666666666668 0.56953125 0.5458333333333333 0.584375 0.5458333333333333
3 0.5671875 0.4635416666666668 0.55078125 0.4635416666666668 0.55078125 0.5375 0.5671875 0.5375
3 0.61328125 0.46770833333333345 0.60234375 0.46770833333333345 0.60234375 0.5093750000000001 0.61328125 0.5093750000000001
3 0.64921875 0.46770833333333345 0.6359375 0.46770833333333345 0.6359375 0.5291666666666668 0.64921875 0.5291666666666668
3 0.6515625 0.5000000000000001 0.634375 0.5000000000000001 0.634375 0.5708333333333333 0.6515625 0.5708333333333333
3 0.67890625 0.41041666666666676 0.66328125 0.41041666666666676 0.66328125 0.48020833333333346 0.67890625 0.48020833333333346
3 0.69375 0.4406250000000001 0.6765625 0.4406250000000001 0.6765625 0.5072916666666668 0.69375 0.5072916666666668
3 0.709375 0.4854166666666668 0.6921875 0.4854166666666668 0.6921875 0.5541666666666667 0.709375 0.5541666666666667
3 0.721875 0.5510416666666667 0.70234375 0.5510416666666667 0.70234375 0.6104166666666667 0.721875 0.6104166666666667
3 0.77734375 0.5739583333333336 0.75703125 0.5739583333333336 0.75703125 0.6250000000000002 0.77734375 0.6250000000000002
3 0.553125 0.4218750000000001 0.53515625 0.4218750000000001 0.53515625 0.4875000000000001 0.553125 0.4875000000000001
0 0.4703125 0.1708333333333334 0.459375 0.1708333333333334 0.459375 0.19687500000000005 0.4703125 0.19687500000000005
3 0.47890625 0.17812500000000006 0.47265625 0.17812500000000006 0.47265625 0.20000000000000007 0.47890625 0.20000000000000007
3 0.4875 0.1833333333333334 0.48125 0.1833333333333334 0.48125 0.2135416666666667 0.4875 0.2135416666666667
0 0.48046875 0.1989583333333334 0.4703125 0.1989583333333334 0.4703125 0.21562500000000007 0.48046875 0.21562500000000007
0 0.57109375 0.2572916666666668 0.56015625 0.2572916666666668 0.56015625 0.28750000000000014 0.57109375 0.28750000000000014
3 0.659375 0.3781250000000001 0.64921875 0.3781250000000001 0.64921875 0.43645833333333345 0.659375 0.43645833333333345
3 0.609375 0.3875000000000001 0.596875 0.3875000000000001 0.596875 0.4562500000000001 0.609375 0.4562500000000001
3 0.65 0.34583333333333344 0.63828125 0.34583333333333344 0.63828125 0.38437500000000013 0.65 0.38437500000000013
3 0.60703125 0.3291666666666668 0.596875 0.3291666666666668 0.596875 0.3666666666666668 0.60703125 0.3666666666666668
3 0.60625 0.36770833333333347 0.596875 0.36770833333333347 0.596875 0.3916666666666668 0.60625 0.3916666666666668
3 0.6359375 0.37708333333333344 0.628125 0.37708333333333344 0.628125 0.40000000000000013 0.6359375 0.40000000000000013
3 0.540625 0.3875000000000001 0.52890625 0.3875000000000001 0.52890625 0.44375000000000014 0.540625 0.44375000000000014
3 0.55546875 0.3645833333333334 0.54453125 0.3645833333333334 0.54453125 0.4031250000000001 0.55546875 0.4031250000000001
3 0.5484375 0.3718750000000001 0.5328125 0.3718750000000001 0.5328125 0.4250000000000001 0.5484375 0.4250000000000001
3 0.47734375 0.10937500000000008 0.4703125 0.10937500000000008 0.4703125 0.14062500000000006 0.47734375 0.14062500000000006
3 0.48515625 0.11145833333333342 0.48125 0.11145833333333342 0.48125 0.12395833333333342 0.48515625 0.12395833333333342
3 0.48828125 0.12291666666666676 0.484375 0.12291666666666676 0.484375 0.1395833333333334 0.48828125 0.1395833333333334
3 0.48671875 0.11458333333333343 0.4828125 0.11458333333333343 0.4828125 0.13020833333333343 0.48671875 0.13020833333333343
3 0.4953125 0.10000000000000009 0.4890625 0.10000000000000009 0.4890625 0.11875000000000009 0.4953125 0.11875000000000009
3 0.490625 0.10833333333333342 0.4875 0.10833333333333342 0.4875 0.12083333333333342 0.490625 0.12083333333333342
0 0.496875 0.11145833333333342 0.49140625 0.11145833333333342 0.49140625 0.12291666666666676 0.496875 0.12291666666666676
3 0.5265625 0.20104166666666673 0.51796875 0.20104166666666673 0.51796875 0.2333333333333334 0.5265625 0.2333333333333334
3 0.525 0.31458333333333344 0.5140625 0.31458333333333344 0.5140625 0.3760416666666668 0.525 0.3760416666666668
3 0.5359375 0.33958333333333346 0.528125 0.33958333333333346 0.528125 0.3822916666666668 0.5359375 0.3822916666666668
3 0.50703125 0.2791666666666668 0.5 0.2791666666666668 0.5 0.32083333333333347 0.50703125 0.32083333333333347
3 0.5140625 0.2645833333333334 0.50625 0.2645833333333334 0.50625 0.30104166666666676 0.5140625 0.30104166666666676
3 0.621875 0.3625000000000001 0.61015625 0.3625000000000001 0.61015625 0.40833333333333344 0.621875 0.40833333333333344
3 0.6328125 0.3489583333333334 0.62265625 0.3489583333333334 0.62265625 0.38437500000000013 0.6328125 0.38437500000000013
3 0.621875 0.3406250000000001 0.61328125 0.3406250000000001 0.61328125 0.3697916666666668 0.621875 0.3697916666666668
3 0.62890625 0.3260416666666668 0.61953125 0.3260416666666668 0.61953125 0.3604166666666668 0.62890625 0.3604166666666668
3 0.62109375 0.2968750000000001 0.61015625 0.2968750000000001 0.61015625 0.3489583333333334 0.62109375 0.3489583333333334
3 0.571875 0.30520833333333347 0.56328125 0.30520833333333347 0.56328125 0.33958333333333346 0.571875 0.33958333333333346
3 0.58515625 0.3093750000000001 0.575 0.3093750000000001 0.575 0.3447916666666668 0.58515625 0.3447916666666668
3 0.59609375 0.2812500000000001 0.58828125 0.2812500000000001 0.58828125 0.32083333333333347 0.59609375 0.32083333333333347
3 0.60703125 0.3072916666666668 0.6 0.3072916666666668 0.6 0.3447916666666668 0.60703125 0.3447916666666668
3 0.609375 0.2822916666666668 0.60078125 0.2822916666666668 0.60078125 0.3156250000000001 0.609375 0.3156250000000001
3 0.5125 0.17395833333333338 0.50703125 0.17395833333333338 0.50703125 0.20000000000000007 0.5125 0.20000000000000007
3 0.51796875 0.16250000000000006 0.51171875 0.16250000000000006 0.51171875 0.18541666666666673 0.51796875 0.18541666666666673
3 0.58359375 0.24687500000000012 0.5765625 0.24687500000000012 0.5765625 0.2843750000000001 0.58359375 0.2843750000000001
3 0.58671875 0.27500000000000013 0.58125 0.27500000000000013 0.58125 0.3104166666666668 0.58671875 0.3104166666666668
3 0.57890625 0.28020833333333345 0.57109375 0.28020833333333345 0.57109375 0.3072916666666668 0.57890625 0.3072916666666668
3 0.57578125 0.23645833333333346 0.57109375 0.23645833333333346 0.57109375 0.2656250000000001 0.57578125 0.2656250000000001
3 0.571875 0.2291666666666668 0.56484375 0.2291666666666668 0.56484375 0.25416666666666676 0.571875 0.25416666666666676
3 0.56640625 0.24166666666666678 0.559375 0.24166666666666678 0.559375 0.25937500000000013 0.56640625 0.25937500000000013
3 0.58125 0.23541666666666677 0.57734375 0.23541666666666677 0.57734375 0.2531250000000001 0.58125 0.2531250000000001
3 0.578125 0.22604166666666678 0.571875 0.22604166666666678 0.571875 0.24062500000000012 0.578125 0.24062500000000012
3 0.56484375 0.22500000000000012 0.56015625 0.22500000000000012 0.56015625 0.24583333333333346 0.56484375 0.24583333333333346
3 0.5609375 0.21458333333333346 0.55546875 0.21458333333333346 0.55546875 0.23645833333333346 0.5609375 0.23645833333333346
3 0.5515625 0.2135416666666668 0.54609375 0.2135416666666668 0.54609375 0.23229166666666679 0.5515625 0.23229166666666679
3 0.50625 0.17187500000000006 0.50078125 0.17187500000000006 0.50078125 0.1927083333333334 0.50625 0.1927083333333334
3 0.509375 0.16041666666666674 0.50546875 0.16041666666666674 0.50546875 0.1770833333333334 0.509375 0.1770833333333334
3 0.50390625 0.15416666666666673 0.4984375 0.15416666666666673 0.4984375 0.17500000000000007 0.50390625 0.17500000000000007
0 0.4703125 0.13020833333333343 0.46015625 0.13020833333333343 0.46015625 0.14479166666666674 0.4703125 0.14479166666666674
2 0.48046875 0.09375000000000008 0.4703125 0.09375000000000008 0.4703125 0.1218750000000001 0.48046875 0.1218750000000001
3 0.48984375 0.14062500000000006 0.48515625 0.14062500000000006 0.48515625 0.15937500000000007 0.48984375 0.15937500000000007
0 0.50078125 0.1218750000000001 0.49140625 0.1218750000000001 0.49140625 0.14062500000000006 0.50078125 0.14062500000000006
0 0.49921875 0.13854166666666673 0.49140625 0.13854166666666673 0.49140625 0.1552083333333334 0.49921875 0.1552083333333334
3 0.5046875 0.14062500000000006 0.50078125 0.14062500000000006 0.50078125 0.15625000000000006 0.5046875 0.15625000000000006
3 0.52421875 0.16041666666666674 0.5203125 0.16041666666666674 0.5203125 0.18125000000000005 0.52421875 0.18125000000000005
3 0.5046875 0.24375000000000005 0.496875 0.24375000000000005 0.496875 0.27187500000000014 0.5046875 0.27187500000000014
3 0.51015625 0.12916666666666676 0.50625 0.12916666666666676 0.50625 0.1520833333333334 0.51015625 0.1520833333333334
3 0.51640625 0.1354166666666667 0.5109375 0.1354166666666667 0.5109375 0.15937500000000007 0.51640625 0.15937500000000007
3 0.5 0.10104166666666675 0.49609375 0.10104166666666675 0.49609375 0.11979166666666675 0.5 0.11979166666666675
3 0.509375 0.11666666666666675 0.503125 0.11666666666666675 0.503125 0.13854166666666673 0.509375 0.13854166666666673