3 0.044531250000000085 0.8833333333333333 0.00625000000000008 0.8833333333333333 0.006250000000000086 1 0.04453125000000009 1
3 0.09687500000000009 0.9041666666666667 0.05234375000000009 0.9041666666666667 0.05234375000000009 1 0.09687500000000009 1
3 0.032812500000000085 0.8270833333333333 7.596637175960925e-17 0.8270833333333333 8.194609245857094e-17 0.9572916666666667 0.03281250000000009 0.9572916666666667
3 0.08515625000000007 0.8104166666666667 0.049218750000000075 0.8104166666666667 0.04921875000000008 0.9385416666666667 0.08515625000000009 0.9385416666666667
3 0.06484375000000007 0.76875 0.036718750000000064 0.76875 0.03671875000000007 0.8916666666666667 0.06484375000000009 0.8916666666666667
3 0.1257812500000001 0.8041666666666667 0.09843750000000007 0.8041666666666667 0.09843750000000008 0.9510416666666667 0.1257812500000001 0.9510416666666667
3 0.1531250000000001 0.7260416666666667 0.12421875000000009 0.7260416666666667 0.12421875000000009 0.8604166666666667 0.1531250000000001 0.8604166666666667
3 0.11406250000000007 0.715625 0.08046875000000006 0.715625 0.08046875000000006 0.8427083333333333 0.1140625000000001 0.8427083333333333
3 0.08281250000000007 0.6802083333333333 0.046093750000000065 0.6802083333333333 0.04609375000000007 0.79375 0.08281250000000007 0.79375
3 0.12421875000000007 0.6635416666666667 0.09062500000000007 0.6635416666666667 0.09062500000000007 0.7635416666666667 0.12421875000000009 0.7635416666666667
3 0.18046875000000007 0.6635416666666667 0.14687500000000003 0.6635416666666667 0.14687500000000006 0.74375 0.1804687500000001 0.74375
3 0.15859375000000003 0.615625 0.13359375000000004 0.615625 0.13359375000000004 0.7104166666666667 0.15859375000000003 0.7104166666666667
3 0.18750000000000006 0.6145833333333334 0.16718750000000004 0.6145833333333334 0.16718750000000004 0.71875 0.18750000000000006 0.71875
3 0.19765625000000003 0.5760416666666667 0.18125000000000005 0.5760416666666667 0.18125000000000005 0.678125 0.19765625000000003 0.678125
3 0.16328125000000004 0.5625 0.14296875000000003 0.5625 0.14296875000000003 0.6583333333333333 0.16328125000000004 0.6583333333333333
3 0.14687500000000003 0.4875 0.12343750000000005 0.4875 0.12343750000000005 0.5822916666666667 0.14687500000000003 0.5822916666666667
3 0.19843750000000004 0.43125 0.17734375000000005 0.43125 0.17734375000000005 0.5072916666666667 0.19843750000000004 0.5072916666666667
3 0.40859375 0.5062500000000001 0.3843750000000001 0.5062500000000001 0.3843750000000001 0.6239583333333333 0.40859375 0.6239583333333333
3 0.42421875 0.39270833333333344 0.4078125 0.39270833333333344 0.4078125 0.4791666666666668 0.42421875 0.4791666666666668
3 0.3390625 0.409375 0.32265625 0.409375 0.32265625 0.4510416666666667 0.3390625 0.4510416666666667
3 0.35 0.38333333333333336 0.334375 0.38333333333333336 0.334375 0.44479166666666664 0.35 0.44479166666666664
3 0.36015625 0.36666666666666664 0.3421875 0.36666666666666664 0.3421875 0.4375 0.36015625 0.4375
3 0.3734375 0.3364583333333334 0.35703125 0.33645833333333336 0.35703125 0.4083333333333334 0.3734375 0.40833333333333344
3 0.234375 0.39166666666666666 0.2234375 0.39166666666666666 0.2234375 0.42604166666666665 0.234375 0.42604166666666665
3 0.26484375 0.39166666666666666 0.2546875 0.39166666666666666 0.2546875 0.43645833333333334 0.26484375 0.43645833333333334
3 0.2578125 0.375 0.240625 0.375 0.240625 0.41770833333333335 0.2578125 0.41770833333333335
3 0.2484375 0.353125 0.23515625 0.353125 0.23515625 0.39375 0.2484375 0.39375
3 0.2765625 0.365625 0.259375 0.365625 0.259375 0.42291666666666666 0.2765625 0.42291666666666666
3 0.265625 0.334375 0.25 0.334375 0.25 0.38229166666666664 0.265625 0.38229166666666664
3 0.27890625 0.3104166666666667 0.26484375 0.3104166666666667 0.26484375 0.36041666666666666 0.27890625 0.36041666666666666
3 0.2953125 0.35833333333333334 0.2859375 0.35833333333333334 0.2859375 0.39479166666666665 0.2953125 0.39479166666666665
3 0.31015625 0.3375 0.290625 0.3375 0.290625 0.38229166666666664 0.31015625 0.38229166666666664
3 0.30703125 0.30520833333333336 0.290625 0.30520833333333336 0.290625 0.35 0.30703125 0.35
3 0.28671875 0.28229166666666666 0.26640625 0.28229166666666666 0.26640625 0.3260416666666667 0.28671875 0.3260416666666667
3 0.4359375 0.2291666666666667 0.41875 0.2291666666666667 0.41875 0.2760416666666668 0.4359375 0.2760416666666668
3 0.39296875 0.22187500000000007 0.3828125 0.22187500000000007 0.3828125 0.2708333333333334 0.39296875 0.2708333333333334
3 0.4015625 0.2083333333333334 0.38984375 0.2083333333333334 0.38984375 0.2510416666666667 0.4015625 0.2510416666666667
3 0.39375 0.20729166666666674 0.384375 0.20729166666666674 0.384375 0.23645833333333338 0.39375 0.23645833333333338
3 0.33828125 0.23750000000000007 0.32890625 0.23750000000000007 0.32890625 0.26979166666666665 0.33828125 0.26979166666666665
3 0.33359375 0.20104166666666673 0.31796875 0.20104166666666673 0.31796875 0.22812500000000005 0.33359375 0.22812500000000005
3 0.34375 0.20104166666666673 0.33203125 0.20104166666666673 0.33203125 0.21875000000000006 0.34375 0.21875000000000006
3 0.34296875 0.18854166666666672 0.33203125 0.18854166666666672 0.33203125 0.20937500000000006 0.34296875 0.20937500000000006
3 0.3515625 0.17916666666666672 0.340625 0.17916666666666672 0.340625 0.21041666666666672 0.3515625 0.21041666666666672
3 0.3625 0.1666666666666667 0.3484375 0.1666666666666667 0.3484375 0.19062500000000007 0.3625 0.19062500000000007
3 0.40546875 0.16250000000000006 0.39609375 0.16250000000000006 0.39609375 0.1822916666666667 0.40546875 0.1822916666666667
3 0.35859375 0.22187500000000007 0.3484375 0.22187500000000007 0.3484375 0.2520833333333334 0.35859375 0.2520833333333334
3 0.42109375 0.0989583333333334 0.41328125 0.0989583333333334 0.41328125 0.12395833333333339 0.42109375 0.12395833333333339
3 0.38984375 0.10312500000000006 0.384375 0.10312500000000006 0.384375 0.11770833333333339 0.38984375 0.11770833333333339
3 0.415625 0.09479166666666673 0.40390625 0.09479166666666673 0.40390625 0.11562500000000006 0.415625 0.11562500000000006
3 0.41640625 0.08645833333333339 0.409375 0.08645833333333339 0.409375 0.0989583333333334 0.41640625 0.0989583333333334
3 0.38828125 0.07916666666666673 0.38046875 0.07916666666666673 0.38046875 0.09062500000000005 0.38828125 0.09062500000000005
3 0.3953125 0.07604166666666673 0.38515625 0.07604166666666673 0.38515625 0.09166666666666673 0.3953125 0.09166666666666673
0 0.2289062500000001 0.7291666666666666 0.11875000000000009 0.7291666666666666 0.11875000000000009 1 0.2289062500000001 1
0 0.2656250000000001 0.5239583333333333 0.2210937500000001 0.5239583333333333 0.2210937500000001 0.6697916666666667 0.2656250000000001 0.6697916666666667
0 0.24453125000000003 0.45625 0.16328125000000004 0.45625 0.16328125000000004 0.6104166666666667 0.2445312500000001 0.6104166666666667
0 0.30546875000000007 0.4354166666666667 0.25 0.4354166666666667 0.25000000000000006 0.534375 0.30546875000000007 0.534375
0 0.26953125000000006 0.4239583333333333 0.22109375 0.4239583333333333 0.22109375000000003 0.5125 0.2695312500000001 0.5125
0 0.3234375 0.38333333333333336 0.2640625 0.38333333333333336 0.2640625 0.44895833333333335 0.3234375 0.44895833333333335
0 0.35625 0.3302083333333333 0.30859375 0.3302083333333333 0.30859375 0.41354166666666664 0.35625 0.41354166666666664
0 0.39921875000000007 0.41354166666666675 0.35390625 0.41354166666666664 0.35390625000000003 0.54375 0.39921875000000007 0.54375
0 0.40859375 0.3552083333333334 0.36171875 0.35520833333333335 0.36171875 0.45000000000000007 0.40859375 0.4500000000000001
0 0.41796875 0.2812500000000001 0.384375 0.2812500000000001 0.384375 0.3593750000000001 0.41796875 0.3593750000000001
0 0.415625 0.26041666666666674 0.390625 0.26041666666666674 0.390625 0.29062500000000013 0.415625 0.29062500000000013
0 0.41796875 0.2395833333333334 0.39296875 0.2395833333333334 0.39296875 0.2708333333333334 0.41796875 0.2708333333333334
0 0.421875 0.21041666666666672 0.396875 0.21041666666666672 0.396875 0.24166666666666672 0.421875 0.24166666666666672
0 0.42265625 0.19479166666666672 0.4046875 0.19479166666666672 0.4046875 0.21666666666666673 0.42265625 0.21666666666666673
0 0.4234375 0.17916666666666672 0.4078125 0.17916666666666672 0.4078125 0.20312500000000006 0.4234375 0.20312500000000006
0 0.35 0.27395833333333336 0.31484375 0.27395833333333336 0.31484375 0.34479166666666666 0.35 0.34479166666666666
0 0.3671875 0.2489583333333334 0.34296875 0.2489583333333334 0.34296875 0.31041666666666673 0.3671875 0.3104166666666668
0 0.38203125 0.21979166666666672 0.36171875 0.21979166666666672 0.36171875 0.27916666666666673 0.38203125 0.2791666666666668
0 0.34765625 0.2177083333333334 0.32109375 0.2177083333333334 0.32109375 0.26041666666666674 0.34765625 0.26041666666666674
0 0.36328125 0.2020833333333334 0.33828125 0.2020833333333334 0.33828125 0.24687500000000007 0.36328125 0.24687500000000007
0 0.3703125 0.18854166666666672 0.3453125 0.18854166666666672 0.3453125 0.22187500000000007 0.3703125 0.22187500000000007
0 0.384375 0.1645833333333334 0.359375 0.1645833333333334 0.359375 0.2020833333333334 0.384375 0.2020833333333334
0 0.39296875 0.19479166666666672 0.36953125 0.19479166666666672 0.36953125 0.23437500000000006 0.39296875 0.23437500000000006
0 0.403125 0.1822916666666667 0.37890625 0.1822916666666667 0.37890625 0.2114583333333334 0.403125 0.2114583333333334
0 0.40546875 0.15625000000000006 0.38359375 0.15625000000000006 0.38359375 0.1927083333333334 0.40546875 0.1927083333333334
0 0.43046875 0.1614583333333334 0.40859375 0.1614583333333334 0.40859375 0.20312500000000006 0.43046875 0.20312500000000006
0 0.434375 0.15000000000000005 0.4125 0.15000000000000005 0.4125 0.18958333333333338 0.434375 0.18958333333333338
0 0.4375 0.13229166666666672 0.41328125 0.13229166666666672 0.41328125 0.16875000000000007 0.4375 0.16875000000000007
0 0.43515625 0.10208333333333339 0.415625 0.10208333333333339 0.415625 0.13854166666666673 0.43515625 0.13854166666666673
2 0.40625 0.0802083333333334 0.3875 0.0802083333333334 0.3875 0.1395833333333334 0.40625 0.1395833333333334
2 0.334375 0.20520833333333338 0.2859375 0.20520833333333338 0.2859375 0.3302083333333333 0.334375 0.3302083333333333
2 0.37812500000000004 0.44375000000000003 0.215625 0.44375 0.21562500000000004 1 0.3781250000000001 1