3 0.978125 0.9510416666666669 0.88671875 0.9510416666666669 0.88671875 1.0000000000000002 0.978125 1.0000000000000002
3 0.51875 0.18750000000000006 0.50546875 0.18750000000000006 0.50546875 0.23229166666666673 0.51875 0.23229166666666673
3 0.484375 0.14791666666666672 0.4734375 0.14791666666666672 0.4734375 0.17395833333333338 0.484375 0.17395833333333338
0 0.475 0.1614583333333334 0.45390625 0.1614583333333334 0.45390625 0.20000000000000007 0.475 0.20000000000000007
3 0.46953125 0.14270833333333338 0.46015625 0.14270833333333338 0.46015625 0.16250000000000006 0.46953125 0.16250000000000006
3 0.440625 0.10000000000000006 0.4296875 0.10000000000000006 0.4296875 0.12083333333333339 0.440625 0.12083333333333339
3 0.4421875 0.09062500000000005 0.43125 0.09062500000000005 0.43125 0.10729166666666673 0.4421875 0.10729166666666673
0 0.45546875 0.10729166666666674 0.44296875 0.10729166666666673 0.44296875 0.1302083333333334 0.45546875 0.13020833333333343
3 0.45078125 0.0958333333333334 0.44375 0.0958333333333334 0.44375 0.11041666666666673 0.45078125 0.11041666666666673
3 0.440625 0.07812500000000006 0.43125 0.07812500000000006 0.43125 0.09687500000000006 0.440625 0.09687500000000006
3 0.4640625 0.08958333333333342 0.45546875 0.08958333333333342 0.45546875 0.10937500000000008 0.4640625 0.10937500000000008
3 0.45390625 0.0864583333333334 0.44765625 0.08645833333333339 0.44765625 0.10000000000000007 0.45390625 0.10000000000000009
3 0.47421875 0.07187500000000009 0.46484375 0.07187500000000009 0.46484375 0.08541666666666675 0.47421875 0.08541666666666675
3 0.47421875 0.08125000000000009 0.465625 0.08125000000000009 0.465625 0.09583333333333342 0.47421875 0.09583333333333342
3 0.46796875 0.07812500000000008 0.46328125 0.07812500000000008 0.46328125 0.09479166666666676 0.46796875 0.09479166666666676
0 0.4765625 0.11562500000000009 0.45859375 0.11562500000000009 0.45859375 0.14270833333333338 0.4765625 0.14270833333333338
0 0.49375 0.11250000000000009 0.475 0.11250000000000009 0.475 0.1395833333333334 0.49375 0.1395833333333334
0 0.5140625 0.3229166666666668 0.4703125 0.3229166666666668 0.4703125 0.4031250000000001 0.5140625 0.4031250000000001