3 0.565625 0.8822916666666667 0.51328125 0.8822916666666667 0.5132812500000001 1 0.5656250000000002 1
3 0.53515625 0.7197916666666667 0.49453125 0.7197916666666667 0.49453125 0.8489583333333334 0.53515625 0.8489583333333334
3 0.56875 0.628125 0.53828125 0.628125 0.53828125 0.746875 0.56875 0.746875
3 0.5265625 0.5760416666666667 0.49296875 0.5760416666666667 0.49296875 0.675 0.5265625 0.675
3 0.728125 0.7864583333333335 0.6734375 0.7864583333333334 0.6734375 0.9541666666666668 0.728125 0.9541666666666669
3 0.78984375 0.7885416666666669 0.74375 0.7885416666666669 0.74375 0.9447916666666669 0.78984375 0.9447916666666669
3 0.77890625 0.6197916666666669 0.740625 0.6197916666666669 0.740625 0.7510416666666669 0.77890625 0.7510416666666669
3 0.7171875 0.6270833333333333 0.69140625 0.6270833333333333 0.69140625 0.740625 0.7171875 0.740625
3 0.73828125 0.5750000000000001 0.70859375 0.575 0.70859375 0.6802083333333334 0.73828125 0.6802083333333335
3 0.69296875 0.5552083333333333 0.671875 0.5552083333333333 0.671875 0.6552083333333333 0.69296875 0.6552083333333333
3 0.67109375 0.55625 0.646875 0.55625 0.646875 0.6520833333333333 0.67109375 0.6520833333333333
3 0.66328125 0.49375000000000013 0.6390625 0.49375000000000013 0.6390625 0.5770833333333333 0.66328125 0.5770833333333333
3 0.72265625 0.4979166666666668 0.69921875 0.4979166666666668 0.69921875 0.5822916666666667 0.72265625 0.5822916666666667
3 0.690625 0.5041666666666668 0.67109375 0.5041666666666668 0.67109375 0.5697916666666667 0.690625 0.5697916666666667
3 0.68984375 0.4760416666666668 0.67109375 0.4760416666666668 0.67109375 0.5250000000000001 0.68984375 0.5250000000000001
3 0.7 0.4531250000000001 0.68125 0.4531250000000001 0.68125 0.5291666666666668 0.7 0.5291666666666668
3 0.67265625 0.4041666666666668 0.65 0.4041666666666668 0.65 0.48645833333333344 0.67265625 0.48645833333333344
3 0.63671875 0.3802083333333334 0.61953125 0.3802083333333334 0.61953125 0.42812500000000014 0.63671875 0.42812500000000014
3 0.6046875 0.3760416666666668 0.58984375 0.3760416666666668 0.58984375 0.4250000000000001 0.6046875 0.4250000000000001
3 0.5875 0.3718750000000001 0.5640625 0.3718750000000001 0.5640625 0.4229166666666668 0.5875 0.4229166666666668
3 0.52109375 0.37395833333333345 0.49765625 0.37395833333333345 0.49765625 0.4229166666666668 0.52109375 0.4229166666666668
3 0.5078125 0.4447916666666668 0.48828125 0.4447916666666668 0.48828125 0.5083333333333334 0.5078125 0.5083333333333334
3 0.51875 0.41250000000000014 0.49921875 0.41250000000000014 0.49921875 0.46250000000000013 0.51875 0.46250000000000013
3 0.51875 0.2916666666666668 0.50546875 0.2916666666666668 0.50546875 0.3385416666666668 0.51875 0.3385416666666668
3 0.63671875 0.35000000000000014 0.61953125 0.35000000000000014 0.61953125 0.3937500000000001 0.63671875 0.3937500000000001
3 0.61484375 0.3468750000000001 0.5953125 0.3468750000000001 0.5953125 0.3958333333333334 0.61484375 0.3958333333333334
3 0.575 0.3260416666666668 0.5578125 0.3260416666666668 0.5578125 0.37916666666666676 0.575 0.37916666666666676
3 0.6109375 0.30520833333333347 0.59375 0.30520833333333347 0.59375 0.3562500000000001 0.6109375 0.3562500000000001
3 0.5859375 0.2937500000000001 0.57578125 0.2937500000000001 0.57578125 0.3385416666666668 0.5859375 0.3385416666666668
3 0.571875 0.2687500000000001 0.56015625 0.2687500000000001 0.56015625 0.3135416666666668 0.571875 0.3135416666666668
3 0.575 0.2437500000000001 0.56328125 0.2437500000000001 0.56328125 0.2822916666666668 0.575 0.2822916666666668
3 0.58359375 0.2708333333333334 0.56796875 0.2708333333333334 0.56796875 0.30833333333333346 0.58359375 0.30833333333333346
3 0.59609375 0.29583333333333345 0.584375 0.29583333333333345 0.584375 0.33437500000000014 0.59609375 0.33437500000000014
3 0.5609375 0.23958333333333345 0.54921875 0.23958333333333345 0.54921875 0.27395833333333347 0.5609375 0.27395833333333347
3 0.55703125 0.20000000000000012 0.5453125 0.20000000000000012 0.5453125 0.2291666666666668 0.55703125 0.2291666666666668
3 0.46875 0.21666666666666673 0.459375 0.21666666666666673 0.459375 0.25729166666666675 0.46875 0.25729166666666675
3 0.478125 0.20729166666666674 0.4671875 0.20729166666666674 0.4671875 0.2333333333333334 0.478125 0.2333333333333334
3 0.50703125 0.20937500000000006 0.4921875 0.20937500000000006 0.4921875 0.23750000000000007 0.50703125 0.23750000000000007
3 0.496875 0.19375000000000006 0.49140625 0.19375000000000006 0.49140625 0.21250000000000005 0.496875 0.21250000000000005
3 0.49140625 0.19166666666666674 0.484375 0.19166666666666674 0.484375 0.2083333333333334 0.49140625 0.2083333333333334
3 0.48125 0.19166666666666674 0.47421875 0.19166666666666674 0.47421875 0.20937500000000006 0.48125 0.20937500000000006
3 0.49296875 0.1770833333333334 0.48671875 0.1770833333333334 0.48671875 0.19166666666666674 0.49296875 0.19166666666666674
3 0.48515625 0.17395833333333338 0.48046875 0.17395833333333338 0.48046875 0.19062500000000007 0.48515625 0.19062500000000007
3 0.48203125 0.15937500000000007 0.47734375 0.15937500000000007 0.47734375 0.17395833333333338 0.48203125 0.17395833333333338
3 0.4765625 0.15729166666666672 0.46796875 0.15729166666666672 0.46796875 0.1708333333333334 0.4765625 0.1708333333333334
3 0.46875 0.15416666666666673 0.4625 0.15416666666666673 0.4625 0.1645833333333334 0.46875 0.1645833333333334
3 0.490625 0.15625000000000006 0.484375 0.15625000000000006 0.484375 0.1708333333333334 0.490625 0.1708333333333334
3 0.51015625 0.16250000000000006 0.5046875 0.16250000000000006 0.5046875 0.17916666666666672 0.51015625 0.17916666666666672
3 0.521875 0.16354166666666672 0.5171875 0.16354166666666672 0.5171875 0.1708333333333334 0.521875 0.1708333333333334
3 0.521875 0.15416666666666673 0.51875 0.15416666666666673 0.51875 0.16041666666666674 0.521875 0.16041666666666674
3 0.525 0.1395833333333334 0.51875 0.1395833333333334 0.51875 0.15416666666666673 0.525 0.15416666666666673
3 0.51796875 0.1333333333333334 0.51171875 0.1333333333333334 0.51171875 0.14479166666666674 0.51796875 0.14479166666666674
3 0.51328125 0.12500000000000008 0.5078125 0.12500000000000008 0.5078125 0.1354166666666667 0.51328125 0.1354166666666667
3 0.50390625 0.13020833333333343 0.5 0.13020833333333343 0.5 0.13854166666666673 0.50390625 0.13854166666666673
3 0.51015625 0.1354166666666667 0.50703125 0.1354166666666667 0.50703125 0.14375000000000007 0.51015625 0.14375000000000007
3 0.51484375 0.14687500000000006 0.51015625 0.14687500000000006 0.51015625 0.15625000000000006 0.51484375 0.15625000000000006
3 0.52109375 0.15312500000000007 0.5171875 0.15312500000000007 0.5171875 0.1645833333333334 0.52109375 0.1645833333333334
3 0.515625 0.15833333333333338 0.5109375 0.15833333333333338 0.5109375 0.1677083333333334 0.515625 0.1677083333333334
3 0.509375 0.14791666666666672 0.50390625 0.14791666666666672 0.50390625 0.1614583333333334 0.509375 0.1614583333333334
3 0.50390625 0.15729166666666672 0.49765625 0.15729166666666672 0.49765625 0.16562500000000005 0.50390625 0.16562500000000005
3 0.503125 0.1489583333333334 0.4953125 0.1489583333333334 0.4953125 0.15729166666666672 0.503125 0.15729166666666672
3 0.49921875 0.14270833333333338 0.49453125 0.14270833333333338 0.49453125 0.1510416666666667 0.49921875 0.1510416666666667
3 0.49921875 0.1333333333333334 0.49375 0.1333333333333334 0.49375 0.14166666666666672 0.49921875 0.14166666666666672
3 0.490625 0.1510416666666667 0.48671875 0.1510416666666667 0.48671875 0.15729166666666672 0.490625 0.15729166666666672
3 0.490625 0.15729166666666672 0.484375 0.15729166666666672 0.484375 0.1645833333333334 0.490625 0.1645833333333334
3 0.4859375 0.16875000000000007 0.48203125 0.16875000000000007 0.48203125 0.17604166666666674 0.4859375 0.17604166666666674
3 0.4828125 0.15000000000000005 0.478125 0.15000000000000005 0.478125 0.15937500000000007 0.4828125 0.15937500000000007
3 0.4765625 0.15000000000000005 0.47109375 0.15000000000000005 0.47109375 0.15729166666666672 0.4765625 0.15729166666666672
3 0.47734375 0.14166666666666672 0.47265625 0.14166666666666672 0.47265625 0.15000000000000005 0.47734375 0.15000000000000005
3 0.475 0.1333333333333334 0.46953125 0.1333333333333334 0.46953125 0.14062500000000006 0.475 0.14062500000000006
2 0.4921875 0.08854166666666675 0.46328125 0.08854166666666675 0.46328125 0.11770833333333343 0.4921875 0.11770833333333343
0 0.50625 0.09479166666666676 0.49765625 0.09479166666666676 0.49765625 0.10937500000000008 0.50625 0.10937500000000008
0 0.4984375 0.09895833333333343 0.490625 0.09895833333333343 0.490625 0.11666666666666675 0.4984375 0.11666666666666675
0 0.496875 0.1062500000000001 0.48671875 0.1062500000000001 0.48671875 0.12395833333333342 0.496875 0.12395833333333342
0 0.49609375 0.11458333333333343 0.48515625 0.11458333333333343 0.48515625 0.13020833333333343 0.49609375 0.13020833333333343
0 0.49140625 0.12395833333333342 0.4796875 0.12395833333333342 0.4796875 0.13437500000000005 0.49140625 0.13437500000000005
0 0.49453125 0.1333333333333334 0.48203125 0.1333333333333334 0.48203125 0.1520833333333334 0.49453125 0.1520833333333334
0 0.50859375 0.11354166666666675 0.49453125 0.11354166666666675 0.49453125 0.13229166666666675 0.50859375 0.13229166666666675
0 0.4734375 0.16354166666666672 0.45703125 0.16354166666666672 0.45703125 0.18750000000000006 0.4734375 0.18750000000000006
0 0.4765625 0.1833333333333334 0.4578125 0.1833333333333334 0.4578125 0.21666666666666673 0.4765625 0.21666666666666673
0 0.5046875 0.16979166666666673 0.49296875 0.16979166666666673 0.49296875 0.19479166666666672 0.5046875 0.19479166666666672
2 0.52265625 0.1833333333333334 0.496875 0.1833333333333334 0.496875 0.23750000000000007 0.52265625 0.23750000000000007
2 0.521875 0.16875000000000007 0.51171875 0.16875000000000007 0.51171875 0.18541666666666673 0.521875 0.18541666666666673
0 0.5375 0.18958333333333338 0.515625 0.18958333333333338 0.515625 0.2083333333333334 0.5375 0.2083333333333334
0 0.55 0.19791666666666677 0.525 0.1979166666666667 0.525 0.23854166666666676 0.55 0.2385416666666668
0 0.49921875 0.2510416666666667 0.46640625 0.2510416666666667 0.46640625 0.29583333333333345 0.49921875 0.29583333333333345
0 0.54765625 0.24166666666666675 0.515625 0.24166666666666672 0.515625 0.2947916666666668 0.54765625 0.2947916666666668
0 0.51015625 0.28750000000000014 0.46953125 0.28750000000000014 0.46953125 0.36354166666666676 0.51015625 0.36354166666666676
0 0.553125 0.28750000000000014 0.515625 0.28750000000000014 0.515625 0.3666666666666668 0.553125 0.3666666666666668
0 0.58359375 0.4062500000000001 0.53046875 0.4062500000000001 0.53046875 0.49375000000000013 0.58359375 0.49375000000000013
0 0.64375 0.4041666666666668 0.5890625 0.4041666666666668 0.5890625 0.5083333333333334 0.64375 0.5083333333333334
0 0.57421875 0.48020833333333346 0.5125 0.48020833333333346 0.5125 0.5979166666666667 0.57421875 0.5979166666666667
0 0.6703125 0.559375 0.5875 0.559375 0.5875 0.7395833333333334 0.6703125 0.7395833333333334
0 0.690625 0.8729166666666667 0.58828125 0.8729166666666667 0.5882812500000001 1 0.6906250000000002 1
0 0.85234375 0.9218750000000002 0.7390625 0.9218750000000002 0.7390625000000001 1.0000000000000002 0.85234375 1.0000000000000002
0 0.92578125 0.7354166666666669 0.79453125 0.7354166666666669 0.7945312500000001 0.9947916666666669 0.92578125 0.9947916666666669