3 0.21250000000000008 0.9447916666666667 0.17734375000000008 0.9447916666666667 0.17734375000000008 1 0.21250000000000008 1
3 0.032812500000000085 0.9041666666666667 8.304636106717989e-17 0.9041666666666667 8.74474355016157e-17 1 0.03281250000000009 1
3 0.03125000000000008 0.853125 7.835826003919392e-17 0.853125 8.208960575534602e-17 0.934375 0.03125000000000009 0.934375
3 0.09765625000000008 0.859375 0.04843750000000008 0.859375 0.048437500000000085 1 0.09765625000000008 1
3 0.07578125000000008 0.8364583333333333 0.042968750000000076 0.8364583333333333 0.04296875000000008 0.9572916666666667 0.07578125000000009 0.9572916666666667
3 0.06171875000000008 0.7802083333333333 0.027343750000000066 0.7802083333333333 0.027343750000000076 0.921875 0.061718750000000086 0.921875
3 0.12890625000000008 0.7510416666666667 0.10000000000000009 0.7510416666666667 0.10000000000000009 0.8760416666666667 0.12890625000000008 0.8760416666666667
3 0.1062500000000001 0.7291666666666666 0.07578125000000006 0.7291666666666666 0.07578125000000008 0.853125 0.1062500000000001 0.853125
3 0.08125000000000007 0.6916666666666667 0.046093750000000065 0.6916666666666667 0.04609375000000007 0.828125 0.08125000000000007 0.828125
3 0.16093750000000007 0.6770833333333334 0.12890625000000006 0.6770833333333334 0.12890625000000006 0.796875 0.1609375000000001 0.796875
3 0.12578125000000007 0.6708333333333333 0.10000000000000005 0.6708333333333333 0.10000000000000006 0.7572916666666667 0.1257812500000001 0.7572916666666667
3 0.11484375000000005 0.628125 0.07656250000000006 0.628125 0.07656250000000006 0.7239583333333334 0.11484375000000005 0.7239583333333334
3 0.17812500000000003 0.63125 0.14687500000000003 0.63125 0.14687500000000003 0.7177083333333333 0.17812500000000003 0.7177083333333333
3 0.14531250000000004 0.6197916666666666 0.11640625000000004 0.6197916666666666 0.11640625000000004 0.7 0.14531250000000004 0.7
3 0.20312500000000008 0.5947916666666667 0.18125000000000005 0.5947916666666667 0.18125000000000005 0.66875 0.20312500000000008 0.66875
3 0.18671875000000004 0.5677083333333334 0.16640625000000003 0.5677083333333334 0.16640625000000003 0.6739583333333333 0.18671875000000004 0.6739583333333333
3 0.16406250000000006 0.5739583333333333 0.13437500000000005 0.5739583333333333 0.13437500000000005 0.6458333333333334 0.16406250000000006 0.6458333333333334
3 0.2093750000000001 0.5364583333333334 0.18828125000000004 0.5364583333333334 0.18828125000000004 0.6104166666666667 0.2093750000000001 0.6104166666666667
3 0.23203125000000008 0.509375 0.2101562500000001 0.509375 0.2101562500000001 0.603125 0.23203125000000008 0.603125
3 0.2515625 0.47604166666666664 0.234375 0.47604166666666664 0.23437500000000006 0.5510416666666667 0.2515625000000001 0.5510416666666667
3 0.22968750000000004 0.4583333333333333 0.2171875 0.4583333333333333 0.21718750000000003 0.5166666666666667 0.2296875000000001 0.5166666666666667
3 0.21796875000000004 0.4427083333333333 0.20078125 0.4427083333333333 0.20078125000000005 0.5135416666666667 0.2179687500000001 0.5135416666666667
3 0.25781250000000006 0.440625 0.24296875 0.440625 0.24296875000000004 0.49583333333333335 0.2578125000000001 0.49583333333333335
3 0.24609375000000006 0.4239583333333333 0.22734375 0.4239583333333333 0.22734375000000004 0.5020833333333333 0.24609375000000008 0.5020833333333333
3 0.2296875 0.41770833333333335 0.2140625 0.41770833333333335 0.2140625 0.4666666666666667 0.2296875 0.4666666666666667
3 0.27734375000000006 0.41354166666666664 0.26328125 0.41354166666666664 0.26328125 0.48854166666666665 0.2773437500000001 0.48854166666666665
3 0.26171875 0.4083333333333333 0.24296875 0.4083333333333333 0.24296875 0.4583333333333333 0.26171875 0.4583333333333333
3 0.24140625 0.39791666666666664 0.22890625 0.39791666666666664 0.22890625 0.434375 0.24140625 0.434375
3 0.25703125 0.378125 0.2328125 0.378125 0.2328125 0.42083333333333334 0.25703125 0.42083333333333334
3 0.2859375 0.403125 0.26328125 0.403125 0.26328125 0.428125 0.2859375 0.428125
3 0.29296875 0.38125 0.26953125 0.38125 0.26953125 0.421875 0.29296875 0.421875
3 0.29453125 0.3625 0.2671875 0.3625 0.2671875 0.38958333333333334 0.29453125 0.38958333333333334
3 0.259375 0.359375 0.24140625 0.359375 0.24140625 0.409375 0.259375 0.409375
3 0.265625 0.34375 0.25078125 0.34375 0.25078125 0.39479166666666665 0.265625 0.39479166666666665
3 0.27265625 0.32708333333333334 0.26015625 0.32708333333333334 0.26015625 0.36354166666666665 0.27265625 0.36354166666666665
3 0.28125 0.30625 0.26796875 0.30625 0.26796875 0.340625 0.28125 0.340625
3 0.28828125 0.2916666666666667 0.27578125 0.2916666666666667 0.27578125 0.321875 0.28828125 0.321875
3 0.2953125 0.28020833333333334 0.28203125 0.28020833333333334 0.28203125 0.3072916666666667 0.2953125 0.3072916666666667
3 0.3015625 0.2677083333333333 0.29140625 0.2677083333333333 0.29140625 0.2947916666666667 0.3015625 0.2947916666666667
3 0.30703125 0.25520833333333337 0.29765625 0.25520833333333337 0.29765625 0.2864583333333333 0.30703125 0.2864583333333333
3 0.31171875 0.25000000000000006 0.3 0.25000000000000006 0.3 0.2833333333333333 0.31171875 0.2833333333333333
3 0.31328125 0.23541666666666672 0.3046875 0.23541666666666672 0.3046875 0.2708333333333333 0.31328125 0.2708333333333333
3 0.2468750000000001 0.8510416666666667 0.20703125000000008 0.8510416666666667 0.20703125000000008 1 0.2468750000000001 1
3 0.2843750000000001 0.821875 0.2523437500000001 0.821875 0.2523437500000001 0.9697916666666667 0.2843750000000001 0.9697916666666667
3 0.2679687500000001 0.753125 0.2367187500000001 0.753125 0.2367187500000001 0.9177083333333333 0.2679687500000001 0.9177083333333333
3 0.2679687500000001 0.7083333333333334 0.23203125000000008 0.7083333333333334 0.23203125000000008 0.853125 0.2679687500000001 0.853125
3 0.36015625 0.35104166666666664 0.34609375 0.35104166666666664 0.34609375 0.409375 0.36015625 0.409375
3 0.34609375 0.34270833333333334 0.33046875 0.34270833333333334 0.33046875 0.4083333333333333 0.34609375 0.4083333333333333
3 0.33671875 0.334375 0.32578125 0.334375 0.32578125 0.36770833333333336 0.33671875 0.36770833333333336
3 0.365625 0.3291666666666667 0.34921875 0.32916666666666666 0.34921875 0.35625000000000007 0.365625 0.3562500000000001
3 0.3796875 0.31145833333333345 0.36796875 0.31145833333333345 0.36796875 0.35520833333333346 0.3796875 0.35520833333333346
3 0.39296875 0.2947916666666668 0.3796875 0.2947916666666668 0.3796875 0.3250000000000001 0.39296875 0.3250000000000001
3 0.38046875 0.27708333333333346 0.37265625 0.27708333333333346 0.37265625 0.30833333333333346 0.38046875 0.30833333333333346
3 0.37109375 0.29687500000000006 0.3625 0.296875 0.3625 0.3270833333333334 0.37109375 0.32708333333333345
3 0.38671875 0.25520833333333337 0.37265625 0.25520833333333337 0.37265625 0.2916666666666668 0.38671875 0.2916666666666668
3 0.38671875 0.2427083333333334 0.37890625 0.2427083333333334 0.37890625 0.2843750000000001 0.38671875 0.2843750000000001
3 0.38359375 0.23229166666666673 0.37578125 0.23229166666666673 0.37578125 0.26979166666666676 0.38359375 0.26979166666666676
3 0.37265625 0.23645833333333338 0.3578125 0.23645833333333338 0.3578125 0.27812500000000007 0.37265625 0.2781250000000001
3 0.39453125 0.23229166666666673 0.3859375 0.23229166666666673 0.3859375 0.26979166666666676 0.39453125 0.26979166666666676
3 0.3921875 0.2114583333333334 0.384375 0.2114583333333334 0.384375 0.24375000000000005 0.3921875 0.24375000000000005
3 0.39765625 0.20312500000000006 0.38828125 0.20312500000000006 0.38828125 0.2302083333333334 0.39765625 0.2302083333333334
3 0.40390625 0.18854166666666672 0.39609375 0.18854166666666672 0.39609375 0.21250000000000005 0.40390625 0.21250000000000005
3 0.44296875 0.17812500000000006 0.43359375 0.17812500000000006 0.43359375 0.22291666666666674 0.44296875 0.22291666666666674
3 0.44140625 0.15937500000000007 0.43203125 0.15937500000000007 0.43203125 0.19687500000000005 0.44140625 0.19687500000000005
3 0.41484375 0.13125000000000006 0.4078125 0.13125000000000006 0.4078125 0.1552083333333334 0.41484375 0.1552083333333334
3 0.4140625 0.1145833333333334 0.40546875 0.1145833333333334 0.40546875 0.1354166666666667 0.4140625 0.1354166666666667
3 0.40859375 0.10729166666666673 0.4015625 0.10729166666666673 0.4015625 0.12291666666666673 0.40859375 0.12291666666666673
3 0.396875 0.10833333333333339 0.38984375 0.10833333333333339 0.38984375 0.12708333333333338 0.396875 0.12708333333333338
3 0.396875 0.09687500000000006 0.39140625 0.09687500000000006 0.39140625 0.1114583333333334 0.396875 0.1114583333333334
3 0.3828125 0.10729166666666673 0.37578125 0.10729166666666673 0.37578125 0.12291666666666673 0.3828125 0.12291666666666673
0 0.3781250000000001 0.8197916666666667 0.2734375000000001 0.8197916666666667 0.2734375000000001 1 0.3781250000000001 1
0 0.2078125000000001 0.7739583333333333 0.07734375000000007 0.7739583333333333 0.07734375000000007 1 0.2078125000000001 1
0 0.2531250000000001 0.63125 0.15937500000000004 0.63125 0.15937500000000007 0.8135416666666667 0.2531250000000001 0.8135416666666667
0 0.2929687500000001 0.521875 0.2210937500000001 0.521875 0.2210937500000001 0.6666666666666666 0.2929687500000001 0.6666666666666666
0 0.33125000000000004 0.39791666666666664 0.27421875 0.39791666666666664 0.27421875000000007 0.5208333333333334 0.3312500000000001 0.5208333333333334
0 0.3328125 0.36041666666666666 0.2984375 0.36041666666666666 0.2984375 0.44895833333333335 0.3328125 0.44895833333333335
0 0.35390625 0.290625 0.321875 0.290625 0.321875 0.3625 0.35390625 0.3625
0 0.3140625 0.315625 0.271875 0.315625 0.271875 0.384375 0.3140625 0.384375
0 0.325 0.28020833333333334 0.29375 0.28020833333333334 0.29375 0.35104166666666664 0.325 0.35104166666666664
0 0.409375 0.3135416666666668 0.37109375 0.3135416666666668 0.37109375 0.4062500000000001 0.409375 0.4062500000000001
0 0.41640625 0.26979166666666676 0.38515625 0.26979166666666676 0.38515625 0.3135416666666668 0.41640625 0.3135416666666668
0 0.42109375 0.21979166666666672 0.39453125 0.21979166666666672 0.39453125 0.2760416666666668 0.42109375 0.2760416666666668
0 0.36328125 0.2614583333333334 0.34453125 0.2614583333333334 0.34453125 0.3114583333333334 0.36328125 0.31145833333333345
0 0.38046875 0.1989583333333334 0.3625 0.1989583333333334 0.3625 0.23854166666666674 0.38046875 0.23854166666666674
0 0.39140625 0.18958333333333338 0.37578125 0.18958333333333338 0.37578125 0.21041666666666672 0.39140625 0.21041666666666672
0 0.39921875 0.17395833333333338 0.38203125 0.17395833333333338 0.38203125 0.1927083333333334 0.39921875 0.1927083333333334
0 0.36484375 0.18958333333333338 0.34453125 0.18958333333333338 0.34453125 0.2239583333333334 0.36484375 0.2239583333333334
0 0.43359375 0.1489583333333334 0.41171875 0.1489583333333334 0.41171875 0.16354166666666672 0.43359375 0.16354166666666672
0 0.4328125 0.1354166666666667 0.41875 0.1354166666666667 0.41875 0.15000000000000005 0.4328125 0.15000000000000005
0 0.43359375 0.11979166666666673 0.41953125 0.11979166666666673 0.41953125 0.13854166666666673 0.43359375 0.13854166666666673
0 0.43359375 0.1114583333333334 0.42109375 0.1114583333333334 0.42109375 0.12812500000000007 0.43359375 0.12812500000000007
0 0.42734375 0.08645833333333339 0.415625 0.08645833333333339 0.415625 0.11354166666666672 0.42734375 0.11354166666666672
2 0.40078125 0.4385416666666667 0.275 0.43854166666666666 0.275 0.834375 0.40078125 0.834375
2 0.34140625 0.2145833333333334 0.31796875 0.2145833333333334 0.31796875 0.2593750000000001 0.34140625 0.2593750000000001
2 0.38125 0.1552083333333334 0.35625 0.1552083333333334 0.35625 0.20312500000000006 0.38125 0.20312500000000006
2 0.409375 0.12708333333333338 0.3765625 0.12708333333333338 0.3765625 0.17812500000000006 0.409375 0.17812500000000006
0 0.4140625 0.08229166666666672 0.40078125 0.08229166666666672 0.40078125 0.11250000000000006 0.4140625 0.11250000000000006
1 0.434375 0.15937500000000007 0.40078125 0.15937500000000007 0.40078125 0.2447916666666667 0.434375 0.2447916666666667