3 0.88828125 0.9583333333333336 0.85078125 0.9583333333333336 0.85078125 1.0000000000000002 0.88828125 1.0000000000000002
3 0.5125 0.7489583333333333 0.475 0.7489583333333333 0.475 0.9052083333333333 0.5125 0.9052083333333333
3 0.51875 0.9572916666666667 0.47890625 0.9572916666666667 0.4789062500000001 1 0.5187500000000002 1
3 0.4796875 0.5416666666666666 0.4546875 0.5416666666666666 0.4546875 0.6583333333333333 0.4796875 0.6583333333333333
3 0.47734375 0.48645833333333344 0.4578125 0.48645833333333344 0.4578125 0.5614583333333333 0.47734375 0.5614583333333333
3 0.46796875 0.43645833333333345 0.4515625 0.43645833333333345 0.4515625 0.5177083333333334 0.46796875 0.5177083333333334
3 0.5078125 0.41562500000000013 0.4875 0.41562500000000013 0.4875 0.43958333333333344 0.5078125 0.43958333333333344
3 0.51484375 0.3281250000000001 0.5 0.3281250000000001 0.5 0.38645833333333346 0.51484375 0.38645833333333346
3 0.5890625 0.32187500000000013 0.56953125 0.32187500000000013 0.56953125 0.38333333333333347 0.5890625 0.38333333333333347
3 0.58515625 0.28750000000000014 0.57109375 0.28750000000000014 0.57109375 0.33437500000000014 0.58515625 0.33437500000000014
3 0.51640625 0.3041666666666668 0.50234375 0.3041666666666668 0.50234375 0.3447916666666668 0.51640625 0.3447916666666668
3 0.48125 0.2645833333333334 0.4671875 0.2645833333333334 0.4671875 0.3125000000000001 0.48125 0.3125000000000001
3 0.4578125 0.23854166666666674 0.44453125 0.23854166666666674 0.44453125 0.2812500000000001 0.4578125 0.2812500000000001
3 0.56328125 0.25208333333333344 0.5484375 0.25208333333333344 0.5484375 0.29583333333333345 0.56328125 0.29583333333333345
3 0.48125 0.1364583333333334 0.47109375 0.1364583333333334 0.47109375 0.1645833333333334 0.48125 0.1645833333333334
3 0.4421875 0.14687500000000006 0.434375 0.14687500000000006 0.434375 0.1708333333333334 0.4421875 0.1708333333333334
3 0.45859375 0.15729166666666672 0.45 0.15729166666666672 0.45 0.18437500000000007 0.45859375 0.18437500000000007
3 0.45234375 0.1364583333333334 0.4453125 0.1364583333333334 0.4453125 0.16875000000000007 0.45234375 0.16875000000000007
3 0.45078125 0.10416666666666673 0.43984375 0.10416666666666673 0.43984375 0.12395833333333339 0.45078125 0.12395833333333339
3 0.46328125 0.10000000000000009 0.4578125 0.10000000000000009 0.4578125 0.12083333333333342 0.46328125 0.12083333333333342
3 0.47421875 0.09791666666666675 0.4640625 0.09791666666666675 0.4640625 0.11041666666666676 0.47421875 0.11041666666666676
3 0.45703125 0.0927083333333334 0.45234375 0.09270833333333339 0.45234375 0.10312500000000008 0.45703125 0.10312500000000009
3 0.45390625 0.0895833333333334 0.44609375 0.08958333333333339 0.44609375 0.10104166666666674 0.45390625 0.10104166666666675
0 0.6125 0.740625 0.51484375 0.740625 0.51484375 0.9708333333333333 0.6125000000000002 0.9708333333333333
0 0.57734375 0.590625 0.50703125 0.590625 0.50703125 0.7697916666666667 0.57734375 0.7697916666666667
0 0.6375 0.5062500000000001 0.57890625 0.5062500000000001 0.57890625 0.6791666666666667 0.6375 0.6791666666666667
0 0.5484375 0.4343750000000001 0.48359375 0.4343750000000001 0.48359375 0.6239583333333333 0.5484375 0.6239583333333333
0 0.59609375 0.3760416666666668 0.5375 0.3760416666666668 0.5375 0.49583333333333346 0.59609375 0.49583333333333346
0 0.64765625 0.36354166666666676 0.590625 0.36354166666666676 0.590625 0.4854166666666668 0.64765625 0.4854166666666668
0 0.4734375 0.1395833333333334 0.45625 0.1395833333333334 0.45625 0.18125000000000005 0.4734375 0.18125000000000005
0 0.453125 0.16250000000000006 0.4296875 0.16250000000000006 0.4296875 0.20312500000000006 0.453125 0.20312500000000006
0 0.4375 0.11770833333333339 0.425 0.11770833333333339 0.425 0.15312500000000007 0.4375 0.15312500000000007
0 0.47890625 0.1062500000000001 0.459375 0.1062500000000001 0.459375 0.14062500000000006 0.47890625 0.14062500000000006
1 0.5171875 0.17291666666666672 0.47421875 0.17291666666666672 0.47421875 0.27500000000000013 0.5171875 0.27500000000000013
2 0.8375 0.4895833333333334 0.62109375 0.4895833333333334 0.6210937500000001 1.0000000000000002 0.8375 1.0000000000000002