3 0.6507812500000001 0.9145833333333333 0.60625 0.9145833333333333 0.6062500000000001 1 0.6507812500000002 1
3 0.58515625 0.81875 0.54296875 0.81875 0.5429687500000001 0.9916666666666667 0.5851562500000002 0.9916666666666667
3 0.54609375 0.7041666666666667 0.5015625 0.7041666666666667 0.5015625 0.8583333333333333 0.54609375 0.8583333333333333
3 0.60703125 0.6885416666666667 0.565625 0.6885416666666667 0.565625 0.8041666666666667 0.60703125 0.8041666666666667
3 0.59921875 0.7739583333333333 0.56015625 0.7739583333333333 0.56015625 0.9052083333333333 0.59921875 0.9052083333333333
3 0.65 0.7322916666666667 0.6078125 0.7322916666666667 0.6078125 0.9020833333333333 0.65 0.9020833333333333
3 0.7140625 0.8854166666666666 0.66015625 0.8854166666666666 0.6601562500000001 1 0.7140625000000002 1
3 0.7828125000000001 0.8260416666666668 0.7234375 0.8260416666666667 0.7234375000000001 1.0000000000000002 0.7828125000000001 1.0000000000000002
3 0.8953125 0.9375000000000002 0.84921875 0.9375000000000002 0.84921875 1.0000000000000002 0.8953125 1.0000000000000002
3 0.97421875 0.9458333333333335 0.921875 0.9458333333333335 0.921875 1.0000000000000002 0.97421875 1.0000000000000002
3 0.81796875 0.7187500000000002 0.7796875 0.7187500000000002 0.7796875 0.8791666666666669 0.81796875 0.8791666666666669
3 0.8078125 0.6593750000000003 0.76640625 0.6593750000000003 0.76640625 0.7635416666666669 0.8078125 0.7635416666666669
3 0.746875 0.6416666666666668 0.71171875 0.6416666666666667 0.71171875 0.7750000000000001 0.746875 0.7750000000000002
3 0.7421875 0.5635416666666668 0.71484375 0.5635416666666667 0.71484375 0.6437500000000002 0.7421875 0.6437500000000003
3 0.6921875 0.5375 0.6625 0.5375 0.6625 0.6270833333333333 0.6921875 0.6270833333333333
3 0.71796875 0.4968750000000001 0.6953125 0.4968750000000001 0.6953125 0.5958333333333333 0.71796875 0.5958333333333333
3 0.68203125 0.4968750000000001 0.65390625 0.4968750000000001 0.65390625 0.56875 0.68203125 0.56875
3 0.6859375 0.4697916666666668 0.66015625 0.4697916666666668 0.66015625 0.5270833333333335 0.6859375 0.5270833333333335
3 0.7109375 0.4500000000000001 0.68125 0.4500000000000001 0.68125 0.5291666666666668 0.7109375 0.5291666666666668
3 0.65234375 0.44375000000000014 0.62109375 0.44375000000000014 0.62109375 0.5333333333333333 0.65234375 0.5333333333333333
3 0.6546875 0.4093750000000001 0.62734375 0.4093750000000001 0.62734375 0.4635416666666668 0.6546875 0.4635416666666668
3 0.66640625 0.38333333333333347 0.6421875 0.38333333333333347 0.6421875 0.4656250000000001 0.66640625 0.4656250000000001
3 0.56796875 0.4041666666666668 0.54609375 0.4041666666666668 0.54609375 0.48333333333333345 0.56796875 0.48333333333333345
3 0.56796875 0.36145833333333344 0.55 0.36145833333333344 0.55 0.4250000000000001 0.56796875 0.4250000000000001
3 0.5890625 0.3885416666666668 0.5703125 0.3885416666666668 0.5703125 0.44687500000000013 0.5890625 0.44687500000000013
3 0.615625 0.40000000000000013 0.59765625 0.40000000000000013 0.59765625 0.4697916666666668 0.615625 0.4697916666666668
3 0.6 0.3781250000000001 0.5890625 0.3781250000000001 0.5890625 0.44375000000000014 0.6 0.44375000000000014
3 0.61796875 0.3593750000000001 0.59921875 0.3593750000000001 0.59921875 0.4229166666666668 0.61796875 0.4229166666666668
3 0.62578125 0.3312500000000001 0.61015625 0.3312500000000001 0.61015625 0.3885416666666668 0.62578125 0.3885416666666668
3 0.546875 0.35208333333333347 0.53125 0.35208333333333347 0.53125 0.4197916666666668 0.546875 0.4197916666666668
3 0.53984375 0.31875000000000014 0.521875 0.31875000000000014 0.521875 0.3822916666666668 0.53984375 0.3822916666666668
3 0.590625 0.3447916666666668 0.575 0.3447916666666668 0.575 0.3916666666666668 0.590625 0.3916666666666668
3 0.59609375 0.33020833333333344 0.58515625 0.33020833333333344 0.58515625 0.38125000000000014 0.59609375 0.38125000000000014
3 0.6046875 0.31666666666666676 0.590625 0.31666666666666676 0.590625 0.37395833333333345 0.6046875 0.37395833333333345
3 0.58125 0.30833333333333346 0.5671875 0.30833333333333346 0.5671875 0.3729166666666668 0.58125 0.3729166666666668
3 0.5859375 0.28750000000000014 0.57265625 0.28750000000000014 0.57265625 0.3354166666666668 0.5859375 0.3354166666666668
3 0.56875 0.2635416666666668 0.55546875 0.2635416666666668 0.55546875 0.31145833333333345 0.56875 0.31145833333333345
3 0.58515625 0.25833333333333347 0.57109375 0.25833333333333347 0.57109375 0.28541666666666676 0.58515625 0.28541666666666676
3 0.59375 0.27187500000000014 0.584375 0.27187500000000014 0.584375 0.31145833333333345 0.59375 0.31145833333333345
3 0.58125 0.2343750000000001 0.56875 0.2343750000000001 0.56875 0.25833333333333347 0.58125 0.25833333333333347
3 0.55625 0.20937500000000012 0.54765625 0.20937500000000012 0.54765625 0.23541666666666677 0.55625 0.23541666666666677
3 0.53671875 0.2114583333333334 0.528125 0.2114583333333334 0.528125 0.24375000000000005 0.53671875 0.24375000000000005
3 0.54140625 0.1958333333333334 0.53203125 0.1958333333333334 0.53203125 0.21979166666666672 0.54140625 0.21979166666666672
3 0.53125 0.20000000000000007 0.521875 0.20000000000000007 0.521875 0.23125000000000007 0.53125 0.23125000000000007
3 0.5015625 0.22291666666666674 0.48828125 0.22291666666666674 0.48828125 0.2666666666666668 0.5015625 0.2666666666666668
3 0.553125 0.25729166666666675 0.5390625 0.25729166666666675 0.5390625 0.2812500000000001 0.553125 0.2812500000000001
3 0.5171875 0.18854166666666672 0.5078125 0.18854166666666672 0.5078125 0.20520833333333338 0.5171875 0.20520833333333338
3 0.5265625 0.18958333333333338 0.51796875 0.18958333333333338 0.51796875 0.21875000000000006 0.5265625 0.21875000000000006
3 0.525 0.1770833333333334 0.51640625 0.1770833333333334 0.51640625 0.20312500000000006 0.525 0.20312500000000006
3 0.525 0.13229166666666675 0.51875 0.13229166666666675 0.51875 0.1510416666666667 0.525 0.1510416666666667
3 0.5265625 0.1520833333333334 0.51796875 0.1520833333333334 0.51796875 0.17500000000000007 0.5265625 0.17500000000000007
3 0.5328125 0.14687500000000006 0.52421875 0.14687500000000006 0.52421875 0.1708333333333334 0.5328125 0.1708333333333334
3 0.51796875 0.14479166666666674 0.5109375 0.14479166666666674 0.5109375 0.15937500000000007 0.51796875 0.15937500000000007
3 0.5109375 0.14687500000000006 0.50390625 0.14687500000000006 0.50390625 0.17291666666666672 0.5109375 0.17291666666666672
3 0.5140625 0.1312500000000001 0.50625 0.1312500000000001 0.50625 0.14791666666666672 0.5140625 0.14791666666666672
3 0.50078125 0.1312500000000001 0.4921875 0.1312500000000001 0.4921875 0.14479166666666674 0.50078125 0.14479166666666674
0 0.5125 0.17812500000000006 0.4859375 0.17812500000000006 0.4859375 0.2177083333333334 0.5125 0.2177083333333334
0 0.834375 0.9812500000000003 0.7687500000000002 0.9812500000000003 0.7687500000000002 1.0000000000000002 0.834375 1.0000000000000002
0 0.70546875 0.571875 0.615625 0.571875 0.615625 0.765625 0.70546875 0.765625
0 0.565625 0.4447916666666668 0.503125 0.4447916666666668 0.503125 0.5989583333333334 0.565625 0.5989583333333334
0 0.62109375 0.4343750000000001 0.5640625 0.4343750000000001 0.5640625 0.5510416666666667 0.62109375 0.5510416666666667
0 0.534375 0.35833333333333345 0.484375 0.35833333333333345 0.484375 0.46770833333333345 0.534375 0.46770833333333345
0 0.56328125 0.27395833333333347 0.5265625 0.27395833333333347 0.5265625 0.3447916666666668 0.56328125 0.3447916666666668
0 0.5703125 0.22708333333333341 0.5390625 0.2270833333333334 0.5390625 0.27708333333333346 0.5703125 0.27708333333333346
0 0.53515625 0.21979166666666672 0.50859375 0.21979166666666672 0.50859375 0.2760416666666668 0.53515625 0.2760416666666668
0 0.52421875 0.20416666666666672 0.50078125 0.20416666666666672 0.50078125 0.2447916666666667 0.52421875 0.2447916666666667
0 0.48828125 0.19687500000000005 0.4578125 0.19687500000000005 0.4578125 0.2593750000000001 0.48828125 0.2593750000000001
0 0.50546875 0.16250000000000006 0.4859375 0.16250000000000006 0.4859375 0.18541666666666673 0.50546875 0.18541666666666673
0 0.5046875 0.1510416666666667 0.48828125 0.1510416666666667 0.48828125 0.16979166666666673 0.5046875 0.16979166666666673
0 0.4984375 0.14062500000000006 0.484375 0.14062500000000006 0.484375 0.16041666666666674 0.4984375 0.16041666666666674
0 0.496875 0.13750000000000007 0.4828125 0.13750000000000007 0.4828125 0.1510416666666667 0.496875 0.1510416666666667
0 0.525 0.1552083333333334 0.50625 0.1552083333333334 0.50625 0.1802083333333334 0.525 0.1802083333333334
0 0.51015625 0.1364583333333334 0.496875 0.1364583333333334 0.496875 0.15625000000000006 0.51015625 0.15625000000000006
0 0.4875 0.11875000000000009 0.47734375 0.11875000000000009 0.47734375 0.14062500000000006 0.4875 0.14062500000000006
0 0.5109375 0.11354166666666675 0.49453125 0.11354166666666675 0.49453125 0.13229166666666675 0.5109375 0.13229166666666675
0 0.4703125 0.11875000000000009 0.459375 0.11875000000000009 0.459375 0.1281250000000001 0.4703125 0.1281250000000001
0 0.47578125 0.12500000000000008 0.4625 0.12500000000000008 0.4625 0.1364583333333334 0.47578125 0.1364583333333334
0 0.50234375 0.10520833333333342 0.4890625 0.10520833333333342 0.4890625 0.12083333333333342 0.50234375 0.12083333333333342
0 0.48515625 0.10833333333333342 0.475 0.10833333333333342 0.475 0.12291666666666676 0.48515625 0.12291666666666676
2 0.47265625 0.10208333333333343 0.45703125 0.10208333333333343 0.45703125 0.13020833333333343 0.47265625 0.13020833333333343
1 0.4875 0.1239583333333334 0.44921875 0.12395833333333339 0.44921875 0.21041666666666672 0.4875 0.21041666666666672
3 0.45625 0.15833333333333338 0.44921875 0.15833333333333338 0.44921875 0.18854166666666672 0.45625 0.18854166666666672
3 0.49609375 0.09791666666666675 0.49140625 0.09791666666666675 0.49140625 0.11354166666666675 0.49609375 0.11354166666666675
3 0.50390625 0.09375000000000008 0.4984375 0.09375000000000008 0.4984375 0.11041666666666676 0.50390625 0.11041666666666676
3 0.509375 0.09687500000000009 0.50390625 0.09687500000000009 0.50390625 0.11458333333333343 0.509375 0.11458333333333343
0 0.490625 0.09583333333333342 0.478125 0.09583333333333342 0.478125 0.11354166666666675 0.490625 0.11354166666666675
0 0.52734375 0.24791666666666673 0.4875 0.24791666666666673 0.4875 0.3135416666666668 0.52734375 0.3135416666666668