2 0.6843750000000001 0.8010416666666667 0.51875 0.8010416666666667 0.51875 1 0.6843750000000002 1
0 0.61171875 0.65 0.51953125 0.65 0.51953125 0.8395833333333333 0.61171875 0.8395833333333333
0 0.58515625 0.4822916666666668 0.5046875 0.4822916666666668 0.5046875 0.640625 0.58515625 0.640625
0 0.76328125 0.5177083333333334 0.6734375 0.5177083333333334 0.6734375 0.6729166666666668 0.76328125 0.6729166666666669
0 0.6453125 0.44687500000000013 0.5734375 0.44687500000000013 0.5734375 0.6260416666666667 0.6453125 0.6260416666666667
0 0.68359375 0.3729166666666668 0.603125 0.3729166666666668 0.603125 0.5000000000000001 0.68359375 0.5000000000000001
0 0.55234375 0.3750000000000001 0.4984375 0.3750000000000001 0.4984375 0.5010416666666668 0.55234375 0.5010416666666668
0 0.6046875 0.34583333333333344 0.553125 0.34583333333333344 0.553125 0.4447916666666668 0.6046875 0.4447916666666668
0 0.5234375 0.3093750000000001 0.48125 0.3093750000000001 0.48125 0.3937500000000001 0.5234375 0.3937500000000001
0 0.56953125 0.2583333333333334 0.5296875 0.2583333333333334 0.5296875 0.32708333333333345 0.56953125 0.32708333333333345
0 0.6046875 0.2656250000000001 0.57265625 0.2656250000000001 0.57265625 0.33645833333333347 0.6046875 0.33645833333333347
0 0.59765625 0.2500000000000001 0.55234375 0.2500000000000001 0.55234375 0.2885416666666668 0.59765625 0.2885416666666668
0 0.51875 0.2333333333333334 0.47109375 0.2333333333333334 0.47109375 0.30312500000000014 0.51875 0.30312500000000014
2 0.54609375 0.1843750000000001 0.5109375 0.18437500000000007 0.5109375 0.26979166666666676 0.54609375 0.26979166666666676
0 0.5703125 0.19166666666666676 0.53359375 0.19166666666666674 0.53359375 0.24895833333333342 0.5703125 0.24895833333333345
0 0.49375 0.21875000000000006 0.46171875 0.21875000000000006 0.46171875 0.25520833333333337 0.49375 0.25520833333333337
0 0.48671875 0.18541666666666673 0.453125 0.18541666666666673 0.453125 0.23437500000000006 0.48671875 0.23437500000000006
0 0.4890625 0.16354166666666672 0.4453125 0.16354166666666672 0.4453125 0.20625000000000007 0.4890625 0.20625000000000007
0 0.48125 0.1552083333333334 0.45625 0.1552083333333334 0.45625 0.19166666666666674 0.48125 0.19166666666666674
2 0.5203125 0.1510416666666667 0.48359375 0.1510416666666667 0.48359375 0.2239583333333334 0.5203125 0.2239583333333334
0 0.540625 0.15416666666666673 0.509375 0.15416666666666673 0.509375 0.1927083333333334 0.540625 0.1927083333333334
3 0.8359375 0.9072916666666669 0.75703125 0.9072916666666669 0.75703125 1.0000000000000002 0.8359375 1.0000000000000002
3 0.8984375 0.8500000000000002 0.8140625 0.8500000000000002 0.8140625 1.0000000000000002 0.8984375 1.0000000000000002
3 0.803125 0.7093750000000001 0.72421875 0.709375 0.72421875 0.8854166666666667 0.803125 0.8854166666666669
3 0.68359375 0.6364583333333333 0.60859375 0.6364583333333333 0.60859375 0.80625 0.68359375 0.80625
3 0.48359375 0.2489583333333334 0.45234375 0.2489583333333334 0.45234375 0.30520833333333347 0.48359375 0.30520833333333347
3 0.5921875 0.23541666666666677 0.5703125 0.23541666666666677 0.5703125 0.28750000000000014 0.5921875 0.28750000000000014
3 0.6015625 0.2500000000000001 0.5859375 0.2500000000000001 0.5859375 0.29062500000000013 0.6015625 0.29062500000000013
3 0.55859375 0.23229166666666676 0.54296875 0.23229166666666673 0.54296875 0.26770833333333344 0.55859375 0.26770833333333344
3 0.5625 0.20937500000000012 0.54609375 0.20937500000000012 0.54609375 0.2437500000000001 0.5625 0.2437500000000001
3 0.5765625 0.21041666666666678 0.55625 0.21041666666666678 0.55625 0.24895833333333345 0.5765625 0.24895833333333345
3 0.47890625 0.1333333333333334 0.4640625 0.1333333333333334 0.4640625 0.17395833333333338 0.47890625 0.17395833333333338
3 0.49296875 0.14166666666666672 0.4734375 0.14166666666666672 0.4734375 0.1864583333333334 0.49296875 0.1864583333333334
3 0.50234375 0.10104166666666675 0.48984375 0.10104166666666675 0.48984375 0.1333333333333334 0.50234375 0.1333333333333334
3 0.4984375 0.08020833333333342 0.48671875 0.08020833333333342 0.48671875 0.11458333333333343 0.4984375 0.11458333333333343
0 0.509375 0.08333333333333343 0.49765625 0.08333333333333343 0.49765625 0.10937500000000008 0.509375 0.10937500000000008