3 0.8875 0.7677083333333335 0.79296875 0.7677083333333335 0.79296875 0.9343750000000003 0.8875 0.9343750000000003
3 0.80078125 0.7875000000000002 0.7484375 0.7875000000000002 0.7484375 0.9187500000000003 0.80078125 0.9187500000000003
3 0.7546875000000001 0.8989583333333334 0.7171875 0.8989583333333333 0.7171875000000001 1.0000000000000002 0.7546875000000002 1.0000000000000002
3 0.71015625 0.9520833333333333 0.68125 0.9520833333333333 0.6812500000000001 1 0.7101562500000002 1
3 0.6734375 0.8 0.6359375 0.8 0.6359375 0.9489583333333333 0.6734375 0.9489583333333333
3 0.665625 0.6864583333333333 0.63359375 0.6864583333333333 0.63359375 0.7958333333333333 0.665625 0.7958333333333333
3 0.74765625 0.6822916666666667 0.71328125 0.6822916666666666 0.71328125 0.8218750000000001 0.74765625 0.8218750000000002
3 0.78046875 0.6270833333333335 0.7421875 0.6270833333333335 0.7421875 0.7427083333333335 0.78046875 0.7427083333333335
3 0.70546875 0.6302083333333334 0.6703125 0.6302083333333334 0.6703125 0.7385416666666667 0.70546875 0.7385416666666667
3 0.6375 0.61875 0.6078125 0.61875 0.6078125 0.7270833333333333 0.6375 0.7270833333333333
3 0.653125 0.5729166666666666 0.625 0.5729166666666666 0.625 0.665625 0.653125 0.665625
3 0.646875 0.5416666666666666 0.61640625 0.5416666666666666 0.61640625 0.6145833333333334 0.646875 0.6145833333333334
3 0.590625 0.5156250000000001 0.5578125 0.5156250000000001 0.5578125 0.6020833333333333 0.590625 0.6020833333333333
3 0.5546875 0.4875000000000001 0.5234375 0.4875000000000001 0.5234375 0.56875 0.5546875 0.56875
3 0.62890625 0.4479166666666668 0.60234375 0.4479166666666668 0.60234375 0.5364583333333334 0.62890625 0.5364583333333334
3 0.62890625 0.39479166666666676 0.6109375 0.39479166666666676 0.6109375 0.4583333333333334 0.62890625 0.4583333333333334
3 0.6515625 0.3718750000000001 0.62890625 0.3718750000000001 0.62890625 0.4270833333333334 0.6515625 0.4270833333333334
3 0.60625 0.33958333333333346 0.590625 0.33958333333333346 0.590625 0.38958333333333345 0.60625 0.38958333333333345
3 0.5953125 0.3093750000000001 0.58046875 0.3093750000000001 0.58046875 0.3468750000000001 0.5953125 0.3468750000000001
3 0.59921875 0.28333333333333344 0.584375 0.28333333333333344 0.584375 0.3197916666666668 0.59921875 0.3197916666666668
3 0.58515625 0.2635416666666668 0.57734375 0.2635416666666668 0.57734375 0.3072916666666668 0.58515625 0.3072916666666668
3 0.58125 0.24791666666666679 0.57265625 0.24791666666666679 0.57265625 0.28541666666666676 0.58125 0.28541666666666676
3 0.5234375 0.25520833333333337 0.5109375 0.25520833333333337 0.5109375 0.2968750000000001 0.5234375 0.2968750000000001
3 0.534375 0.36770833333333347 0.521875 0.36770833333333347 0.521875 0.41770833333333346 0.534375 0.41770833333333346
3 0.56328125 0.3229166666666668 0.55234375 0.3229166666666668 0.55234375 0.3572916666666668 0.56328125 0.3572916666666668
3 0.48125 0.26562500000000006 0.471875 0.26562500000000006 0.471875 0.3041666666666668 0.48125 0.3041666666666668
3 0.48671875 0.21666666666666673 0.48125 0.21666666666666673 0.48125 0.25520833333333337 0.48671875 0.25520833333333337
3 0.5328125 0.2114583333333334 0.52109375 0.2114583333333334 0.52109375 0.22187500000000007 0.5328125 0.22187500000000007
3 0.53125 0.18750000000000006 0.52265625 0.18750000000000006 0.52265625 0.21666666666666673 0.53125 0.21666666666666673
3 0.5203125 0.1645833333333334 0.5109375 0.1645833333333334 0.5109375 0.18958333333333338 0.5203125 0.18958333333333338
3 0.51796875 0.1510416666666667 0.50703125 0.1510416666666667 0.50703125 0.16875000000000007 0.51796875 0.16875000000000007
3 0.50859375 0.1489583333333334 0.5015625 0.1489583333333334 0.5015625 0.1708333333333334 0.50859375 0.1708333333333334
3 0.5125 0.1333333333333334 0.50625 0.1333333333333334 0.50625 0.1520833333333334 0.5125 0.1520833333333334
3 0.4578125 0.1333333333333334 0.45234375 0.1333333333333334 0.45234375 0.15833333333333338 0.4578125 0.15833333333333338
3 0.50390625 0.13020833333333343 0.49609375 0.13020833333333343 0.49609375 0.1489583333333334 0.50390625 0.1489583333333334
3 0.49296875 0.10416666666666675 0.48828125 0.10416666666666675 0.48828125 0.11666666666666675 0.49296875 0.11666666666666675
3 0.48671875 0.10520833333333342 0.47890625 0.10520833333333342 0.47890625 0.11666666666666675 0.48671875 0.11666666666666675
3 0.49765625 0.09895833333333343 0.490625 0.09895833333333343 0.490625 0.11875000000000009 0.49765625 0.11875000000000009
3 0.484375 0.11979166666666675 0.47421875 0.11979166666666675 0.47421875 0.1354166666666667 0.484375 0.1354166666666667
3 0.47578125 0.11145833333333342 0.46875 0.11145833333333342 0.46875 0.12604166666666675 0.47578125 0.12604166666666675
3 0.46640625 0.12083333333333342 0.4609375 0.12083333333333342 0.4609375 0.13020833333333343 0.46640625 0.13020833333333343
3 0.4953125 0.15000000000000005 0.49140625 0.15000000000000005 0.49140625 0.15937500000000007 0.4953125 0.15937500000000007
3 0.49375 0.12083333333333342 0.48828125 0.12083333333333342 0.48828125 0.1333333333333334 0.49375 0.1333333333333334
3 0.4875 0.11354166666666675 0.48125 0.11354166666666675 0.48125 0.13437500000000005 0.4875 0.13437500000000005
2 0.49296875 0.12500000000000008 0.45625 0.12500000000000008 0.45625 0.22187500000000007 0.49296875 0.22187500000000007
0 0.49609375 0.13020833333333343 0.48359375 0.13020833333333343 0.48359375 0.15312500000000007 0.49609375 0.15312500000000007
0 0.50546875 0.15833333333333338 0.49140625 0.15833333333333338 0.49140625 0.18854166666666672 0.50546875 0.18854166666666672
0 0.509375 0.1822916666666667 0.496875 0.1822916666666667 0.496875 0.2114583333333334 0.509375 0.2114583333333334
0 0.5234375 0.1864583333333334 0.50859375 0.1864583333333334 0.50859375 0.22500000000000006 0.5234375 0.22500000000000006
0 0.5359375 0.21250000000000005 0.5125 0.21250000000000005 0.5125 0.25520833333333337 0.5359375 0.25520833333333337
2 0.56953125 0.21875000000000008 0.52265625 0.21875000000000006 0.52265625 0.32708333333333345 0.56953125 0.32708333333333345
0 0.51484375 0.2666666666666668 0.484375 0.2666666666666668 0.484375 0.3333333333333334 0.51484375 0.3333333333333334
0 0.54140625 0.3072916666666668 0.49921875 0.3072916666666668 0.49921875 0.4072916666666668 0.54140625 0.4072916666666668
0 0.60390625 0.34791666666666676 0.553125 0.34791666666666676 0.553125 0.4385416666666668 0.60390625 0.4385416666666668
0 0.5328125 0.3760416666666668 0.48046875 0.3760416666666668 0.48046875 0.4791666666666668 0.5328125 0.4791666666666668
0 0.7140625 0.4541666666666668 0.64140625 0.4541666666666668 0.64140625 0.5854166666666667 0.7140625 0.5854166666666667
3 0.68125 0.4041666666666668 0.6578125 0.4041666666666668 0.6578125 0.4562500000000001 0.68125 0.4562500000000001
3 0.6625 0.4072916666666668 0.64375 0.4072916666666668 0.64375 0.46458333333333346 0.6625 0.46458333333333346
0 0.5828125 0.56875 0.50234375 0.56875 0.50234375 0.7614583333333333 0.5828125 0.7614583333333333