3 0.5093750000000001 0.8177083333333334 0.47109375 0.8177083333333334 0.4710937500000001 0.9802083333333333 0.5093750000000001 0.9802083333333333
3 0.515625 0.6989583333333333 0.47890625 0.6989583333333333 0.47890625 0.85625 0.515625 0.85625
0 0.4687500000000001 0.878125 0.3703125000000001 0.878125 0.3703125000000001 1 0.46875000000000017 1
0 0.47265625 0.7114583333333333 0.3789062500000001 0.7114583333333333 0.3789062500000001 0.884375 0.47265625 0.884375
0 0.490625 0.5510416666666667 0.41328125 0.5510416666666667 0.41328125 0.7385416666666667 0.490625 0.7385416666666667
2 0.51015625 0.36770833333333347 0.43984375 0.36770833333333347 0.43984375 0.5677083333333334 0.51015625 0.5677083333333334
0 0.40859375 0.46875000000000006 0.36015625 0.46875 0.36015625000000007 0.5677083333333334 0.40859375 0.5677083333333334
0 0.43125 0.4041666666666668 0.3796875 0.4041666666666668 0.37968750000000007 0.48854166666666676 0.43125 0.48854166666666676
0 0.509375 0.3333333333333334 0.471875 0.3333333333333334 0.471875 0.40000000000000013 0.509375 0.40000000000000013
0 0.51953125 0.3041666666666668 0.4765625 0.3041666666666668 0.4765625 0.38333333333333347 0.51953125 0.38333333333333347
0 0.51875 0.27187500000000014 0.4921875 0.27187500000000014 0.4921875 0.3281250000000001 0.51875 0.3281250000000001
0 0.5296875 0.24687500000000007 0.49375 0.24687500000000007 0.49375 0.29895833333333344 0.5296875 0.29895833333333344
0 0.53515625 0.21562500000000007 0.50625 0.21562500000000007 0.50625 0.2583333333333334 0.53515625 0.2583333333333334
0 0.50546875 0.20937500000000006 0.47578125 0.20937500000000006 0.47578125 0.26562500000000006 0.50546875 0.26562500000000006
0 0.53671875 0.1614583333333334 0.515625 0.1614583333333334 0.515625 0.21875000000000006 0.53671875 0.21875000000000006
0 0.54375 0.13229166666666675 0.52421875 0.13229166666666675 0.52421875 0.16562500000000005 0.54375 0.16562500000000005
2 0.54296875 0.09583333333333342 0.525 0.09583333333333342 0.525 0.1364583333333334 0.54296875 0.1364583333333334
0 0.51875 0.10520833333333342 0.50546875 0.10520833333333342 0.50546875 0.13020833333333343 0.51875 0.13020833333333343
0 0.51796875 0.1281250000000001 0.503125 0.1281250000000001 0.503125 0.15416666666666673 0.51796875 0.15416666666666673
3 0.50625 0.10520833333333342 0.5 0.10520833333333342 0.5 0.1270833333333334 0.50625 0.1270833333333334
3 0.49921875 0.10208333333333343 0.4921875 0.10208333333333343 0.4921875 0.12291666666666676 0.49921875 0.12291666666666676
3 0.525 0.12916666666666676 0.51796875 0.12916666666666676 0.51796875 0.15625000000000006 0.525 0.15625000000000006
3 0.49609375 0.1270833333333334 0.48828125 0.1270833333333334 0.48828125 0.15625000000000006 0.49609375 0.15625000000000006
3 0.5046875 0.1510416666666667 0.4953125 0.1510416666666667 0.4953125 0.1770833333333334 0.5046875 0.1770833333333334
3 0.48984375 0.15000000000000005 0.48125 0.15000000000000005 0.48125 0.17812500000000006 0.48984375 0.17812500000000006
3 0.48359375 0.17395833333333338 0.46796875 0.17395833333333338 0.46796875 0.21041666666666672 0.48359375 0.21041666666666672
3 0.46328125 0.19375000000000006 0.453125 0.19375000000000006 0.453125 0.22812500000000005 0.46328125 0.22812500000000005
3 0.53671875 0.24166666666666672 0.5234375 0.24166666666666672 0.5234375 0.2812500000000001 0.53671875 0.2812500000000001
3 0.490625 0.2666666666666668 0.4796875 0.2666666666666668 0.4796875 0.30520833333333347 0.490625 0.30520833333333347
3 0.48828125 0.28020833333333345 0.47421875 0.28020833333333345 0.47421875 0.32395833333333346 0.48828125 0.32395833333333346
0 0.46171875 0.2145833333333334 0.4375 0.2145833333333334 0.4375 0.2489583333333334 0.46171875 0.2489583333333334
2 0.47734375 0.2395833333333334 0.428125 0.2395833333333334 0.428125 0.3562500000000001 0.47734375 0.3562500000000001
3 0.4296875 0.26979166666666676 0.41640625 0.26979166666666676 0.41640625 0.3281250000000001 0.4296875 0.3281250000000001
3 0.41484375 0.30520833333333347 0.40234375 0.30520833333333347 0.40234375 0.3437500000000001 0.41484375 0.3437500000000001
3 0.40390625 0.2822916666666668 0.39375 0.2822916666666668 0.39375 0.3333333333333334 0.40390625 0.3333333333333334
3 0.38671875 0.3177083333333334 0.37734375 0.3177083333333334 0.37734375 0.33437500000000014 0.38671875 0.33437500000000014
0 0.4 0.32604166666666673 0.35703125 0.3260416666666667 0.35703125 0.40937500000000004 0.4 0.4093750000000001
0 0.43828125 0.3312500000000001 0.39765625 0.3312500000000001 0.39765625 0.40520833333333345 0.43828125 0.40520833333333345
3 0.43984375 0.38125000000000014 0.4203125 0.38125000000000014 0.4203125 0.44583333333333347 0.43984375 0.44583333333333347
3 0.43359375 0.4968750000000001 0.41171875 0.4968750000000001 0.41171875 0.5614583333333333 0.43359375 0.5614583333333333
3 0.4296875 0.5322916666666668 0.41015625 0.5322916666666668 0.41015625 0.621875 0.4296875 0.621875
3 0.41171875 0.5541666666666667 0.3882812500000001 0.5541666666666667 0.3882812500000001 0.6708333333333333 0.41171875 0.6708333333333333
1 0.38593750000000004 0.47916666666666674 0.12968750000000004 0.4791666666666667 0.12968750000000007 1 0.3859375000000001 1
3 0.2804687500000001 0.5354166666666667 0.2367187500000001 0.5354166666666667 0.2367187500000001 0.6020833333333333 0.2804687500000001 0.6020833333333333
3 0.21250000000000008 0.615625 0.17500000000000004 0.615625 0.17500000000000004 0.71875 0.21250000000000008 0.71875
3 0.18906250000000008 0.675 0.14609375000000005 0.675 0.14609375000000008 0.7979166666666667 0.18906250000000008 0.7979166666666667
3 0.15781250000000008 0.765625 0.11640625000000009 0.765625 0.11640625000000009 0.896875 0.15781250000000008 0.896875
3 0.12421875000000009 0.84375 0.06953125000000007 0.84375 0.06953125000000007 0.95625 0.12421875000000009 0.95625
3 0.13281250000000008 0.9270833333333334 0.06953125000000009 0.9270833333333334 0.06953125000000009 1 0.13281250000000008 1
3 0.06015625000000009 0.94375 0.0023437500000000866 0.94375 0.0023437500000000893 1 0.06015625000000009 1