0 0.4015625 0.45833333333333337 0.34140625 0.4583333333333333 0.34140625 0.575 0.4015625 0.575
0 0.51484375 0.17500000000000007 0.49453125 0.17500000000000007 0.49453125 0.23645833333333338 0.51484375 0.23645833333333338
0 0.5046875 0.16562500000000005 0.47734375 0.16562500000000005 0.47734375 0.1989583333333334 0.5046875 0.1989583333333334
0 0.5453125 0.14791666666666675 0.525 0.14791666666666672 0.525 0.17708333333333343 0.5453125 0.17708333333333345
2 0.509375 0.33645833333333347 0.4375 0.33645833333333347 0.4375 0.5229166666666668 0.509375 0.5229166666666668
1 0.525 0.09166666666666676 0.50625 0.09166666666666676 0.50625 0.1333333333333334 0.525 0.1333333333333334
3 0.53359375 0.21041666666666672 0.51796875 0.21041666666666672 0.51796875 0.2510416666666667 0.53359375 0.2510416666666667
3 0.534375 0.1666666666666667 0.52578125 0.1666666666666667 0.52578125 0.19687500000000005 0.534375 0.19687500000000005
3 0.4890625 0.1489583333333334 0.475 0.1489583333333334 0.475 0.17500000000000007 0.4890625 0.17500000000000007
3 0.52734375 0.14166666666666672 0.515625 0.14166666666666672 0.515625 0.16562500000000005 0.52734375 0.16562500000000005
3 0.50859375 0.12916666666666676 0.5 0.12916666666666676 0.5 0.15416666666666673 0.50859375 0.15416666666666673
3 0.49765625 0.08229166666666675 0.4921875 0.08229166666666675 0.4921875 0.10729166666666676 0.49765625 0.10729166666666676