3 0.95859375 0.9354166666666669 0.9203125 0.9354166666666669 0.9203125 1.0000000000000002 0.95859375 1.0000000000000002
3 0.8953125 0.9395833333333335 0.85078125 0.9395833333333335 0.85078125 1.0000000000000002 0.8953125 1.0000000000000002
3 0.90703125 0.9052083333333336 0.8640625 0.9052083333333336 0.8640625 0.9937500000000002 0.90703125 0.9937500000000002
3 0.82734375 0.8927083333333335 0.78671875 0.8927083333333335 0.7867187500000001 1.0000000000000002 0.82734375 1.0000000000000002
3 0.6656250000000001 0.9229166666666667 0.61640625 0.9229166666666667 0.61640625 1 0.6656250000000001 1
3 0.67578125 0.815625 0.63828125 0.815625 0.63828125 0.93125 0.67578125 0.93125
3 0.65390625 0.7416666666666667 0.62578125 0.7416666666666667 0.62578125 0.840625 0.65390625 0.840625
3 0.76015625 0.7010416666666669 0.73515625 0.7010416666666669 0.73515625 0.8156250000000003 0.76015625 0.8156250000000003
3 0.8078125 0.6927083333333336 0.775 0.6927083333333336 0.775 0.8510416666666669 0.8078125 0.8510416666666669
3 0.84921875 0.7083333333333336 0.80703125 0.7083333333333336 0.80703125 0.8385416666666669 0.84921875 0.8385416666666669
3 0.76796875 0.8125000000000002 0.74453125 0.8125000000000002 0.74453125 0.9145833333333335 0.76796875 0.9145833333333335
3 0.796875 0.7708333333333336 0.7578125 0.7708333333333336 0.7578125 0.9000000000000002 0.796875 0.9000000000000002
3 0.84765625 0.8614583333333335 0.81015625 0.8614583333333335 0.81015625 0.9614583333333335 0.84765625 0.9614583333333335
0 0.73203125 0.6593750000000002 0.64140625 0.659375 0.64140625 0.8437500000000001 0.73203125 0.8437500000000002
3 0.7359375 0.6479166666666668 0.7078125 0.6479166666666667 0.7078125 0.7604166666666667 0.7359375 0.7604166666666669
3 0.63125 0.6708333333333333 0.60625 0.6708333333333333 0.60625 0.7770833333333333 0.63125 0.7770833333333333
3 0.625 0.6145833333333334 0.59921875 0.6145833333333334 0.59921875 0.7052083333333333 0.625 0.7052083333333333
3 0.603125 0.5666666666666667 0.57734375 0.5666666666666667 0.57734375 0.6510416666666666 0.603125 0.6510416666666666
3 0.71015625 0.6125 0.6921875 0.6125 0.6921875 0.6739583333333333 0.71015625 0.6739583333333333
3 0.69765625 0.5604166666666667 0.68046875 0.5604166666666667 0.68046875 0.625 0.69765625 0.625
0 0.68046875 0.5364583333333334 0.603125 0.5364583333333334 0.603125 0.66875 0.68046875 0.66875
3 0.68046875 0.5281250000000001 0.6546875 0.5281250000000001 0.6546875 0.5916666666666667 0.68046875 0.5916666666666667
0 0.790625 0.5447916666666668 0.70546875 0.5447916666666667 0.70546875 0.7093750000000001 0.790625 0.7093750000000002
3 0.73203125 0.5135416666666668 0.7109375 0.5135416666666668 0.7109375 0.5489583333333334 0.73203125 0.5489583333333335
3 0.70625 0.5041666666666668 0.6875 0.5041666666666668 0.6875 0.575 0.70625 0.575
3 0.6859375 0.5072916666666668 0.665625 0.5072916666666668 0.665625 0.5541666666666667 0.6859375 0.5541666666666667
3 0.67734375 0.4822916666666668 0.65546875 0.4822916666666668 0.65546875 0.5364583333333334 0.67734375 0.5364583333333334
3 0.69296875 0.4656250000000001 0.67734375 0.4656250000000001 0.67734375 0.5052083333333335 0.69296875 0.5052083333333335
3 0.571875 0.4229166666666668 0.55546875 0.4229166666666668 0.55546875 0.5062500000000001 0.571875 0.5062500000000001
3 0.56171875 0.41041666666666676 0.54765625 0.41041666666666676 0.54765625 0.4666666666666668 0.56171875 0.4666666666666668
3 0.58046875 0.4010416666666668 0.56015625 0.4010416666666668 0.56015625 0.45208333333333345 0.58046875 0.45208333333333345
0 0.68671875 0.4062500000000001 0.634375 0.4062500000000001 0.634375 0.4979166666666668 0.68671875 0.4979166666666668
3 0.66171875 0.37395833333333345 0.64609375 0.37395833333333345 0.64609375 0.40520833333333345 0.66171875 0.40520833333333345
3 0.63515625 0.36875000000000013 0.621875 0.36875000000000013 0.621875 0.4229166666666668 0.63515625 0.4229166666666668
0 0.6296875 0.37083333333333346 0.57890625 0.37083333333333346 0.57890625 0.48854166666666676 0.6296875 0.48854166666666676
3 0.60703125 0.35520833333333346 0.59765625 0.35520833333333346 0.59765625 0.3802083333333334 0.60703125 0.3802083333333334
3 0.62265625 0.35520833333333346 0.609375 0.35520833333333346 0.609375 0.3802083333333334 0.62265625 0.3802083333333334
3 0.6375 0.3510416666666668 0.625 0.3510416666666668 0.625 0.3875000000000001 0.6375 0.3875000000000001
3 0.63359375 0.3385416666666668 0.62265625 0.3385416666666668 0.62265625 0.3593750000000001 0.63359375 0.3593750000000001
3 0.6203125 0.33958333333333346 0.609375 0.33958333333333346 0.609375 0.3697916666666668 0.6203125 0.3697916666666668
3 0.6140625 0.3177083333333334 0.6046875 0.3177083333333334 0.6046875 0.3572916666666668 0.6140625 0.3572916666666668
3 0.6 0.3406250000000001 0.58828125 0.3406250000000001 0.58828125 0.37083333333333346 0.6 0.37083333333333346
0 0.58828125 0.33437500000000014 0.54453125 0.33437500000000014 0.54453125 0.3958333333333334 0.58828125 0.3958333333333334
3 0.58515625 0.3229166666666668 0.57578125 0.3229166666666668 0.57578125 0.35000000000000014 0.58515625 0.35000000000000014
3 0.5984375 0.3125000000000001 0.58671875 0.3125000000000001 0.58671875 0.33750000000000013 0.5984375 0.33750000000000013
3 0.60546875 0.2979166666666668 0.59453125 0.2979166666666668 0.59453125 0.33229166666666676 0.60546875 0.33229166666666676
3 0.61640625 0.28750000000000014 0.60703125 0.28750000000000014 0.60703125 0.3354166666666668 0.61640625 0.3354166666666668
3 0.62890625 0.3260416666666668 0.61875 0.3260416666666668 0.61875 0.3447916666666668 0.62890625 0.3447916666666668
0 0.58828125 0.28333333333333344 0.55390625 0.28333333333333344 0.55390625 0.3354166666666668 0.58828125 0.3354166666666668
3 0.5953125 0.2937500000000001 0.584375 0.2937500000000001 0.584375 0.3260416666666668 0.5953125 0.3260416666666668
3 0.59140625 0.2760416666666668 0.5828125 0.2760416666666668 0.5828125 0.2937500000000001 0.59140625 0.2937500000000001
3 0.596875 0.26145833333333346 0.58671875 0.26145833333333346 0.58671875 0.2885416666666668 0.596875 0.2885416666666668
3 0.60234375 0.27500000000000013 0.59296875 0.27500000000000013 0.59296875 0.29895833333333344 0.60234375 0.29895833333333344
3 0.58046875 0.38125000000000014 0.56875 0.38125000000000014 0.56875 0.41250000000000014 0.58046875 0.41250000000000014
3 0.56328125 0.38333333333333347 0.55 0.38333333333333347 0.55 0.4229166666666668 0.56328125 0.4229166666666668
3 0.5484375 0.36875000000000013 0.534375 0.36875000000000013 0.534375 0.4218750000000001 0.5484375 0.4218750000000001
3 0.5453125 0.3437500000000001 0.5328125 0.3437500000000001 0.5328125 0.3697916666666668 0.5453125 0.3697916666666668
0 0.4984375 0.29583333333333345 0.47578125 0.29583333333333345 0.47578125 0.36145833333333344 0.4984375 0.36145833333333344
0 0.53515625 0.31458333333333344 0.49296875 0.31458333333333344 0.49296875 0.4250000000000001 0.53515625 0.4250000000000001
3 0.509375 0.28750000000000014 0.5 0.28750000000000014 0.5 0.3104166666666668 0.509375 0.3104166666666668
3 0.5171875 0.2520833333333334 0.50625 0.2520833333333334 0.50625 0.2729166666666668 0.5171875 0.2729166666666668
3 0.4984375 0.23229166666666673 0.4890625 0.23229166666666673 0.4890625 0.2687500000000001 0.4984375 0.2687500000000001
3 0.490625 0.24687500000000007 0.4765625 0.24687500000000007 0.4765625 0.2760416666666668 0.490625 0.2760416666666668
3 0.4765625 0.2645833333333334 0.46640625 0.2645833333333334 0.46640625 0.30104166666666676 0.4765625 0.30104166666666676
3 0.50234375 0.26770833333333344 0.49453125 0.26770833333333344 0.49453125 0.29895833333333344 0.50234375 0.29895833333333344
3 0.48046875 0.2781250000000001 0.471875 0.2781250000000001 0.471875 0.33020833333333344 0.48046875 0.33020833333333344
3 0.48984375 0.27187500000000014 0.48125 0.27187500000000014 0.48125 0.29583333333333345 0.48984375 0.29583333333333345
3 0.5078125 0.21666666666666673 0.496875 0.21666666666666673 0.496875 0.2510416666666667 0.5078125 0.2510416666666667
3 0.5015625 0.18958333333333338 0.49296875 0.18958333333333338 0.49296875 0.2177083333333334 0.5015625 0.2177083333333334
3 0.5046875 0.20312500000000006 0.49296875 0.20312500000000006 0.49296875 0.22187500000000007 0.5046875 0.22187500000000007
3 0.50390625 0.16250000000000006 0.49765625 0.16250000000000006 0.49765625 0.19166666666666674 0.50390625 0.19166666666666674
3 0.4984375 0.1552083333333334 0.49140625 0.1552083333333334 0.49140625 0.18437500000000007 0.4984375 0.18437500000000007
3 0.5109375 0.14270833333333338 0.50390625 0.14270833333333338 0.50390625 0.1614583333333334 0.5109375 0.1614583333333334
0 0.51953125 0.17604166666666674 0.50546875 0.17604166666666674 0.50546875 0.20312500000000006 0.51953125 0.20312500000000006
3 0.5171875 0.16562500000000005 0.5109375 0.16562500000000005 0.5109375 0.17604166666666674 0.5171875 0.17604166666666674
0 0.534375 0.2135416666666667 0.51484375 0.2135416666666667 0.51484375 0.2541666666666667 0.534375 0.2541666666666667
3 0.52109375 0.18437500000000007 0.51328125 0.18437500000000007 0.51328125 0.21250000000000005 0.52109375 0.21250000000000005
3 0.528125 0.1708333333333334 0.5203125 0.1708333333333334 0.5203125 0.19479166666666672 0.528125 0.19479166666666672
3 0.5328125 0.17916666666666672 0.5265625 0.17916666666666672 0.5265625 0.20729166666666674 0.5328125 0.20729166666666674
3 0.54140625 0.20000000000000007 0.53359375 0.20000000000000007 0.53359375 0.2291666666666667 0.54140625 0.2291666666666667
3 0.58125 0.24270833333333344 0.57265625 0.24270833333333344 0.57265625 0.2666666666666668 0.58125 0.2666666666666668
0 0.5484375 0.28750000000000014 0.51484375 0.28750000000000014 0.51484375 0.3385416666666668 0.5484375 0.3385416666666668
0 0.53203125 0.2593750000000001 0.5125 0.2593750000000001 0.5125 0.3104166666666668 0.53203125 0.3104166666666668
0 0.5484375 0.2531250000000001 0.52890625 0.25312500000000004 0.52890625 0.29583333333333345 0.5484375 0.29583333333333345
3 0.5453125 0.2312500000000001 0.53828125 0.23125000000000007 0.53828125 0.25416666666666676 0.5453125 0.25416666666666676
3 0.54921875 0.2437500000000001 0.5484375 0.2437500000000001 0.5484375 0.2447916666666668 0.54921875 0.2447916666666668
3 0.559375 0.24062500000000012 0.55078125 0.24062500000000012 0.55078125 0.27500000000000013 0.559375 0.27500000000000013
3 0.55625 0.20625000000000013 0.546875 0.20625000000000013 0.546875 0.22604166666666678 0.55625 0.22604166666666678
3 0.56171875 0.22604166666666678 0.55546875 0.22604166666666678 0.55546875 0.24687500000000012 0.56171875 0.24687500000000012
0 0.48828125 0.13750000000000007 0.475 0.13750000000000007 0.475 0.15625000000000006 0.48828125 0.15625000000000006
0 0.4953125 0.12500000000000008 0.48515625 0.12500000000000008 0.48515625 0.14791666666666672 0.4953125 0.14791666666666672
3 0.50078125 0.1218750000000001 0.49375 0.1218750000000001 0.49375 0.14270833333333338 0.50078125 0.14270833333333338
3 0.50625 0.13020833333333343 0.5 0.13020833333333343 0.5 0.1489583333333334 0.50625 0.1489583333333334
3 0.51015625 0.12291666666666676 0.50234375 0.12291666666666676 0.50234375 0.1395833333333334 0.51015625 0.1395833333333334
3 0.50625 0.10937500000000008 0.5 0.10937500000000008 0.5 0.1270833333333334 0.50625 0.1270833333333334
3 0.4640625 0.14166666666666672 0.45625 0.14166666666666672 0.45625 0.1645833333333334 0.4640625 0.1645833333333334
3 0.471875 0.13750000000000007 0.46484375 0.13750000000000007 0.46484375 0.1510416666666667 0.471875 0.1510416666666667
3 0.47265625 0.14479166666666674 0.46796875 0.14479166666666674 0.46796875 0.16562500000000005 0.47265625 0.16562500000000005
0 0.48046875 0.10104166666666675 0.46953125 0.10104166666666675 0.46953125 0.11666666666666675 0.48046875 0.11666666666666675
0 0.48671875 0.09687500000000009 0.4796875 0.09687500000000009 0.4796875 0.11666666666666675 0.48671875 0.11666666666666675
3 0.484375 0.09375000000000008 0.48125 0.09375000000000008 0.48125 0.09895833333333343 0.484375 0.09895833333333343
0 0.49375 0.11562500000000009 0.48515625 0.11562500000000009 0.48515625 0.12500000000000008 0.49375 0.12500000000000008
0 0.4953125 0.10937500000000008 0.4875 0.10937500000000008 0.4875 0.11562500000000009 0.4953125 0.11562500000000009
3 0.49375 0.10000000000000009 0.48984375 0.10000000000000009 0.48984375 0.1062500000000001 0.49375 0.1062500000000001
0 0.50234375 0.09479166666666676 0.49375 0.09479166666666676 0.49375 0.10729166666666676 0.50234375 0.10729166666666676
0 0.5046875 0.08645833333333343 0.49453125 0.08645833333333343 0.49453125 0.10104166666666675 0.5046875 0.10104166666666675
0 0.4765625 0.16562500000000005 0.45625 0.16562500000000005 0.45625 0.20000000000000007 0.4765625 0.20000000000000007
0 0.509375 0.08750000000000009 0.503125 0.08750000000000009 0.503125 0.10312500000000009 0.509375 0.10312500000000009
0 0.4859375 0.2020833333333334 0.46875 0.2020833333333334 0.46875 0.24687500000000007 0.4859375 0.24687500000000007
0 0.540625 0.39895833333333347 0.49921875 0.39895833333333347 0.49921875 0.48854166666666676 0.540625 0.48854166666666676
3 0.50390625 0.5218750000000001 0.47109375 0.5218750000000001 0.47109375 0.6104166666666667 0.50390625 0.6104166666666667
0 0.559375 0.4541666666666668 0.509375 0.4541666666666668 0.509375 0.571875 0.559375 0.571875
0 0.58359375 0.5395833333333333 0.515625 0.5395833333333333 0.515625 0.7395833333333334 0.58359375 0.7395833333333334
0 0.6296875 0.45520833333333344 0.571875 0.45520833333333344 0.571875 0.5572916666666666 0.6296875 0.5572916666666666
0 0.6296875000000001 0.7447916666666666 0.5265625 0.7447916666666666 0.5265625 0.9770833333333333 0.6296875000000002 0.9770833333333333
0 0.7812500000000001 0.8958333333333335 0.684375 0.8958333333333334 0.6843750000000001 1.0000000000000002 0.7812500000000002 1.0000000000000002