0 0.6382812500000001 0.8166666666666667 0.51953125 0.8166666666666667 0.5195312500000001 1 0.6382812500000001 1
0 0.76640625 0.7239583333333335 0.6546875 0.7239583333333334 0.6546875 0.9395833333333334 0.76640625 0.9395833333333335
3 0.65625 0.65 0.6140625 0.65 0.6140625 0.8 0.65625 0.8
3 0.88125 0.8895833333333336 0.81953125 0.8895833333333336 0.81953125 1.0000000000000002 0.88125 1.0000000000000002
3 0.87734375 0.8000000000000003 0.8265625 0.8000000000000003 0.8265625 0.9656250000000003 0.87734375 0.9656250000000003
3 0.8625 0.7302083333333336 0.803125 0.7302083333333336 0.803125 0.8635416666666669 0.8625 0.8635416666666669
3 0.803125 0.7302083333333336 0.759375 0.7302083333333336 0.759375 0.8718750000000003 0.803125 0.8718750000000003
3 0.796875 0.6583333333333335 0.74921875 0.6583333333333335 0.74921875 0.7666666666666669 0.796875 0.7666666666666669
3 0.73125 0.5656250000000002 0.696875 0.565625 0.696875 0.7072916666666668 0.73125 0.7072916666666669
3 0.75859375 0.5489583333333335 0.72890625 0.5489583333333335 0.72890625 0.6583333333333335 0.75859375 0.6583333333333335
3 0.721875 0.4791666666666668 0.6921875 0.4791666666666668 0.6921875 0.56875 0.721875 0.56875
3 0.69375 0.4187500000000001 0.6671875 0.4187500000000001 0.6671875 0.4947916666666668 0.69375 0.4947916666666668
3 0.5046875 0.4354166666666668 0.48515625 0.4354166666666668 0.48515625 0.5281250000000001 0.5046875 0.5281250000000001
3 0.578125 0.46770833333333345 0.553125 0.46770833333333345 0.553125 0.5572916666666666 0.578125 0.5572916666666666
3 0.528125 0.4229166666666668 0.50703125 0.4229166666666668 0.50703125 0.5000000000000001 0.528125 0.5000000000000001
3 0.55 0.44166666666666676 0.53046875 0.44166666666666676 0.53046875 0.5156250000000001 0.55 0.5156250000000001
3 0.59375 0.43645833333333345 0.565625 0.43645833333333345 0.565625 0.5250000000000001 0.59375 0.5250000000000001
3 0.62265625 0.45937500000000014 0.60390625 0.45937500000000014 0.60390625 0.5135416666666668 0.62265625 0.5135416666666668
3 0.55859375 0.41250000000000014 0.534375 0.41250000000000014 0.534375 0.47291666666666676 0.55859375 0.47291666666666676
3 0.66015625 0.38958333333333345 0.63828125 0.38958333333333345 0.63828125 0.4375000000000001 0.66015625 0.4375000000000001
3 0.6328125 0.3604166666666668 0.615625 0.3604166666666668 0.615625 0.43333333333333346 0.6328125 0.43333333333333346
3 0.65 0.3572916666666668 0.6328125 0.3572916666666668 0.6328125 0.41250000000000014 0.65 0.41250000000000014
3 0.63671875 0.3229166666666668 0.61953125 0.3229166666666668 0.61953125 0.37916666666666676 0.63671875 0.37916666666666676
3 0.61875 0.3312500000000001 0.59921875 0.3312500000000001 0.59921875 0.3822916666666668 0.61875 0.3822916666666668
3 0.5375 0.31666666666666676 0.5171875 0.31666666666666676 0.5171875 0.3666666666666668 0.5375 0.3666666666666668
3 0.59921875 0.30833333333333346 0.58046875 0.30833333333333346 0.58046875 0.3541666666666668 0.59921875 0.3541666666666668
3 0.61640625 0.30104166666666676 0.59921875 0.30104166666666676 0.59921875 0.3416666666666668 0.61640625 0.3416666666666668
3 0.5359375 0.2916666666666668 0.51953125 0.2916666666666668 0.51953125 0.3260416666666668 0.5359375 0.3260416666666668
3 0.5875 0.28958333333333347 0.57421875 0.28958333333333347 0.57421875 0.33437500000000014 0.5875 0.33437500000000014
3 0.59609375 0.27395833333333347 0.58203125 0.27395833333333347 0.58203125 0.31458333333333344 0.59609375 0.31458333333333344
3 0.59296875 0.25833333333333347 0.5796875 0.25833333333333347 0.5796875 0.2864583333333334 0.59296875 0.2864583333333334
3 0.546875 0.2562500000000001 0.534375 0.25625000000000003 0.534375 0.30625000000000013 0.546875 0.30625000000000013
3 0.571875 0.2729166666666668 0.55859375 0.2729166666666668 0.55859375 0.30833333333333346 0.571875 0.30833333333333346
3 0.53203125 0.2583333333333334 0.51953125 0.2583333333333334 0.51953125 0.29583333333333345 0.53203125 0.29583333333333345
3 0.56875 0.25208333333333344 0.559375 0.25208333333333344 0.559375 0.2864583333333334 0.56875 0.2864583333333334
3 0.57890625 0.23750000000000013 0.565625 0.23750000000000013 0.565625 0.28333333333333344 0.57890625 0.28333333333333344
3 0.52265625 0.2447916666666667 0.509375 0.2447916666666667 0.509375 0.2916666666666668 0.52265625 0.2916666666666668
3 0.55859375 0.23541666666666677 0.5453125 0.23541666666666677 0.5453125 0.2843750000000001 0.55859375 0.2843750000000001
3 0.5609375 0.22187500000000013 0.55 0.22187500000000013 0.55 0.2531250000000001 0.5609375 0.2531250000000001
3 0.5265625 0.23645833333333338 0.51796875 0.23645833333333338 0.51796875 0.27187500000000014 0.5265625 0.27187500000000014
3 0.5296875 0.22187500000000007 0.5203125 0.22187500000000007 0.5203125 0.2541666666666667 0.5296875 0.2541666666666667
3 0.53984375 0.21562500000000007 0.5296875 0.21562500000000007 0.5296875 0.2520833333333334 0.53984375 0.2520833333333334
3 0.54765625 0.20208333333333342 0.5375 0.2020833333333334 0.5375 0.24166666666666675 0.54765625 0.24166666666666678
3 0.503125 0.1677083333333334 0.4921875 0.1677083333333334 0.4921875 0.20104166666666673 0.503125 0.20104166666666673
3 0.5296875 0.20625000000000007 0.5203125 0.20625000000000007 0.5203125 0.2333333333333334 0.5296875 0.2333333333333334
3 0.52421875 0.18541666666666673 0.51484375 0.18541666666666673 0.51484375 0.22083333333333338 0.52421875 0.22083333333333338
3 0.5203125 0.17187500000000006 0.5109375 0.17187500000000006 0.5109375 0.20104166666666673 0.5203125 0.20104166666666673
3 0.53046875 0.17291666666666672 0.5203125 0.17291666666666672 0.5203125 0.20312500000000006 0.53046875 0.20312500000000006
3 0.53671875 0.18437500000000007 0.528125 0.18437500000000007 0.528125 0.2177083333333334 0.53671875 0.2177083333333334
3 0.51484375 0.14270833333333338 0.5078125 0.14270833333333338 0.5078125 0.16979166666666673 0.51484375 0.16979166666666673
3 0.4875 0.13437500000000005 0.4796875 0.13437500000000005 0.4796875 0.16041666666666674 0.4875 0.16041666666666674
3 0.47734375 0.1312500000000001 0.46796875 0.1312500000000001 0.46796875 0.16041666666666674 0.47734375 0.16041666666666674
3 0.509375 0.12604166666666675 0.5015625 0.12604166666666675 0.5015625 0.1489583333333334 0.509375 0.1489583333333334
3 0.50546875 0.11458333333333343 0.5 0.11458333333333343 0.5 0.1333333333333334 0.50546875 0.1333333333333334
3 0.5 0.10312500000000009 0.49375 0.10312500000000009 0.49375 0.12395833333333342 0.5 0.12395833333333342
3 0.50703125 0.10104166666666675 0.5015625 0.10104166666666675 0.5015625 0.11770833333333343 0.50703125 0.11770833333333343
3 0.5015625 0.08541666666666675 0.49609375 0.08541666666666675 0.49609375 0.10000000000000009 0.5015625 0.10000000000000009
2 0.51953125 0.07708333333333342 0.5015625 0.07708333333333342 0.5015625 0.10520833333333342 0.51953125 0.10520833333333342
0 0.496875 0.08541666666666675 0.484375 0.08541666666666675 0.484375 0.10729166666666676 0.496875 0.10729166666666676
0 0.484375 0.09479166666666676 0.46875 0.09479166666666676 0.46875 0.11562500000000009 0.484375 0.11562500000000009
0 0.5046875 0.13437500000000005 0.4875 0.13437500000000005 0.4875 0.16562500000000005 0.5046875 0.16562500000000005
0 0.50703125 0.24166666666666672 0.4734375 0.24166666666666672 0.4734375 0.3125000000000001 0.50703125 0.3125000000000001
0 0.53671875 0.32395833333333346 0.48828125 0.32395833333333346 0.48828125 0.4218750000000001 0.53671875 0.4218750000000001
0 0.57734375 0.29583333333333345 0.54140625 0.29583333333333345 0.54140625 0.3781250000000001 0.57734375 0.3781250000000001
0 0.61875 0.34791666666666676 0.56875 0.34791666666666676 0.56875 0.44375000000000014 0.61875 0.44375000000000014
0 0.6890625 0.4291666666666668 0.62421875 0.4291666666666668 0.62421875 0.5541666666666667 0.6890625 0.5541666666666667
0 0.67421875 0.5000000000000001 0.5890625 0.5000000000000001 0.5890625 0.6625 0.67421875 0.6625
0 0.54921875 0.4843750000000001 0.49140625 0.4843750000000001 0.49140625 0.6125 0.54921875 0.6125
0 0.61875 0.60625 0.53203125 0.60625 0.53203125 0.8083333333333333 0.61875 0.8083333333333333