3 0.6460937500000001 0.809375 0.6078125 0.809375 0.6078125000000001 0.975 0.6460937500000001 0.975
3 0.67265625 0.7677083333333333 0.6375 0.7677083333333333 0.6375 0.909375 0.67265625 0.909375
3 0.5953125 0.7510416666666667 0.553125 0.7510416666666667 0.553125 0.875 0.5953125 0.875
3 0.53515625 0.7395833333333334 0.490625 0.7395833333333334 0.490625 0.8729166666666667 0.53515625 0.8729166666666667
3 0.60390625 0.703125 0.571875 0.703125 0.571875 0.7958333333333333 0.60390625 0.7958333333333333
3 0.6140625 0.6416666666666667 0.58046875 0.6416666666666667 0.58046875 0.7447916666666666 0.6140625 0.7447916666666666
3 0.5984375 0.5802083333333333 0.5734375 0.5802083333333333 0.5734375 0.6583333333333333 0.5984375 0.6583333333333333
3 0.58203125 0.5395833333333333 0.56171875 0.5395833333333333 0.56171875 0.6145833333333334 0.58203125 0.6145833333333334
3 0.56796875 0.48333333333333345 0.5359375 0.48333333333333345 0.5359375 0.5770833333333333 0.56796875 0.5770833333333333
0 0.56328125 0.540625 0.49296875 0.540625 0.49296875 0.69375 0.56328125 0.69375
3 0.5125 0.49583333333333346 0.48828125 0.49583333333333346 0.48828125 0.5958333333333333 0.5125 0.5958333333333333
3 0.61640625 0.553125 0.6 0.553125 0.6 0.6197916666666666 0.61640625 0.6197916666666666
3 0.63984375 0.5083333333333334 0.60078125 0.5083333333333334 0.60078125 0.59375 0.63984375 0.59375
3 0.596875 0.46770833333333345 0.57578125 0.46770833333333345 0.57578125 0.5572916666666666 0.596875 0.5572916666666666
3 0.58125 0.43125000000000013 0.559375 0.43125000000000013 0.559375 0.4947916666666668 0.58125 0.4947916666666668
3 0.62734375 0.4739583333333334 0.60703125 0.4739583333333334 0.60703125 0.5208333333333335 0.62734375 0.5208333333333335
3 0.61484375 0.4343750000000001 0.5921875 0.4343750000000001 0.5921875 0.5010416666666668 0.61484375 0.5010416666666668
3 0.6078125 0.4072916666666668 0.58671875 0.4072916666666668 0.58671875 0.45729166666666676 0.6078125 0.45729166666666676
3 0.6421875 0.4427083333333334 0.61796875 0.4427083333333334 0.61796875 0.5187500000000002 0.6421875 0.5187500000000002
3 0.6234375 0.38333333333333347 0.60390625 0.38333333333333347 0.60390625 0.4447916666666668 0.6234375 0.4447916666666668
3 0.63828125 0.40000000000000013 0.62265625 0.40000000000000013 0.62265625 0.4427083333333334 0.63828125 0.4427083333333334
3 0.65546875 0.39479166666666676 0.63515625 0.39479166666666676 0.63515625 0.46250000000000013 0.65546875 0.46250000000000013
0 0.70625 0.4635416666666668 0.63359375 0.4635416666666668 0.63359375 0.609375 0.70625 0.609375
3 0.67578125 0.4197916666666668 0.6484375 0.4197916666666668 0.6484375 0.48333333333333345 0.67578125 0.48333333333333345
3 0.68984375 0.4447916666666668 0.66484375 0.4447916666666668 0.66484375 0.5125000000000001 0.68984375 0.5125000000000001
3 0.70859375 0.4812500000000001 0.68671875 0.4812500000000001 0.68671875 0.5864583333333333 0.70859375 0.5864583333333333
3 0.74609375 0.5083333333333334 0.715625 0.5083333333333334 0.715625 0.6104166666666668 0.74609375 0.6104166666666669
3 0.7265625 0.5718750000000001 0.696875 0.571875 0.696875 0.6531250000000001 0.7265625 0.6531250000000003
3 0.7578125 0.6093750000000001 0.721875 0.609375 0.721875 0.6729166666666668 0.7578125 0.6729166666666669
3 0.78125 0.6479166666666669 0.73984375 0.6479166666666669 0.73984375 0.7739583333333335 0.78125 0.7739583333333335
3 0.7484375 0.6864583333333335 0.71640625 0.6864583333333333 0.71640625 0.8447916666666668 0.7484375 0.8447916666666669
3 0.77109375 0.8093750000000003 0.74140625 0.8093750000000003 0.74140625 0.9062500000000002 0.77109375 0.9062500000000002
3 0.8296875 0.7510416666666669 0.7921875 0.7510416666666669 0.7921875 0.8708333333333336 0.8296875 0.8708333333333336
3 0.8734375 0.7718750000000002 0.8328125 0.7718750000000002 0.8328125 0.9062500000000002 0.8734375 0.9062500000000002
3 0.8015625 0.9000000000000002 0.78203125 0.9000000000000002 0.7820312500000001 1.0000000000000002 0.8015625 1.0000000000000002
3 0.9296875 0.9333333333333336 0.84140625 0.9333333333333336 0.84140625 1.0000000000000002 0.9296875 1.0000000000000002
3 0.64765625 0.3541666666666668 0.63359375 0.3541666666666668 0.63359375 0.4114583333333334 0.64765625 0.4114583333333334
3 0.60625 0.3281250000000001 0.58671875 0.3281250000000001 0.58671875 0.38437500000000013 0.60625 0.38437500000000013
3 0.62421875 0.3489583333333334 0.60625 0.3489583333333334 0.60625 0.38958333333333345 0.62421875 0.38958333333333345
0 0.5796875 0.3104166666666668 0.5328125 0.3104166666666668 0.5328125 0.3885416666666668 0.5796875 0.3885416666666668
3 0.5875 0.3104166666666668 0.56875 0.3104166666666668 0.56875 0.3625000000000001 0.5875 0.3625000000000001
0 0.5875 0.2760416666666668 0.5375 0.2760416666666668 0.5375 0.3406250000000001 0.5875 0.3406250000000001
3 0.578125 0.2885416666666668 0.5640625 0.2885416666666668 0.5640625 0.3197916666666668 0.578125 0.3197916666666668
3 0.5984375 0.29270833333333346 0.58125 0.29270833333333346 0.58125 0.33645833333333347 0.5984375 0.33645833333333347
3 0.61171875 0.30104166666666676 0.59921875 0.30104166666666676 0.59921875 0.3312500000000001 0.61171875 0.3312500000000001
3 0.62734375 0.3260416666666668 0.61015625 0.3260416666666668 0.61015625 0.3572916666666668 0.62734375 0.3572916666666668
3 0.5984375 0.27187500000000014 0.5828125 0.27187500000000014 0.5828125 0.3020833333333334 0.5984375 0.3020833333333334
0 0.52109375 0.28333333333333344 0.48046875 0.28333333333333344 0.48046875 0.33020833333333344 0.52109375 0.33020833333333344
3 0.53671875 0.28750000000000014 0.5078125 0.28750000000000014 0.5078125 0.3312500000000001 0.53671875 0.3312500000000001
0 0.51328125 0.23125000000000007 0.47421875 0.23125000000000007 0.47421875 0.2843750000000001 0.51328125 0.2843750000000001
3 0.52890625 0.26770833333333344 0.5125 0.26770833333333344 0.5125 0.28958333333333347 0.52890625 0.28958333333333347
3 0.5421875 0.26250000000000007 0.5296875 0.26250000000000007 0.5296875 0.29270833333333346 0.5421875 0.29270833333333346
3 0.5640625 0.2666666666666668 0.55078125 0.2666666666666668 0.55078125 0.2916666666666668 0.5640625 0.2916666666666668
3 0.48125 0.2666666666666668 0.46484375 0.2666666666666668 0.46484375 0.31666666666666676 0.48125 0.31666666666666676
0 0.53125 0.22083333333333338 0.50234375 0.22083333333333338 0.50234375 0.26770833333333344 0.53125 0.26770833333333344
3 0.55234375 0.2364583333333334 0.5421875 0.23645833333333338 0.5421875 0.27395833333333347 0.55234375 0.27395833333333347
3 0.54765625 0.2208333333333334 0.5328125 0.22083333333333338 0.5328125 0.25416666666666676 0.54765625 0.25416666666666676
3 0.5796875 0.23958333333333345 0.56328125 0.23958333333333345 0.56328125 0.26979166666666676 0.5796875 0.26979166666666676
3 0.5609375 0.21770833333333345 0.55390625 0.21770833333333345 0.55390625 0.2447916666666668 0.5609375 0.2447916666666668
3 0.553125 0.1937500000000001 0.54296875 0.19375000000000006 0.54296875 0.21875000000000008 0.553125 0.2187500000000001
3 0.46484375 0.18750000000000006 0.4515625 0.18750000000000006 0.4515625 0.2135416666666667 0.46484375 0.2135416666666667
0 0.49453125 0.21250000000000005 0.46484375 0.21250000000000005 0.46484375 0.2489583333333334 0.49453125 0.2489583333333334
3 0.47109375 0.2083333333333334 0.46171875 0.2083333333333334 0.46171875 0.24687500000000007 0.47109375 0.24687500000000007
0 0.50703125 0.15937500000000007 0.48515625 0.15937500000000007 0.48515625 0.1770833333333334 0.50703125 0.1770833333333334
0 0.5 0.14375000000000007 0.48046875 0.14375000000000007 0.48046875 0.16354166666666672 0.5 0.16354166666666672
3 0.50390625 0.14062500000000006 0.49609375 0.14062500000000006 0.49609375 0.16562500000000005 0.50390625 0.16562500000000005
0 0.5328125 0.1614583333333334 0.5078125 0.1614583333333334 0.5078125 0.19375000000000006 0.5328125 0.19375000000000006
3 0.515625 0.14791666666666672 0.5109375 0.14791666666666672 0.5109375 0.1677083333333334 0.515625 0.1677083333333334
3 0.53203125 0.15833333333333338 0.5203125 0.15833333333333338 0.5203125 0.17291666666666672 0.53203125 0.17291666666666672
0 0.50234375 0.12395833333333342 0.49140625 0.12395833333333342 0.49140625 0.14062500000000006 0.50234375 0.14062500000000006
3 0.50703125 0.11458333333333343 0.5015625 0.11458333333333343 0.5015625 0.13750000000000007 0.50703125 0.13750000000000007
0 0.490625 0.10833333333333342 0.4734375 0.10833333333333342 0.4734375 0.12604166666666675 0.490625 0.12604166666666675
0 0.5 0.11354166666666675 0.4890625 0.11354166666666675 0.4890625 0.12500000000000008 0.5 0.12500000000000008
0 0.4921875 0.08854166666666675 0.48125 0.08854166666666675 0.48125 0.10729166666666676 0.4921875 0.10729166666666676
3 0.503125 0.09895833333333343 0.496875 0.09895833333333343 0.496875 0.10937500000000008 0.503125 0.10937500000000008
3 0.50859375 0.09791666666666675 0.50546875 0.09791666666666675 0.50546875 0.11145833333333342 0.50859375 0.11145833333333342
3 0.51328125 0.09375000000000008 0.50859375 0.09375000000000008 0.50859375 0.10729166666666676 0.51328125 0.10729166666666676
3 0.5906250000000001 0.8635416666666667 0.50859375 0.8635416666666667 0.5085937500000001 1 0.5906250000000002 1
3 0.6695312500000001 0.9572916666666667 0.64921875 0.9572916666666667 0.6492187500000001 1 0.6695312500000001 1
0 0.78828125 0.8770833333333334 0.684375 0.8770833333333333 0.6843750000000001 1.0000000000000002 0.7882812500000002 1.0000000000000002
0 0.70390625 0.6197916666666666 0.59921875 0.6197916666666666 0.59921875 0.8302083333333333 0.70390625 0.8302083333333333
0 0.51171875 0.1979166666666667 0.48984375 0.1979166666666667 0.48984375 0.22604166666666672 0.51171875 0.22604166666666672
0 0.5375 0.1864583333333334 0.51875 0.1864583333333334 0.51875 0.21875000000000006 0.5375 0.21875000000000006
0 0.509375 0.17291666666666672 0.48515625 0.17291666666666672 0.48515625 0.21041666666666672 0.509375 0.21041666666666672
0 0.47890625 0.1645833333333334 0.45390625 0.1645833333333334 0.45390625 0.19375000000000006 0.47890625 0.19375000000000006
0 0.4890625 0.12916666666666676 0.478125 0.12916666666666676 0.478125 0.1458333333333334 0.4890625 0.1458333333333334
0 0.47109375 0.13854166666666673 0.45390625 0.13854166666666673 0.45390625 0.16354166666666672 0.47109375 0.16354166666666672
0 0.47421875 0.11666666666666675 0.45703125 0.11666666666666675 0.45703125 0.14166666666666672 0.47421875 0.14166666666666672
0 0.46953125 0.10937500000000008 0.46015625 0.10937500000000008 0.46015625 0.1218750000000001 0.46953125 0.1218750000000001
0 0.475 0.10104166666666675 0.4671875 0.10104166666666675 0.4671875 0.11041666666666676 0.475 0.11041666666666676
0 0.503125 0.08125000000000009 0.49296875 0.08125000000000009 0.49296875 0.10000000000000009 0.503125 0.10000000000000009