2 0.828125 0.7093750000000001 0.6828125 0.709375 0.6828125 1.0000000000000002 0.828125 1.0000000000000002
1 0.6648437500000001 0.9041666666666667 0.5296875 0.9041666666666667 0.5296875000000001 1 0.6648437500000002 1
2 0.58125 0.25729166666666675 0.5359375 0.25729166666666675 0.5359375 0.37708333333333344 0.58125 0.37708333333333344
1 0.56171875 0.1895833333333334 0.5296875 0.18958333333333338 0.5296875 0.23958333333333343 0.56171875 0.23958333333333345
1 0.50234375 0.09583333333333342 0.47890625 0.09583333333333342 0.47890625 0.1354166666666667 0.50234375 0.1354166666666667
0 0.596875 0.7729166666666667 0.52578125 0.7729166666666667 0.52578125 0.8958333333333334 0.596875 0.8958333333333334
0 0.69375 0.6520833333333333 0.6375 0.6520833333333333 0.6375 0.7614583333333333 0.69375 0.7614583333333333
0 0.6625 0.5062500000000001 0.603125 0.5062500000000001 0.603125 0.640625 0.6625 0.640625
0 0.55859375 0.5218750000000001 0.49140625 0.5218750000000001 0.49140625 0.659375 0.55859375 0.659375
0 0.6203125 0.43333333333333346 0.56328125 0.43333333333333346 0.56328125 0.534375 0.6203125 0.534375
0 0.68203125 0.44166666666666676 0.63046875 0.44166666666666676 0.63046875 0.5364583333333334 0.68203125 0.5364583333333334
0 0.65078125 0.3760416666666668 0.60859375 0.3760416666666668 0.60859375 0.44583333333333347 0.65078125 0.44583333333333347
0 0.59921875 0.3875000000000001 0.5609375 0.3875000000000001 0.5609375 0.43645833333333345 0.59921875 0.43645833333333345
0 0.534375 0.4406250000000001 0.4859375 0.4406250000000001 0.4859375 0.5302083333333335 0.534375 0.5302083333333335
0 0.53046875 0.38437500000000013 0.49140625 0.38437500000000013 0.49140625 0.44895833333333346 0.53046875 0.44895833333333346
0 0.525 0.3197916666666668 0.47890625 0.3197916666666668 0.47890625 0.4072916666666668 0.525 0.4072916666666668
0 0.6203125 0.3250000000000001 0.58515625 0.3250000000000001 0.58515625 0.3760416666666668 0.6203125 0.3760416666666668
0 0.59921875 0.25937500000000013 0.5671875 0.25937500000000013 0.5671875 0.30520833333333347 0.59921875 0.30520833333333347
0 0.56484375 0.22812500000000008 0.53359375 0.22812500000000005 0.53359375 0.26041666666666674 0.56484375 0.2604166666666668
0 0.53203125 0.2520833333333334 0.51171875 0.2520833333333334 0.51171875 0.3041666666666668 0.53203125 0.3041666666666668
0 0.50625 0.2864583333333334 0.4796875 0.2864583333333334 0.4796875 0.34791666666666676 0.50625 0.34791666666666676
0 0.50078125 0.2510416666666667 0.47265625 0.2510416666666667 0.47265625 0.3125000000000001 0.50078125 0.3125000000000001
0 0.52109375 0.22083333333333338 0.49921875 0.22083333333333338 0.49921875 0.25520833333333337 0.52109375 0.25520833333333337
0 0.51875 0.18958333333333338 0.49453125 0.18958333333333338 0.49453125 0.2270833333333334 0.51875 0.2270833333333334
0 0.48515625 0.2333333333333334 0.46484375 0.2333333333333334 0.46484375 0.28541666666666676 0.48515625 0.28541666666666676
0 0.48203125 0.20937500000000006 0.46015625 0.20937500000000006 0.46015625 0.2583333333333334 0.48203125 0.2583333333333334
0 0.4734375 0.1822916666666667 0.459375 0.1822916666666667 0.459375 0.24062500000000006 0.4734375 0.24062500000000006
0 0.47578125 0.1489583333333334 0.4546875 0.1489583333333334 0.4546875 0.17604166666666674 0.47578125 0.17604166666666674
0 0.4765625 0.13020833333333343 0.45546875 0.13020833333333343 0.45546875 0.15937500000000007 0.4765625 0.15937500000000007
0 0.478125 0.10520833333333342 0.46328125 0.10520833333333342 0.46328125 0.1312500000000001 0.478125 0.1312500000000001
0 0.48359375 0.09479166666666676 0.47265625 0.09479166666666676 0.47265625 0.1270833333333334 0.48359375 0.1270833333333334
2 0.51171875 0.08229166666666675 0.49453125 0.08229166666666675 0.49453125 0.11041666666666676 0.51171875 0.11041666666666676
3 0.665625 0.8208333333333333 0.62421875 0.8208333333333333 0.62421875 0.9114583333333334 0.665625 0.9114583333333334
3 0.51328125 0.7083333333333334 0.4890625 0.7083333333333334 0.4890625 0.8322916666666667 0.51328125 0.8322916666666667
3 0.5484375 0.6729166666666667 0.52421875 0.6729166666666667 0.52421875 0.7760416666666666 0.5484375 0.7760416666666666
3 0.596875 0.6958333333333333 0.56640625 0.6958333333333333 0.56640625 0.7958333333333333 0.596875 0.7958333333333333
3 0.61796875 0.646875 0.584375 0.646875 0.584375 0.7770833333333333 0.61796875 0.7770833333333333
3 0.61484375 0.59375 0.58046875 0.59375 0.58046875 0.665625 0.61484375 0.665625
3 0.59453125 0.5552083333333333 0.571875 0.5552083333333333 0.571875 0.6333333333333333 0.59453125 0.6333333333333333
3 0.5734375 0.5270833333333335 0.5546875 0.5270833333333335 0.5546875 0.6020833333333333 0.5734375 0.6020833333333333
3 0.57109375 0.49062500000000014 0.5515625 0.49062500000000014 0.5515625 0.5520833333333334 0.57109375 0.5520833333333334
3 0.55546875 0.46770833333333345 0.54375 0.46770833333333345 0.54375 0.5333333333333333 0.55546875 0.5333333333333333
3 0.5671875 0.4375000000000001 0.5515625 0.4375000000000001 0.5515625 0.49270833333333347 0.5671875 0.49270833333333347
3 0.5453125 0.42812500000000014 0.5328125 0.42812500000000014 0.5328125 0.49062500000000014 0.5453125 0.49062500000000014
3 0.56015625 0.40833333333333344 0.54765625 0.40833333333333344 0.54765625 0.4479166666666668 0.56015625 0.4479166666666668
3 0.54140625 0.3802083333333334 0.53125 0.3802083333333334 0.53125 0.44375000000000014 0.54140625 0.44375000000000014
3 0.55234375 0.3906250000000001 0.54375 0.3906250000000001 0.54375 0.4166666666666668 0.55234375 0.4166666666666668
3 0.978125 0.8958333333333336 0.925 0.8958333333333336 0.925 1.0000000000000002 0.978125 1.0000000000000002
3 0.91796875 0.9260416666666669 0.8859375 0.9260416666666669 0.8859375 1.0000000000000002 0.91796875 1.0000000000000002
3 0.86796875 0.9291666666666669 0.84453125 0.9291666666666669 0.84453125 1.0000000000000002 0.86796875 1.0000000000000002
3 0.8875 0.8208333333333335 0.8484375 0.8208333333333335 0.8484375 0.9260416666666669 0.8875 0.9260416666666669
3 0.84609375 0.8250000000000003 0.8140625 0.8250000000000003 0.8140625 0.8989583333333335 0.84609375 0.8989583333333335
3 0.85859375 0.7635416666666669 0.83046875 0.7635416666666669 0.83046875 0.8197916666666669 0.85859375 0.8197916666666669
3 0.8453125 0.7041666666666669 0.8265625 0.7041666666666669 0.8265625 0.7666666666666669 0.8453125 0.7666666666666669
3 0.81328125 0.7020833333333336 0.78515625 0.7020833333333336 0.78515625 0.7906250000000002 0.81328125 0.7906250000000002
3 0.82734375 0.6510416666666669 0.80859375 0.6510416666666669 0.80859375 0.7114583333333335 0.82734375 0.7114583333333335
3 0.7765625 0.6906250000000003 0.75703125 0.6906250000000003 0.75703125 0.7218750000000003 0.7765625 0.7218750000000003
3 0.7953125 0.6135416666666669 0.76796875 0.6135416666666669 0.76796875 0.7083333333333336 0.7953125 0.7083333333333336
3 0.74609375 0.6385416666666669 0.734375 0.6385416666666669 0.734375 0.6947916666666669 0.74609375 0.6947916666666669
3 0.734375 0.5916666666666668 0.71328125 0.5916666666666667 0.71328125 0.6718750000000001 0.734375 0.6718750000000002
3 0.7140625 0.6145833333333334 0.69375 0.6145833333333334 0.69375 0.684375 0.7140625 0.684375
3 0.74921875 0.5489583333333334 0.72109375 0.5489583333333333 0.72109375 0.6270833333333334 0.74921875 0.6270833333333335
3 0.69609375 0.5739583333333333 0.68203125 0.5739583333333333 0.68203125 0.6395833333333333 0.69609375 0.6395833333333333
3 0.690625 0.5250000000000001 0.66796875 0.5250000000000001 0.66796875 0.6020833333333333 0.690625 0.6020833333333333
3 0.728125 0.5041666666666668 0.70390625 0.5041666666666668 0.70390625 0.5916666666666668 0.728125 0.5916666666666669
3 0.703125 0.4500000000000001 0.6828125 0.4500000000000001 0.6828125 0.5333333333333333 0.703125 0.5333333333333333
3 0.7171875 0.43645833333333345 0.69375 0.43645833333333345 0.69375 0.5093750000000001 0.7171875 0.5093750000000001
3 0.67734375 0.4010416666666668 0.659375 0.4010416666666668 0.659375 0.4447916666666668 0.67734375 0.4447916666666668
3 0.66015625 0.3666666666666668 0.64296875 0.3666666666666668 0.64296875 0.4197916666666668 0.66015625 0.4197916666666668
3 0.6375 0.3291666666666668 0.62109375 0.3291666666666668 0.62109375 0.3718750000000001 0.6375 0.3718750000000001
3 0.6234375 0.31875000000000014 0.61484375 0.31875000000000014 0.61484375 0.3489583333333334 0.6234375 0.3489583333333334
3 0.61328125 0.3000000000000001 0.603125 0.3000000000000001 0.603125 0.3312500000000001 0.61328125 0.3312500000000001
3 0.6125 0.2822916666666668 0.59609375 0.2822916666666668 0.59609375 0.3041666666666668 0.6125 0.3041666666666668
3 0.60078125 0.26979166666666676 0.58671875 0.26979166666666676 0.58671875 0.29062500000000013 0.60078125 0.29062500000000013
3 0.584375 0.2385416666666668 0.56484375 0.2385416666666668 0.56484375 0.2625000000000001 0.584375 0.2625000000000001
3 0.50859375 0.2510416666666667 0.4984375 0.2510416666666667 0.4984375 0.28958333333333347 0.50859375 0.28958333333333347
3 0.5140625 0.23437500000000006 0.50390625 0.23437500000000006 0.50390625 0.2614583333333334 0.5140625 0.2614583333333334
3 0.5 0.22604166666666672 0.4875 0.22604166666666672 0.4875 0.25520833333333337 0.5 0.25520833333333337
3 0.49140625 0.19687500000000005 0.48046875 0.19687500000000005 0.48046875 0.23750000000000007 0.49140625 0.23750000000000007
3 0.5328125 0.2177083333333334 0.5234375 0.2177083333333334 0.5234375 0.2458333333333334 0.5328125 0.2458333333333334
3 0.5296875 0.1958333333333334 0.5171875 0.1958333333333334 0.5171875 0.21875000000000006 0.5296875 0.21875000000000006
3 0.525 0.17500000000000007 0.5109375 0.17500000000000007 0.5109375 0.20625000000000007 0.525 0.20625000000000007
3 0.4921875 0.16250000000000006 0.47890625 0.16250000000000006 0.47890625 0.18750000000000006 0.4921875 0.18750000000000006
3 0.509375 0.15625000000000006 0.49921875 0.15625000000000006 0.49921875 0.17604166666666674 0.509375 0.17604166666666674
3 0.51015625 0.13437500000000005 0.5046875 0.13437500000000005 0.5046875 0.15729166666666672 0.51015625 0.15729166666666672
3 0.50234375 0.13854166666666673 0.49140625 0.13854166666666673 0.49140625 0.16250000000000006 0.50234375 0.16250000000000006
3 0.4875 0.13229166666666675 0.47734375 0.13229166666666675 0.47734375 0.16041666666666674 0.4875 0.16041666666666674