2 0.76875 0.7645833333333335 0.61484375 0.7645833333333333 0.6148437500000001 1.0000000000000002 0.7687500000000002 1.0000000000000002
2 0.9546875 0.7927083333333336 0.76640625 0.7927083333333336 0.7664062500000001 1.0000000000000002 0.9546875 1.0000000000000002
2 0.70390625 0.4531250000000001 0.53671875 0.4531250000000001 0.53671875 0.89375 0.70390625 0.89375
2 0.66953125 0.3468750000000001 0.6046875 0.3468750000000001 0.6046875 0.49375000000000013 0.66953125 0.49375000000000013
3 0.5703125000000001 0.8770833333333333 0.5171875 0.8770833333333333 0.5171875000000001 1 0.5703125000000002 1
0 0.8078125 0.6906250000000002 0.70703125 0.690625 0.70703125 0.9427083333333335 0.8078125 0.9427083333333336
3 0.784375 0.6760416666666669 0.75546875 0.6760416666666669 0.75546875 0.7760416666666669 0.784375 0.7760416666666669
3 0.84609375 0.7750000000000002 0.81328125 0.7750000000000002 0.81328125 0.8197916666666669 0.84609375 0.8197916666666669
3 0.87734375 0.7541666666666669 0.84765625 0.7541666666666669 0.84765625 0.8239583333333336 0.87734375 0.8239583333333336
3 0.834375 0.6718750000000002 0.796875 0.6718750000000002 0.796875 0.7750000000000002 0.834375 0.7750000000000002
3 0.50546875 0.5239583333333334 0.4828125 0.5239583333333334 0.4828125 0.621875 0.50546875 0.621875
3 0.70625 0.45729166666666676 0.68984375 0.45729166666666676 0.68984375 0.54375 0.70625 0.54375
0 0.68203125 0.4604166666666668 0.6109375 0.4604166666666668 0.6109375 0.5864583333333333 0.68203125 0.5864583333333333
3 0.690625 0.42395833333333344 0.66796875 0.42395833333333344 0.66796875 0.4968750000000001 0.690625 0.4968750000000001
0 0.5625 0.4510416666666668 0.48671875 0.4510416666666668 0.48671875 0.590625 0.5625 0.590625
3 0.5515625 0.42812500000000014 0.52421875 0.42812500000000014 0.52421875 0.5010416666666668 0.5515625 0.5010416666666668
3 0.49609375 0.4250000000000001 0.475 0.4250000000000001 0.475 0.48645833333333344 0.49609375 0.48645833333333344
3 0.50859375 0.43020833333333347 0.49609375 0.43020833333333347 0.49609375 0.4697916666666668 0.50859375 0.4697916666666668
3 0.53515625 0.39895833333333347 0.51875 0.39895833333333347 0.51875 0.4531250000000001 0.53515625 0.4531250000000001
0 0.52265625 0.3354166666666668 0.48203125 0.3354166666666668 0.48203125 0.4187500000000001 0.52265625 0.4187500000000001
3 0.54609375 0.3447916666666668 0.52890625 0.3447916666666668 0.52890625 0.39895833333333347 0.54609375 0.39895833333333347
3 0.54296875 0.31666666666666676 0.52265625 0.31666666666666676 0.52265625 0.3572916666666668 0.54296875 0.3572916666666668
0 0.60390625 0.3854166666666668 0.55 0.3854166666666668 0.55 0.4666666666666668 0.60390625 0.4666666666666668
0 0.596875 0.3197916666666668 0.5484375 0.3197916666666668 0.5484375 0.4166666666666668 0.596875 0.4166666666666668
3 0.59296875 0.37916666666666676 0.57265625 0.37916666666666676 0.57265625 0.41250000000000014 0.59296875 0.41250000000000014
3 0.5828125 0.27500000000000013 0.5671875 0.27500000000000013 0.5671875 0.3260416666666668 0.5828125 0.3260416666666668
0 0.5609375 0.21875000000000008 0.5234375 0.21875000000000006 0.5234375 0.2864583333333334 0.5609375 0.2864583333333334
3 0.58359375 0.25937500000000013 0.5734375 0.25937500000000013 0.5734375 0.2916666666666668 0.58359375 0.2916666666666668
3 0.57109375 0.24270833333333344 0.55625 0.24270833333333344 0.55625 0.2885416666666668 0.57109375 0.2885416666666668
1 0.53046875 0.1958333333333334 0.465625 0.1958333333333334 0.465625 0.3562500000000001 0.53046875 0.3562500000000001
3 0.53046875 0.26041666666666674 0.51328125 0.26041666666666674 0.51328125 0.29895833333333344 0.53046875 0.29895833333333344
3 0.571875 0.23958333333333345 0.5640625 0.23958333333333345 0.5640625 0.2656250000000001 0.571875 0.2656250000000001
3 0.59765625 0.2822916666666668 0.5875 0.2822916666666668 0.5875 0.32083333333333347 0.59765625 0.32083333333333347
3 0.596875 0.32187500000000013 0.58984375 0.32187500000000013 0.58984375 0.34791666666666676 0.596875 0.34791666666666676
3 0.6078125 0.2885416666666668 0.5984375 0.2885416666666668 0.5984375 0.3312500000000001 0.6078125 0.3312500000000001
3 0.47421875 0.2812500000000001 0.45703125 0.2812500000000001 0.45703125 0.35208333333333347 0.47421875 0.35208333333333347
3 0.48359375 0.17395833333333338 0.47265625 0.17395833333333338 0.47265625 0.20104166666666673 0.48359375 0.20104166666666673
3 0.51640625 0.1979166666666667 0.50546875 0.1979166666666667 0.50546875 0.23437500000000006 0.51640625 0.23437500000000006
3 0.540625 0.1864583333333334 0.53359375 0.1864583333333334 0.53359375 0.2145833333333334 0.540625 0.2145833333333334
3 0.5328125 0.1802083333333334 0.525 0.1802083333333334 0.525 0.20625000000000007 0.5328125 0.20625000000000007
3 0.52890625 0.16562500000000005 0.5203125 0.16562500000000005 0.5203125 0.19062500000000007 0.52890625 0.19062500000000007
3 0.52109375 0.1520833333333334 0.51484375 0.1520833333333334 0.51484375 0.1708333333333334 0.52109375 0.1708333333333334
3 0.5015625 0.14270833333333338 0.496875 0.14270833333333338 0.496875 0.1614583333333334 0.5015625 0.1614583333333334
0 0.49453125 0.11458333333333343 0.47734375 0.11458333333333343 0.47734375 0.1489583333333334 0.49453125 0.1489583333333334
3 0.5078125 0.1312500000000001 0.503125 0.1312500000000001 0.503125 0.14687500000000006 0.5078125 0.14687500000000006
2 0.484375 0.08125000000000009 0.46171875 0.08125000000000009 0.46171875 0.12500000000000008 0.484375 0.12500000000000008
3 0.503125 0.11562500000000009 0.49765625 0.11562500000000009 0.49765625 0.1281250000000001 0.503125 0.1281250000000001
3 0.47109375 0.12500000000000008 0.46171875 0.12500000000000008 0.46171875 0.1520833333333334 0.47109375 0.1520833333333334
3 0.4734375 0.1270833333333334 0.46796875 0.1270833333333334 0.46796875 0.15312500000000007 0.4734375 0.15312500000000007
3 0.4921875 0.10208333333333343 0.48515625 0.10208333333333343 0.48515625 0.11875000000000009 0.4921875 0.11875000000000009
3 0.49609375 0.09895833333333343 0.49453125 0.09895833333333343 0.49453125 0.11770833333333343 0.49609375 0.11770833333333343
3 0.49921875 0.08541666666666675 0.49453125 0.08541666666666675 0.49453125 0.09895833333333343 0.49921875 0.09895833333333343
3 0.50625 0.08333333333333343 0.5015625 0.08333333333333343 0.5015625 0.10000000000000009 0.50625 0.10000000000000009
0 0.7234375 0.5520833333333334 0.6578125 0.5520833333333334 0.6578125 0.728125 0.7234375 0.728125