3 0.5398437500000001 0.809375 0.496875 0.809375 0.49687500000000007 0.984375 0.5398437500000002 0.984375
3 0.7078125000000001 0.8395833333333333 0.6734375 0.8395833333333333 0.6734375000000001 0.9895833333333334 0.7078125000000002 0.9895833333333334
0 0.6703125000000001 0.6666666666666666 0.54453125 0.6666666666666666 0.5445312500000001 1 0.6703125000000002 1
3 0.6671875 0.7 0.63828125 0.7 0.63828125 0.8135416666666667 0.6671875 0.8135416666666667
3 0.70390625 0.675 0.67265625 0.675 0.67265625 0.7833333333333333 0.70390625 0.7833333333333333
3 0.7515625 0.7093750000000001 0.7171875 0.709375 0.7171875 0.8166666666666668 0.7515625 0.8166666666666669
3 0.7828125 0.6968750000000002 0.75703125 0.6968750000000002 0.75703125 0.8062500000000002 0.7828125 0.8062500000000002
3 0.80546875 0.6760416666666669 0.775 0.6760416666666669 0.775 0.7750000000000002 0.80546875 0.7750000000000002
3 0.865625 0.7645833333333336 0.83359375 0.7645833333333336 0.83359375 0.8958333333333336 0.865625 0.8958333333333336
3 0.92265625 0.8927083333333335 0.88046875 0.8927083333333335 0.88046875 0.9927083333333335 0.92265625 0.9927083333333335
3 0.99609375 0.8166666666666669 0.97421875 0.8166666666666669 0.97421875 0.9468750000000002 0.99609375 0.9468750000000002
3 0.75078125 0.5947916666666668 0.71875 0.5947916666666667 0.71875 0.6916666666666668 0.75078125 0.6916666666666669
3 0.7984375 0.4947916666666668 0.76796875 0.4947916666666668 0.76796875 0.5791666666666669 0.7984375 0.5791666666666669
3 0.60078125 0.6427083333333333 0.57734375 0.6427083333333333 0.57734375 0.671875 0.60078125 0.671875
3 0.58359375 0.5645833333333333 0.55703125 0.5645833333333333 0.55703125 0.6572916666666667 0.58359375 0.6572916666666667
3 0.578125 0.5041666666666668 0.55078125 0.5041666666666668 0.55078125 0.575 0.578125 0.575
3 0.55703125 0.43020833333333347 0.53125 0.43020833333333347 0.53125 0.5052083333333335 0.55703125 0.5052083333333335
3 0.55390625 0.37083333333333346 0.534375 0.37083333333333346 0.534375 0.43333333333333346 0.55390625 0.43333333333333346
3 0.64375 0.4270833333333334 0.62265625 0.4270833333333334 0.62265625 0.5000000000000001 0.64375 0.5000000000000001
0 0.7046875 0.46458333333333346 0.65078125 0.46458333333333346 0.65078125 0.5739583333333333 0.7046875 0.5739583333333333
3 0.68125 0.43125000000000013 0.6640625 0.43125000000000013 0.6640625 0.4697916666666668 0.68125 0.4697916666666668
3 0.66875 0.39687500000000014 0.64921875 0.39687500000000014 0.64921875 0.45729166666666676 0.66875 0.45729166666666676
0 0.6375 0.3281250000000001 0.58828125 0.3281250000000001 0.58828125 0.4135416666666668 0.6375 0.4135416666666668
3 0.6140625 0.2885416666666668 0.60234375 0.2885416666666668 0.60234375 0.33437500000000014 0.6140625 0.33437500000000014
3 0.6203125 0.30625000000000013 0.61171875 0.30625000000000013 0.61171875 0.3354166666666668 0.6203125 0.3354166666666668
0 0.596875 0.2687500000000001 0.559375 0.2687500000000001 0.559375 0.3250000000000001 0.596875 0.3250000000000001
3 0.60234375 0.2729166666666668 0.59140625 0.2729166666666668 0.59140625 0.31145833333333345 0.60234375 0.31145833333333345
2 0.5328125 0.20104166666666673 0.5046875 0.20104166666666673 0.5046875 0.26354166666666673 0.5328125 0.26354166666666673
3 0.53515625 0.19687500000000005 0.52890625 0.19687500000000005 0.52890625 0.2177083333333334 0.53515625 0.2177083333333334
3 0.540625 0.19062500000000007 0.53671875 0.19062500000000007 0.53671875 0.20729166666666674 0.540625 0.20729166666666674
2 0.5015625 0.16979166666666673 0.459375 0.16979166666666673 0.459375 0.2687500000000001 0.5015625 0.2687500000000001
0 0.49765625 0.15416666666666673 0.4796875 0.15416666666666673 0.4796875 0.17916666666666672 0.49765625 0.17916666666666672
3 0.5078125 0.16041666666666674 0.50390625 0.16041666666666674 0.50390625 0.1802083333333334 0.5078125 0.1802083333333334
3 0.50234375 0.1489583333333334 0.4953125 0.1489583333333334 0.4953125 0.1666666666666667 0.50234375 0.1666666666666667
0 0.49140625 0.14166666666666672 0.4765625 0.14166666666666672 0.4765625 0.15312500000000007 0.49140625 0.15312500000000007
3 0.49765625 0.13750000000000007 0.4921875 0.13750000000000007 0.4921875 0.15312500000000007 0.49765625 0.15312500000000007
3 0.51015625 0.14479166666666674 0.50390625 0.14479166666666674 0.50390625 0.1614583333333334 0.51015625 0.1614583333333334
3 0.503125 0.1333333333333334 0.4984375 0.1333333333333334 0.4984375 0.14687500000000006 0.503125 0.14687500000000006
3 0.5078125 0.1312500000000001 0.50390625 0.1312500000000001 0.50390625 0.1458333333333334 0.5078125 0.1458333333333334
3 0.51328125 0.13437500000000005 0.50859375 0.13437500000000005 0.50859375 0.1458333333333334 0.51328125 0.1458333333333334
0 0.534375 0.16354166666666672 0.51640625 0.16354166666666672 0.51640625 0.20000000000000007 0.534375 0.20000000000000007
3 0.5203125 0.14270833333333338 0.51640625 0.14270833333333338 0.51640625 0.15729166666666672 0.5203125 0.15729166666666672
0 0.48828125 0.13229166666666675 0.475 0.13229166666666675 0.475 0.14062500000000006 0.48828125 0.14062500000000006
3 0.49921875 0.12604166666666675 0.49140625 0.12604166666666675 0.49140625 0.1395833333333334 0.49921875 0.1395833333333334
3 0.50390625 0.12500000000000008 0.496875 0.12500000000000008 0.496875 0.13750000000000007 0.50390625 0.13750000000000007
3 0.5078125 0.11979166666666675 0.50390625 0.11979166666666675 0.50390625 0.1354166666666667 0.5078125 0.1354166666666667
3 0.51328125 0.11979166666666675 0.509375 0.11979166666666675 0.509375 0.1354166666666667 0.51328125 0.1354166666666667
3 0.49921875 0.11666666666666675 0.49140625 0.11666666666666675 0.49140625 0.1270833333333334 0.49921875 0.1270833333333334
0 0.87265625 0.8333333333333336 0.7296875 0.8333333333333336 0.7296875 1.0000000000000002 0.87265625 1.0000000000000002
0 0.66171875 0.4947916666666668 0.5890625 0.4947916666666668 0.5890625 0.646875 0.66171875 0.646875
0 0.61171875 0.40000000000000013 0.56328125 0.40000000000000013 0.56328125 0.5125000000000001 0.61171875 0.5125000000000001
0 0.5859375 0.3229166666666668 0.5390625 0.3229166666666668 0.5390625 0.4072916666666668 0.5859375 0.4072916666666668
0 0.5265625 0.3760416666666668 0.48671875 0.3760416666666668 0.48671875 0.43958333333333344 0.5265625 0.43958333333333344
0 0.515625 0.30104166666666676 0.47890625 0.30104166666666676 0.47890625 0.3802083333333334 0.515625 0.3802083333333334
0 0.5453125 0.2583333333333334 0.51640625 0.2583333333333334 0.51640625 0.3229166666666668 0.5453125 0.3229166666666668
0 0.49375 0.2645833333333334 0.46796875 0.2645833333333334 0.46796875 0.30312500000000014 0.49375 0.30312500000000014
2 0.475 0.14270833333333338 0.45234375 0.14270833333333338 0.45234375 0.19375000000000006 0.475 0.19375000000000006
0 0.46875 0.12916666666666674 0.45234375 0.12916666666666674 0.45234375 0.14270833333333338 0.46875 0.14270833333333338
0 0.4703125 0.11354166666666675 0.45546875 0.11354166666666675 0.45546875 0.1270833333333334 0.4703125 0.1270833333333334
0 0.4734375 0.10312500000000009 0.459375 0.10312500000000009 0.459375 0.11354166666666675 0.4734375 0.11354166666666675
1 0.49375 0.07916666666666676 0.47109375 0.07916666666666676 0.47109375 0.1062500000000001 0.49375 0.1062500000000001
2 0.57578125 0.18750000000000008 0.53984375 0.18750000000000006 0.53984375 0.28333333333333344 0.57578125 0.28333333333333344