3 0.49765625 0.540625 0.4578125 0.540625 0.4578125 0.675 0.49765625 0.675
3 0.5859375 0.38958333333333345 0.5578125 0.38958333333333345 0.5578125 0.4791666666666668 0.5859375 0.4791666666666668
3 0.5109375 0.3760416666666668 0.48671875 0.3760416666666668 0.48671875 0.45729166666666676 0.5109375 0.45729166666666676
3 0.52890625 0.3510416666666668 0.5078125 0.3510416666666668 0.5078125 0.4291666666666668 0.52890625 0.4291666666666668
3 0.46875 0.33750000000000013 0.44609375 0.33750000000000013 0.44609375 0.41250000000000014 0.46875 0.41250000000000014
3 0.5703125 0.2604166666666668 0.55 0.2604166666666668 0.55 0.32083333333333347 0.5703125 0.32083333333333347
3 0.4671875 0.20729166666666674 0.45078125 0.20729166666666674 0.45078125 0.2583333333333334 0.4671875 0.2583333333333334
3 0.46015625 0.14791666666666672 0.44765625 0.14791666666666672 0.44765625 0.1833333333333334 0.46015625 0.1833333333333334
3 0.46875 0.15416666666666673 0.45546875 0.15416666666666673 0.45546875 0.19062500000000007 0.46875 0.19062500000000007
3 0.47734375 0.1489583333333334 0.46328125 0.1489583333333334 0.46328125 0.18125000000000005 0.47734375 0.18125000000000005
3 0.4390625 0.11666666666666672 0.43046875 0.11666666666666672 0.43046875 0.13854166666666673 0.4390625 0.13854166666666673
3 0.4703125 0.09791666666666675 0.46171875 0.09791666666666675 0.46171875 0.11458333333333343 0.4703125 0.11458333333333343
3 0.47578125 0.07604166666666676 0.46796875 0.07604166666666676 0.46796875 0.0906250000000001 0.47578125 0.0906250000000001
3 0.46796875 0.07604166666666676 0.46015625 0.07604166666666676 0.46015625 0.09687500000000009 0.46796875 0.09687500000000009
0 0.4625 0.07291666666666674 0.446875 0.07291666666666673 0.446875 0.09583333333333341 0.4625 0.09583333333333342