3 0.721875 0.46770833333333345 0.68515625 0.46770833333333345 0.68515625 0.575 0.721875 0.575
3 0.68203125 0.5239583333333334 0.65390625 0.5239583333333334 0.65390625 0.6260416666666667 0.68203125 0.6260416666666667
3 0.840625 0.8770833333333335 0.8015625 0.8770833333333335 0.8015625 1.0000000000000002 0.840625 1.0000000000000002
3 0.80234375 0.7718750000000002 0.76328125 0.7718750000000002 0.76328125 0.9385416666666669 0.80234375 0.9385416666666669
3 0.8484375 0.7937500000000003 0.81328125 0.7937500000000003 0.81328125 0.9260416666666669 0.8484375 0.9260416666666669
3 0.78359375 0.5729166666666669 0.75 0.5729166666666669 0.75 0.6947916666666669 0.78359375 0.6947916666666669
3 0.59140625 0.5281250000000001 0.56328125 0.5281250000000001 0.56328125 0.6375 0.59140625 0.6375
3 0.6625 0.4656250000000001 0.634375 0.4656250000000001 0.634375 0.5635416666666667 0.6625 0.5635416666666667
3 0.5484375 0.22916666666666677 0.5265625 0.2291666666666667 0.5265625 0.2947916666666668 0.5484375 0.2947916666666668
3 0.48671875 0.12395833333333342 0.47890625 0.12395833333333342 0.47890625 0.1489583333333334 0.48671875 0.1489583333333334
3 0.50625 0.12604166666666675 0.49765625 0.12604166666666675 0.49765625 0.1520833333333334 0.50625 0.1520833333333334
3 0.50546875 0.10833333333333342 0.4984375 0.10833333333333342 0.4984375 0.12604166666666675 0.50546875 0.12604166666666675
3 0.50859375 0.08750000000000009 0.49921875 0.08750000000000009 0.49921875 0.10729166666666676 0.50859375 0.10729166666666676
1 0.5015625 0.08645833333333343 0.47734375 0.08645833333333343 0.47734375 0.14479166666666674 0.5015625 0.14479166666666674
0 0.51640625 0.27395833333333347 0.4765625 0.27395833333333347 0.4765625 0.33437500000000014 0.51640625 0.33437500000000014
0 0.6046875 0.3718750000000001 0.55 0.3718750000000001 0.55 0.47500000000000014 0.6046875 0.47500000000000014
0 0.55234375 0.4687500000000001 0.4890625 0.4687500000000001 0.4890625 0.609375 0.55234375 0.609375
0 0.63359375 0.43125000000000013 0.5640625 0.43125000000000013 0.5640625 0.5572916666666666 0.63359375 0.5572916666666666
0 0.5796875 0.5729166666666666 0.50859375 0.5729166666666666 0.50859375 0.7614583333333333 0.5796875 0.7614583333333333
0 0.66953125 0.5427083333333333 0.584375 0.5427083333333333 0.584375 0.73125 0.66953125 0.73125
0 0.78046875 0.7052083333333334 0.646875 0.7052083333333333 0.6468750000000001 0.9864583333333334 0.7804687500000002 0.9864583333333335
0 0.77265625 0.5781250000000001 0.68515625 0.578125 0.68515625 0.7416666666666668 0.77265625 0.7416666666666669
0 0.98828125 0.8708333333333336 0.84296875 0.8708333333333336 0.84296875 1.0000000000000002 0.98828125 1.0000000000000002
1 0.6625000000000001 0.809375 0.5203125 0.809375 0.5203125000000001 1 0.6625000000000002 1
2 0.5578125 0.3041666666666668 0.4859375 0.3041666666666668 0.4859375 0.4916666666666668 0.5578125 0.4916666666666668