3 0.9859375 0.8906250000000002 0.928125 0.8906250000000002 0.928125 1.0000000000000002 0.9859375 1.0000000000000002
3 0.921875 0.8843750000000002 0.88203125 0.8843750000000002 0.88203125 1.0000000000000002 0.921875 1.0000000000000002
3 0.88046875 0.8906250000000002 0.83203125 0.8906250000000002 0.83203125 1.0000000000000002 0.88046875 1.0000000000000002
3 0.8140625 0.8958333333333336 0.77734375 0.8958333333333336 0.7773437500000001 1.0000000000000002 0.8140625 1.0000000000000002
3 0.7828125 0.7979166666666669 0.7484375 0.7979166666666669 0.7484375 0.9614583333333335 0.7828125 0.9614583333333335
3 0.73515625 0.8000000000000002 0.696875 0.8 0.696875 0.9406250000000002 0.73515625 0.9406250000000003
3 0.8703125 0.8218750000000002 0.83359375 0.8218750000000002 0.83359375 0.9718750000000003 0.8703125 0.9718750000000003
3 0.91953125 0.8041666666666669 0.88671875 0.8041666666666669 0.88671875 0.9354166666666669 0.91953125 0.9354166666666669
3 0.94375 0.7322916666666669 0.9078125 0.7322916666666669 0.9078125 0.8739583333333336 0.94375 0.8739583333333336
3 0.8765625 0.7302083333333336 0.84140625 0.7302083333333336 0.84140625 0.8781250000000003 0.8765625 0.8781250000000003
3 0.89296875 0.6604166666666669 0.865625 0.6604166666666669 0.865625 0.7822916666666669 0.89296875 0.7822916666666669
3 0.7359375 0.6895833333333334 0.7046875 0.6895833333333333 0.7046875 0.8187500000000001 0.7359375 0.8187500000000002
3 0.84765625 0.6562500000000002 0.82578125 0.6562500000000002 0.82578125 0.7875000000000002 0.84765625 0.7875000000000002
3 0.8375 0.6000000000000002 0.8046875 0.6000000000000002 0.8046875 0.7052083333333335 0.8375 0.7052083333333335
3 0.853125 0.5750000000000003 0.8296875 0.5750000000000003 0.8296875 0.6958333333333335 0.853125 0.6958333333333335
3 0.84765625 0.5250000000000001 0.82578125 0.5250000000000001 0.82578125 0.6177083333333335 0.84765625 0.6177083333333335
3 0.80078125 0.5458333333333336 0.77734375 0.5458333333333336 0.77734375 0.6302083333333336 0.80078125 0.6302083333333336
3 0.71796875 0.5739583333333333 0.69609375 0.5739583333333333 0.69609375 0.6927083333333334 0.71796875 0.6927083333333334
3 0.8015625 0.5135416666666668 0.78203125 0.5135416666666668 0.78203125 0.6197916666666669 0.8015625 0.6197916666666669
3 0.82109375 0.5052083333333335 0.80078125 0.5052083333333335 0.80078125 0.6020833333333335 0.82109375 0.6020833333333335
3 0.809375 0.4635416666666668 0.790625 0.4635416666666668 0.790625 0.5322916666666668 0.809375 0.5322916666666668
3 0.77734375 0.47708333333333347 0.75078125 0.47708333333333347 0.75078125 0.5583333333333336 0.77734375 0.5583333333333336
3 0.7609375 0.43645833333333345 0.74140625 0.43645833333333345 0.74140625 0.5041666666666668 0.7609375 0.5041666666666668
3 0.75 0.41562500000000013 0.73515625 0.41562500000000013 0.73515625 0.48645833333333344 0.75 0.48645833333333344
3 0.66875 0.4270833333333334 0.64453125 0.4270833333333334 0.64453125 0.49375000000000013 0.66875 0.49375000000000013
3 0.740625 0.3854166666666668 0.73203125 0.3854166666666668 0.73203125 0.41770833333333346 0.740625 0.41770833333333346
3 0.74296875 0.36145833333333344 0.73046875 0.36145833333333344 0.73046875 0.4187500000000001 0.74296875 0.4187500000000001
3 0.75625 0.34791666666666676 0.7375 0.34791666666666676 0.7375 0.42083333333333345 0.75625 0.42083333333333345
3 0.64375 0.3593750000000001 0.62421875 0.3593750000000001 0.62421875 0.4354166666666668 0.64375 0.4354166666666668
3 0.73046875 0.3281250000000001 0.71640625 0.3281250000000001 0.71640625 0.3562500000000001 0.73046875 0.3562500000000001
3 0.7484375 0.3312500000000001 0.73671875 0.3312500000000001 0.73671875 0.3697916666666668 0.7484375 0.3697916666666668
3 0.73046875 0.3104166666666668 0.7171875 0.3104166666666668 0.7171875 0.3406250000000001 0.73046875 0.3406250000000001
3 0.7375 0.3000000000000001 0.725 0.3000000000000001 0.725 0.3354166666666668 0.7375 0.3354166666666668
3 0.7078125 0.3291666666666668 0.696875 0.3291666666666668 0.696875 0.3510416666666668 0.7078125 0.3510416666666668
3 0.7171875 0.3000000000000001 0.70625 0.3000000000000001 0.70625 0.35208333333333347 0.7171875 0.35208333333333347
3 0.6984375 0.3020833333333334 0.6859375 0.3020833333333334 0.6859375 0.3447916666666668 0.6984375 0.3447916666666668
3 0.7 0.28750000000000014 0.690625 0.28750000000000014 0.690625 0.3260416666666668 0.7 0.3260416666666668
3 0.709375 0.27395833333333347 0.69765625 0.27395833333333347 0.69765625 0.3177083333333334 0.709375 0.3177083333333334
3 0.7125 0.2625000000000001 0.70078125 0.2625000000000001 0.70078125 0.3135416666666668 0.7125 0.3135416666666668
3 0.6984375 0.24791666666666679 0.68515625 0.24791666666666679 0.68515625 0.28958333333333347 0.6984375 0.28958333333333347
3 0.68984375 0.25208333333333344 0.678125 0.25208333333333344 0.678125 0.3000000000000001 0.68984375 0.3000000000000001
3 0.6703125 0.2437500000000001 0.65625 0.2437500000000001 0.65625 0.2864583333333334 0.6703125 0.2864583333333334
3 0.67890625 0.2343750000000001 0.66328125 0.2343750000000001 0.66328125 0.2812500000000001 0.67890625 0.2812500000000001
3 0.68125 0.21666666666666679 0.665625 0.21666666666666679 0.665625 0.25416666666666676 0.68125 0.25416666666666676
3 0.6546875 0.1875000000000001 0.64296875 0.1875000000000001 0.64296875 0.2229166666666668 0.6546875 0.2229166666666668
3 0.63515625 0.2125000000000001 0.62265625 0.2125000000000001 0.62265625 0.2437500000000001 0.63515625 0.2437500000000001
3 0.6328125 0.14375000000000013 0.6203125 0.14375000000000013 0.6203125 0.16770833333333346 0.6328125 0.16770833333333346
3 0.61953125 0.13229166666666675 0.61015625 0.13229166666666675 0.61015625 0.15312500000000012 0.61953125 0.15312500000000012
3 0.60859375 0.11041666666666676 0.60234375 0.11041666666666676 0.60234375 0.14270833333333346 0.60859375 0.14270833333333346
3 0.6203125 0.08541666666666675 0.6109375 0.08541666666666675 0.6109375 0.09895833333333343 0.6203125 0.09895833333333343
3 0.63671875 0.29062500000000013 0.6203125 0.29062500000000013 0.6203125 0.3468750000000001 0.63671875 0.3468750000000001
0 0.7250000000000001 0.8479166666666667 0.63046875 0.8479166666666667 0.6304687500000001 1 0.7250000000000002 1
0 0.815625 0.6052083333333336 0.7265625 0.6052083333333336 0.7265625 0.7979166666666669 0.815625 0.7979166666666669
0 0.76796875 0.4812500000000001 0.7 0.4812500000000001 0.7 0.6229166666666668 0.76796875 0.6229166666666669
0 0.63125 0.3593750000000001 0.58515625 0.3593750000000001 0.58515625 0.4739583333333334 0.63125 0.4739583333333334
0 0.62109375 0.28958333333333347 0.58515625 0.28958333333333347 0.58515625 0.3645833333333334 0.62109375 0.3645833333333334
0 0.671875 0.3020833333333334 0.63203125 0.3020833333333334 0.63203125 0.38333333333333347 0.671875 0.38333333333333347
0 0.678125 0.2760416666666668 0.63984375 0.2760416666666668 0.63984375 0.3354166666666668 0.678125 0.3354166666666668
0 0.65625 0.24166666666666678 0.62265625 0.24166666666666678 0.62265625 0.2937500000000001 0.65625 0.2937500000000001
0 0.6515625 0.15729166666666677 0.6296875 0.15729166666666677 0.6296875 0.19270833333333345 0.6515625 0.19270833333333345
0 0.63125 0.16145833333333345 0.6078125 0.16145833333333345 0.6078125 0.2072916666666668 0.63125 0.2072916666666668
0 0.61875 0.1510416666666668 0.603125 0.1510416666666668 0.603125 0.1812500000000001 0.61875 0.1812500000000001
0 0.6078125 0.0750000000000001 0.59609375 0.0750000000000001 0.59609375 0.09895833333333343 0.6078125 0.09895833333333343
2 0.58828125 0.07708333333333342 0.57109375 0.07708333333333342 0.57109375 0.12291666666666676 0.58828125 0.12291666666666676
2 0.603125 0.10520833333333342 0.5875 0.10520833333333342 0.5875 0.14687500000000012 0.603125 0.14687500000000012
2 0.61640625 0.10104166666666675 0.60078125 0.10104166666666675 0.60078125 0.13020833333333343 0.61640625 0.13020833333333343
2 0.61328125 0.1822916666666668 0.571875 0.1822916666666668 0.571875 0.29270833333333346 0.61328125 0.29270833333333346
2 0.7328125 0.35000000000000014 0.675 0.35000000000000014 0.675 0.5125000000000001 0.7328125 0.5125000000000001
2 0.696875 0.4947916666666668 0.59296875 0.4947916666666668 0.59296875 0.8072916666666666 0.696875 0.8072916666666666