0 0.7890625000000001 0.8020833333333335 0.6578125 0.8020833333333334 0.6578125000000001 1.0000000000000002 0.7890625000000002 1.0000000000000002
0 0.6234375000000001 0.74375 0.528125 0.74375 0.5281250000000001 1 0.6234375000000002 1
3 0.5390625 0.6583333333333333 0.5078125 0.6583333333333333 0.5078125 0.7770833333333333 0.5390625 0.7770833333333333
3 0.5875 0.5979166666666667 0.5578125 0.5979166666666667 0.5578125 0.7395833333333334 0.5875 0.7395833333333334
0 0.70703125 0.54375 0.6234375 0.54375 0.6234375 0.7427083333333333 0.70703125 0.7427083333333333
0 0.553125 0.42083333333333345 0.490625 0.42083333333333345 0.490625 0.5739583333333333 0.553125 0.5739583333333333
0 0.61953125 0.3916666666666668 0.55625 0.3916666666666668 0.55625 0.5270833333333335 0.61953125 0.5270833333333335
0 0.6796875 0.3958333333333334 0.615625 0.3958333333333334 0.615625 0.5010416666666668 0.6796875 0.5010416666666668
3 0.715625 0.4979166666666668 0.684375 0.4979166666666668 0.684375 0.6052083333333333 0.715625 0.6052083333333333
0 0.528125 0.35520833333333346 0.4828125 0.35520833333333346 0.4828125 0.43020833333333347 0.528125 0.43020833333333347
0 0.57578125 0.3333333333333334 0.53671875 0.3333333333333334 0.53671875 0.4187500000000001 0.57578125 0.4187500000000001
3 0.60859375 0.3437500000000001 0.5890625 0.3437500000000001 0.5890625 0.40520833333333345 0.60859375 0.40520833333333345
0 0.603125 0.28750000000000014 0.55703125 0.28750000000000014 0.55703125 0.3750000000000001 0.603125 0.3750000000000001
0 0.51953125 0.26979166666666676 0.4828125 0.26979166666666676 0.4828125 0.3447916666666668 0.51953125 0.3447916666666668
0 0.54453125 0.2312500000000001 0.51171875 0.23125000000000007 0.51171875 0.2947916666666668 0.54453125 0.2947916666666668
2 0.49765625 0.1822916666666667 0.46484375 0.1822916666666667 0.46484375 0.30312500000000014 0.49765625 0.30312500000000014
3 0.509375 0.23541666666666672 0.4984375 0.23541666666666672 0.4984375 0.27187500000000014 0.509375 0.27187500000000014
3 0.5203125 0.19687500000000005 0.503125 0.19687500000000005 0.503125 0.24375000000000005 0.5203125 0.24375000000000005
2 0.55390625 0.1781250000000001 0.521875 0.17812500000000006 0.521875 0.25729166666666675 0.55390625 0.2572916666666668
0 0.52109375 0.13854166666666673 0.48984375 0.13854166666666673 0.48984375 0.20520833333333338 0.52109375 0.20520833333333338
0 0.47890625 0.14270833333333338 0.45390625 0.14270833333333338 0.45390625 0.20312500000000006 0.47890625 0.20312500000000006
1 0.4828125 0.20312500000000006 0.47890625 0.20312500000000006 0.47890625 0.20416666666666672 0.4828125 0.20416666666666672
0 0.475 0.11666666666666675 0.45546875 0.11666666666666675 0.45546875 0.1364583333333334 0.475 0.1364583333333334
0 0.4953125 0.12500000000000008 0.484375 0.12500000000000008 0.484375 0.15833333333333338 0.4953125 0.15833333333333338
3 0.4953125 0.10000000000000009 0.48828125 0.10000000000000009 0.48828125 0.12083333333333342 0.4953125 0.12083333333333342