0 0.6523437500000001 0.9541666666666667 0.5625 0.9541666666666667 0.5625000000000001 1 0.6523437500000002 1
0 0.7796875000000001 0.7291666666666667 0.65859375 0.7291666666666666 0.6585937500000001 0.9916666666666668 0.7796875000000002 0.9916666666666669
3 0.7046875000000001 0.9 0.6484375 0.9 0.6484375000000001 1 0.7046875000000001 1
3 0.6578125 0.734375 0.61640625 0.734375 0.61640625 0.9083333333333333 0.6578125 0.9083333333333333
3 0.821875 0.8218750000000002 0.76953125 0.8218750000000002 0.7695312500000001 0.9843750000000002 0.821875 0.9843750000000002
3 0.8828125 0.9072916666666669 0.83671875 0.9072916666666669 0.83671875 1.0000000000000002 0.8828125 1.0000000000000002
3 0.9625 0.9468750000000002 0.9140625 0.9468750000000002 0.9140625 1.0000000000000002 0.9625 1.0000000000000002
3 0.89453125 0.8489583333333336 0.84375 0.8489583333333336 0.84375 0.9718750000000003 0.89453125 0.9718750000000003
3 0.84140625 0.7697916666666669 0.79921875 0.7697916666666669 0.79921875 0.9343750000000003 0.84140625 0.9343750000000003
3 0.80625 0.6989583333333336 0.76796875 0.6989583333333336 0.76796875 0.8270833333333336 0.80625 0.8270833333333336
3 0.75703125 0.7031250000000002 0.728125 0.7031250000000002 0.728125 0.8135416666666669 0.75703125 0.8135416666666669
0 0.690625 0.5635416666666667 0.596875 0.5635416666666667 0.596875 0.753125 0.690625 0.753125
3 0.73125 0.6375000000000001 0.69765625 0.6375 0.69765625 0.7322916666666668 0.73125 0.7322916666666669
0 0.6109375000000001 0.7177083333333333 0.51953125 0.7177083333333333 0.5195312500000001 0.9802083333333333 0.6109375000000001 0.9802083333333333
3 0.603125 0.5614583333333333 0.57265625 0.5614583333333333 0.57265625 0.659375 0.603125 0.659375
3 0.59765625 0.5010416666666668 0.5671875 0.5010416666666668 0.5671875 0.575 0.59765625 0.575
3 0.503125 0.48020833333333346 0.48046875 0.48020833333333346 0.48046875 0.56875 0.503125 0.56875
0 0.56015625 0.49062500000000014 0.50546875 0.49062500000000014 0.50546875 0.5885416666666666 0.56015625 0.5885416666666666
3 0.52890625 0.4687500000000001 0.50703125 0.4687500000000001 0.50703125 0.5218750000000001 0.52890625 0.5218750000000001
3 0.50546875 0.4531250000000001 0.4875 0.4531250000000001 0.4875 0.5052083333333335 0.50546875 0.5052083333333335
3 0.68984375 0.5302083333333335 0.66875 0.5302083333333335 0.66875 0.6270833333333333 0.68984375 0.6270833333333333
0 0.790625 0.5343750000000002 0.696875 0.534375 0.696875 0.7083333333333335 0.790625 0.7083333333333336
3 0.71875 0.5083333333333334 0.703125 0.5083333333333334 0.703125 0.5458333333333333 0.71875 0.5458333333333333
3 0.68671875 0.4875000000000001 0.6625 0.4875000000000001 0.6625 0.553125 0.68671875 0.553125
3 0.6734375 0.4093750000000001 0.65234375 0.4093750000000001 0.65234375 0.4697916666666668 0.6734375 0.4697916666666668
3 0.6828125 0.4375000000000001 0.66484375 0.4375000000000001 0.66484375 0.47812500000000013 0.6828125 0.47812500000000013
3 0.64453125 0.3937500000000001 0.62578125 0.3937500000000001 0.62578125 0.4718750000000001 0.64453125 0.4718750000000001
3 0.653125 0.37083333333333346 0.63671875 0.37083333333333346 0.63671875 0.44583333333333347 0.653125 0.44583333333333347
3 0.63125 0.36562500000000014 0.6109375 0.36562500000000014 0.6109375 0.4218750000000001 0.63125 0.4218750000000001
3 0.62578125 0.34583333333333344 0.6078125 0.34583333333333344 0.6078125 0.38645833333333346 0.62578125 0.38645833333333346
0 0.609375 0.34791666666666676 0.5640625 0.34791666666666676 0.5640625 0.44375000000000014 0.609375 0.44375000000000014
3 0.5890625 0.3156250000000001 0.575 0.3156250000000001 0.575 0.35312500000000013 0.5890625 0.35312500000000013
3 0.61015625 0.3072916666666668 0.5984375 0.3072916666666668 0.5984375 0.35312500000000013 0.61015625 0.35312500000000013
3 0.6265625 0.3177083333333334 0.609375 0.3177083333333334 0.609375 0.36145833333333344 0.6265625 0.36145833333333344
0 0.57734375 0.3125000000000001 0.5390625 0.3125000000000001 0.5390625 0.4010416666666668 0.57734375 0.4010416666666668
3 0.5703125 0.2822916666666668 0.55859375 0.2822916666666668 0.55859375 0.32187500000000013 0.5703125 0.32187500000000013
3 0.5828125 0.29062500000000013 0.5703125 0.29062500000000013 0.5703125 0.3312500000000001 0.5828125 0.3312500000000001
3 0.60546875 0.2791666666666668 0.590625 0.2791666666666668 0.590625 0.3312500000000001 0.60546875 0.3312500000000001
3 0.5921875 0.2781250000000001 0.58125 0.2781250000000001 0.58125 0.31458333333333344 0.5921875 0.31458333333333344
0 0.56015625 0.2864583333333334 0.52734375 0.2864583333333334 0.52734375 0.33645833333333347 0.56015625 0.33645833333333347
3 0.5578125 0.25625000000000014 0.54765625 0.25625000000000014 0.54765625 0.2947916666666668 0.5578125 0.2947916666666668
3 0.56640625 0.26979166666666676 0.5578125 0.26979166666666676 0.5578125 0.3020833333333334 0.56640625 0.3020833333333334
3 0.5796875 0.26145833333333346 0.5671875 0.26145833333333346 0.5671875 0.2968750000000001 0.5796875 0.2968750000000001
3 0.578125 0.24270833333333344 0.5671875 0.24270833333333344 0.5671875 0.2656250000000001 0.578125 0.2656250000000001
0 0.54375 0.21666666666666673 0.515625 0.21666666666666673 0.515625 0.27708333333333346 0.54375 0.27708333333333346
3 0.54609375 0.2052083333333334 0.53515625 0.20520833333333338 0.53515625 0.24375000000000008 0.54609375 0.2437500000000001
3 0.56171875 0.2125000000000001 0.5515625 0.2125000000000001 0.5515625 0.25208333333333344 0.56171875 0.25208333333333344
3 0.48828125 0.28333333333333344 0.47421875 0.28333333333333344 0.47421875 0.33020833333333344 0.48828125 0.33020833333333344
3 0.49921875 0.2708333333333334 0.48515625 0.2708333333333334 0.48515625 0.32395833333333346 0.49921875 0.32395833333333346
3 0.51328125 0.25625000000000003 0.5015625 0.25625000000000003 0.5015625 0.3020833333333334 0.51328125 0.3020833333333334
3 0.49140625 0.31145833333333345 0.47578125 0.31145833333333345 0.47578125 0.38333333333333347 0.49140625 0.38333333333333347
3 0.48046875 0.2489583333333334 0.46796875 0.2489583333333334 0.46796875 0.2947916666666668 0.48046875 0.2947916666666668
0 0.5015625 0.21562500000000007 0.47421875 0.21562500000000007 0.47421875 0.27395833333333347 0.5015625 0.27395833333333347
3 0.48046875 0.20729166666666674 0.47109375 0.20729166666666674 0.47109375 0.24062500000000006 0.48046875 0.24062500000000006
3 0.4984375 0.19479166666666672 0.4890625 0.19479166666666672 0.4890625 0.2270833333333334 0.4984375 0.2270833333333334
3 0.50859375 0.18437500000000007 0.49765625 0.18437500000000007 0.49765625 0.22083333333333338 0.50859375 0.22083333333333338
3 0.528125 0.1864583333333334 0.5171875 0.1864583333333334 0.5171875 0.21979166666666672 0.528125 0.21979166666666672
3 0.54921875 0.1895833333333334 0.5359375 0.18958333333333338 0.5359375 0.22604166666666675 0.54921875 0.22604166666666678
3 0.4734375 0.17187500000000006 0.4609375 0.17187500000000006 0.4609375 0.20937500000000006 0.4734375 0.20937500000000006
3 0.47734375 0.15416666666666673 0.46796875 0.15416666666666673 0.46796875 0.1822916666666667 0.47734375 0.1822916666666667
3 0.48671875 0.15937500000000007 0.47734375 0.15937500000000007 0.47734375 0.19166666666666674 0.48671875 0.19166666666666674
3 0.4875 0.1458333333333334 0.48046875 0.1458333333333334 0.48046875 0.17187500000000006 0.4875 0.17187500000000006
3 0.51484375 0.16979166666666673 0.50625 0.16979166666666673 0.50625 0.20312500000000006 0.51484375 0.20312500000000006
0 0.50625 0.15000000000000005 0.48828125 0.15000000000000005 0.48828125 0.18437500000000007 0.50625 0.18437500000000007
3 0.5265625 0.15416666666666673 0.5171875 0.15416666666666673 0.5171875 0.1833333333333334 0.5265625 0.1833333333333334
0 0.4734375 0.13229166666666675 0.45859375 0.13229166666666675 0.45859375 0.16250000000000006 0.4734375 0.16250000000000006
3 0.4703125 0.11979166666666675 0.46015625 0.11979166666666675 0.46015625 0.13854166666666673 0.4703125 0.13854166666666673
3 0.4796875 0.12604166666666675 0.47265625 0.12604166666666675 0.47265625 0.1489583333333334 0.4796875 0.1489583333333334
3 0.496875 0.14375000000000007 0.48828125 0.14375000000000007 0.48828125 0.16041666666666674 0.496875 0.16041666666666674
0 0.49296875 0.1218750000000001 0.48046875 0.1218750000000001 0.48046875 0.1489583333333334 0.49296875 0.1489583333333334
3 0.49453125 0.1364583333333334 0.4875 0.1364583333333334 0.4875 0.15312500000000007 0.49453125 0.15312500000000007
3 0.515625 0.15312500000000007 0.5078125 0.15312500000000007 0.5078125 0.17187500000000006 0.515625 0.17187500000000006
3 0.51015625 0.13437500000000005 0.50390625 0.13437500000000005 0.50390625 0.15937500000000007 0.51015625 0.15937500000000007
3 0.515625 0.14166666666666672 0.5078125 0.14166666666666672 0.5078125 0.15833333333333338 0.515625 0.15833333333333338
0 0.4734375 0.10520833333333342 0.46171875 0.10520833333333342 0.46171875 0.13020833333333343 0.4734375 0.13020833333333343
0 0.490625 0.11041666666666676 0.47890625 0.11041666666666676 0.47890625 0.1312500000000001 0.490625 0.1312500000000001
3 0.5 0.11875000000000009 0.49140625 0.11875000000000009 0.49140625 0.13437500000000005 0.5 0.13437500000000005
3 0.50859375 0.12083333333333342 0.50078125 0.12083333333333342 0.50078125 0.1354166666666667 0.50859375 0.1354166666666667
0 0.484375 0.08958333333333342 0.47578125 0.08958333333333342 0.47578125 0.11041666666666676 0.484375 0.11041666666666676
1 0.50625 0.08958333333333342 0.48828125 0.08958333333333342 0.48828125 0.12083333333333342 0.50625 0.12083333333333342
0 0.50703125 0.08125000000000009 0.4984375 0.08125000000000009 0.4984375 0.09583333333333342 0.50703125 0.09583333333333342
3 0.5171875 0.30520833333333347 0.5015625 0.30520833333333347 0.5015625 0.34270833333333345 0.5171875 0.34270833333333345
0 0.534375 0.3406250000000001 0.49296875 0.3406250000000001 0.49296875 0.4250000000000001 0.534375 0.4250000000000001
3 0.53515625 0.32395833333333346 0.51796875 0.32395833333333346 0.51796875 0.3750000000000001 0.53515625 0.3750000000000001
0 0.6078125 0.4041666666666668 0.55 0.4041666666666668 0.55 0.5187500000000002 0.6078125 0.5187500000000002
0 0.6671875 0.4791666666666668 0.5984375 0.4791666666666668 0.5984375 0.5875 0.6671875 0.5875
0 0.58203125 0.565625 0.5078125 0.565625 0.5078125 0.7364583333333333 0.58203125 0.7364583333333333