3 0.3937500000000001 0.9145833333333333 0.3492187500000001 0.9145833333333333 0.3492187500000001 1 0.3937500000000001 1
3 0.4570312500000001 0.81875 0.41484375 0.81875 0.41484375000000007 0.9916666666666667 0.45703125000000017 0.9916666666666667
3 0.4984375 0.7041666666666667 0.45390625 0.7041666666666667 0.45390625 0.8583333333333333 0.4984375 0.8583333333333333
3 0.434375 0.6885416666666667 0.3929687500000001 0.6885416666666667 0.3929687500000001 0.8041666666666667 0.434375 0.8041666666666667
3 0.43984375 0.7739583333333333 0.40078125 0.7739583333333333 0.40078125 0.9052083333333333 0.43984375 0.9052083333333333
3 0.3921875000000001 0.7322916666666667 0.3500000000000001 0.7322916666666667 0.3500000000000001 0.9020833333333333 0.3921875000000001 0.9020833333333333
3 0.3398437500000001 0.8854166666666666 0.28593750000000007 0.8854166666666666 0.28593750000000007 1 0.3398437500000001 1
3 0.2765625000000001 0.8260416666666667 0.2171875000000001 0.8260416666666667 0.2171875000000001 1 0.2765625000000001 1
3 0.1507812500000001 0.9375 0.10468750000000009 0.9375 0.10468750000000009 1 0.1507812500000001 1
3 0.07812500000000008 0.9458333333333333 0.02578125000000009 0.9458333333333333 0.02578125000000009 1 0.07812500000000008 1
3 0.22031250000000008 0.71875 0.18203125000000003 0.71875 0.18203125000000006 0.8791666666666667 0.22031250000000008 0.8791666666666667
3 0.2335937500000001 0.659375 0.19218750000000004 0.659375 0.19218750000000007 0.7635416666666667 0.2335937500000001 0.7635416666666667
3 0.2882812500000001 0.6416666666666667 0.2531250000000001 0.6416666666666667 0.2531250000000001 0.775 0.2882812500000001 0.775
3 0.2851562500000001 0.5635416666666667 0.2578125000000001 0.5635416666666667 0.2578125000000001 0.64375 0.2851562500000001 0.64375
3 0.3375000000000001 0.5375 0.3078125000000001 0.5375 0.3078125000000001 0.6270833333333333 0.3375000000000001 0.6270833333333333
3 0.3046875000000001 0.496875 0.28203125000000007 0.496875 0.28203125000000007 0.5958333333333333 0.3046875000000001 0.5958333333333333
3 0.3460937500000001 0.496875 0.3179687500000001 0.496875 0.3179687500000001 0.56875 0.3460937500000001 0.56875
3 0.33984375000000006 0.46979166666666666 0.3140625 0.46979166666666666 0.3140625 0.5270833333333333 0.3398437500000001 0.5270833333333333
3 0.31875000000000003 0.45 0.2890625 0.45 0.28906250000000006 0.5291666666666667 0.3187500000000001 0.5291666666666667
3 0.37890625000000006 0.44375000000000003 0.34765625 0.44375 0.34765625000000006 0.5333333333333333 0.3789062500000001 0.5333333333333333
3 0.37265625 0.40937500000000004 0.3453125 0.409375 0.3453125 0.46354166666666674 0.37265625 0.4635416666666668
3 0.3578125 0.38333333333333336 0.33359375 0.38333333333333336 0.33359375 0.465625 0.3578125 0.465625
3 0.45390625 0.4041666666666668 0.43203125 0.4041666666666668 0.43203125 0.48333333333333345 0.45390625 0.48333333333333345
3 0.45 0.36145833333333344 0.43203125 0.36145833333333344 0.43203125 0.4250000000000001 0.45 0.4250000000000001
3 0.4296875 0.3885416666666668 0.4109375 0.3885416666666668 0.4109375 0.44687500000000013 0.4296875 0.44687500000000013
3 0.40234375 0.40000000000000013 0.384375 0.40000000000000013 0.384375 0.4697916666666668 0.40234375 0.4697916666666668
3 0.4109375 0.3781250000000001 0.4 0.3781250000000001 0.4 0.44375000000000014 0.4109375 0.44375000000000014
3 0.40078125 0.3593750000000001 0.38203125 0.3593750000000001 0.38203125 0.4229166666666668 0.40078125 0.4229166666666668
3 0.38984375 0.3312500000000001 0.37421875 0.3312500000000001 0.37421875 0.3885416666666668 0.38984375 0.3885416666666668
3 0.46875 0.35208333333333347 0.453125 0.35208333333333347 0.453125 0.4197916666666668 0.46875 0.4197916666666668
3 0.478125 0.31875000000000014 0.46015625 0.31875000000000014 0.46015625 0.3822916666666668 0.478125 0.3822916666666668
3 0.425 0.3447916666666668 0.409375 0.3447916666666668 0.409375 0.3916666666666668 0.425 0.3916666666666668
3 0.41484375 0.33020833333333344 0.40390625 0.33020833333333344 0.40390625 0.38125000000000014 0.41484375 0.38125000000000014
3 0.409375 0.31666666666666676 0.3953125 0.31666666666666676 0.3953125 0.37395833333333345 0.409375 0.37395833333333345
3 0.4328125 0.30833333333333346 0.41875 0.30833333333333346 0.41875 0.3729166666666668 0.4328125 0.3729166666666668
3 0.42734375 0.28750000000000014 0.4140625 0.28750000000000014 0.4140625 0.3354166666666668 0.42734375 0.3354166666666668
3 0.44453125 0.26354166666666673 0.43125 0.26354166666666673 0.43125 0.31145833333333345 0.44453125 0.31145833333333345
3 0.42890625 0.2583333333333334 0.41484375 0.2583333333333334 0.41484375 0.28541666666666676 0.42890625 0.28541666666666676
3 0.415625 0.27187500000000014 0.40625 0.27187500000000014 0.40625 0.31145833333333345 0.415625 0.31145833333333345
3 0.43125 0.23437500000000006 0.41875 0.23437500000000006 0.41875 0.2583333333333334 0.43125 0.2583333333333334
3 0.45234375 0.20937500000000006 0.44375 0.20937500000000006 0.44375 0.23541666666666672 0.45234375 0.23541666666666672
3 0.471875 0.2114583333333334 0.46328125 0.2114583333333334 0.46328125 0.24375000000000005 0.471875 0.24375000000000005
3 0.46796875 0.1958333333333334 0.45859375 0.1958333333333334 0.45859375 0.21979166666666672 0.46796875 0.21979166666666672
3 0.478125 0.20000000000000007 0.46875 0.20000000000000007 0.46875 0.23125000000000007 0.478125 0.23125000000000007
3 0.51171875 0.22291666666666674 0.4984375 0.22291666666666674 0.4984375 0.2666666666666668 0.51171875 0.2666666666666668
3 0.4609375 0.25729166666666675 0.446875 0.25729166666666675 0.446875 0.2812500000000001 0.4609375 0.2812500000000001
3 0.4921875 0.18854166666666672 0.4828125 0.18854166666666672 0.4828125 0.20520833333333338 0.4921875 0.20520833333333338
3 0.48203125 0.18958333333333338 0.4734375 0.18958333333333338 0.4734375 0.21875000000000006 0.48203125 0.21875000000000006
3 0.48359375 0.1770833333333334 0.475 0.1770833333333334 0.475 0.20312500000000006 0.48359375 0.20312500000000006
3 0.48125 0.13229166666666675 0.475 0.13229166666666675 0.475 0.1510416666666667 0.48125 0.1510416666666667
3 0.48203125 0.1520833333333334 0.4734375 0.1520833333333334 0.4734375 0.17500000000000007 0.48203125 0.17500000000000007
3 0.47578125 0.14687500000000006 0.4671875 0.14687500000000006 0.4671875 0.1708333333333334 0.47578125 0.1708333333333334
3 0.4890625 0.14479166666666674 0.48203125 0.14479166666666674 0.48203125 0.15937500000000007 0.4890625 0.15937500000000007
3 0.49609375 0.14687500000000006 0.4890625 0.14687500000000006 0.4890625 0.17291666666666672 0.49609375 0.17291666666666672
3 0.49375 0.1312500000000001 0.4859375 0.1312500000000001 0.4859375 0.14791666666666672 0.49375 0.14791666666666672
3 0.5078125 0.1312500000000001 0.49921875 0.1312500000000001 0.49921875 0.14479166666666674 0.5078125 0.14479166666666674
0 0.5140625 0.17812500000000006 0.4875 0.17812500000000006 0.4875 0.2177083333333334 0.5140625 0.2177083333333334
0 0.2312500000000001 0.98125 0.16562500000000008 0.98125 0.16562500000000008 1 0.2312500000000001 1
0 0.3843750000000001 0.571875 0.2945312500000001 0.571875 0.2945312500000001 0.765625 0.3843750000000001 0.765625
0 0.496875 0.4447916666666668 0.434375 0.4447916666666668 0.434375 0.5989583333333334 0.496875 0.5989583333333334
0 0.4359375 0.4343750000000001 0.37890625 0.4343750000000001 0.37890625000000006 0.5510416666666667 0.4359375 0.5510416666666667
0 0.515625 0.35833333333333345 0.465625 0.35833333333333345 0.465625 0.46770833333333345 0.515625 0.46770833333333345
0 0.4734375 0.27395833333333347 0.43671875 0.27395833333333347 0.43671875 0.3447916666666668 0.4734375 0.3447916666666668
0 0.4609375 0.2270833333333334 0.4296875 0.2270833333333334 0.4296875 0.27708333333333346 0.4609375 0.27708333333333346
0 0.49140625 0.21979166666666672 0.46484375 0.21979166666666672 0.46484375 0.2760416666666668 0.49140625 0.2760416666666668
0 0.49921875 0.20416666666666672 0.47578125 0.20416666666666672 0.47578125 0.2447916666666667 0.49921875 0.2447916666666667
0 0.5421875 0.19687500000000005 0.51171875 0.19687500000000005 0.51171875 0.2593750000000001 0.5421875 0.2593750000000001
0 0.5140625 0.16250000000000006 0.49453125 0.16250000000000006 0.49453125 0.18541666666666673 0.5140625 0.18541666666666673
0 0.51171875 0.1510416666666667 0.4953125 0.1510416666666667 0.4953125 0.16979166666666673 0.51171875 0.16979166666666673
0 0.515625 0.14062500000000006 0.5015625 0.14062500000000006 0.5015625 0.16041666666666674 0.515625 0.16041666666666674
0 0.5171875 0.13750000000000007 0.503125 0.13750000000000007 0.503125 0.1510416666666667 0.5171875 0.1510416666666667
0 0.49375 0.1552083333333334 0.475 0.1552083333333334 0.475 0.1802083333333334 0.49375 0.1802083333333334
0 0.503125 0.1364583333333334 0.48984375 0.1364583333333334 0.48984375 0.15625000000000006 0.503125 0.15625000000000006
0 0.52265625 0.11875000000000009 0.5125 0.11875000000000009 0.5125 0.14062500000000006 0.52265625 0.14062500000000006
0 0.50546875 0.11354166666666675 0.4890625 0.11354166666666675 0.4890625 0.13229166666666675 0.50546875 0.13229166666666675
0 0.540625 0.11875000000000009 0.5296875 0.11875000000000009 0.5296875 0.1281250000000001 0.540625 0.1281250000000001
0 0.5375 0.12500000000000008 0.52421875 0.12500000000000008 0.52421875 0.1364583333333334 0.5375 0.1364583333333334
0 0.5109375 0.10520833333333342 0.49765625 0.10520833333333342 0.49765625 0.12083333333333342 0.5109375 0.12083333333333342
0 0.525 0.10833333333333342 0.51484375 0.10833333333333342 0.51484375 0.12291666666666676 0.525 0.12291666666666676
2 0.54296875 0.10208333333333343 0.52734375 0.10208333333333343 0.52734375 0.13020833333333343 0.54296875 0.13020833333333343
1 0.55078125 0.12395833333333342 0.5125 0.12395833333333342 0.5125 0.21041666666666675 0.55078125 0.21041666666666678
3 0.55078125 0.1583333333333334 0.54375 0.15833333333333338 0.54375 0.18854166666666675 0.55078125 0.18854166666666677
3 0.50859375 0.09791666666666675 0.50390625 0.09791666666666675 0.50390625 0.11354166666666675 0.50859375 0.11354166666666675
3 0.5015625 0.09375000000000008 0.49609375 0.09375000000000008 0.49609375 0.11041666666666676 0.5015625 0.11041666666666676
3 0.49609375 0.09687500000000009 0.490625 0.09687500000000009 0.490625 0.11458333333333343 0.49609375 0.11458333333333343
0 0.521875 0.09583333333333342 0.509375 0.09583333333333342 0.509375 0.11354166666666675 0.521875 0.11354166666666675
0 0.5125 0.24791666666666673 0.47265625 0.24791666666666673 0.47265625 0.3135416666666668 0.5125 0.3135416666666668