3 0.70234375 0.5333333333333333 0.66953125 0.5333333333333333 0.66953125 0.6416666666666667 0.70234375 0.6416666666666667
3 0.5640625 0.39895833333333347 0.53671875 0.39895833333333347 0.53671875 0.5062500000000001 0.5640625 0.5062500000000001
3 0.68359375 0.40833333333333344 0.65 0.40833333333333344 0.65 0.5145833333333335 0.68359375 0.5145833333333335
3 0.56796875 0.28020833333333345 0.553125 0.28020833333333345 0.553125 0.33437500000000014 0.56796875 0.33437500000000014
3 0.58984375 0.25416666666666676 0.57734375 0.25416666666666676 0.57734375 0.30520833333333347 0.58984375 0.30520833333333347
3 0.51875 0.28020833333333345 0.50234375 0.28020833333333345 0.50234375 0.3354166666666668 0.51875 0.3354166666666668
3 0.603125 0.6520833333333333 0.57421875 0.6520833333333333 0.57421875 0.746875 0.603125 0.746875
3 0.55078125 0.6635416666666667 0.51953125 0.6635416666666667 0.51953125 0.790625 0.55078125 0.790625
3 0.5265625 0.7354166666666667 0.49375 0.7354166666666667 0.49375 0.875 0.5265625 0.875
3 0.596875 0.7260416666666667 0.5734375 0.7260416666666667 0.5734375 0.7979166666666667 0.596875 0.7979166666666667
0 0.628125 0.7854166666666667 0.5578125 0.7854166666666667 0.5578125 1 0.6281250000000002 1
0 0.7484375000000001 0.7854166666666668 0.6609375 0.7854166666666667 0.6609375000000001 1.0000000000000002 0.7484375000000002 1.0000000000000002
0 0.878125 0.8010416666666669 0.7953125 0.8010416666666669 0.7953125000000001 1.0000000000000002 0.878125 1.0000000000000002
0 0.678125 0.640625 0.6171875 0.640625 0.6171875 0.7958333333333333 0.678125 0.7958333333333333
0 0.53984375 0.18750000000000006 0.51640625 0.18750000000000006 0.51640625 0.23437500000000006 0.53984375 0.23437500000000006
3 0.496875 0.17291666666666672 0.48671875 0.17291666666666672 0.48671875 0.20104166666666673 0.496875 0.20104166666666673
3 0.51171875 0.1708333333333334 0.50234375 0.1708333333333334 0.50234375 0.20104166666666673 0.51171875 0.20104166666666673
3 0.484375 0.12083333333333342 0.478125 0.12083333333333342 0.478125 0.14062500000000006 0.484375 0.14062500000000006
3 0.50546875 0.14791666666666672 0.49375 0.14791666666666672 0.49375 0.17291666666666672 0.50546875 0.17291666666666672
0 0.5015625 0.12500000000000008 0.4921875 0.12500000000000008 0.4921875 0.15000000000000005 0.5015625 0.15000000000000005
0 0.49609375 0.09479166666666676 0.48828125 0.09479166666666676 0.48828125 0.11250000000000009 0.49609375 0.11250000000000009