0 0.65859375 0.6135416666666667 0.56953125 0.6135416666666667 0.56953125 0.85 0.65859375 0.85
0 0.55859375 0.5083333333333334 0.50078125 0.5083333333333334 0.50078125 0.6510416666666666 0.55859375 0.6510416666666666
0 0.66171875 0.4583333333333334 0.59765625 0.4583333333333334 0.59765625 0.5760416666666667 0.66171875 0.5760416666666667
0 0.62265625 0.35833333333333345 0.57109375 0.35833333333333345 0.57109375 0.4531250000000001 0.62265625 0.4531250000000001
0 0.52421875 0.4010416666666668 0.48125 0.4010416666666668 0.48125 0.4979166666666668 0.52421875 0.4979166666666668
0 0.56953125 0.3604166666666668 0.52578125 0.3604166666666668 0.52578125 0.4479166666666668 0.56953125 0.4479166666666668
0 0.51953125 0.35208333333333347 0.48046875 0.35208333333333347 0.48046875 0.41562500000000013 0.51953125 0.41562500000000013
0 0.55078125 0.2729166666666668 0.5171875 0.2729166666666668 0.5171875 0.3354166666666668 0.55078125 0.3354166666666668
0 0.58671875 0.30625000000000013 0.55546875 0.30625000000000013 0.55546875 0.3760416666666668 0.58671875 0.3760416666666668
0 0.4921875 0.23645833333333338 0.4640625 0.23645833333333338 0.4640625 0.28541666666666676 0.4921875 0.28541666666666676
0 0.5203125 0.2270833333333334 0.49609375 0.2270833333333334 0.49609375 0.2822916666666668 0.5203125 0.2822916666666668
0 0.56953125 0.2500000000000001 0.54296875 0.25000000000000006 0.54296875 0.2979166666666668 0.56953125 0.2979166666666668
0 0.5515625 0.22395833333333343 0.528125 0.2239583333333334 0.528125 0.2666666666666668 0.5515625 0.2666666666666668
0 0.48359375 0.1979166666666667 0.46484375 0.1979166666666667 0.46484375 0.23437500000000006 0.48359375 0.23437500000000006
0 0.46953125 0.18437500000000007 0.453125 0.18437500000000007 0.453125 0.21979166666666672 0.46953125 0.21979166666666672
0 0.5078125 0.19479166666666672 0.4890625 0.19479166666666672 0.4890625 0.22604166666666672 0.5078125 0.22604166666666672
3 0.515625 0.1864583333333334 0.51015625 0.1864583333333334 0.51015625 0.20729166666666674 0.515625 0.20729166666666674
0 0.52890625 0.18854166666666672 0.51796875 0.18854166666666672 0.51796875 0.2083333333333334 0.52890625 0.2083333333333334
3 0.48984375 0.1822916666666667 0.4828125 0.1822916666666667 0.4828125 0.21250000000000005 0.48984375 0.21250000000000005
0 0.5015625 0.17500000000000007 0.48828125 0.17500000000000007 0.48828125 0.18958333333333338 0.5015625 0.18958333333333338
0 0.4703125 0.1666666666666667 0.4609375 0.1666666666666667 0.4609375 0.1822916666666667 0.4703125 0.1822916666666667
0 0.50234375 0.15729166666666672 0.48984375 0.15729166666666672 0.48984375 0.17604166666666674 0.50234375 0.17604166666666674
0 0.503125 0.1520833333333334 0.4921875 0.1520833333333334 0.4921875 0.1645833333333334 0.503125 0.1645833333333334
2 0.47109375 0.1354166666666667 0.45703125 0.1354166666666667 0.45703125 0.1666666666666667 0.47109375 0.1666666666666667
3 0.478125 0.14166666666666672 0.47421875 0.14166666666666672 0.47421875 0.15937500000000007 0.478125 0.15937500000000007
2 0.49140625 0.12395833333333342 0.48125 0.12395833333333342 0.48125 0.1552083333333334 0.49140625 0.1552083333333334
3 0.47421875 0.11354166666666675 0.46875 0.11354166666666675 0.46875 0.1312500000000001 0.47421875 0.1312500000000001
2 0.4828125 0.09895833333333343 0.47421875 0.09895833333333343 0.47421875 0.12291666666666676 0.4828125 0.12291666666666676
3 0.51640625 0.32187500000000013 0.5046875 0.32187500000000013 0.5046875 0.37083333333333346 0.51640625 0.37083333333333346
3 0.5328125 0.3291666666666668 0.5203125 0.3291666666666668 0.5203125 0.3750000000000001 0.5328125 0.3750000000000001
3 0.55390625 0.46250000000000013 0.534375 0.46250000000000013 0.534375 0.5395833333333333 0.55390625 0.5395833333333333
3 0.59609375 0.4427083333333334 0.5734375 0.4427083333333334 0.5734375 0.49583333333333346 0.59609375 0.49583333333333346
3 0.59921875 0.49062500000000014 0.57734375 0.49062500000000014 0.57734375 0.5822916666666667 0.59921875 0.5822916666666667
3 0.57890625 0.5052083333333335 0.5515625 0.5052083333333335 0.5515625 0.6020833333333333 0.57890625 0.6020833333333333
3 0.61328125 0.5614583333333333 0.59140625 0.5614583333333333 0.59140625 0.6322916666666667 0.61328125 0.6322916666666667
3 0.65 0.553125 0.62734375 0.553125 0.62734375 0.6489583333333333 0.65 0.6489583333333333
3 0.67421875 0.6010416666666667 0.65078125 0.6010416666666667 0.65078125 0.715625 0.67421875 0.715625
3 0.70546875 0.546875 0.684375 0.546875 0.684375 0.6614583333333334 0.70546875 0.6614583333333334
3 0.7296875 0.5406250000000001 0.703125 0.540625 0.703125 0.6437500000000002 0.7296875 0.6437500000000003
3 0.71875 0.49895833333333345 0.69453125 0.49895833333333345 0.69453125 0.5739583333333333 0.71875 0.5739583333333333
3 0.6828125 0.4635416666666668 0.6625 0.4635416666666668 0.6625 0.5552083333333333 0.6828125 0.5552083333333333
3 0.73671875 0.6427083333333334 0.7 0.6427083333333333 0.7 0.7666666666666668 0.73671875 0.7666666666666669
3 0.778125 0.6031250000000002 0.7515625 0.6031250000000002 0.7515625 0.7218750000000003 0.778125 0.7218750000000003
3 0.82578125 0.6947916666666669 0.79375 0.6947916666666669 0.79375 0.8333333333333336 0.82578125 0.8333333333333336
2 0.8234375 0.8375000000000001 0.6484375 0.8375 0.6484375000000001 1.0000000000000002 0.8234375 1.0000000000000002
3 0.80390625 0.7916666666666669 0.76015625 0.7916666666666669 0.76015625 0.9156250000000002 0.80390625 0.9156250000000002
3 0.865625 0.8031250000000002 0.81484375 0.8031250000000002 0.81484375 0.9520833333333336 0.865625 0.9520833333333336
3 0.94453125 0.9229166666666669 0.8890625 0.9229166666666669 0.8890625 1.0000000000000002 0.94453125 1.0000000000000002
3 0.65234375 0.41041666666666676 0.6328125 0.41041666666666676 0.6328125 0.48854166666666676 0.65234375 0.48854166666666676
3 0.671875 0.39895833333333347 0.653125 0.39895833333333347 0.653125 0.4697916666666668 0.671875 0.4697916666666668
3 0.653125 0.3666666666666668 0.6375 0.3666666666666668 0.6375 0.42395833333333344 0.653125 0.42395833333333344
3 0.63515625 0.36145833333333344 0.6125 0.36145833333333344 0.6125 0.4322916666666668 0.63515625 0.4322916666666668
3 0.60625 0.3125000000000001 0.59453125 0.3125000000000001 0.59453125 0.3572916666666668 0.60625 0.3572916666666668
3 0.615625 0.3229166666666668 0.60234375 0.3229166666666668 0.60234375 0.36770833333333347 0.615625 0.36770833333333347
3 0.63671875 0.3312500000000001 0.62265625 0.3312500000000001 0.62265625 0.3802083333333334 0.63671875 0.3802083333333334
3 0.59296875 0.29270833333333346 0.58046875 0.29270833333333346 0.58046875 0.3291666666666668 0.59296875 0.3291666666666668
3 0.603125 0.27708333333333346 0.590625 0.27708333333333346 0.590625 0.3291666666666668 0.603125 0.3291666666666668
3 0.5890625 0.26145833333333346 0.57890625 0.26145833333333346 0.57890625 0.29895833333333344 0.5890625 0.29895833333333344
3 0.57109375 0.2500000000000001 0.56484375 0.2500000000000001 0.56484375 0.2791666666666668 0.57109375 0.2791666666666668
3 0.57890625 0.24791666666666679 0.57109375 0.24791666666666679 0.57109375 0.2885416666666668 0.57890625 0.2885416666666668
3 0.47890625 0.29895833333333344 0.46796875 0.29895833333333344 0.46796875 0.3468750000000001 0.47890625 0.3468750000000001
3 0.4734375 0.26770833333333344 0.46328125 0.26770833333333344 0.46328125 0.3093750000000001 0.4734375 0.3093750000000001
3 0.4859375 0.2781250000000001 0.4734375 0.2781250000000001 0.4734375 0.3135416666666668 0.4859375 0.3135416666666668
3 0.48984375 0.3135416666666668 0.48046875 0.3135416666666668 0.48046875 0.35833333333333345 0.48984375 0.35833333333333345
3 0.49921875 0.3000000000000001 0.48828125 0.3000000000000001 0.48828125 0.3437500000000001 0.49921875 0.3437500000000001
3 0.50546875 0.28333333333333344 0.4953125 0.28333333333333344 0.4953125 0.32708333333333345 0.50546875 0.32708333333333345
3 0.4765625 0.21666666666666673 0.46796875 0.21666666666666673 0.46796875 0.24791666666666673 0.4765625 0.24791666666666673
3 0.4859375 0.21666666666666673 0.4796875 0.21666666666666673 0.4796875 0.24062500000000006 0.4859375 0.24062500000000006
3 0.49375 0.2270833333333334 0.48671875 0.2270833333333334 0.48671875 0.26041666666666674 0.49375 0.26041666666666674
0 0.50234375 0.12083333333333342 0.49296875 0.12083333333333342 0.49296875 0.1395833333333334 0.50234375 0.1395833333333334
0 0.503125 0.11145833333333342 0.4953125 0.11145833333333342 0.4953125 0.12291666666666676 0.503125 0.12291666666666676
0 0.4953125 0.09687500000000009 0.48671875 0.09687500000000009 0.48671875 0.11041666666666676 0.4953125 0.11041666666666676
0 0.5015625 0.09895833333333343 0.496875 0.09895833333333343 0.496875 0.11041666666666676 0.5015625 0.11041666666666676
3 0.57734375 0.2385416666666668 0.57265625 0.2385416666666668 0.57265625 0.2572916666666668 0.57734375 0.2572916666666668
3 0.5609375 0.22083333333333346 0.5546875 0.22083333333333346 0.5546875 0.2500000000000001 0.5609375 0.2500000000000001
3 0.5703125 0.2229166666666668 0.56328125 0.2229166666666668 0.56328125 0.2510416666666668 0.5703125 0.2510416666666668
3 0.53828125 0.19479166666666672 0.53203125 0.19479166666666672 0.53203125 0.2145833333333334 0.53828125 0.2145833333333334
3 0.5375 0.2135416666666667 0.5328125 0.2135416666666667 0.5328125 0.2239583333333334 0.5375 0.2239583333333334
3 0.5453125 0.19791666666666677 0.53984375 0.1979166666666667 0.53984375 0.21979166666666675 0.5453125 0.21979166666666677
3 0.559375 0.1979166666666668 0.55234375 0.1979166666666668 0.55234375 0.22083333333333346 0.559375 0.22083333333333346
3 0.525 0.2177083333333334 0.51796875 0.2177083333333334 0.51796875 0.25000000000000006 0.525 0.25000000000000006
3 0.5171875 0.21041666666666672 0.51015625 0.21041666666666672 0.51015625 0.23229166666666673 0.5171875 0.23229166666666673
3 0.45546875 0.1666666666666667 0.45 0.1666666666666667 0.45 0.1958333333333334 0.45546875 0.1958333333333334
3 0.4765625 0.18437500000000007 0.471875 0.18437500000000007 0.471875 0.20416666666666672 0.4765625 0.20416666666666672
3 0.4828125 0.1833333333333334 0.47734375 0.1833333333333334 0.47734375 0.2114583333333334 0.4828125 0.2114583333333334
3 0.48046875 0.16250000000000006 0.47421875 0.16250000000000006 0.47421875 0.18854166666666672 0.48046875 0.18854166666666672
3 0.48671875 0.1666666666666667 0.48046875 0.1666666666666667 0.48046875 0.18750000000000006 0.48671875 0.18750000000000006
3 0.48125 0.15312500000000007 0.4765625 0.15312500000000007 0.4765625 0.17291666666666672 0.48125 0.17291666666666672
3 0.4875 0.1489583333333334 0.48125 0.1489583333333334 0.48125 0.1708333333333334 0.4875 0.1708333333333334
0 0.48125 0.11979166666666675 0.47421875 0.11979166666666675 0.47421875 0.14270833333333338 0.48125 0.14270833333333338
3 0.55078125 0.20000000000000012 0.54453125 0.20000000000000012 0.54453125 0.22395833333333345 0.55078125 0.22395833333333345
3 0.53125 0.2114583333333334 0.52578125 0.2114583333333334 0.52578125 0.2291666666666667 0.53125 0.2291666666666667
3 0.54375 0.1770833333333334 0.53671875 0.1770833333333334 0.53671875 0.1989583333333334 0.54375 0.1989583333333334
3 0.55 0.18750000000000008 0.54375 0.18750000000000006 0.54375 0.20312500000000008 0.55 0.2031250000000001
3 0.509375 0.18541666666666673 0.50546875 0.18541666666666673 0.50546875 0.20520833333333338 0.509375 0.20520833333333338
3 0.53203125 0.1645833333333334 0.52578125 0.1645833333333334 0.52578125 0.19166666666666674 0.53203125 0.19166666666666674
3 0.51875 0.16250000000000006 0.51171875 0.16250000000000006 0.51171875 0.1833333333333334 0.51875 0.1833333333333334
3 0.5109375 0.1614583333333334 0.50625 0.1614583333333334 0.50625 0.1770833333333334 0.5109375 0.1770833333333334
3 0.51015625 0.1489583333333334 0.50625 0.1489583333333334 0.50625 0.16041666666666674 0.51015625 0.16041666666666674
3 0.515625 0.1510416666666667 0.5109375 0.1510416666666667 0.5109375 0.16354166666666672 0.515625 0.16354166666666672
3 0.52109375 0.15312500000000007 0.51640625 0.15312500000000007 0.51640625 0.16354166666666672 0.52109375 0.16354166666666672
3 0.50078125 0.13750000000000007 0.49453125 0.13750000000000007 0.49453125 0.1510416666666667 0.50078125 0.1510416666666667
3 0.50703125 0.1395833333333334 0.5015625 0.1395833333333334 0.5015625 0.1552083333333334 0.50703125 0.1552083333333334
0 0.50703125 0.13229166666666675 0.49765625 0.13229166666666675 0.49765625 0.14791666666666672 0.50703125 0.14791666666666672
3 0.5125 0.10520833333333342 0.50703125 0.10520833333333342 0.50703125 0.1270833333333334 0.5125 0.1270833333333334
0 0.50703125 0.09479166666666676 0.5015625 0.09479166666666676 0.5015625 0.10520833333333342 0.50703125 0.10520833333333342