2 0.4843750000000001 0.6979166666666666 0.3617187500000001 0.6979166666666666 0.3617187500000001 1 0.48437500000000017 1
0 0.2734375000000001 0.9125 0.1710937500000001 0.9125 0.1710937500000001 1 0.2734375000000001 1
0 0.3671875000000001 0.68125 0.2539062500000001 0.68125 0.2539062500000001 0.9 0.3671875000000001 0.9
0 0.4953125 0.6229166666666667 0.41484375 0.6229166666666667 0.41484375 0.7302083333333333 0.4953125 0.7302083333333333
0 0.403125 0.5166666666666667 0.3117187500000001 0.5166666666666667 0.3117187500000001 0.69375 0.403125 0.69375
0 0.4390625 0.4604166666666668 0.38125 0.4604166666666668 0.38125000000000003 0.5770833333333333 0.4390625 0.5770833333333333
0 0.50625 0.41458333333333347 0.45859375 0.41458333333333347 0.45859375 0.5416666666666666 0.50625 0.5416666666666666
0 0.4375 0.3697916666666668 0.3890625 0.3697916666666668 0.3890625 0.44375000000000014 0.4375 0.44375000000000014
0 0.5109375 0.31666666666666676 0.47265625 0.31666666666666676 0.47265625 0.4135416666666668 0.5109375 0.4135416666666668
0 0.4515625 0.33958333333333346 0.41171875 0.33958333333333346 0.41171875 0.4322916666666668 0.4515625 0.4322916666666668
0 0.528125 0.21041666666666672 0.50625 0.21041666666666672 0.50625 0.27708333333333346 0.528125 0.27708333333333346
0 0.4421875 0.2729166666666668 0.3953125 0.2729166666666668 0.3953125 0.3468750000000001 0.4421875 0.3468750000000001
0 0.4875 0.20625000000000007 0.46171875 0.20625000000000007 0.46171875 0.27500000000000013 0.4875 0.27500000000000013
3 0.1140625000000001 0.9354166666666667 0.07421875000000008 0.9354166666666667 0.07421875000000008 1 0.1140625000000001 1
3 0.21640625000000008 0.8833333333333333 0.12421875000000009 0.8833333333333333 0.12421875000000009 0.996875 0.21640625000000008 0.996875
3 0.2179687500000001 0.8010416666666667 0.1781250000000001 0.8010416666666667 0.1781250000000001 0.9 0.2179687500000001 0.9
3 0.2484375000000001 0.7385416666666667 0.2078125000000001 0.7385416666666667 0.2078125000000001 0.8416666666666667 0.2484375000000001 0.8416666666666667
3 0.3968750000000001 0.6302083333333334 0.3507812500000001 0.6302083333333334 0.3507812500000001 0.7385416666666667 0.3968750000000001 0.7385416666666667
3 0.3765625 0.3291666666666667 0.33984375 0.32916666666666666 0.33984375 0.4020833333333334 0.3765625 0.40208333333333346
3 0.4875 0.3666666666666668 0.4515625 0.3666666666666668 0.4515625 0.4270833333333334 0.4875 0.4270833333333334
3 0.44140625 0.24375000000000005 0.42109375 0.24375000000000005 0.42109375 0.2864583333333334 0.44140625 0.2864583333333334
3 0.4703125 0.20937500000000006 0.45625 0.20937500000000006 0.45625 0.2447916666666667 0.4703125 0.2447916666666667
3 0.48984375 0.1822916666666667 0.478125 0.1822916666666667 0.478125 0.20520833333333338 0.48984375 0.20520833333333338
3 0.5 0.1708333333333334 0.49140625 0.1708333333333334 0.49140625 0.1927083333333334 0.5 0.1927083333333334
3 0.48359375 0.15729166666666672 0.4734375 0.15729166666666672 0.4734375 0.17812500000000006 0.48359375 0.17812500000000006
3 0.49296875 0.14375000000000007 0.484375 0.14375000000000007 0.484375 0.1645833333333334 0.49296875 0.1645833333333334
3 0.50390625 0.14166666666666672 0.49375 0.14166666666666672 0.49375 0.1708333333333334 0.50390625 0.1708333333333334
3 0.51328125 0.12916666666666676 0.5046875 0.12916666666666676 0.5046875 0.1510416666666667 0.51328125 0.1510416666666667
3 0.515625 0.11145833333333342 0.50234375 0.11145833333333342 0.50234375 0.13437500000000005 0.515625 0.13437500000000005
3 0.5046875 0.10729166666666676 0.49453125 0.10729166666666676 0.49453125 0.13020833333333343 0.5046875 0.13020833333333343
3 0.53359375 0.11354166666666675 0.525 0.11354166666666675 0.525 0.1354166666666667 0.53359375 0.1354166666666667
3 0.5203125 0.09791666666666675 0.51328125 0.09791666666666675 0.51328125 0.11041666666666676 0.5203125 0.11041666666666676
3 0.4921875 0.09791666666666675 0.4859375 0.09791666666666675 0.4859375 0.10937500000000008 0.4921875 0.10937500000000008
3 0.496875 0.09270833333333342 0.49140625 0.09270833333333342 0.49140625 0.10312500000000009 0.496875 0.10312500000000009
3 0.4890625 0.08958333333333342 0.48359375 0.08958333333333342 0.48359375 0.10312500000000009 0.4890625 0.10312500000000009