3 0.5140625 0.546875 0.484375 0.546875 0.484375 0.6645833333333333 0.5140625 0.6645833333333333
3 0.4609375 0.534375 0.43359375 0.534375 0.43359375 0.628125 0.4609375 0.628125
0 0.4203125 0.54375 0.3187500000000001 0.54375 0.3187500000000001 0.771875 0.4203125 0.771875
3 0.46640625 0.625 0.4390625 0.625 0.4390625 0.7552083333333334 0.46640625 0.7552083333333334
3 0.45625 0.3718750000000001 0.4375 0.3718750000000001 0.4375 0.4562500000000001 0.45625 0.4562500000000001
3 0.425 0.33229166666666676 0.4 0.33229166666666676 0.4 0.4041666666666668 0.425 0.4041666666666668
3 0.5546875 0.19270833333333343 0.540625 0.1927083333333334 0.540625 0.23437500000000008 0.5546875 0.2343750000000001
0 0.57734375 0.13229166666666675 0.56171875 0.13229166666666675 0.56171875 0.17291666666666677 0.57734375 0.17291666666666677
0 0.55625 0.13333333333333341 0.53671875 0.1333333333333334 0.53671875 0.17708333333333343 0.55625 0.17708333333333345
3 0.5390625 0.18750000000000006 0.52890625 0.18750000000000006 0.52890625 0.22291666666666674 0.5390625 0.22291666666666674
3 0.5296875 0.16979166666666673 0.51875 0.16979166666666673 0.51875 0.20000000000000007 0.5296875 0.20000000000000007
3 0.53125 0.1864583333333334 0.521875 0.1864583333333334 0.521875 0.2177083333333334 0.53125 0.2177083333333334
3 0.53046875 0.3104166666666668 0.50703125 0.3104166666666668 0.50703125 0.3510416666666668 0.53046875 0.3510416666666668
0 0.55703125 0.2614583333333334 0.521875 0.2614583333333334 0.521875 0.3281250000000001 0.55703125 0.3281250000000001
0 0.54375 0.3447916666666668 0.496875 0.3447916666666668 0.496875 0.43645833333333345 0.54375 0.43645833333333345
0 0.50390625 0.3197916666666668 0.46875 0.3197916666666668 0.46875 0.3958333333333334 0.50390625 0.3958333333333334
3 0.465625 0.28750000000000014 0.440625 0.28750000000000014 0.440625 0.3437500000000001 0.465625 0.3437500000000001
3 0.4421875 0.2729166666666668 0.42109375 0.2729166666666668 0.42109375 0.32708333333333345 0.4421875 0.32708333333333345
3 0.465625 0.22500000000000006 0.453125 0.22500000000000006 0.453125 0.2729166666666668 0.465625 0.2729166666666668
0 0.51328125 0.2447916666666667 0.4796875 0.2447916666666667 0.4796875 0.31458333333333344 0.51328125 0.31458333333333344
0 0.4984375 0.20416666666666672 0.47109375 0.20416666666666672 0.47109375 0.26562500000000006 0.4984375 0.26562500000000006
3 0.4203125 0.44166666666666676 0.38984375 0.44166666666666676 0.38984375000000004 0.5333333333333333 0.4203125 0.5333333333333333
3 0.38359375 0.38125000000000014 0.36484375 0.38125000000000014 0.36484375 0.4541666666666668 0.38359375 0.4541666666666668
3 0.40703125 0.3854166666666668 0.38671875 0.3854166666666668 0.38671875 0.4562500000000001 0.40703125 0.4562500000000001
3 0.38046875 0.47604166666666675 0.35078125 0.47604166666666664 0.35078125000000004 0.5572916666666666 0.3804687500000001 0.5572916666666666
3 0.34687500000000004 0.45208333333333334 0.3296875 0.45208333333333334 0.3296875 0.5416666666666666 0.3468750000000001 0.5416666666666666
3 0.3398437500000001 0.49375 0.3101562500000001 0.49375 0.3101562500000001 0.5854166666666667 0.3398437500000001 0.5854166666666667
3 0.28593750000000007 0.5791666666666667 0.2375000000000001 0.5791666666666667 0.2375000000000001 0.7083333333333334 0.28593750000000007 0.7083333333333334
3 0.2929687500000001 0.7052083333333333 0.24765625000000008 0.7052083333333333 0.24765625000000008 0.8625 0.2929687500000001 0.8625
3 0.2375000000000001 0.6760416666666667 0.2000000000000001 0.6760416666666667 0.2000000000000001 0.8322916666666667 0.2375000000000001 0.8322916666666667
3 0.1867187500000001 0.8625 0.1351562500000001 0.8625 0.1351562500000001 0.9854166666666667 0.1867187500000001 0.9854166666666667
3 0.23984375000000008 0.846875 0.20078125000000008 0.846875 0.20078125000000008 0.9677083333333333 0.23984375000000008 0.9677083333333333
3 0.4445312500000001 0.9041666666666667 0.40078125 0.9041666666666667 0.4007812500000001 1 0.44453125000000016 1
0 0.3359375000000001 0.8739583333333333 0.2429687500000001 0.8739583333333333 0.2429687500000001 1 0.3359375000000001 1
2 0.57265625 0.10520833333333342 0.5578125 0.10520833333333342 0.5578125 0.13645833333333346 0.57265625 0.13645833333333346
0 0.546875 0.11145833333333342 0.5328125 0.11145833333333342 0.5328125 0.13437500000000008 0.546875 0.1343750000000001
0 0.5515625 0.09270833333333342 0.53515625 0.09270833333333342 0.53515625 0.11666666666666675 0.5515625 0.11666666666666675
3 0.53515625 0.10104166666666675 0.5296875 0.10104166666666675 0.5296875 0.12395833333333342 0.53515625 0.12395833333333342
3 0.53671875 0.08750000000000009 0.53125 0.08750000000000009 0.53125 0.10729166666666676 0.53671875 0.10729166666666676
0 0.54296875 0.07291666666666675 0.53515625 0.07291666666666675 0.53515625 0.08854166666666675 0.54296875 0.08854166666666675
2 0.57109375 0.08229166666666675 0.55546875 0.08229166666666675 0.55546875 0.11041666666666676 0.57109375 0.11041666666666676