0 0.6562500000000001 0.9552083333333333 0.5828125 0.9552083333333333 0.5828125000000001 1 0.6562500000000002 1
0 0.84375 0.7687500000000003 0.72578125 0.7687500000000003 0.72578125 1.0000000000000002 0.84375 1.0000000000000002
0 0.6625 0.47812500000000013 0.5859375 0.47812500000000013 0.5859375 0.575 0.6625 0.575
0 0.50078125 0.18958333333333338 0.47734375 0.18958333333333338 0.47734375 0.2270833333333334 0.50078125 0.2270833333333334
0 0.51953125 0.15625000000000006 0.50390625 0.15625000000000006 0.50390625 0.19687500000000005 0.51953125 0.19687500000000005
0 0.496875 0.14062500000000006 0.48671875 0.14062500000000006 0.48671875 0.1666666666666667 0.496875 0.1666666666666667
0 0.4921875 0.11458333333333343 0.48515625 0.11458333333333343 0.48515625 0.14062500000000006 0.4921875 0.14062500000000006
3 0.703125 0.8270833333333333 0.6390625 0.8270833333333333 0.6390625 0.9635416666666666 0.703125 0.9635416666666666
3 0.878125 0.8572916666666669 0.83125 0.8572916666666669 0.83125 0.9906250000000002 0.878125 0.9906250000000002
3 0.83046875 0.6812500000000002 0.7984375 0.6812500000000002 0.7984375 0.7968750000000002 0.83046875 0.7968750000000002
3 0.6328125 0.6072916666666667 0.58984375 0.6072916666666667 0.58984375 0.7302083333333333 0.6328125 0.7302083333333333
3 0.715625 0.4854166666666668 0.6875 0.4854166666666668 0.6875 0.5635416666666667 0.715625 0.5635416666666667
3 0.57890625 0.44166666666666676 0.553125 0.44166666666666676 0.553125 0.5270833333333335 0.57890625 0.5270833333333335
3 0.5515625 0.3489583333333334 0.52265625 0.3489583333333334 0.52265625 0.4187500000000001 0.5515625 0.4187500000000001
3 0.6203125 0.3135416666666668 0.59765625 0.3135416666666668 0.59765625 0.37395833333333345 0.6203125 0.37395833333333345
3 0.58125 0.2760416666666668 0.5625 0.2760416666666668 0.5625 0.3312500000000001 0.58125 0.3312500000000001
3 0.59765625 0.26770833333333344 0.57734375 0.26770833333333344 0.57734375 0.31666666666666676 0.59765625 0.31666666666666676
3 0.5671875 0.2437500000000001 0.553125 0.2437500000000001 0.553125 0.2968750000000001 0.5671875 0.2968750000000001
3 0.55546875 0.26250000000000007 0.53125 0.26250000000000007 0.53125 0.3000000000000001 0.55546875 0.3000000000000001
3 0.540625 0.22500000000000006 0.51953125 0.22500000000000006 0.51953125 0.26979166666666676 0.540625 0.26979166666666676
3 0.52890625 0.19062500000000007 0.51328125 0.19062500000000007 0.51328125 0.22500000000000006 0.52890625 0.22500000000000006
3 0.49375 0.21041666666666672 0.4765625 0.21041666666666672 0.4765625 0.2510416666666667 0.49375 0.2510416666666667
3 0.5015625 0.16562500000000005 0.4890625 0.16562500000000005 0.4890625 0.1927083333333334 0.5015625 0.1927083333333334
3 0.490625 0.1489583333333334 0.47890625 0.1489583333333334 0.47890625 0.1822916666666667 0.490625 0.1822916666666667
3 0.484375 0.11145833333333342 0.47421875 0.11145833333333342 0.47421875 0.1364583333333334 0.484375 0.1364583333333334
3 0.50390625 0.10416666666666675 0.49375 0.10416666666666675 0.49375 0.12291666666666676 0.50390625 0.12291666666666676
3 0.49375 0.10104166666666675 0.4875 0.10104166666666675 0.4875 0.11979166666666675 0.49375 0.11979166666666675
3 0.50703125 0.08750000000000009 0.4984375 0.08750000000000009 0.4984375 0.10833333333333342 0.50703125 0.10833333333333342