0 0.8515625 0.9614583333333335 0.74375 0.9614583333333335 0.7437500000000001 1.0000000000000002 0.8515625 1.0000000000000002
0 0.5921875 0.6270833333333333 0.51171875 0.6270833333333333 0.51171875 0.8708333333333333 0.5921875 0.8708333333333333
0 0.55859375 0.24583333333333343 0.515625 0.2458333333333334 0.515625 0.31875000000000014 0.55859375 0.31875000000000014
0 0.525 0.22083333333333338 0.4921875 0.22083333333333338 0.4921875 0.27187500000000014 0.525 0.27187500000000014
1 0.50859375 0.11875000000000009 0.48515625 0.11875000000000009 0.48515625 0.17604166666666674 0.50859375 0.17604166666666674
0 0.503125 0.10000000000000009 0.4890625 0.10000000000000009 0.4890625 0.11770833333333343 0.503125 0.11770833333333343
0 0.51015625 0.08437500000000009 0.49453125 0.08437500000000009 0.49453125 0.10312500000000009 0.51015625 0.10312500000000009
0 0.5203125 0.07708333333333342 0.509375 0.07708333333333342 0.509375 0.09687500000000009 0.5203125 0.09687500000000009
3 0.47734375 0.1062500000000001 0.46796875 0.1062500000000001 0.46796875 0.1270833333333334 0.47734375 0.1270833333333334
3 0.4734375 0.12604166666666675 0.45546875 0.12604166666666675 0.45546875 0.14791666666666672 0.4734375 0.14791666666666672
3 0.47109375 0.12916666666666676 0.46640625 0.12916666666666676 0.46640625 0.15729166666666672 0.47109375 0.15729166666666672
3 0.4796875 0.1364583333333334 0.47109375 0.1364583333333334 0.47109375 0.15833333333333338 0.4796875 0.15833333333333338
3 0.5125 0.13437500000000005 0.5046875 0.13437500000000005 0.5046875 0.15833333333333338 0.5125 0.15833333333333338
3 0.50703125 0.11250000000000009 0.5 0.11250000000000009 0.5 0.1270833333333334 0.50703125 0.1270833333333334
3 0.49609375 0.10833333333333342 0.4875 0.10833333333333342 0.4875 0.12083333333333342 0.49609375 0.12083333333333342
3 0.4796875 0.15416666666666673 0.46875 0.15416666666666673 0.46875 0.1864583333333334 0.4796875 0.1864583333333334
3 0.5234375 0.1489583333333334 0.515625 0.1489583333333334 0.515625 0.17916666666666672 0.5234375 0.17916666666666672
3 0.53046875 0.1677083333333334 0.5203125 0.1677083333333334 0.5203125 0.19479166666666672 0.53046875 0.19479166666666672
3 0.48203125 0.21875000000000006 0.47109375 0.21875000000000006 0.47109375 0.26041666666666674 0.48203125 0.26041666666666674
3 0.52578125 0.19687500000000005 0.51953125 0.19687500000000005 0.51953125 0.23437500000000006 0.52578125 0.23437500000000006
3 0.534375 0.2083333333333334 0.5265625 0.2083333333333334 0.5265625 0.2489583333333334 0.534375 0.2489583333333334
3 0.53046875 0.19375000000000006 0.525 0.19375000000000006 0.525 0.21250000000000005 0.53046875 0.21250000000000005
3 0.55546875 0.20937500000000012 0.54609375 0.20937500000000012 0.54609375 0.2437500000000001 0.55546875 0.2437500000000001
3 0.62265625 0.3135416666666668 0.60703125 0.3135416666666668 0.60703125 0.37708333333333344 0.62265625 0.37708333333333344
3 0.5984375 0.48854166666666676 0.57734375 0.48854166666666676 0.57734375 0.59375 0.5984375 0.59375
3 0.65234375 0.5333333333333333 0.61953125 0.5333333333333333 0.61953125 0.6510416666666666 0.65234375 0.6510416666666666