0 0.4429687500000001 0.9135416666666667 0.3203125000000001 0.9135416666666667 0.3203125000000001 0.9979166666666667 0.4429687500000002 0.9979166666666667
3 0.4898437500000002 0.971875 0.44453125000000016 0.971875 0.44453125000000016 1 0.4898437500000002 1
3 0.5039062500000001 0.8510416666666667 0.47109375 0.8510416666666667 0.4710937500000001 0.98125 0.5039062500000002 0.98125
3 0.5 0.771875 0.4640625 0.771875 0.4640625 0.8625 0.5 0.8625
3 0.5109375 0.6916666666666667 0.47890625 0.6916666666666667 0.47890625 0.7927083333333333 0.5109375 0.7927083333333333
3 0.5015625 0.6395833333333333 0.4734375 0.6395833333333333 0.4734375 0.7333333333333333 0.5015625 0.7333333333333333
3 0.509375 0.5916666666666667 0.484375 0.5916666666666667 0.484375 0.66875 0.509375 0.66875
3 0.51640625 0.55 0.49296875 0.55 0.49296875 0.6197916666666666 0.51640625 0.6197916666666666
3 0.51953125 0.5114583333333335 0.49765625 0.5114583333333335 0.49765625 0.584375 0.51953125 0.584375
3 0.43828125 0.6541666666666667 0.409375 0.6541666666666667 0.409375 0.7510416666666667 0.43828125 0.7510416666666667
3 0.4453125 0.6145833333333334 0.41953125 0.6145833333333334 0.41953125 0.6875 0.4453125 0.6875
3 0.4203125 0.5979166666666667 0.3859375000000001 0.5979166666666667 0.3859375000000001 0.7208333333333333 0.4203125 0.7208333333333333
3 0.4140625 0.5229166666666668 0.3890625000000001 0.5229166666666668 0.3890625000000001 0.609375 0.4140625 0.609375
3 0.42890625 0.48645833333333344 0.40390625 0.48645833333333344 0.40390625 0.5854166666666667 0.42890625 0.5854166666666667
3 0.52578125 0.35208333333333347 0.5078125 0.35208333333333347 0.5078125 0.42604166666666676 0.52578125 0.42604166666666676
0 0.44296875 0.7302083333333333 0.34453125000000007 0.7302083333333333 0.34453125000000007 0.9385416666666667 0.44296875 0.9385416666666667
3 0.1320312500000001 0.9364583333333333 0.09375000000000008 0.9364583333333333 0.09375000000000008 1 0.1320312500000001 1
3 0.07578125000000009 0.9708333333333333 0.04453125000000009 0.9708333333333333 0.04453125000000009 1 0.07578125000000009 1
3 0.18750000000000008 0.9302083333333333 0.1507812500000001 0.9302083333333333 0.1507812500000001 1 0.18750000000000008 1
3 0.1937500000000001 0.85 0.1468750000000001 0.85 0.1468750000000001 0.965625 0.1937500000000001 0.965625
3 0.1429687500000001 0.86875 0.08828125000000009 0.86875 0.08828125000000009 0.9739583333333334 0.1429687500000001 0.9739583333333334
3 0.1867187500000001 0.8104166666666667 0.14453125000000008 0.8104166666666667 0.14453125000000008 0.9208333333333333 0.1867187500000001 0.9208333333333333
3 0.2429687500000001 0.7885416666666667 0.1984375000000001 0.7885416666666667 0.1984375000000001 0.959375 0.2429687500000001 0.959375
3 0.2195312500000001 0.7385416666666667 0.1867187500000001 0.7385416666666667 0.1867187500000001 0.8760416666666667 0.2195312500000001 0.8760416666666667
3 0.2609375000000001 0.71875 0.2257812500000001 0.71875 0.2257812500000001 0.8395833333333333 0.2609375000000001 0.8395833333333333
0 0.3656250000000001 0.709375 0.24765625000000008 0.709375 0.24765625000000008 0.9239583333333333 0.3656250000000001 0.9239583333333333
3 0.2890625000000001 0.6572916666666667 0.2539062500000001 0.6572916666666667 0.2539062500000001 0.7927083333333333 0.2890625000000001 0.7927083333333333
3 0.3156250000000001 0.615625 0.2843750000000001 0.615625 0.2843750000000001 0.7239583333333334 0.3156250000000001 0.7239583333333334
0 0.3281250000000001 0.5072916666666667 0.24375000000000008 0.5072916666666667 0.24375000000000008 0.671875 0.3281250000000001 0.671875
3 0.3351562500000001 0.5791666666666667 0.29765625000000007 0.5791666666666667 0.29765625000000007 0.6385416666666667 0.3351562500000001 0.6385416666666667
0 0.4015625 0.5427083333333333 0.3203125000000001 0.5427083333333333 0.3203125000000001 0.709375 0.4015625 0.709375
3 0.3554687500000001 0.5322916666666667 0.3257812500000001 0.5322916666666667 0.3257812500000001 0.5854166666666667 0.3554687500000001 0.5854166666666667
3 0.34375000000000006 0.48020833333333335 0.3203125 0.48020833333333335 0.32031250000000006 0.5479166666666667 0.3437500000000001 0.5479166666666667
3 0.3007812500000001 0.48854166666666665 0.2812500000000001 0.48854166666666665 0.2812500000000001 0.5229166666666667 0.3007812500000001 0.5229166666666667
3 0.30937500000000007 0.45208333333333334 0.2890625 0.45208333333333334 0.28906250000000006 0.5114583333333333 0.30937500000000007 0.5114583333333333
3 0.33515625000000004 0.46041666666666664 0.31875 0.46041666666666664 0.31875000000000003 0.509375 0.3351562500000001 0.509375
3 0.32578125 0.434375 0.30859375 0.434375 0.30859375000000006 0.5083333333333333 0.3257812500000001 0.5083333333333333
3 0.36250000000000004 0.45 0.34609375 0.45 0.34609375000000003 0.53125 0.3625000000000001 0.53125
0 0.4203125 0.42083333333333345 0.3640625 0.42083333333333345 0.36406250000000007 0.5354166666666667 0.4203125 0.5354166666666667
3 0.3765625 0.41979166666666673 0.36015625 0.4197916666666667 0.36015625 0.47604166666666675 0.3765625 0.4760416666666668
3 0.34765625 0.4322916666666667 0.33203125 0.4322916666666667 0.33203125 0.4822916666666667 0.34765625 0.4822916666666667
3 0.36015625 0.403125 0.34453125 0.403125 0.34453125 0.45625 0.36015625 0.45625
3 0.38125 0.40208333333333346 0.36328125 0.40208333333333346 0.36328125 0.43958333333333344 0.38125 0.43958333333333344
3 0.39609375 0.3697916666666668 0.38046875 0.3697916666666668 0.38046875 0.42083333333333345 0.39609375 0.42083333333333345
3 0.36484375 0.3552083333333334 0.34921875 0.35520833333333335 0.34921875 0.39791666666666675 0.36484375 0.3979166666666668
3 0.3671875 0.36979166666666674 0.35390625 0.3697916666666667 0.35390625 0.4052083333333334 0.3671875 0.40520833333333345
3 0.384375 0.3625000000000001 0.37265625 0.3625000000000001 0.37265625 0.4010416666666668 0.384375 0.4010416666666668
3 0.3828125 0.35312500000000013 0.36640625 0.35312500000000013 0.36640625 0.3885416666666668 0.3828125 0.3885416666666668
3 0.39296875 0.30833333333333346 0.38125 0.30833333333333346 0.38125 0.3604166666666668 0.39296875 0.3604166666666668
3 0.3828125 0.3333333333333334 0.3671875 0.3333333333333334 0.3671875 0.3625000000000001 0.3828125 0.3625000000000001
2 0.46640625 0.2885416666666668 0.390625 0.2885416666666668 0.390625 0.4562500000000001 0.46640625 0.4562500000000001
3 0.46875 0.30833333333333346 0.4546875 0.30833333333333346 0.4546875 0.3666666666666668 0.46875 0.3666666666666668
3 0.4015625 0.32083333333333347 0.38671875 0.32083333333333347 0.38671875 0.37916666666666676 0.4015625 0.37916666666666676
3 0.40390625 0.28541666666666676 0.3890625 0.28541666666666676 0.3890625 0.3229166666666668 0.40390625 0.3229166666666668
3 0.428125 0.28541666666666676 0.41875 0.28541666666666676 0.41875 0.2979166666666668 0.428125 0.2979166666666668
3 0.41015625 0.2729166666666668 0.4015625 0.2729166666666668 0.4015625 0.30833333333333346 0.41015625 0.30833333333333346
3 0.415625 0.2593750000000001 0.40546875 0.2593750000000001 0.40546875 0.29583333333333345 0.415625 0.29583333333333345
3 0.42578125 0.2489583333333334 0.41484375 0.2489583333333334 0.41484375 0.28020833333333345 0.42578125 0.28020833333333345
0 0.4875 0.24166666666666672 0.45625 0.24166666666666672 0.45625 0.2979166666666668 0.4875 0.2979166666666668
0 0.4703125 0.26979166666666676 0.43984375 0.26979166666666676 0.43984375 0.3135416666666668 0.4703125 0.3135416666666668
3 0.4609375 0.26250000000000007 0.4546875 0.26250000000000007 0.4546875 0.27708333333333346 0.4609375 0.27708333333333346
3 0.4953125 0.2427083333333334 0.48359375 0.2427083333333334 0.48359375 0.2822916666666668 0.4953125 0.2822916666666668
3 0.50859375 0.2239583333333334 0.49765625 0.2239583333333334 0.49765625 0.26041666666666674 0.50859375 0.26041666666666674
3 0.496875 0.2083333333333334 0.48515625 0.2083333333333334 0.48515625 0.2458333333333334 0.496875 0.2458333333333334
3 0.4515625 0.20937500000000006 0.44140625 0.20937500000000006 0.44140625 0.24166666666666672 0.4515625 0.24166666666666672
3 0.4625 0.19166666666666674 0.45234375 0.19166666666666674 0.45234375 0.2270833333333334 0.4625 0.2270833333333334
3 0.4703125 0.17916666666666672 0.46015625 0.17916666666666672 0.46015625 0.2135416666666667 0.4703125 0.2135416666666667
0 0.50078125 0.18437500000000007 0.48046875 0.18437500000000007 0.48046875 0.22083333333333338 0.50078125 0.22083333333333338
3 0.48671875 0.16979166666666673 0.47890625 0.16979166666666673 0.47890625 0.1989583333333334 0.48671875 0.1989583333333334
3 0.47578125 0.1677083333333334 0.4671875 0.1677083333333334 0.4671875 0.20000000000000007 0.47578125 0.20000000000000007
0 0.5171875 0.1666666666666667 0.49765625 0.1666666666666667 0.49765625 0.2020833333333334 0.5171875 0.2020833333333334
3 0.5015625 0.16041666666666674 0.49609375 0.16041666666666674 0.49609375 0.1864583333333334 0.5015625 0.1864583333333334
3 0.49609375 0.16250000000000006 0.490625 0.16250000000000006 0.490625 0.18437500000000007 0.49609375 0.18437500000000007
3 0.51328125 0.14687500000000006 0.5046875 0.14687500000000006 0.5046875 0.17187500000000006 0.51328125 0.17187500000000006
3 0.49765625 0.1281250000000001 0.48984375 0.1281250000000001 0.48984375 0.15937500000000007 0.49765625 0.15937500000000007
0 0.5203125 0.11666666666666675 0.50703125 0.11666666666666675 0.50703125 0.1510416666666667 0.5203125 0.1510416666666667
3 0.50234375 0.11250000000000009 0.49453125 0.11250000000000009 0.49453125 0.13229166666666675 0.50234375 0.13229166666666675
3 0.53359375 0.12604166666666675 0.5265625 0.12604166666666675 0.5265625 0.15312500000000007 0.53359375 0.15312500000000007
3 0.52734375 0.12500000000000008 0.52109375 0.12500000000000008 0.52109375 0.1489583333333334 0.52734375 0.1489583333333334
3 0.5359375 0.11562500000000009 0.53046875 0.11562500000000009 0.53046875 0.13854166666666673 0.5359375 0.13854166666666673
3 0.5140625 0.10312500000000009 0.50625 0.10312500000000009 0.50625 0.12395833333333342 0.5140625 0.12395833333333342
3 0.5046875 0.09166666666666676 0.49765625 0.09166666666666676 0.49765625 0.11250000000000009 0.5046875 0.11250000000000009
3 0.5 0.08437500000000009 0.49453125 0.08437500000000009 0.49453125 0.09895833333333343 0.5 0.09895833333333343
3 0.496875 0.09479166666666676 0.4921875 0.09479166666666676 0.4921875 0.11562500000000009 0.496875 0.11562500000000009
0 0.53203125 0.20312500000000006 0.50625 0.20312500000000006 0.50625 0.2489583333333334 0.53203125 0.2489583333333334
0 0.52578125 0.2541666666666667 0.49609375 0.2541666666666667 0.49609375 0.30625000000000013 0.52578125 0.30625000000000013
0 0.4546875 0.23541666666666672 0.42421875 0.23541666666666672 0.42421875 0.2812500000000001 0.4546875 0.2812500000000001
0 0.515625 0.30312500000000014 0.47421875 0.30312500000000014 0.47421875 0.3729166666666668 0.515625 0.3729166666666668
0 0.50234375 0.34270833333333345 0.46640625 0.34270833333333345 0.46640625 0.4187500000000001 0.50234375 0.4187500000000001
0 0.49453125 0.3906250000000001 0.4453125 0.3906250000000001 0.4453125 0.4843750000000001 0.49453125 0.4843750000000001
0 0.48671875 0.45520833333333344 0.41796875 0.45520833333333344 0.41796875 0.6125 0.48671875 0.6125