0 0.4703125000000001 0.7364583333333333 0.3710937500000001 0.7364583333333333 0.3710937500000001 1 0.4703125000000002 1
0 0.3320312500000001 0.8333333333333334 0.1984375000000001 0.8333333333333334 0.1984375000000001 1 0.3320312500000001 1
0 0.3578125000000001 0.5489583333333333 0.2539062500000001 0.5489583333333333 0.2539062500000001 0.7333333333333333 0.3578125000000001 0.7333333333333333
0 0.44375 0.6041666666666666 0.3468750000000001 0.6041666666666666 0.3468750000000001 0.7354166666666667 0.44375 0.7354166666666667
0 0.5078125 0.5625 0.42734375 0.5625 0.42734375 0.7416666666666667 0.5078125 0.7416666666666667
0 0.50625 0.4406250000000001 0.4578125 0.4406250000000001 0.4578125 0.5552083333333333 0.50625 0.5552083333333333
0 0.45546875 0.41458333333333347 0.39921875 0.41458333333333347 0.39921875000000007 0.5187500000000002 0.45546875 0.5187500000000002
0 0.5109375 0.37916666666666676 0.4671875 0.37916666666666676 0.4671875 0.4562500000000001 0.5109375 0.4562500000000001
0 0.4734375 0.29583333333333345 0.425 0.29583333333333345 0.425 0.3750000000000001 0.4734375 0.3750000000000001
0 0.52734375 0.28750000000000014 0.49140625 0.28750000000000014 0.49140625 0.3510416666666668 0.52734375 0.3510416666666668
0 0.5265625 0.26250000000000007 0.4828125 0.26250000000000007 0.4828125 0.30625000000000013 0.5265625 0.30625000000000013
0 0.484375 0.24687500000000007 0.4578125 0.24687500000000007 0.4578125 0.29895833333333344 0.484375 0.29895833333333344
0 0.4453125 0.24687500000000007 0.40546875 0.24687500000000007 0.40546875 0.30520833333333347 0.4453125 0.30520833333333347
0 0.51875 0.23854166666666674 0.490625 0.23854166666666674 0.490625 0.2645833333333334 0.51875 0.2645833333333334
0 0.4921875 0.23229166666666673 0.4671875 0.23229166666666673 0.4671875 0.2614583333333334 0.4921875 0.2614583333333334
0 0.46171875 0.2291666666666667 0.42421875 0.2291666666666667 0.42421875 0.26979166666666676 0.46171875 0.26979166666666676
3 0.534375 0.19687500000000005 0.49921875 0.19687500000000005 0.49921875 0.24375000000000005 0.534375 0.24375000000000005
0 0.51015625 0.20000000000000007 0.478125 0.20000000000000007 0.478125 0.2395833333333334 0.51015625 0.2395833333333334
0 0.4671875 0.2020833333333334 0.44140625 0.2020833333333334 0.44140625 0.23437500000000006 0.4671875 0.23437500000000006
0 0.47890625 0.19166666666666674 0.4640625 0.19166666666666674 0.4640625 0.2239583333333334 0.47890625 0.2239583333333334
0 0.475 0.1770833333333334 0.44921875 0.1770833333333334 0.44921875 0.2020833333333334 0.475 0.2020833333333334
0 0.5015625 0.1864583333333334 0.484375 0.1864583333333334 0.484375 0.20729166666666674 0.5015625 0.20729166666666674
0 0.50546875 0.16041666666666674 0.48984375 0.16041666666666674 0.48984375 0.18854166666666672 0.50546875 0.18854166666666672
0 0.490625 0.15729166666666672 0.47421875 0.15729166666666672 0.47421875 0.17812500000000006 0.490625 0.17812500000000006
0 0.5109375 0.09687500000000009 0.49921875 0.09687500000000009 0.49921875 0.11562500000000009 0.5109375 0.11562500000000009
0 0.509375 0.1218750000000001 0.49453125 0.1218750000000001 0.49453125 0.14270833333333338 0.509375 0.14270833333333338
2 0.54296875 0.1333333333333334 0.51328125 0.1333333333333334 0.51328125 0.18854166666666672 0.54296875 0.18854166666666672
2 0.53671875 0.15729166666666672 0.50703125 0.15729166666666672 0.50703125 0.21666666666666673 0.53671875 0.21666666666666673
1 0.4234375 0.27916666666666673 0.29609375 0.2791666666666667 0.29609375000000004 0.503125 0.4234375 0.5031250000000002
0 0.5015625 0.08750000000000009 0.49375 0.08750000000000009 0.49375 0.1062500000000001 0.5015625 0.1062500000000001
3 0.525 0.11875000000000009 0.51796875 0.11875000000000009 0.51796875 0.13229166666666675 0.525 0.13229166666666675
3 0.51796875 0.11145833333333342 0.51171875 0.11145833333333342 0.51171875 0.1312500000000001 0.51796875 0.1312500000000001
3 0.50625 0.14166666666666672 0.49921875 0.14166666666666672 0.49921875 0.15625000000000006 0.50625 0.15625000000000006
3 0.49453125 0.1458333333333334 0.4828125 0.1458333333333334 0.4828125 0.1645833333333334 0.49453125 0.1645833333333334
3 0.4953125 0.09375000000000008 0.48671875 0.09375000000000008 0.48671875 0.11145833333333342 0.4953125 0.11145833333333342
3 0.53671875 0.26041666666666674 0.525 0.26041666666666674 0.525 0.29062500000000013 0.53671875 0.29062500000000013
3 0.5453125 0.24895833333333342 0.528125 0.2489583333333334 0.528125 0.2843750000000001 0.5453125 0.2843750000000001
3 0.53828125 0.23750000000000007 0.52421875 0.23750000000000007 0.52421875 0.25729166666666675 0.53828125 0.25729166666666675
3 0.525 0.33437500000000014 0.50546875 0.33437500000000014 0.50546875 0.38645833333333346 0.525 0.38645833333333346
3 0.42109375 0.2447916666666667 0.4078125 0.2447916666666667 0.4078125 0.27708333333333346 0.42109375 0.27708333333333346
3 0.4328125 0.22812500000000005 0.4171875 0.22812500000000005 0.4171875 0.2520833333333334 0.4328125 0.2520833333333334
3 0.44453125 0.20729166666666674 0.42890625 0.20729166666666674 0.42890625 0.2333333333333334 0.44453125 0.2333333333333334
3 0.47890625 0.22187500000000007 0.4640625 0.22187500000000007 0.4640625 0.24166666666666672 0.47890625 0.24166666666666672
3 0.48125 0.20937500000000006 0.46484375 0.20937500000000006 0.46484375 0.22812500000000005 0.48125 0.22812500000000005
3 0.45546875 0.3750000000000001 0.42578125 0.3750000000000001 0.42578125 0.43958333333333344 0.45546875 0.43958333333333344
3 0.41015625 0.42083333333333345 0.38515625 0.42083333333333345 0.38515625000000003 0.49270833333333347 0.41015625 0.49270833333333347
3 0.41796875 0.5031250000000002 0.3976562500000001 0.5031250000000002 0.3976562500000001 0.5770833333333333 0.41796875 0.5770833333333333
3 0.3859375000000001 0.5385416666666667 0.3625000000000001 0.5385416666666667 0.3625000000000001 0.6229166666666667 0.3859375000000001 0.6229166666666667
3 0.29375000000000007 0.54375 0.2632812500000001 0.54375 0.2632812500000001 0.653125 0.29375000000000007 0.653125
3 0.2257812500000001 0.7364583333333333 0.1789062500000001 0.7364583333333333 0.1789062500000001 0.8729166666666667 0.2257812500000001 0.8729166666666667
3 0.12343750000000009 0.8697916666666666 0.06562500000000009 0.8697916666666666 0.06562500000000009 0.9989583333333333 0.12343750000000009 0.9989583333333333
3 0.2414062500000001 0.8145833333333333 0.1898437500000001 0.8145833333333333 0.1898437500000001 0.9416666666666667 0.2414062500000001 0.9416666666666667
3 0.48515625 0.18854166666666672 0.4765625 0.18854166666666672 0.4765625 0.20729166666666674 0.48515625 0.20729166666666674
3 0.4875 0.17916666666666672 0.4765625 0.17916666666666672 0.4765625 0.1958333333333334 0.4875 0.1958333333333334
3 0.47734375 0.1614583333333334 0.46875 0.1614583333333334 0.46875 0.17916666666666672 0.47734375 0.17916666666666672
3 0.4703125 0.16562500000000005 0.46171875 0.16562500000000005 0.46171875 0.1833333333333334 0.4703125 0.1833333333333334
3 0.49453125 0.1458333333333334 0.484375 0.1458333333333334 0.484375 0.16562500000000005 0.49453125 0.16562500000000005
3 0.50625 0.13854166666666673 0.49609375 0.13854166666666673 0.49609375 0.16979166666666673 0.50625 0.16979166666666673
3 0.49921875 0.11666666666666675 0.49375 0.11666666666666675 0.49375 0.13437500000000005 0.49921875 0.13437500000000005