0 0.4859375 0.15625000000000006 0.378125 0.15625000000000006 0.378125 0.2734375000000001 0.4859375 0.2734375000000001
0 0.49375 0.32031250000000006 0.225 0.3203125 0.22500000000000003 0.64375 0.49375 0.64375
0 0.7109375 0.09375000000000008 0.6546875 0.09375000000000008 0.6546875 0.16406250000000008 0.7109375 0.16406250000000008
0 0.8296875 0.3375000000000001 0.653125 0.3375000000000001 0.653125 0.6656250000000001 0.8296875 0.6656250000000001
0 0.840625 0.0671875000000001 0.7859375 0.0671875000000001 0.7859375 0.1062500000000001 0.840625 0.1062500000000001
0 0.9546875 0.2078125000000001 0.8625 0.2078125000000001 0.8625 0.2921875000000001 0.9546875 0.2921875000000001
0 0.8375 0.10156250000000008 0.8046875 0.10156250000000008 0.8046875 0.13281250000000008 0.8375 0.13281250000000008
0 0.8484375 0.13437500000000008 0.8015625 0.13437500000000008 0.8015625 0.2000000000000001 0.8484375 0.2000000000000001
0 0.7671875 0.0828125000000001 0.7234375 0.0828125000000001 0.7234375 0.1312500000000001 0.7671875 0.1312500000000001
0 0.6500000000000001 0.5734375 0.37968750000000007 0.5734375 0.37968750000000007 1 0.6500000000000001 1
4 0.3484375 0.18593750000000003 0.30625 0.18593750000000003 0.30625 0.2953125 0.3484375 0.2953125
0 1 0.16718750000000013 0.95 0.16718750000000013 0.95 0.27031250000000007 1 0.27031250000000007
4 0.74375 0.2578125000000001 0.7046875 0.2578125000000001 0.7046875 0.3843750000000001 0.74375 0.3843750000000001