0 0.8578125 0.3062500000000001 0.7421875 0.3062500000000001 0.7421875 0.47968750000000016 0.8578125 0.47968750000000016
0 0.4828125 0.27031250000000007 0.2765625 0.2703125 0.27656250000000004 0.521875 0.4828125 0.521875
0 0.703125 0.3906250000000001 0.5609375 0.3906250000000001 0.5609375 0.675 0.703125 0.675
0 0.5453125 0.13125000000000006 0.4359375 0.13125000000000003 0.4359375 0.2484375000000001 0.5453125 0.2484375000000001
1 0.81875 0.0906250000000001 0.753125 0.0906250000000001 0.753125 0.18125000000000008 0.81875 0.18125000000000008
5 0.8796875 0.20312500000000008 0.7921875 0.20312500000000008 0.7921875 0.3390625000000001 0.8796875 0.3390625000000001
0 0.8109375 0.13437500000000008 0.7328125 0.13437500000000008 0.7328125 0.22812500000000008 0.8109375 0.22812500000000008
0 0.7296875 0.2500000000000001 0.5921875 0.2500000000000001 0.5921875 0.4468750000000001 0.7296875 0.4468750000000002
0 0.771875 0.08593750000000008 0.73125 0.08593750000000008 0.73125 0.1390625000000001 0.771875 0.1390625000000001
0 0.7296875 0.0984375000000001 0.6859375 0.0984375000000001 0.6859375 0.14843750000000008 0.7296875 0.14843750000000008
0 0.646875 0.11093750000000009 0.565625 0.11093750000000009 0.565625 0.1984375000000001 0.646875 0.1984375000000001
0 0.640625 0.17187500000000006 0.534375 0.17187500000000006 0.534375 0.3187500000000001 0.640625 0.3187500000000001
0 0.8140625 0.2062500000000001 0.74375 0.2062500000000001 0.74375 0.29375000000000007 0.8140625 0.29375000000000007
0 0.71875 0.2093750000000001 0.640625 0.2093750000000001 0.640625 0.2578125000000001 0.71875 0.2578125000000001
0 0.715625 0.1750000000000001 0.6390625 0.1750000000000001 0.6390625 0.2593750000000001 0.715625 0.2593750000000001
0 0.996875 0.2062500000000001 0.9046875 0.2062500000000001 0.9046875 0.2750000000000001 0.996875 0.2750000000000001