0 0.34062500000000007 0.3078125 0.13281250000000006 0.3078125 0.13281250000000006 0.5171875 0.34062500000000007 0.5171875
0 0.7796875 0.3156250000000001 0.6484375 0.3156250000000001 0.6484375 0.5796875000000001 0.7796875 0.5796875000000001
0 0.5421875 0.24062500000000003 0.3625 0.240625 0.36250000000000004 0.4828125 0.5421875 0.4828125
6 0.6765625 0.2328125000000001 0.484375 0.2328125000000001 0.484375 0.5328125 0.6765625 0.5328125
0 0.475 0.15625000000000006 0.3671875 0.15625000000000006 0.3671875 0.2906250000000001 0.475 0.2906250000000001
0 0.7953125 0.1765625000000001 0.7046875 0.1765625000000001 0.7046875 0.3078125000000001 0.7953125 0.3078125000000001
0 0.865625 0.24218750000000008 0.7734375 0.24218750000000008 0.7734375 0.4500000000000002 0.865625 0.4500000000000002
0 0.7125 0.09218750000000009 0.6546875 0.09218750000000009 0.6546875 0.16562500000000008 0.7125 0.16562500000000008
0 0.9203125 0.1953125000000001 0.834375 0.19531250000000008 0.834375 0.3281250000000001 0.9203125 0.3281250000000001
0 0.7640625 0.0828125000000001 0.721875 0.0828125000000001 0.721875 0.13281250000000008 0.7640625 0.13281250000000008
4 0.3484375 0.18593750000000003 0.3015625 0.18593750000000003 0.3015625 0.296875 0.3484375 0.296875
4 0.8359375 0.1625000000000001 0.80625 0.1625000000000001 0.80625 0.2500000000000001 0.8359375 0.2500000000000001
0 1 0.19062500000000013 0.9578125 0.19062500000000013 0.9578125 0.27812500000000007 1 0.27812500000000007