0 0.5859375000000001 0.4328125 0.35625000000000007 0.4328125 0.35625000000000007 0.7703125 0.5859375000000002 0.7703125
0 0.509375 0.32656250000000003 0.30625 0.3265625 0.30625 0.521875 0.509375 0.521875
5 0.815625 0.3515625000000001 0.6390625 0.3515625000000001 0.6390625 0.6875000000000001 0.815625 0.6875000000000002
0 0.54375 0.13906250000000003 0.4375 0.13906250000000003 0.4375 0.2578125000000001 0.54375 0.2578125000000001
0 0.6296875 0.17968750000000006 0.5171875 0.17968750000000006 0.5171875 0.3234375000000001 0.6296875 0.3234375000000001
0 0.93125 0.2296875000000001 0.8453125 0.2296875000000001 0.8453125 0.3609375000000001 0.93125 0.3609375000000001
1 0.734375 0.12031250000000009 0.6390625 0.12031250000000009 0.6390625 0.25468750000000007 0.734375 0.25468750000000007
6 0.8625 0.1140625000000001 0.8140625 0.1140625000000001 0.8140625 0.18906250000000008 0.8625 0.18906250000000008
0 0.759375 0.28593750000000007 0.64375 0.28593750000000007 0.64375 0.4312500000000001 0.759375 0.4312500000000002
6 0.7890625 0.08906250000000009 0.7375 0.08906250000000009 0.7375 0.15781250000000008 0.7890625 0.15781250000000008
0 0.8359375 0.1546875000000001 0.778125 0.1546875000000001 0.778125 0.23593750000000008 0.8359375 0.23593750000000008
0 0.76875 0.2000000000000001 0.6859375 0.2000000000000001 0.6859375 0.30156250000000007 0.76875 0.30156250000000007
0 0.978125 0.1968750000000001 0.8953125 0.19687500000000008 0.8953125 0.2734375000000001 0.978125 0.2734375000000001
0 0.64375 0.10937500000000008 0.5671875 0.10937500000000008 0.5671875 0.18906250000000008 0.64375 0.18906250000000008
0 0.915625 0.08906250000000011 0.871875 0.08906250000000011 0.871875 0.1421875000000001 0.915625 0.14218750000000013
0 0.7734375 0.13437500000000008 0.7328125 0.13437500000000008 0.7328125 0.21250000000000008 0.7734375 0.21250000000000008
0 0.653125 0.1281250000000001 0.5984375 0.1281250000000001 0.5984375 0.21875000000000008 0.653125 0.21875000000000008
0 0.725 0.09531250000000009 0.684375 0.09531250000000009 0.684375 0.12031250000000009 0.725 0.12031250000000009
0 0.765625 0.08437500000000009 0.7359375 0.08437500000000009 0.7359375 0.12343750000000009 0.765625 0.12343750000000009