0 0.63125 0.37187500000000007 0.4359375 0.37187500000000007 0.4359375 0.64375 0.63125 0.64375
0 0.609375 0.27812500000000007 0.4375 0.27812500000000007 0.4375 0.4328125 0.609375 0.4328125
5 0.8375 0.30937500000000007 0.6734375 0.30937500000000007 0.6734375 0.5984375000000001 0.8375 0.5984375000000002
0 0.54375 0.13906250000000003 0.4375 0.13906250000000003 0.4375 0.2578125000000001 0.54375 0.2578125000000001
0 0.653125 0.16718750000000007 0.54375 0.16718750000000004 0.54375 0.3000000000000001 0.653125 0.3000000000000001
0 0.93125 0.21250000000000008 0.8421875 0.21250000000000008 0.8421875 0.3296875000000001 0.93125 0.3296875000000001
1 0.746875 0.11875000000000009 0.6484375 0.11875000000000009 0.6484375 0.2531250000000001 0.746875 0.2531250000000001
6 0.865625 0.11718750000000008 0.815625 0.11718750000000008 0.815625 0.1921875000000001 0.865625 0.1921875000000001
0 0.7828125 0.2453125000000001 0.6921875 0.2453125000000001 0.6921875 0.3656250000000001 0.7828125 0.3656250000000001
6 0.8046875 0.0828125000000001 0.75 0.0828125000000001 0.75 0.1515625000000001 0.8046875 0.1515625000000001
0 0.8453125 0.14843750000000008 0.7921875 0.14843750000000008 0.7921875 0.2171875000000001 0.8453125 0.2171875000000001
0 0.7875 0.1859375000000001 0.715625 0.1859375000000001 0.715625 0.27031250000000007 0.7875 0.27031250000000007
0 0.19531250000000008 0.53125 6.505936120470313e-17 0.53125 8.869121740699972e-17 0.9171875 0.19531250000000014 0.9171875
0 0.7093750000000002 0.8015625 0.3671875000000001 0.8015625 0.3671875000000001 1 0.7093750000000002 1
0 1 0.19843750000000013 0.9265625 0.19843750000000013 0.9265625 0.2750000000000001 1 0.2750000000000001
0 0.64375 0.10937500000000008 0.5671875 0.10937500000000008 0.5671875 0.18906250000000008 0.64375 0.18906250000000008
0 0.9421875 0.09062500000000011 0.89375 0.09062500000000011 0.89375 0.1359375000000001 0.9421875 0.13593750000000013
0 0.7765625 0.1359375000000001 0.7453125 0.1359375000000001 0.7453125 0.18750000000000008 0.7765625 0.18750000000000008
0 0.671875 0.12656250000000008 0.6125 0.12656250000000008 0.6125 0.1687500000000001 0.671875 0.1687500000000001
0 0.73125 0.09531250000000009 0.690625 0.09531250000000009 0.690625 0.12031250000000009 0.73125 0.12031250000000009
0 0.765625 0.08437500000000009 0.7359375 0.08437500000000009 0.7359375 0.12343750000000009 0.765625 0.12343750000000009
0 0.753125 0.10937500000000008 0.7109375 0.10937500000000008 0.7109375 0.1390625000000001 0.753125 0.1390625000000001