0 0.4625 0.26093750000000004 0.271875 0.2609375 0.27187500000000003 0.4921875 0.4625 0.4921875
0 0.55 0.13593750000000007 0.4359375 0.13593750000000004 0.4359375 0.2531250000000001 0.55 0.2531250000000001
0 0.625 0.3437500000000001 0.4578125 0.3437500000000001 0.4578125 0.5703125 0.625 0.5703125
0 0.7921875 0.3734375000000001 0.6453125 0.3734375000000001 0.6453125 0.6125 0.7921875 0.6125000000000002
0 0.7421875 0.2578125000000001 0.6296875 0.2578125000000001 0.6296875 0.3937500000000001 0.7421875 0.3937500000000001
0 0.6265625 0.24375000000000008 0.49375 0.24375000000000008 0.49375 0.3687500000000001 0.6265625 0.3687500000000001
0 0.934375 0.18437500000000012 0.7984375 0.1843750000000001 0.7984375 0.3031250000000001 0.934375 0.3031250000000001
0 0.7359375 0.13281250000000008 0.6765625 0.13281250000000008 0.6765625 0.20312500000000008 0.7359375 0.20312500000000008
0 0.8265625 0.14843750000000008 0.7671875 0.14843750000000008 0.7671875 0.2218750000000001 0.8265625 0.2218750000000001
0 0.8546875 0.24375000000000008 0.73125 0.24375000000000008 0.73125 0.4421875000000002 0.8546875 0.4421875000000002
0 0.9359375 0.1031250000000001 0.8921875 0.10312500000000009 0.8921875 0.14531250000000012 0.9359375 0.14531250000000012
0 0.9984375 0.18437500000000012 0.9546875 0.18437500000000012 0.9546875 0.2750000000000001 0.9984375 0.2750000000000001
0 0.7359375 0.10000000000000009 0.6890625 0.10000000000000009 0.6890625 0.14218750000000008 0.7359375 0.14218750000000008
0 0.7734375 0.07656250000000009 0.7265625 0.07656250000000009 0.7265625 0.13437500000000008 0.7734375 0.13437500000000008