0 0.596875 0.2671875000000001 0.459375 0.2671875000000001 0.459375 0.43125 0.596875 0.43125
0 0.8515625 0.3296875000000001 0.73125 0.3296875000000001 0.73125 0.5359375000000002 0.8515625 0.5359375000000002
0 0.490625 0.15312500000000004 0.378125 0.15312500000000004 0.378125 0.2765625000000001 0.490625 0.2765625000000001
0 0.8078125 0.4171875000000001 0.625 0.4171875 0.6250000000000001 0.834375 0.8078125 0.834375
0 0.64375 0.1296875000000001 0.5703125 0.1296875000000001 0.5703125 0.1984375000000001 0.64375 0.1984375000000001
0 0.7140625 0.09375000000000008 0.6578125 0.09375000000000008 0.6578125 0.16562500000000008 0.7140625 0.16562500000000008
0 0.3375000000000001 0.371875 0.004687500000000046 0.371875 0.004687500000000072 0.7953125 0.3375000000000001 0.7953125
0 0.8546875 0.0734375000000001 0.803125 0.07343750000000009 0.803125 0.10937500000000008 0.8546875 0.10937500000000008
0 0.7640625 0.0828125000000001 0.71875 0.0828125000000001 0.71875 0.13437500000000008 0.7640625 0.13437500000000008
4 0.5562500000000001 0.88125 0.4812500000000002 0.88125 0.4812500000000002 1 0.5562500000000001 1
0 0.9875 0.1968750000000001 0.89375 0.19687500000000008 0.89375 0.2750000000000001 0.9875 0.2750000000000001