0 0.38125000000000003 0.29687500000000006 0.14218750000000005 0.296875 0.14218750000000008 0.584375 0.3812500000000001 0.584375
0 0.4250000000000001 0.49375 0.10781250000000005 0.49375 0.10781250000000006 0.8796875 0.42500000000000016 0.8796875
0 0.8296875 0.3656250000000001 0.66875 0.3656250000000001 0.66875 0.6640625000000001 0.8296875 0.6640625000000002
0 0.6453125000000002 0.825 0.3843750000000001 0.825 0.3843750000000001 1 0.6453125000000002 1
1 0.6328125 0.16562500000000008 0.4765625 0.16562500000000005 0.4765625 0.3734375000000001 0.6328125 0.3734375000000001
0 0.7484375 0.30937500000000007 0.5734375 0.30937500000000007 0.5734375 0.4828125000000001 0.7484375 0.4828125000000002
6 0.834375 0.1375000000000001 0.7609375 0.1375000000000001 0.7609375 0.2578125000000001 0.834375 0.2578125000000001
0 0.5421875 0.14062500000000006 0.4375 0.14062500000000006 0.4375 0.25468750000000007 0.5421875 0.25468750000000007
0 0.7671875 0.2171875000000001 0.6734375 0.2171875000000001 0.6734375 0.3437500000000001 0.7671875 0.3437500000000001
0 0.86875 0.11875000000000009 0.8296875 0.11875000000000009 0.8296875 0.18906250000000008 0.86875 0.18906250000000008
0 0.7296875 0.1703125000000001 0.6578125 0.1703125000000001 0.6578125 0.2640625000000001 0.7296875 0.2640625000000001
0 0.828125 0.10312500000000009 0.790625 0.10312500000000009 0.790625 0.14218750000000008 0.828125 0.14218750000000008
6 0.734375 0.10312500000000009 0.68125 0.10312500000000009 0.68125 0.1828125000000001 0.734375 0.1828125000000001
0 0.959375 0.1796875000000001 0.8546875 0.17968750000000008 0.8546875 0.29375000000000007 0.959375 0.29375000000000007
0 0.7703125 0.07968750000000009 0.7359375 0.07968750000000009 0.7359375 0.1390625000000001 0.7703125 0.1390625000000001
0 0.690625 0.1281250000000001 0.625 0.1281250000000001 0.625 0.2171875000000001 0.690625 0.2171875000000001
0 0.646875 0.1140625000000001 0.56875 0.1140625000000001 0.56875 0.1671875000000001 0.646875 0.1671875000000001
5 1 0.7765625000000002 0.8515625 0.7765625000000002 0.8515625 1 1 1