0 0.4734375 0.26093750000000004 0.2703125 0.2609375 0.27031250000000007 0.490625 0.4734375 0.490625
0 0.5453125 0.13437500000000008 0.4375 0.13437500000000005 0.4375 0.2531250000000001 0.5453125 0.2531250000000001
0 0.6234375 0.3421875000000001 0.45625 0.3421875000000001 0.45625 0.571875 0.6234375 0.571875
0 0.790625 0.37187500000000007 0.646875 0.37187500000000007 0.646875 0.6156250000000001 0.790625 0.6156250000000002
0 0.621875 0.2468750000000001 0.496875 0.2468750000000001 0.496875 0.3703125000000001 0.621875 0.3703125000000001
0 0.7265625 0.0984375000000001 0.6875 0.0984375000000001 0.6875 0.1468750000000001 0.7265625 0.1468750000000001
0 0.821875 0.1765625000000001 0.75625 0.1765625000000001 0.75625 0.2609375000000001 0.821875 0.2609375000000001
0 0.865625 0.10000000000000009 0.81875 0.10000000000000009 0.81875 0.1437500000000001 0.865625 0.1437500000000001
0 0.8546875 0.24375000000000008 0.73125 0.24375000000000008 0.73125 0.43750000000000017 0.8546875 0.43750000000000017
0 0.9390625 0.10000000000000012 0.896875 0.10000000000000009 0.896875 0.14531250000000012 0.9390625 0.14531250000000012
0 1 0.7625000000000002 0.8046875 0.7625000000000002 0.8046875 1 1 1
0 0.771875 0.07812500000000008 0.725 0.07812500000000008 0.725 0.1375000000000001 0.771875 0.1375000000000001