6 0.671875 0.2750000000000001 0.4859375 0.2750000000000001 0.4859375 0.575 0.671875 0.575
0 0.50625 0.27812500000000007 0.28125 0.278125 0.28125000000000006 0.559375 0.50625 0.559375
0 0.825 0.3890625000000001 0.6765625 0.3890625000000001 0.6765625 0.6515625 0.825 0.6515625000000002
0 0.88125 0.2765625000000001 0.775 0.2765625000000001 0.775 0.42968750000000017 0.88125 0.42968750000000017
0 0.75625 0.23437500000000008 0.6546875 0.23437500000000008 0.6546875 0.4156250000000001 0.75625 0.4156250000000002
0 0.8140625 0.16406250000000008 0.759375 0.16406250000000008 0.759375 0.2687500000000001 0.8140625 0.2687500000000001
0 0.7828125 0.2000000000000001 0.715625 0.2000000000000001 0.715625 0.3218750000000001 0.7828125 0.3218750000000001
0 0.784375 0.06406250000000009 0.73125 0.06406250000000009 0.73125 0.10156250000000008 0.784375 0.10156250000000008
0 0.628125 0.2156250000000001 0.5390625 0.2156250000000001 0.5390625 0.2984375000000001 0.628125 0.2984375000000001
0 0.915625 0.2140625000000001 0.8296875 0.2140625000000001 0.8296875 0.3203125000000001 0.915625 0.3203125000000001
0 0.509375 0.2140625000000001 0.421875 0.2140625000000001 0.421875 0.3578125000000001 0.509375 0.3578125000000001
4 0.8359375 0.3500000000000001 0.803125 0.3500000000000001 0.803125 0.5015625000000001 0.8359375 0.5015625000000001
0 0.840625 0.10312500000000009 0.7890625 0.10312500000000009 0.7890625 0.14062500000000008 0.840625 0.14062500000000008
0 0.903125 0.07500000000000011 0.8515625 0.07500000000000011 0.8515625 0.11562500000000009 0.903125 0.11562500000000009
0 0.9359375 0.1031250000000001 0.9015625 0.10312500000000009 0.9015625 0.13906250000000012 0.9359375 0.13906250000000014