0 0.34062500000000007 0.3125 0.13437500000000005 0.3125 0.13437500000000005 0.515625 0.34062500000000007 0.515625
0 0.7796875 0.3140625000000001 0.646875 0.3140625000000001 0.646875 0.5781250000000001 0.7796875 0.5781250000000002
0 0.86875 0.24375000000000008 0.7765625 0.24375000000000008 0.7765625 0.45625000000000016 0.86875 0.45625000000000016
0 0.4859375 0.14687500000000003 0.371875 0.14687500000000003 0.371875 0.2828125000000001 0.4859375 0.2828125000000001
0 0.825 0.1453125000000001 0.7578125 0.1453125000000001 0.7578125 0.2515625000000001 0.825 0.2515625000000001
0 0.7109375 0.09218750000000009 0.65625 0.09218750000000009 0.65625 0.16406250000000008 0.7109375 0.16406250000000008
0 0.85625 0.0734375000000001 0.8046875 0.07343750000000009 0.8046875 0.10937500000000008 0.85625 0.10937500000000008
0 0.9359375 0.1953125000000001 0.85 0.19531250000000008 0.85 0.30156250000000007 0.9359375 0.30156250000000007
6 0.675 0.23437500000000008 0.4859375 0.23437500000000008 0.4859375 0.5328125 0.675 0.5328125
0 0.7640625 0.08125000000000009 0.7203125 0.08125000000000009 0.7203125 0.13437500000000008 0.7640625 0.13437500000000008
0 0.5984375 0.21875000000000008 0.4515625 0.21875000000000008 0.4515625 0.4 0.5984375 0.4
4 0.346875 0.18750000000000006 0.3015625 0.18750000000000006 0.3015625 0.29375 0.346875 0.29375
4 0.871875 0.1281250000000001 0.846875 0.1281250000000001 0.846875 0.2000000000000001 0.871875 0.2000000000000001