0 0.546875 0.13281250000000006 0.4375 0.13281250000000006 0.4375 0.2515625000000001 0.546875 0.2515625000000001
0 0.9453125 0.5765625000000001 0.684375 0.5765625 0.6843750000000001 1 0.9453125 1
0 0.825 0.35625000000000007 0.6703125 0.35625000000000007 0.6703125 0.6250000000000001 0.825 0.6250000000000002
0 0.734375 0.0984375000000001 0.6875 0.0984375000000001 0.6875 0.1468750000000001 0.734375 0.1468750000000001
0 0.6484375 0.11562500000000009 0.5671875 0.11562500000000009 0.5671875 0.20312500000000008 0.6484375 0.20312500000000008
0 0.8078125 0.1671875000000001 0.7234375 0.1671875000000001 0.7234375 0.2812500000000001 0.8078125 0.2812500000000001
0 0.8109375 0.2500000000000001 0.728125 0.2500000000000001 0.728125 0.3609375000000001 0.8109375 0.3609375000000001
0 0.85625 0.14218750000000008 0.80625 0.14218750000000008 0.80625 0.2062500000000001 0.85625 0.2062500000000001
0 0.7703125 0.0750000000000001 0.725 0.0750000000000001 0.725 0.13437500000000008 0.7703125 0.13437500000000008
0 0.5921875000000001 0.3843750000000001 0.3765625000000001 0.3843750000000001 0.3765625000000001 0.825 0.5921875000000002 0.825
0 0.8671875 0.10781250000000009 0.8375 0.10781250000000009 0.8375 0.15625000000000008 0.8671875 0.15625000000000008
0 0.2375000000000001 0.9 1.1021821192326179e-16 0.9 1.1634144591899854e-16 1 0.2375000000000001 1
3 0.8546875 0.0500000000000001 0.7890625 0.050000000000000086 0.7890625 0.10937500000000008 0.8546875 0.10937500000000008