0 0.40625 0.30156250000000007 0.16093750000000004 0.3015625 0.16093750000000004 0.5078125 0.40625 0.5078125
0 0.65625 0.32500000000000007 0.4640625 0.32500000000000007 0.4640625 0.5265625 0.65625 0.5265625
0 0.81875 0.3046875000000001 0.675 0.3046875000000001 0.675 0.5781250000000001 0.81875 0.5781250000000002
0 0.7453125 0.24218750000000008 0.625 0.24218750000000008 0.625 0.4046875000000001 0.7453125 0.4046875000000002
0 0.7984375 0.1921875000000001 0.709375 0.1921875000000001 0.709375 0.3031250000000001 0.7984375 0.3031250000000001
0 0.60625 0.2531250000000001 0.478125 0.2531250000000001 0.478125 0.3828125000000001 0.60625 0.3828125000000001
0 0.878125 0.07812500000000011 0.825 0.07812500000000011 0.825 0.11250000000000009 0.878125 0.11250000000000009
0 0.7375 0.10000000000000009 0.6921875 0.10000000000000009 0.6921875 0.1468750000000001 0.7375 0.1468750000000001
0 0.9625 0.2078125000000001 0.8515625 0.2078125000000001 0.8515625 0.3000000000000001 0.9625 0.3000000000000001
0 0.996875 0.18750000000000014 0.9484375 0.18750000000000014 0.9484375 0.2593750000000001 0.996875 0.2593750000000001
4 0.8796875 0.3906250000000001 0.815625 0.3906250000000001 0.815625 0.5859375000000002 0.8796875 0.5859375000000002