0 0.6234375 0.2906250000000001 0.3921875 0.2906250000000001 0.3921875 0.5703125 0.6234375 0.5703125
0 0.9953125 0.7500000000000001 0.6312500000000002 0.75 0.6312500000000002 0.996875 0.9953125 0.996875
0 0.546875 0.13281250000000006 0.4359375 0.13281250000000006 0.4359375 0.2531250000000001 0.546875 0.2531250000000001
0 0.86875 0.2796875000000001 0.765625 0.2796875000000001 0.765625 0.44062500000000016 0.86875 0.44062500000000016
0 0.834375 0.4359375000000001 0.675 0.4359375 0.675 0.7250000000000001 0.834375 0.7250000000000002
0 0.653125 0.11562500000000009 0.571875 0.11562500000000009 0.571875 0.2000000000000001 0.653125 0.2000000000000001
0 0.7328125 0.2171875000000001 0.61875 0.2171875000000001 0.61875 0.3937500000000001 0.7328125 0.3937500000000001
0 0.8125 0.1906250000000001 0.7359375 0.1906250000000001 0.7359375 0.3078125000000001 0.8125 0.3078125000000001
5 0.7703125 0.11875000000000009 0.7109375 0.11875000000000009 0.7109375 0.19531250000000008 0.7703125 0.19531250000000008
0 0.7375 0.0984375000000001 0.6875 0.0984375000000001 0.6875 0.1437500000000001 0.7375 0.1437500000000001
0 0.8421875 0.1593750000000001 0.784375 0.1593750000000001 0.784375 0.23593750000000008 0.8421875 0.23593750000000008
0 0.8625 0.12656250000000008 0.8171875 0.12656250000000008 0.8171875 0.20468750000000008 0.8625 0.20468750000000008
0 0.771875 0.07968750000000009 0.725 0.07968750000000009 0.725 0.11875000000000009 0.771875 0.11875000000000009
0 0.871875 0.1218750000000001 0.8453125 0.1218750000000001 0.8453125 0.17968750000000008 0.871875 0.17968750000000008