0 0.7203125 0.3703125000000001 0.5515625 0.3703125000000001 0.5515625 0.6203125 0.7203125 0.6203125
0 0.546875 0.13281250000000006 0.4375 0.13281250000000006 0.4375 0.2500000000000001 0.546875 0.2500000000000001
0 0.65 0.11250000000000009 0.56875 0.11250000000000009 0.56875 0.19531250000000008 0.65 0.19531250000000008
0 0.8625 0.28593750000000007 0.7546875 0.28593750000000007 0.7546875 0.4500000000000002 0.8625 0.4500000000000002
5 0.9046875 0.1984375000000001 0.79375 0.1984375000000001 0.79375 0.3140625000000001 0.9046875 0.3140625000000001
0 0.734375 0.0984375000000001 0.6875 0.0984375000000001 0.6875 0.1453125000000001 0.734375 0.1453125000000001
0 0.971875 0.1812500000000001 0.8921875 0.18125000000000008 0.8921875 0.27812500000000007 0.971875 0.27812500000000007
0 0.7796875 0.1375000000000001 0.71875 0.1375000000000001 0.71875 0.2156250000000001 0.7796875 0.2156250000000001
0 0.8359375 0.1531250000000001 0.76875 0.1531250000000001 0.76875 0.2390625000000001 0.8359375 0.2390625000000001
0 0.84375 0.11093750000000009 0.809375 0.11093750000000009 0.809375 0.16406250000000008 0.84375 0.16406250000000008
0 0.775 0.08593750000000008 0.7328125 0.08593750000000008 0.7328125 0.13281250000000008 0.775 0.13281250000000008
0 0.81875 0.1140625000000001 0.76875 0.1140625000000001 0.76875 0.1781250000000001 0.81875 0.1781250000000001