0 0.34218750000000003 0.3140625 0.13593750000000004 0.3140625 0.13593750000000004 0.515625 0.3421875000000001 0.515625
0 0.7796875 0.3375000000000001 0.6484375 0.3375000000000001 0.6484375 0.5781250000000001 0.7796875 0.5781250000000002
6 0.6859375 0.23593750000000008 0.4859375 0.23593750000000008 0.4859375 0.53125 0.6859375 0.53125
0 0.7140625 0.09218750000000009 0.653125 0.09218750000000009 0.653125 0.16406250000000008 0.7140625 0.16406250000000008
0 0.76875 0.20312500000000008 0.6765625 0.20312500000000008 0.6765625 0.33281250000000007 0.76875 0.33281250000000007
0 0.540625 0.25000000000000006 0.3609375 0.25 0.3609375 0.4859375 0.540625 0.4859375
0 0.4203125 0.20625000000000004 0.2875 0.20625 0.28750000000000003 0.3765625 0.4203125 0.3765625000000001
0 0.8703125 0.2531250000000001 0.76875 0.2531250000000001 0.76875 0.4546875000000002 0.8703125 0.4546875000000002
0 0.7640625 0.08437500000000009 0.7203125 0.08437500000000009 0.7203125 0.13437500000000008 0.7640625 0.13437500000000008
0 0.915625 0.1953125000000001 0.834375 0.19531250000000008 0.834375 0.2921875000000001 0.915625 0.2921875000000001
4 0.3421875 0.17968750000000006 0.303125 0.17968750000000006 0.303125 0.2921875 0.3421875 0.2921875
0 0.9890625 0.18437500000000012 0.9015625 0.1843750000000001 0.9015625 0.2796875000000001 0.9890625 0.2796875000000001
4 0.915625 0.2906250000000001 0.8734375 0.2906250000000001 0.8734375 0.4546875000000002 0.915625 0.4546875000000002
4 0.753125 0.2812500000000001 0.715625 0.2812500000000001 0.715625 0.3281250000000001 0.753125 0.3281250000000001