0 0.821875 0.3531250000000001 0.6796875 0.3531250000000001 0.6796875 0.5671875000000001 0.821875 0.5671875000000002
0 0.9953125 0.7296875000000002 0.7515625000000001 0.7296875000000002 0.7515625000000001 1 0.9953125 1
0 0.5703125 0.28593750000000007 0.359375 0.2859375 0.35937500000000006 0.5234375 0.5703125 0.5234375
0 0.2140625000000001 0.475 5.817072295949927e-17 0.475 7.902798875747763e-17 0.815625 0.2140625000000001 0.815625
0 0.5421875 0.13281250000000006 0.4359375 0.13281250000000006 0.4359375 0.2515625000000001 0.5421875 0.2515625000000001
0 0.7140625 0.63125 0.4046875 0.63125 0.4046875000000001 1 0.7140625000000002 1
0 0.6453125 0.11093750000000009 0.56875 0.11093750000000009 0.56875 0.1921875000000001 0.6453125 0.1921875000000001
0 0.790625 0.1984375000000001 0.6921875 0.1984375000000001 0.6921875 0.3343750000000001 0.790625 0.3343750000000001
0 0.9234375 0.2000000000000001 0.8265625 0.2000000000000001 0.8265625 0.3265625000000001 0.9234375 0.3265625000000001
0 0.7296875 0.0984375000000001 0.6875 0.0984375000000001 0.6875 0.1468750000000001 0.7296875 0.1468750000000001
0 0.76875 0.08593750000000008 0.7328125 0.08593750000000008 0.7328125 0.13437500000000008 0.76875 0.13437500000000008
0 0.825 0.1437500000000001 0.75 0.1437500000000001 0.75 0.2484375000000001 0.825 0.2484375000000001
0 0.846875 0.14062500000000008 0.8125 0.14062500000000008 0.8125 0.2062500000000001 0.846875 0.2062500000000001
4 0.490625 0.4609375 0.4234375 0.4609375 0.4234375 0.6390625 0.490625 0.6390625