0 0.7703125 0.0828125000000001 0.73125 0.0828125000000001 0.73125 0.1312500000000001 0.7703125 0.1312500000000001
0 0.728125 0.09375000000000008 0.696875 0.09375000000000008 0.696875 0.1468750000000001 0.728125 0.1468750000000001
3 0.7734375 0.1437500000000001 0.634375 0.1437500000000001 0.634375 0.4375000000000001 0.7734375 0.43750000000000017
0 0.83125 0.3421875000000001 0.69375 0.3421875000000001 0.69375 0.5671875000000001 0.83125 0.5671875000000002
0 0.8078125 0.1625000000000001 0.7734375 0.1625000000000001 0.7734375 0.2578125000000001 0.8078125 0.2578125000000001
0 0.8828125 0.24375000000000008 0.790625 0.24375000000000008 0.790625 0.4203125000000002 0.8828125 0.4203125000000002
0 0.796875 0.19531250000000008 0.7734375 0.19531250000000008 0.7734375 0.3265625000000001 0.796875 0.3265625000000001
0 0.54375 0.13593750000000004 0.4375 0.13593750000000004 0.4375 0.2531250000000001 0.54375 0.2531250000000001
0 0.840625 0.15000000000000008 0.790625 0.15000000000000008 0.790625 0.23593750000000008 0.840625 0.23593750000000008
0 0.8515625 0.1218750000000001 0.8078125 0.1218750000000001 0.8078125 0.2000000000000001 0.8515625 0.2000000000000001
0 0.7046875 0.10000000000000009 0.6390625 0.10000000000000009 0.6390625 0.17187500000000008 0.7046875 0.17187500000000008
0 0.865625 0.12656250000000008 0.846875 0.12656250000000008 0.846875 0.1843750000000001 0.865625 0.1843750000000001
0 0.7921875 0.09531250000000009 0.7375 0.09531250000000009 0.7375 0.15781250000000008 0.7921875 0.15781250000000008
0 0.5625 0.2968750000000001 0.403125 0.2968750000000001 0.403125 0.4875 0.5625 0.4875
0 0.8578125 0.0921875000000001 0.8140625 0.09218750000000009 0.8140625 0.12500000000000008 0.8578125 0.12500000000000008
0 0.9140625 0.2234375000000001 0.8546875 0.2234375000000001 0.8546875 0.3375000000000001 0.9140625 0.3375000000000001
0 0.58125 0.18281250000000007 0.4609375 0.18281250000000004 0.4609375 0.3046875000000001 0.58125 0.3046875000000001
0 1 0.1875000000000001 0.90625 0.18750000000000008 0.90625 0.2750000000000001 1 0.2750000000000001