0 0.465625 0.27343750000000006 0.2421875 0.2734375 0.24218750000000006 0.503125 0.465625 0.503125
0 0.6140625 0.2531250000000001 0.484375 0.2531250000000001 0.484375 0.3812500000000001 0.6140625 0.3812500000000001
0 0.7859375 0.3734375000000001 0.6421875 0.3734375000000001 0.6421875 0.6250000000000001 0.7859375 0.6250000000000002
0 0.5453125 0.13281250000000006 0.4359375 0.13281250000000006 0.4359375 0.2484375000000001 0.5453125 0.2484375000000001
0 0.625 0.3421875000000001 0.4578125 0.3421875000000001 0.4578125 0.571875 0.625 0.571875
0 0.73125 0.27031250000000007 0.6078125 0.27031250000000007 0.6078125 0.4218750000000001 0.73125 0.42187500000000017
0 0.7296875 0.10000000000000009 0.6890625 0.10000000000000009 0.6890625 0.1468750000000001 0.7296875 0.1468750000000001
0 0.6875 0.2156250000000001 0.590625 0.2156250000000001 0.590625 0.3078125000000001 0.6875 0.3078125000000001
0 0.853125 0.24375000000000008 0.7296875 0.24375000000000008 0.7296875 0.4390625000000002 0.853125 0.4390625000000002
0 0.71875 0.1765625000000001 0.6578125 0.1765625000000001 0.6578125 0.2453125000000001 0.71875 0.2453125000000001
0 0.9203125 0.17812500000000012 0.815625 0.1781250000000001 0.815625 0.24375000000000008 0.9203125 0.24375000000000008
0 0.91875 0.2062500000000001 0.828125 0.2062500000000001 0.828125 0.3453125000000001 0.91875 0.3453125000000001
0 0.7734375 0.07812500000000008 0.7265625 0.07812500000000008 0.7265625 0.1359375000000001 0.7734375 0.1359375000000001
0 0.825 0.1984375000000001 0.6859375 0.1984375000000001 0.6859375 0.2968750000000001 0.825 0.2968750000000001
0 0.4421875 0.24531250000000004 0.2703125 0.2453125 0.27031250000000007 0.36406250000000007 0.4421875 0.36406250000000007