0 0.7703125 0.0828125000000001 0.7328125 0.0828125000000001 0.7328125 0.1375000000000001 0.7703125 0.1375000000000001
0 0.728125 0.09375000000000008 0.696875 0.09375000000000008 0.696875 0.1468750000000001 0.728125 0.1468750000000001
3 0.7734375 0.1515625000000001 0.634375 0.1515625000000001 0.634375 0.4375000000000001 0.7734375 0.43750000000000017
0 0.83125 0.3421875000000001 0.69375 0.3421875000000001 0.69375 0.5671875000000001 0.83125 0.5671875000000002
0 0.8140625 0.15781250000000008 0.7734375 0.15781250000000008 0.7734375 0.2531250000000001 0.8140625 0.2531250000000001
0 0.8796875 0.24218750000000008 0.790625 0.24218750000000008 0.790625 0.4187500000000002 0.8796875 0.4187500000000002
0 0.796875 0.1921875000000001 0.7734375 0.1921875000000001 0.7734375 0.32500000000000007 0.796875 0.32500000000000007
0 0.54375 0.13125000000000003 0.4375 0.13125000000000003 0.4375 0.2484375000000001 0.54375 0.2484375000000001
0 0.85 0.13437500000000008 0.8046875 0.13437500000000008 0.8046875 0.2093750000000001 0.85 0.2093750000000001
0 0.871875 0.10468750000000009 0.8375 0.10468750000000009 0.8375 0.1671875000000001 0.871875 0.1671875000000001
0 0.7046875 0.10000000000000009 0.6390625 0.10000000000000009 0.6390625 0.17187500000000008 0.7046875 0.17187500000000008
0 0.865625 0.0781250000000001 0.815625 0.07812500000000008 0.815625 0.11250000000000009 0.865625 0.11250000000000009
0 0.84375 0.10156250000000008 0.8125 0.10156250000000008 0.8125 0.1375000000000001 0.84375 0.1375000000000001