0 0.34375000000000006 0.3125 0.13437500000000005 0.3125 0.13437500000000005 0.5140625 0.3437500000000001 0.5140625
6 0.6765625 0.23593750000000008 0.484375 0.23593750000000008 0.484375 0.5265625 0.6765625 0.5265625
0 0.7828125 0.3390625000000001 0.646875 0.3390625000000001 0.646875 0.5781250000000001 0.7828125 0.5781250000000002
0 0.55 0.25000000000000006 0.3609375 0.25 0.3609375 0.484375 0.55 0.484375
0 0.896875 0.10312500000000009 0.85625 0.10312500000000009 0.85625 0.1468750000000001 0.896875 0.1468750000000001
0 0.86875 0.2562500000000001 0.7703125 0.2562500000000001 0.7703125 0.42968750000000017 0.86875 0.42968750000000017
0 0.7703125 0.2093750000000001 0.6734375 0.2093750000000001 0.6734375 0.3187500000000001 0.7703125 0.3187500000000001
0 0.7140625 0.09218750000000009 0.653125 0.09218750000000009 0.653125 0.16406250000000008 0.7140625 0.16406250000000008
0 0.84375 0.10156250000000008 0.796875 0.10156250000000008 0.796875 0.1609375000000001 0.84375 0.1609375000000001
4 0.340625 0.18437500000000004 0.3046875 0.18437500000000004 0.3046875 0.2765625 0.340625 0.2765625
0 0.4171875 0.20937500000000003 0.284375 0.209375 0.28437500000000004 0.37343750000000003 0.4171875 0.3734375000000001
0 0.765625 0.08437500000000009 0.721875 0.08437500000000009 0.721875 0.1312500000000001 0.765625 0.1312500000000001
0 0.90625 0.20468750000000008 0.8296875 0.20468750000000008 0.8296875 0.3218750000000001 0.90625 0.3218750000000001
0 0.9671875 0.1828125000000001 0.8765625 0.1828125000000001 0.8765625 0.2750000000000001 0.9671875 0.2750000000000001
4 0.8796875 0.38750000000000007 0.8140625 0.38750000000000007 0.8140625 0.5906250000000002 0.8796875 0.5906250000000002
0 0.996875 0.18281250000000013 0.9609375 0.18281250000000013 0.9609375 0.2687500000000001 0.996875 0.2687500000000001
4 0.7578125 0.2765625000000001 0.7109375 0.2765625000000001 0.7109375 0.3312500000000001 0.7578125 0.3312500000000001