0 0.4640625 0.26093750000000004 0.271875 0.2609375 0.27187500000000003 0.490625 0.4640625 0.490625
0 0.5484375 0.13437500000000008 0.4359375 0.13437500000000005 0.4359375 0.2515625000000001 0.5484375 0.2515625000000001
0 0.6203125 0.3390625000000001 0.4609375 0.3390625000000001 0.4609375 0.5703125 0.6203125 0.5703125
0 0.7984375 0.36406250000000007 0.6453125 0.36406250000000007 0.6453125 0.6187500000000001 0.7984375 0.6187500000000001
0 0.6265625 0.2468750000000001 0.4953125 0.2468750000000001 0.4953125 0.3671875000000001 0.6265625 0.3671875000000001
0 0.734375 0.0984375000000001 0.6875 0.0984375000000001 0.6875 0.14843750000000008 0.734375 0.14843750000000008
0 0.8 0.11250000000000009 0.753125 0.11250000000000009 0.753125 0.1625000000000001 0.8 0.1625000000000001
0 0.7703125 0.2234375000000001 0.6890625 0.2234375000000001 0.6890625 0.33281250000000007 0.7703125 0.33281250000000007
0 0.8796875 0.1218750000000001 0.8359375 0.1218750000000001 0.8359375 0.17343750000000008 0.8796875 0.17343750000000008
0 0.8515625 0.24218750000000008 0.7328125 0.24218750000000008 0.7328125 0.42968750000000017 0.8515625 0.42968750000000017
0 0.7734375 0.07812500000000008 0.7265625 0.07812500000000008 0.7265625 0.12656250000000008 0.7734375 0.12656250000000008
0 0.9984375 0.19375000000000014 0.9109375 0.19375000000000014 0.9109375 0.2796875000000001 0.9984375 0.2796875000000001