6 0.6765625 0.2765625000000001 0.4859375 0.2765625000000001 0.4859375 0.575 0.6765625 0.575
0 0.8296875 0.3843750000000001 0.678125 0.3843750000000001 0.678125 0.6468750000000001 0.8296875 0.6468750000000002
0 0.478125 0.15625000000000006 0.371875 0.15625000000000006 0.371875 0.2796875000000001 0.478125 0.2796875000000001
0 0.75625 0.2406250000000001 0.659375 0.2406250000000001 0.659375 0.4250000000000001 0.75625 0.42500000000000016
0 0.66875 0.1625000000000001 0.5828125 0.1625000000000001 0.5828125 0.2828125000000001 0.66875 0.2828125000000001
0 0.8296875 0.15000000000000008 0.775 0.15000000000000008 0.775 0.25468750000000007 0.8296875 0.25468750000000007
0 0.7859375 0.1859375000000001 0.7171875 0.1859375000000001 0.7171875 0.3062500000000001 0.7859375 0.3062500000000001
0 0.6265625 0.13281250000000008 0.575 0.13281250000000008 0.575 0.20468750000000008 0.6265625 0.20468750000000008
0 0.9078125 0.08437500000000012 0.853125 0.08437500000000012 0.853125 0.11562500000000012 0.9078125 0.11562500000000013
4 0.8375 0.34062500000000007 0.803125 0.34062500000000007 0.803125 0.4859375000000002 0.8375 0.4859375000000002
0 1 0.2000000000000001 0.94375 0.2000000000000001 0.94375 0.2796875000000001 1 0.2796875000000001