0 0.8046875 0.45781250000000007 0.6515625 0.4578125 0.6515625 0.7953125000000001 0.8046875 0.7953125000000002
0 0.5453125 0.13750000000000007 0.4359375 0.13750000000000004 0.4359375 0.2562500000000001 0.5453125 0.2562500000000001
3 0.684375 0.18906250000000008 0.453125 0.18906250000000005 0.453125 0.625 0.684375 0.625
0 0.86875 0.2875000000000001 0.753125 0.2875000000000001 0.753125 0.5093750000000001 0.86875 0.5093750000000001
0 0.6640625 0.11250000000000009 0.5921875 0.11250000000000009 0.5921875 0.18125000000000008 0.6640625 0.18125000000000008
0 0.725 0.09687500000000009 0.6890625 0.09687500000000009 0.6890625 0.1453125000000001 0.725 0.1453125000000001
0 0.771875 0.08437500000000009 0.7328125 0.08437500000000009 0.7328125 0.13437500000000008 0.771875 0.13437500000000008
0 0.8921875 0.2484375000000001 0.8203125 0.2484375000000001 0.8203125 0.3859375000000001 0.8921875 0.3859375000000001
0 0.78125 0.1921875000000001 0.715625 0.1921875000000001 0.715625 0.3062500000000001 0.78125 0.3062500000000001
0 0.759375 0.2296875000000001 0.6828125 0.2296875000000001 0.6828125 0.41093750000000007 0.759375 0.4109375000000002
0 0.8375 0.15000000000000008 0.7765625 0.15000000000000008 0.7765625 0.23437500000000008 0.8375 0.23437500000000008
0 0.8453125 0.12500000000000008 0.8046875 0.12500000000000008 0.8046875 0.1937500000000001 0.8453125 0.1937500000000001
0 0.865625 0.12656250000000008 0.846875 0.12656250000000008 0.846875 0.1843750000000001 0.865625 0.1843750000000001
0 0.7859375 0.13281250000000008 0.73125 0.13281250000000008 0.73125 0.19687500000000008 0.7859375 0.19687500000000008
0 0.9359375 0.1890625000000001 0.809375 0.18906250000000008 0.809375 0.2765625000000001 0.9359375 0.2765625000000001
0 1 0.2000000000000001 0.9421875 0.2000000000000001 0.9421875 0.2750000000000001 1 0.2750000000000001
0 0.89375 0.07812500000000011 0.84375 0.07812500000000011 0.84375 0.1140625000000001 0.89375 0.1140625000000001