0 0.4859375 0.15781250000000005 0.375 0.15781250000000005 0.375 0.2750000000000001 0.4859375 0.2750000000000001
0 0.625 0.3625000000000001 0.4078125 0.3625000000000001 0.4078125 0.7109375 0.625 0.7109375
0 0.721875 0.22031250000000008 0.55625 0.22031250000000008 0.55625 0.41875 0.721875 0.41875
0 0.8453125 0.3031250000000001 0.690625 0.3031250000000001 0.690625 0.5718750000000001 0.8453125 0.5718750000000001
0 0.7109375 0.0906250000000001 0.6546875 0.0906250000000001 0.6546875 0.16406250000000008 0.7109375 0.16406250000000008
0 0.8796875 0.1062500000000001 0.8421875 0.1062500000000001 0.8421875 0.1593750000000001 0.8796875 0.1593750000000001
0 0.840625 0.0718750000000001 0.790625 0.07187500000000009 0.790625 0.10937500000000008 0.840625 0.10937500000000008
0 0.7640625 0.0828125000000001 0.7203125 0.0828125000000001 0.7203125 0.1312500000000001 0.7640625 0.1312500000000001
0 0.8203125 0.0875000000000001 0.771875 0.08750000000000009 0.771875 0.12500000000000008 0.8203125 0.12500000000000008
4 0.3484375 0.18750000000000006 0.30625 0.18750000000000006 0.30625 0.296875 0.3484375 0.296875
4 0.7921875 0.1781250000000001 0.76875 0.1781250000000001 0.76875 0.2765625000000001 0.7921875 0.2765625000000001
0 1 0.5437500000000001 0.684375 0.54375 0.6843750000000001 1 1 1
0 1 0.19843750000000013 0.9140625 0.19843750000000013 0.9140625 0.2828125000000001 1 0.2828125000000001