0 0.546875 0.13281250000000006 0.4359375 0.13281250000000006 0.4359375 0.2500000000000001 0.546875 0.2500000000000001
0 0.75 0.2375000000000001 0.6609375 0.2375000000000001 0.6609375 0.4281250000000001 0.75 0.4281250000000002
0 0.8375 0.5140625000000001 0.6546875 0.5140625 0.6546875000000001 0.8984375 0.8375 0.8984375
0 0.921875 0.1906250000000001 0.8015625 0.1906250000000001 0.8015625 0.2843750000000001 0.921875 0.2843750000000001
0 0.65625 0.11093750000000009 0.578125 0.11093750000000009 0.578125 0.18906250000000008 0.65625 0.18906250000000008
0 0.865625 0.2984375000000001 0.734375 0.2984375000000001 0.734375 0.5343750000000002 0.865625 0.5343750000000002
0 0.7796875 0.2000000000000001 0.703125 0.2000000000000001 0.703125 0.3203125000000001 0.7796875 0.3203125000000001
0 0.8375 0.1546875000000001 0.775 0.1546875000000001 0.775 0.23593750000000008 0.8375 0.23593750000000008
0 0.7328125 0.0984375000000001 0.6875 0.0984375000000001 0.6875 0.1453125000000001 0.7328125 0.1453125000000001
0 0.8921875 0.2531250000000001 0.8109375 0.2531250000000001 0.8109375 0.3750000000000001 0.8921875 0.3750000000000001
0 0.7734375 0.08593750000000008 0.7328125 0.08593750000000008 0.7328125 0.1312500000000001 0.7734375 0.1312500000000001
0 0.778125 0.1375000000000001 0.71875 0.1375000000000001 0.71875 0.2015625000000001 0.778125 0.2015625000000001
0 0.85 0.1218750000000001 0.8046875 0.1218750000000001 0.8046875 0.2015625000000001 0.85 0.2015625000000001
3 0.6609375 0.19375000000000006 0.4328125 0.19375000000000003 0.4328125 0.675 0.6609375 0.675
0 0.9984375 0.2000000000000001 0.9453125 0.2000000000000001 0.9453125 0.2734375000000001 0.9984375 0.2734375000000001
0 0.84375 0.0781250000000001 0.790625 0.07812500000000008 0.790625 0.10937500000000008 0.84375 0.10937500000000008
4 0.6578125 0.1843750000000001 0.640625 0.1843750000000001 0.640625 0.2140625000000001 0.6578125 0.2140625000000001
0 0.8640625 0.12500000000000008 0.846875 0.12500000000000008 0.846875 0.18750000000000008 0.8640625 0.18750000000000008