0 0.4109375 0.23750000000000004 0.17656250000000004 0.2375 0.17656250000000004 0.4625 0.4109375 0.4625
0 0.8265625 0.3671875000000001 0.6703125 0.3671875000000001 0.6703125 0.6421875000000001 0.8265625 0.6421875000000001
0 0.6578125 0.27812500000000007 0.4390625 0.27812500000000007 0.4390625 0.5765625 0.6578125 0.5765625
0 0.6421875 0.12656250000000008 0.571875 0.12656250000000008 0.571875 0.2000000000000001 0.6421875 0.2000000000000001
0 0.490625 0.15312500000000004 0.38125 0.15312500000000004 0.38125 0.2531250000000001 0.490625 0.2531250000000001
0 0.7359375 0.26250000000000007 0.6328125 0.26250000000000007 0.6328125 0.43437500000000007 0.7359375 0.4343750000000002
0 0.703125 0.19687500000000008 0.54375 0.19687500000000005 0.54375 0.2890625000000001 0.703125 0.2890625000000001
0 0.5328125 0.21250000000000008 0.3984375 0.21250000000000008 0.3984375 0.3203125000000001 0.5328125 0.3203125000000001
0 0.5421875 0.27812500000000007 0.4109375 0.27812500000000007 0.4109375 0.440625 0.5421875 0.440625
6 0.88125 0.2312500000000001 0.7578125 0.2312500000000001 0.7578125 0.4578125000000002 0.88125 0.4578125000000002
0 0.7109375 0.09375000000000008 0.6515625 0.09375000000000008 0.6515625 0.16562500000000008 0.7109375 0.16562500000000008
0 0.8765625 0.10156250000000008 0.8359375 0.10156250000000008 0.8359375 0.1437500000000001 0.8765625 0.1437500000000001
0 0.7640625 0.08906250000000009 0.7203125 0.08906250000000009 0.7203125 0.1359375000000001 0.7640625 0.1359375000000001
0 0.865625 0.1921875000000001 0.7703125 0.1921875000000001 0.7703125 0.2765625000000001 0.865625 0.2765625000000001