0 0.415625 0.31250000000000006 0.17500000000000004 0.3125 0.17500000000000007 0.6078125 0.415625 0.6078125
0 0.85625 0.3062500000000001 0.7390625 0.3062500000000001 0.7390625 0.4984375000000002 0.85625 0.4984375000000002
0 0.7593750000000001 0.45781250000000007 0.5828125 0.4578125 0.5828125000000001 0.8109375 0.7593750000000001 0.8109375
0 0.5765625 0.21250000000000008 0.4484375 0.21250000000000008 0.4484375 0.4078125 0.5765625 0.4078125
0 0.7203125 0.26250000000000007 0.56875 0.26250000000000007 0.56875 0.4734375 0.7203125 0.4734375
5 0.8796875 0.20468750000000008 0.78125 0.20468750000000008 0.78125 0.3500000000000001 0.8796875 0.3500000000000001
6 0.9015625 0.09687500000000011 0.8546875 0.09687500000000011 0.8546875 0.1515625000000001 0.9015625 0.1515625000000001
0 0.8171875 0.2078125000000001 0.728125 0.2078125000000001 0.728125 0.3031250000000001 0.8171875 0.3031250000000001
0 0.6359375 0.2156250000000001 0.5578125 0.2156250000000001 0.5578125 0.3343750000000001 0.6359375 0.3343750000000001
1 0.7640625 0.12031250000000009 0.675 0.12031250000000009 0.675 0.2468750000000001 0.7640625 0.2468750000000001
0 0.54375 0.13593750000000004 0.434375 0.13593750000000004 0.434375 0.2500000000000001 0.54375 0.2500000000000001
0 0.696875 0.1546875000000001 0.6015625 0.1546875000000001 0.6015625 0.2562500000000001 0.696875 0.2562500000000001
0 0.71875 0.21250000000000008 0.640625 0.21250000000000008 0.640625 0.3109375000000001 0.71875 0.3109375000000001
0 0.8296875 0.1453125000000001 0.778125 0.1453125000000001 0.778125 0.20312500000000008 0.8296875 0.20312500000000008
0 0.8625 0.1218750000000001 0.8203125 0.1218750000000001 0.8203125 0.1828125000000001 0.8625 0.1828125000000001
0 0.6484375 0.10781250000000009 0.56875 0.10781250000000009 0.56875 0.19531250000000008 0.6484375 0.19531250000000008
0 0.7703125 0.08125000000000009 0.734375 0.08125000000000009 0.734375 0.1218750000000001 0.7703125 0.1218750000000001
0 0.725 0.09531250000000009 0.690625 0.09531250000000009 0.690625 0.1218750000000001 0.725 0.1218750000000001
0 0.99375 0.2000000000000001 0.903125 0.2000000000000001 0.903125 0.2812500000000001 0.99375 0.2812500000000001
0 0.7859375 0.1296875000000001 0.7609375 0.1296875000000001 0.7609375 0.2000000000000001 0.7859375 0.2000000000000001
0 0.765625 0.10468750000000009 0.7265625 0.10468750000000009 0.7265625 0.12500000000000008 0.765625 0.12500000000000008
0 0.81875 0.17968750000000008 0.7640625 0.17968750000000008 0.7640625 0.2250000000000001 0.81875 0.2250000000000001
4 0.4203125 0.2296875000000001 0.3828125 0.2296875000000001 0.38281250000000006 0.36406250000000007 0.4203125 0.36406250000000007
0 0.9234375 0.08593750000000011 0.884375 0.08593750000000011 0.884375 0.1343750000000001 0.9234375 0.13437500000000013