0 0.4609375 0.28437500000000004 0.25 0.284375 0.25000000000000006 0.54375 0.4609375 0.54375
0 0.7125 0.403125 0.5609375 0.403125 0.5609375 0.6703125 0.7125 0.6703125
0 0.85625 0.2921875000000001 0.74375 0.2921875000000001 0.74375 0.4812500000000002 0.85625 0.4812500000000002
0 0.5765625 0.2140625000000001 0.4453125 0.2140625000000001 0.4453125 0.3984375000000001 0.5765625 0.3984375000000001
0 0.546875 0.13281250000000006 0.4359375 0.13281250000000006 0.4359375 0.2375000000000001 0.546875 0.2375000000000001
0 0.653125 0.11250000000000009 0.56875 0.11250000000000009 0.56875 0.1906250000000001 0.653125 0.1906250000000001
0 0.7328125 0.2515625000000001 0.59375 0.2515625000000001 0.59375 0.43437500000000007 0.7328125 0.4343750000000002
0 0.8484375 0.10781250000000009 0.8015625 0.10781250000000009 0.8015625 0.1609375000000001 0.8484375 0.1609375000000001
0 0.6984375 0.15781250000000008 0.6 0.15781250000000008 0.6 0.24375000000000008 0.6984375 0.24375000000000008
5 0.8796875 0.2093750000000001 0.784375 0.2093750000000001 0.784375 0.3343750000000001 0.8796875 0.3343750000000001
0 0.9953125 0.2015625000000001 0.903125 0.2015625000000001 0.903125 0.2796875000000001 0.9953125 0.2796875000000001
0 0.6296875 0.2156250000000001 0.5578125 0.2156250000000001 0.5578125 0.32500000000000007 0.6296875 0.32500000000000007
0 0.90625 0.11250000000000009 0.86875 0.11250000000000009 0.86875 0.1593750000000001 0.90625 0.1593750000000001
1 0.76875 0.1140625000000001 0.6828125 0.1140625000000001 0.6828125 0.2234375000000001 0.76875 0.2234375000000001
0 0.7140625 0.2140625000000001 0.64375 0.2140625000000001 0.64375 0.2640625000000001 0.7140625 0.2640625000000001
0 0.871875 0.08281250000000011 0.8203125 0.08281250000000011 0.8203125 0.1281250000000001 0.871875 0.1281250000000001
0 0.9359375 0.10937500000000014 0.9078125 0.10937500000000014 0.9078125 0.14375000000000013 0.9359375 0.14375000000000013
0 0.7375 0.09531250000000009 0.6875 0.09531250000000009 0.6875 0.1453125000000001 0.7375 0.1453125000000001
0 0.8109375 0.2078125000000001 0.7328125 0.2078125000000001 0.7328125 0.2921875000000001 0.8109375 0.2921875000000001
4 0.7875 0.09375000000000008 0.7734375 0.09375000000000008 0.7734375 0.1437500000000001 0.7875 0.1437500000000001
0 0.7703125 0.08125000000000009 0.7359375 0.08125000000000009 0.7359375 0.1140625000000001 0.7703125 0.1140625000000001