0 0.871875 0.29375000000000007 0.75 0.29375000000000007 0.75 0.4906250000000002 0.871875 0.4906250000000002
0 0.709375 0.3687500000000001 0.5484375 0.3687500000000001 0.5484375 0.703125 0.709375 0.703125
0 0.7859375 0.1906250000000001 0.6921875 0.1906250000000001 0.6921875 0.31718750000000007 0.7859375 0.31718750000000007
0 0.16718750000000007 0.48125 5.893612720896637e-17 0.48125 8.438581850374731e-17 0.896875 0.1671875000000001 0.896875
0 0.7203125 0.11250000000000009 0.6421875 0.11250000000000009 0.6421875 0.17343750000000008 0.7203125 0.17343750000000008
0 0.7140625 0.2796875000000001 0.5796875 0.2796875000000001 0.5796875 0.428125 0.7140625 0.428125
0 0.8921875 0.1937500000000001 0.7984375 0.1937500000000001 0.7984375 0.3046875000000001 0.8921875 0.3046875000000001
0 0.7640625 0.07968750000000009 0.725 0.07968750000000009 0.725 0.1312500000000001 0.7640625 0.1312500000000001
0 0.709375 0.09375000000000008 0.6578125 0.09375000000000008 0.6578125 0.13437500000000008 0.709375 0.13437500000000008
0 0.865625 0.12343750000000009 0.81875 0.12343750000000009 0.81875 0.1937500000000001 0.865625 0.1937500000000001
0 1 0.6203125 0.6890625 0.6203125 0.6890625000000001 1 1 1
0 1 0.1796875000000001 0.890625 0.17968750000000008 0.890625 0.2812500000000001 1 0.2812500000000001
4 0.346875 0.18281250000000004 0.3046875 0.18281250000000004 0.3046875 0.2953125 0.346875 0.2953125
0 0.8578125 0.1062500000000001 0.821875 0.1062500000000001 0.821875 0.14218750000000008 0.8578125 0.14218750000000008