0 0.5453125 0.13281250000000006 0.4359375 0.13281250000000006 0.4359375 0.2531250000000001 0.5453125 0.2531250000000001
3 0.6890625 0.16718750000000007 0.471875 0.16718750000000004 0.471875 0.6046875 0.6890625 0.6046875
0 0.6671875 0.10937500000000008 0.59375 0.10937500000000008 0.59375 0.1843750000000001 0.6671875 0.1843750000000001
0 0.803125 0.4171875000000001 0.65 0.4171875 0.65 0.721875 0.803125 0.7218750000000002
0 0.8765625 0.2750000000000001 0.7640625 0.2750000000000001 0.7640625 0.4812500000000002 0.8765625 0.4812500000000002
0 0.840625 0.14843750000000008 0.78125 0.14843750000000008 0.78125 0.2328125000000001 0.840625 0.2328125000000001
0 0.7921875 0.1281250000000001 0.7375 0.1281250000000001 0.7375 0.18750000000000008 0.7921875 0.18750000000000008
0 0.7875 0.18906250000000008 0.725 0.18906250000000008 0.725 0.3078125000000001 0.7875 0.3078125000000001
0 0.765625 0.22031250000000008 0.7 0.22031250000000008 0.7 0.3968750000000001 0.765625 0.3968750000000001
0 0.73125 0.10468750000000009 0.6859375 0.10468750000000009 0.6859375 0.14843750000000008 0.73125 0.14843750000000008
0 0.93125 0.1875000000000001 0.8203125 0.18750000000000008 0.8203125 0.2828125000000001 0.93125 0.2828125000000001
0 0.771875 0.08593750000000008 0.734375 0.08593750000000008 0.734375 0.1281250000000001 0.771875 0.1281250000000001
0 0.9421875 0.08906250000000011 0.8953125 0.08906250000000011 0.8953125 0.12343750000000012 0.9421875 0.12343750000000013
0 1 0.2015625000000001 0.9453125 0.2015625000000001 0.9453125 0.2734375000000001 1 0.2734375000000001
0 0.903125 0.2484375000000001 0.821875 0.2484375000000001 0.821875 0.3578125000000001 0.903125 0.3578125000000001
0 0.853125 0.12500000000000008 0.80625 0.12500000000000008 0.80625 0.1984375000000001 0.853125 0.1984375000000001
4 0.6796875 0.1703125000000001 0.6609375 0.1703125000000001 0.6609375 0.19531250000000008 0.6796875 0.19531250000000008
0 0.8640625 0.12656250000000008 0.84375 0.12656250000000008 0.84375 0.17968750000000008 0.8640625 0.17968750000000008