0 0.7703125 0.0828125000000001 0.7328125 0.0828125000000001 0.7328125 0.1375000000000001 0.7703125 0.1375000000000001
0 0.728125 0.09375000000000008 0.696875 0.09375000000000008 0.696875 0.1468750000000001 0.728125 0.1468750000000001
3 0.778125 0.1468750000000001 0.6421875 0.1468750000000001 0.6421875 0.4234375000000001 0.778125 0.4234375000000002
0 0.8328125 0.3468750000000001 0.6953125 0.3468750000000001 0.6953125 0.5718750000000001 0.8328125 0.5718750000000001
0 0.8578125 0.12343750000000009 0.8203125 0.12343750000000009 0.8203125 0.1828125000000001 0.8578125 0.1828125000000001
0 0.8859375 0.2156250000000001 0.8078125 0.2156250000000001 0.8078125 0.36406250000000007 0.8859375 0.36406250000000007
0 0.8203125 0.1515625000000001 0.7796875 0.1515625000000001 0.7796875 0.2609375000000001 0.8203125 0.2609375000000001
0 0.609375 0.11875000000000006 0.5140625 0.11875000000000005 0.5140625 0.21250000000000008 0.609375 0.21250000000000008
0 0.8625 0.0953125000000001 0.83125 0.0953125000000001 0.83125 0.13437500000000008 0.8625 0.13437500000000008
0 0.8796875 0.07812500000000011 0.83125 0.07812500000000011 0.83125 0.1281250000000001 0.8796875 0.1281250000000001
0 0.7859375 0.06875000000000009 0.7359375 0.06875000000000009 0.7359375 0.10000000000000009 0.7859375 0.10000000000000009
0 0.7046875 0.10000000000000009 0.65625 0.10000000000000009 0.65625 0.1703125000000001 0.7046875 0.1703125000000001