0 0.409375 0.39843750000000006 0.16562500000000005 0.3984375 0.16562500000000008 0.678125 0.409375 0.678125
0 0.8125 0.4281250000000001 0.659375 0.428125 0.659375 0.7046875000000001 0.8125 0.7046875000000001
0 0.4875 0.15312500000000004 0.3765625 0.15312500000000004 0.3765625 0.2765625000000001 0.4875 0.2765625000000001
0 1 0.6328125000000001 0.6921875 0.6328125 0.6921875000000001 1 1 1
0 0.6421875 0.1296875000000001 0.56875 0.1296875000000001 0.56875 0.1984375000000001 0.6421875 0.1984375000000001
0 0.7109375 0.09375000000000008 0.6546875 0.09375000000000008 0.6546875 0.16562500000000008 0.7109375 0.16562500000000008
0 0.79375 0.07656250000000009 0.7515625 0.07656250000000009 0.7515625 0.1140625000000001 0.79375 0.1140625000000001
0 0.7640625 0.0828125000000001 0.71875 0.0828125000000001 0.71875 0.13437500000000008 0.7640625 0.13437500000000008
0 0.90625 0.2078125000000001 0.8015625 0.2078125000000001 0.8015625 0.3109375000000001 0.90625 0.3109375000000001
0 0.896875 0.10156250000000008 0.85625 0.10156250000000008 0.85625 0.14843750000000008 0.896875 0.14843750000000008
0 0.93125 0.09375000000000011 0.9046875 0.09375000000000011 0.9046875 0.1406250000000001 0.93125 0.14062500000000014