0 0.8625 0.2890625000000001 0.759375 0.2890625000000001 0.759375 0.4546875000000002 0.8625 0.4546875000000002
0 0.7109375 0.3671875000000001 0.5515625 0.3671875000000001 0.5515625 0.621875 0.7109375 0.621875
0 0.5453125 0.13750000000000007 0.4359375 0.13750000000000004 0.4359375 0.2562500000000001 0.5453125 0.2562500000000001
5 0.8921875 0.1937500000000001 0.7890625 0.1937500000000001 0.7890625 0.3281250000000001 0.8921875 0.3281250000000001
0 0.7296875 0.0984375000000001 0.684375 0.0984375000000001 0.684375 0.15000000000000008 0.7296875 0.15000000000000008
0 0.646875 0.11093750000000009 0.5671875 0.11093750000000009 0.5671875 0.19687500000000008 0.646875 0.19687500000000008
0 0.76875 0.14218750000000008 0.7140625 0.14218750000000008 0.7140625 0.21250000000000008 0.76875 0.21250000000000008
0 0.9609375 0.1734375000000001 0.890625 0.17343750000000008 0.890625 0.2750000000000001 0.9609375 0.2750000000000001
0 0.771875 0.08437500000000009 0.7328125 0.08437500000000009 0.7328125 0.13281250000000008 0.771875 0.13281250000000008
0 0.8296875 0.15625000000000008 0.7609375 0.15625000000000008 0.7609375 0.2531250000000001 0.8296875 0.2531250000000001
0 0.8359375 0.11250000000000009 0.8015625 0.11250000000000009 0.8015625 0.15625000000000008 0.8359375 0.15625000000000008
0 0.809375 0.10781250000000009 0.7625 0.10781250000000009 0.7625 0.1781250000000001 0.809375 0.1781250000000001