0 0.465625 0.26093750000000004 0.271875 0.2609375 0.27187500000000003 0.490625 0.465625 0.490625
0 0.7859375 0.3734375000000001 0.64375 0.3734375000000001 0.64375 0.6250000000000001 0.7859375 0.6250000000000002
0 0.6265625 0.3437500000000001 0.4578125 0.3437500000000001 0.4578125 0.571875 0.6265625 0.571875
0 0.7421875 0.2578125000000001 0.6265625 0.2578125000000001 0.6265625 0.39531250000000007 0.7421875 0.39531250000000007
0 0.546875 0.13750000000000007 0.4359375 0.13750000000000004 0.4359375 0.24218750000000008 0.546875 0.24218750000000008
0 0.6203125 0.2468750000000001 0.49375 0.2468750000000001 0.49375 0.3750000000000001 0.6203125 0.3750000000000001
0 0.5875 0.19375000000000006 0.4765625 0.19375000000000003 0.4765625 0.2968750000000001 0.5875 0.2968750000000001
0 0.734375 0.0984375000000001 0.6875 0.0984375000000001 0.6875 0.14843750000000008 0.734375 0.14843750000000008
0 0.7578125 0.1859375000000001 0.6765625 0.1859375000000001 0.6765625 0.2578125000000001 0.7578125 0.2578125000000001
0 0.859375 0.2468750000000001 0.7328125 0.2468750000000001 0.7328125 0.4390625000000002 0.859375 0.4390625000000002
0 0.8390625 0.12343750000000009 0.7875 0.12343750000000009 0.7875 0.1765625000000001 0.8390625 0.1765625000000001
0 0.9671875 0.1890625000000001 0.86875 0.18906250000000008 0.86875 0.2968750000000001 0.9671875 0.2968750000000001
0 0.7734375 0.07656250000000009 0.7265625 0.07656250000000009 0.7265625 0.13437500000000008 0.7734375 0.13437500000000008
0 0.996875 0.18437500000000012 0.9625 0.18437500000000012 0.9625 0.27031250000000007 0.996875 0.27031250000000007
0 0.853125 0.19531250000000008 0.721875 0.19531250000000008 0.721875 0.2906250000000001 0.853125 0.2906250000000001