0 0.4578125 0.27031250000000007 0.2453125 0.2703125 0.24531250000000004 0.4953125 0.4578125 0.4953125
0 0.23125000000000004 0.35 4.286263797015736e-17 0.35 5.740531871003217e-17 0.5875 0.2312500000000001 0.5875
0 0.6234375 0.3500000000000001 0.4390625 0.3500000000000001 0.4390625 0.5921875 0.6234375 0.5921875
0 0.6140625 0.25468750000000007 0.4859375 0.25468750000000007 0.4859375 0.3812500000000001 0.6140625 0.3812500000000001
0 0.546875 0.13437500000000008 0.4359375 0.13437500000000005 0.4359375 0.2531250000000001 0.546875 0.2531250000000001
0 0.775 0.4250000000000001 0.60625 0.425 0.60625 0.7109375000000001 0.775 0.7109375000000002
0 0.71875 0.27812500000000007 0.596875 0.27812500000000007 0.596875 0.434375 0.71875 0.434375
0 0.85 0.2484375000000001 0.7234375 0.2484375000000001 0.7234375 0.4484375000000001 0.85 0.44843750000000016
0 0.7296875 0.0984375000000001 0.6890625 0.0984375000000001 0.6890625 0.14843750000000008 0.7296875 0.14843750000000008
0 0.6859375 0.2171875000000001 0.5890625 0.2171875000000001 0.5890625 0.3046875000000001 0.6859375 0.3046875000000001
0 0.9203125 0.2078125000000001 0.8234375 0.2078125000000001 0.8234375 0.34843750000000007 0.9203125 0.34843750000000007
0 0.7171875 0.18125000000000008 0.6515625 0.18125000000000008 0.6515625 0.2500000000000001 0.7171875 0.2500000000000001
0 0.7703125 0.07968750000000009 0.725 0.07968750000000009 0.725 0.1375000000000001 0.7703125 0.1375000000000001
0 0.9046875 0.1781250000000001 0.8140625 0.1781250000000001 0.8140625 0.24218750000000008 0.9046875 0.24218750000000008
0 0.8203125 0.1937500000000001 0.684375 0.1937500000000001 0.684375 0.3156250000000001 0.8203125 0.3156250000000001