0 0.45625 0.25781250000000006 0.2453125 0.2578125 0.24531250000000004 0.49375 0.45625 0.49375
0 0.6203125 0.34062500000000007 0.4578125 0.34062500000000007 0.4578125 0.571875 0.6203125 0.571875
0 0.7875 0.37187500000000007 0.64375 0.37187500000000007 0.64375 0.6187500000000001 0.7875 0.6187500000000001
0 0.54375 0.13593750000000004 0.434375 0.13593750000000004 0.434375 0.24375000000000008 0.54375 0.24375000000000008
0 0.7421875 0.2578125000000001 0.628125 0.2578125000000001 0.628125 0.39531250000000007 0.7421875 0.39531250000000007
0 0.6140625 0.2531250000000001 0.4828125 0.2531250000000001 0.4828125 0.3828125000000001 0.6140625 0.3828125000000001
0 0.7296875 0.0984375000000001 0.684375 0.0984375000000001 0.684375 0.14843750000000008 0.7296875 0.14843750000000008
0 0.725 0.18125000000000008 0.6609375 0.18125000000000008 0.6609375 0.2484375000000001 0.725 0.2484375000000001
0 0.8578125 0.2406250000000001 0.7359375 0.2406250000000001 0.7359375 0.4390625000000002 0.8578125 0.4390625000000002
0 0.93125 0.19218750000000012 0.8453125 0.1921875000000001 0.8453125 0.30937500000000007 0.93125 0.30937500000000007
0 0.484375 0.23593750000000008 0.3703125 0.23593750000000008 0.3703125 0.3531250000000001 0.484375 0.3531250000000001
0 0.771875 0.07812500000000008 0.7234375 0.07812500000000008 0.7234375 0.1375000000000001 0.771875 0.1375000000000001
0 0.696875 0.21093750000000008 0.6046875 0.21093750000000008 0.6046875 0.3218750000000001 0.696875 0.3218750000000001
0 0.8296875 0.19531250000000008 0.6890625 0.19531250000000008 0.6890625 0.2921875000000001 0.8296875 0.2921875000000001
0 0.934375 0.1734375000000001 0.8671875 0.17343750000000008 0.8671875 0.25468750000000007 0.934375 0.25468750000000007