0 0.8734375 0.2812500000000001 0.7421875 0.2812500000000001 0.7421875 0.5203125000000002 0.8734375 0.5203125000000002
0 0.7828125 0.19687500000000008 0.6890625 0.19687500000000008 0.6890625 0.3265625000000001 0.7828125 0.3265625000000001
0 0.703125 0.2968750000000001 0.5546875 0.2968750000000001 0.5546875 0.4765625 0.703125 0.4765625
0 0.7109375 0.10781250000000009 0.63125 0.10781250000000009 0.63125 0.1765625000000001 0.7109375 0.1765625000000001
0 0.7250000000000001 0.3968750000000001 0.553125 0.3968750000000001 0.5531250000000001 0.7703125 0.7250000000000002 0.7703125
0 0.878125 0.1984375000000001 0.7875 0.1984375000000001 0.7875 0.3375000000000001 0.878125 0.3375000000000001
0 0.8640625 0.12500000000000008 0.8109375 0.12500000000000008 0.8109375 0.2015625000000001 0.8640625 0.2015625000000001
0 0.7640625 0.08125000000000009 0.721875 0.08125000000000009 0.721875 0.13281250000000008 0.7640625 0.13281250000000008
4 0.35 0.16250000000000003 0.30625 0.16250000000000003 0.30625 0.29375 0.35 0.29375
0 0.978125 0.1812500000000001 0.878125 0.18125000000000008 0.878125 0.2796875000000001 0.978125 0.2796875000000001
0 1 0.7046875000000001 0.75 0.7046875000000001 0.7500000000000001 1 1 1
0 0.043750000000000094 0.6109375 7.481826538540861e-17 0.6109375 9.376202055971923e-17 0.9203125 0.04375000000000011 0.9203125
0 0.853125 0.10781250000000009 0.809375 0.10781250000000009 0.809375 0.1593750000000001 0.853125 0.1593750000000001
0 0.7125 0.0906250000000001 0.6640625 0.0906250000000001 0.6640625 0.14062500000000008 0.7125 0.14062500000000008