0 0.546875 0.13437500000000008 0.4359375 0.13437500000000005 0.4359375 0.2515625000000001 0.546875 0.2515625000000001
0 0.8453125 0.4406250000000001 0.665625 0.440625 0.6656250000000001 0.8203125 0.8453125 0.8203125
0 0.7937500000000001 0.690625 0.3984375000000001 0.690625 0.3984375000000001 1 0.7937500000000002 1
0 0.85 0.13437500000000008 0.8015625 0.13437500000000008 0.8015625 0.1984375000000001 0.85 0.1984375000000001
0 0.7296875 0.0984375000000001 0.6859375 0.0984375000000001 0.6859375 0.14843750000000008 0.7296875 0.14843750000000008
0 0.8109375 0.19687500000000008 0.7390625 0.19687500000000008 0.7390625 0.2968750000000001 0.8109375 0.2968750000000001
0 0.6453125 0.30156250000000007 0.4734375 0.30156250000000007 0.4734375 0.5734375 0.6453125 0.5734375
0 0.6328125 0.14218750000000008 0.5640625 0.14218750000000008 0.5640625 0.2593750000000001 0.6328125 0.2593750000000001
0 0.80625 0.2968750000000001 0.7078125 0.2968750000000001 0.7078125 0.4437500000000001 0.80625 0.4437500000000002
0 0.81875 0.0812500000000001 0.7671875 0.08125000000000009 0.7671875 0.12031250000000009 0.81875 0.12031250000000009
0 1 0.18593750000000014 0.9125 0.18593750000000014 0.9125 0.27812500000000007 1 0.27812500000000007
0 0.9328125 0.08125000000000011 0.8734375 0.08125000000000011 0.8734375 0.12343750000000012 0.9328125 0.12343750000000013
0 0.76875 0.08125000000000009 0.725 0.08125000000000009 0.725 0.1296875000000001 0.76875 0.1296875000000001
0 1 0.815625 0.896875 0.815625 0.896875 1 1 1