0 0.6765625 0.3031250000000001 0.5 0.3031250000000001 0.5 0.5484375 0.6765625 0.5484375
0 0.60625 0.2453125000000001 0.46875 0.2453125000000001 0.46875 0.3937500000000001 0.60625 0.3937500000000001
0 0.7265625 0.2468750000000001 0.625 0.2468750000000001 0.625 0.3968750000000001 0.7265625 0.3968750000000001
6 0.696875 0.1625000000000001 0.590625 0.1625000000000001 0.590625 0.2890625000000001 0.696875 0.2890625000000001
0 0.840625 0.34062500000000007 0.6765625 0.34062500000000007 0.6765625 0.7046875000000001 0.840625 0.7046875000000001
0 0.7125 0.09218750000000009 0.65625 0.09218750000000009 0.65625 0.16406250000000008 0.7125 0.16406250000000008
0 0.9296875 0.1875000000000001 0.803125 0.18750000000000008 0.803125 0.28593750000000007 0.9296875 0.28593750000000007
0 0.7921875 0.18125000000000008 0.7015625 0.18125000000000008 0.7015625 0.30937500000000007 0.7921875 0.30937500000000007
0 0.871875 0.2640625000000001 0.76875 0.2640625000000001 0.76875 0.4546875000000002 0.871875 0.4546875000000002
0 0.765625 0.0828125000000001 0.725 0.0828125000000001 0.725 0.1312500000000001 0.765625 0.1312500000000001
4 0.3484375 0.18281250000000004 0.303125 0.18281250000000004 0.303125 0.2984375 0.3484375 0.2984375
0 0.459375 0.35000000000000003 0.2359375 0.35 0.23593750000000005 0.6015625 0.459375 0.6015625
0 1 0.17812500000000014 0.965625 0.17812500000000014 0.965625 0.2671875000000001 1 0.2671875000000001