0 0.7546875 0.21875000000000008 0.6078125 0.21875000000000008 0.6078125 0.3781250000000001 0.7546875 0.3781250000000001
0 0.6046875 0.3781250000000001 0.4046875 0.3781250000000001 0.4046875 0.7125 0.6046875 0.7125
0 0.8234375 0.4781250000000001 0.653125 0.478125 0.6531250000000001 0.834375 0.8234375 0.834375
0 0.53125 0.2765625000000001 0.365625 0.2765625000000001 0.36562500000000003 0.44375 0.53125 0.44375
0 0.54375 0.13906250000000003 0.4359375 0.13906250000000003 0.4359375 0.25468750000000007 0.54375 0.25468750000000007
0 0.89375 0.2453125000000001 0.8078125 0.2453125000000001 0.8078125 0.3656250000000001 0.89375 0.3656250000000001
0 0.73125 0.10000000000000009 0.6859375 0.10000000000000009 0.6859375 0.1515625000000001 0.73125 0.1515625000000001
0 0.81875 0.17187500000000008 0.746875 0.17187500000000008 0.746875 0.27812500000000007 0.81875 0.27812500000000007
0 0.7734375 0.08593750000000008 0.7328125 0.08593750000000008 0.7328125 0.1359375000000001 0.7734375 0.1359375000000001
0 0.646875 0.11562500000000009 0.56875 0.11562500000000009 0.56875 0.1984375000000001 0.646875 0.1984375000000001
0 0.8375 0.1375000000000001 0.784375 0.1375000000000001 0.784375 0.22656250000000008 0.8375 0.22656250000000008
4 0.53125 0.3187500000000001 0.484375 0.3187500000000001 0.484375 0.4140625 0.53125 0.4140625
0 0.8875 0.7812500000000001 0.4312500000000002 0.78125 0.4312500000000002 1 0.8875 1
0 0.9984375 0.80625 0.946875 0.80625 0.946875 1 0.9984375 1
0 0.853125 0.1359375000000001 0.8328125 0.1359375000000001 0.8328125 0.20312500000000008 0.853125 0.20312500000000008
0 0.9859375 0.1953125000000001 0.890625 0.19531250000000008 0.890625 0.2812500000000001 0.9859375 0.2812500000000001
0 0.925 0.07656250000000012 0.8765625 0.07656250000000012 0.8765625 0.12343750000000012 0.925 0.12343750000000013