0 0.684375 0.26250000000000007 0.540625 0.26250000000000007 0.540625 0.4890625 0.684375 0.4890625
0 0.50625 0.353125 0.221875 0.353125 0.22187500000000004 0.70625 0.50625 0.70625
0 0.9875 0.6953125000000001 0.6875 0.6953125 0.6875000000000001 0.9984375 0.9875 0.9984375
0 0.5453125 0.13281250000000006 0.4359375 0.13281250000000006 0.4359375 0.2515625000000001 0.5453125 0.2515625000000001
0 0.8296875 0.36406250000000007 0.6890625 0.36406250000000007 0.6890625 0.6125 0.8296875 0.6125000000000002
0 0.7359375 0.09687500000000009 0.6875 0.09687500000000009 0.6875 0.1468750000000001 0.7359375 0.1468750000000001
0 0.6546875 0.11562500000000009 0.571875 0.11562500000000009 0.571875 0.1921875000000001 0.6546875 0.1921875000000001
0 0.828125 0.2390625000000001 0.7375 0.2390625000000001 0.7375 0.4031250000000002 0.828125 0.4031250000000002
0 0.825 0.1750000000000001 0.759375 0.1750000000000001 0.759375 0.2578125000000001 0.825 0.2578125000000001
0 0.86875 0.1296875000000001 0.8390625 0.1296875000000001 0.8390625 0.1843750000000001 0.86875 0.1843750000000001
0 0.8515625 0.13437500000000008 0.796875 0.13437500000000008 0.796875 0.2156250000000001 0.8515625 0.2156250000000001
0 0.7671875 0.08906250000000009 0.7234375 0.08906250000000009 0.7234375 0.1359375000000001 0.7671875 0.1359375000000001
5 0.61875 0.17500000000000007 0.5046875 0.17500000000000004 0.5046875 0.31718750000000007 0.61875 0.31718750000000007