0 0.54375 0.13437500000000005 0.4359375 0.13437500000000005 0.4359375 0.2500000000000001 0.54375 0.2500000000000001
0 0.8328125 0.3500000000000001 0.696875 0.3500000000000001 0.696875 0.5625000000000001 0.8328125 0.5625000000000002
0 0.8859375 0.2453125000000001 0.7890625 0.2453125000000001 0.7890625 0.42187500000000017 0.8859375 0.42187500000000017
3 0.7765625 0.1546875000000001 0.6328125 0.1546875000000001 0.6328125 0.43437500000000007 0.7765625 0.4343750000000002
0 0.8609375 0.11718750000000008 0.8171875 0.11718750000000008 0.8171875 0.19531250000000008 0.8609375 0.19531250000000008
0 0.846875 0.1468750000000001 0.7859375 0.1468750000000001 0.7859375 0.23437500000000008 0.846875 0.23437500000000008
0 0.70625 0.0984375000000001 0.6421875 0.0984375000000001 0.6421875 0.1671875000000001 0.70625 0.1671875000000001
0 0.7875 0.12656250000000008 0.740625 0.12656250000000008 0.740625 0.1609375000000001 0.7875 0.1609375000000001
0 0.80625 0.1671875000000001 0.7765625 0.1671875000000001 0.7765625 0.2640625000000001 0.80625 0.2640625000000001
0 0.73125 0.0984375000000001 0.6984375 0.0984375000000001 0.6984375 0.1453125000000001 0.73125 0.1453125000000001
0 0.775 0.0828125000000001 0.734375 0.0828125000000001 0.734375 0.12656250000000008 0.775 0.12656250000000008
0 0.9375 0.10000000000000012 0.9 0.10000000000000009 0.9 0.13906250000000012 0.9375 0.13906250000000014
0 0.79375 0.19531250000000008 0.7734375 0.19531250000000008 0.7734375 0.3312500000000001 0.79375 0.3312500000000001