0 0.5171875 0.27031250000000007 0.3421875 0.2703125 0.34218750000000003 0.5 0.5171875 0.5
0 0.7328125 0.2765625000000001 0.5984375 0.2765625000000001 0.5984375 0.5125000000000001 0.7328125 0.5125000000000002
0 0.825 0.16406250000000008 0.753125 0.16406250000000008 0.753125 0.26250000000000007 0.825 0.26250000000000007
0 0.8328125 0.3750000000000001 0.6546875 0.3750000000000001 0.6546875000000001 0.7453125 0.8328125 0.7453125000000002
0 0.7171875 0.09218750000000009 0.6578125 0.09218750000000009 0.6578125 0.16406250000000008 0.7171875 0.16406250000000008
0 0.8828125 0.2531250000000001 0.796875 0.2531250000000001 0.796875 0.42187500000000017 0.8828125 0.42187500000000017
0 0.7609375 0.23593750000000008 0.6734375 0.23593750000000008 0.6734375 0.36406250000000007 0.7609375 0.36406250000000007
0 0.7625 0.12031250000000009 0.715625 0.12031250000000009 0.715625 0.1687500000000001 0.7625 0.1687500000000001
0 0.8828125 0.11250000000000009 0.840625 0.11250000000000009 0.840625 0.17187500000000008 0.8828125 0.17187500000000008
4 0.346875 0.17187500000000006 0.30625 0.17187500000000006 0.30625 0.2953125 0.346875 0.2953125
0 0.17343750000000008 0.3578125 4.3819393281991234e-17 0.3578125 6.592044098535362e-17 0.71875 0.17343750000000008 0.71875
0 0.928125 0.1828125000000001 0.828125 0.1828125000000001 0.828125 0.2843750000000001 0.928125 0.2843750000000001
0 1 0.18437500000000012 0.9515625 0.18437500000000012 0.9515625 0.2656250000000001 1 0.2656250000000001
4 1 0.8734375 0.890625 0.8734375 0.890625 1 1 1
0 0.765625 0.07968750000000009 0.7234375 0.07968750000000009 0.7234375 0.1281250000000001 0.765625 0.1281250000000001
0 0.928125 0.09687500000000011 0.88125 0.09687500000000011 0.88125 0.1437500000000001 0.928125 0.14375000000000013