0 0.34062500000000007 0.315625 0.13593750000000004 0.315625 0.13593750000000004 0.5171875 0.34062500000000007 0.5171875
0 0.778125 0.3234375000000001 0.646875 0.3234375000000001 0.646875 0.5765625000000001 0.778125 0.5765625000000002
0 0.871875 0.2484375000000001 0.771875 0.2484375000000001 0.771875 0.4578125000000002 0.871875 0.4578125000000002
0 0.7109375 0.09218750000000009 0.65625 0.09218750000000009 0.65625 0.16406250000000008 0.7109375 0.16406250000000008
6 0.6796875 0.2390625000000001 0.4875 0.2390625000000001 0.4875 0.53125 0.6796875 0.53125
0 0.85 0.13437500000000008 0.7859375 0.13437500000000008 0.7859375 0.22031250000000008 0.85 0.22031250000000008
0 0.484375 0.15000000000000005 0.375 0.15000000000000005 0.375 0.2828125000000001 0.484375 0.2828125000000001
0 0.9671875 0.19375000000000012 0.8640625 0.1937500000000001 0.8640625 0.2890625000000001 0.9671875 0.2890625000000001
0 0.765625 0.08437500000000009 0.721875 0.08437500000000009 0.721875 0.13437500000000008 0.765625 0.13437500000000008
0 0.646875 0.1906250000000001 0.546875 0.1906250000000001 0.546875 0.2531250000000001 0.646875 0.2531250000000001
4 0.3484375 0.18906250000000005 0.303125 0.18906250000000005 0.303125 0.3 0.3484375 0.3
4 0.8828125 0.11718750000000008 0.8625 0.11718750000000008 0.8625 0.18906250000000008 0.8828125 0.18906250000000008