0 0.534375 0.33281250000000007 0.25625 0.3328125 0.25625000000000003 0.665625 0.534375 0.665625
0 0.7 0.2453125000000001 0.565625 0.2453125000000001 0.565625 0.4546875 0.7 0.4546875
0 0.546875 0.13281250000000006 0.4359375 0.13281250000000006 0.4359375 0.2515625000000001 0.546875 0.2515625000000001
0 0.84375 0.3296875000000001 0.7234375 0.3296875000000001 0.7234375 0.5406250000000001 0.84375 0.5406250000000001
0 0.8984375 0.5890625 0.6875 0.5890625 0.6875000000000001 0.9921875 0.8984375 0.9921875
0 0.734375 0.0984375000000001 0.6875 0.0984375000000001 0.6875 0.1468750000000001 0.734375 0.1468750000000001
0 0.65625 0.11562500000000009 0.571875 0.11562500000000009 0.571875 0.1937500000000001 0.65625 0.1937500000000001
0 0.8265625 0.2218750000000001 0.7375 0.2218750000000001 0.7375 0.3468750000000001 0.8265625 0.3468750000000001
5 0.690625 0.15000000000000008 0.6015625 0.15000000000000008 0.6015625 0.2593750000000001 0.690625 0.2593750000000001
0 0.8296875 0.1703125000000001 0.76875 0.1703125000000001 0.76875 0.2468750000000001 0.8296875 0.2468750000000001
0 0.8609375 0.0750000000000001 0.809375 0.0750000000000001 0.809375 0.10937500000000008 0.8609375 0.10937500000000008
0 0.85625 0.1312500000000001 0.803125 0.1312500000000001 0.803125 0.21250000000000008 0.85625 0.21250000000000008
0 0.7734375 0.0750000000000001 0.728125 0.0750000000000001 0.728125 0.13281250000000008 0.7734375 0.13281250000000008
0 0.8703125 0.12656250000000008 0.8390625 0.12656250000000008 0.8390625 0.18750000000000008 0.8703125 0.18750000000000008