5 1 0.7171875000000002 0.790625 0.7171875000000002 0.7906250000000001 0.9984375 1 0.9984375
0 0.6187500000000001 0.734375 0.3812500000000001 0.734375 0.3812500000000001 1 0.6187500000000001 1
0 0.4140625 0.28906250000000006 0.19062500000000004 0.2890625 0.19062500000000007 0.5484375 0.4140625 0.5484375
0 0.5 0.425 0.2484375000000001 0.425 0.2484375000000001 0.7234375 0.5 0.7234375
0 0.7390625 0.1671875000000001 0.66875 0.1671875000000001 0.66875 0.25468750000000007 0.7390625 0.25468750000000007
6 0.840625 0.14062500000000008 0.765625 0.14062500000000008 0.765625 0.2484375000000001 0.840625 0.2484375000000001
6 0.74375 0.10312500000000009 0.6890625 0.10312500000000009 0.6890625 0.1781250000000001 0.74375 0.1781250000000001
1 0.6515625 0.16250000000000006 0.5078125 0.16250000000000003 0.5078125 0.3546875000000001 0.6515625 0.3546875000000001
0 0.7859375 0.2843750000000001 0.634375 0.2843750000000001 0.634375 0.43437500000000007 0.7859375 0.4343750000000002
0 0.540625 0.13437500000000005 0.4359375 0.13437500000000005 0.4359375 0.2500000000000001 0.540625 0.2500000000000001
0 0.8375 0.3531250000000001 0.6859375 0.3531250000000001 0.6859375 0.6125 0.8375 0.6125000000000002
0 0.9734375 0.18437500000000012 0.871875 0.1843750000000001 0.871875 0.28593750000000007 0.9734375 0.28593750000000007
0 0.696875 0.12500000000000008 0.6359375 0.12500000000000008 0.6359375 0.2062500000000001 0.696875 0.2062500000000001
0 0.7796875 0.2156250000000001 0.6859375 0.2156250000000001 0.6859375 0.3109375000000001 0.7796875 0.3109375000000001
0 0.771875 0.08437500000000009 0.7359375 0.08437500000000009 0.7359375 0.13281250000000008 0.771875 0.13281250000000008
0 0.875 0.11093750000000009 0.834375 0.11093750000000009 0.834375 0.1906250000000001 0.875 0.1906250000000001
0 0.83125 0.10000000000000009 0.79375 0.10000000000000009 0.79375 0.1437500000000001 0.83125 0.1437500000000001
0 0.64375 0.10937500000000008 0.56875 0.10937500000000008 0.56875 0.1625000000000001 0.64375 0.1625000000000001