0 0.675 0.2593750000000001 0.4703125 0.2593750000000001 0.4703125 0.5484375 0.675 0.5484375
0 0.8265625 0.36406250000000007 0.6703125 0.36406250000000007 0.6703125 0.6531250000000001 0.8265625 0.6531250000000002
0 0.4 0.22812500000000005 0.18281250000000004 0.228125 0.18281250000000004 0.475 0.4 0.475
0 0.5703125 0.2640625000000001 0.4453125 0.2640625000000001 0.4453125 0.4109375 0.5703125 0.4109375
0 0.4875 0.15468750000000003 0.378125 0.15468750000000003 0.378125 0.2734375000000001 0.4875 0.2734375000000001
1 0.9046875 0.2000000000000001 0.8015625 0.2000000000000001 0.8015625 0.3859375000000001 0.9046875 0.3859375000000001
0 0.75 0.2500000000000001 0.6546875 0.2500000000000001 0.6546875 0.4156250000000001 0.75 0.4156250000000002
0 0.7140625 0.09531250000000009 0.6578125 0.09531250000000009 0.6578125 0.16562500000000008 0.7140625 0.16562500000000008
0 0.7609375 0.2015625000000001 0.5921875 0.2015625000000001 0.5921875 0.2968750000000001 0.7609375 0.2968750000000001
6 0.90625 0.0718750000000001 0.846875 0.0718750000000001 0.846875 0.12031250000000009 0.90625 0.12031250000000009
0 0.640625 0.12656250000000008 0.56875 0.12656250000000008 0.56875 0.2000000000000001 0.640625 0.2000000000000001
0 0.809375 0.10781250000000009 0.759375 0.10781250000000009 0.759375 0.1625000000000001 0.809375 0.1625000000000001
0 0.8125 0.1625000000000001 0.746875 0.1625000000000001 0.746875 0.2750000000000001 0.8125 0.2750000000000001
0 0.765625 0.08437500000000009 0.7234375 0.08437500000000009 0.7234375 0.13281250000000008 0.765625 0.13281250000000008
0 0.8078125 0.06250000000000008 0.75625 0.06250000000000008 0.75625 0.10312500000000009 0.8078125 0.10312500000000009
4 0.3390625 0.18437500000000004 0.3046875 0.18437500000000004 0.3046875 0.240625 0.3390625 0.240625
0 0.8390625 0.1515625000000001 0.7953125 0.1515625000000001 0.7953125 0.2234375000000001 0.8390625 0.2234375000000001