6 0.5421875 0.24062500000000003 0.328125 0.240625 0.32812500000000006 0.49375 0.5421875 0.49375
0 0.61875 0.3625000000000001 0.4265625 0.3625000000000001 0.4265625 0.615625 0.61875 0.615625
0 0.2218750000000001 0.7015625 8.591662700268149e-17 0.7015625 1.041906534587084e-16 1 0.2218750000000001 1
0 0.9984375 0.18593750000000012 0.89375 0.1859375000000001 0.89375 0.2796875000000001 0.9984375 0.2796875000000001
0 0.7421875 0.2234375000000001 0.6296875 0.2234375000000001 0.6296875 0.4234375000000001 0.7421875 0.4234375000000002
0 0.7140625 0.09218750000000009 0.6515625 0.09218750000000009 0.6515625 0.16406250000000008 0.7140625 0.16406250000000008
0 0.19218750000000007 0.5265625 6.448530801760282e-17 0.5265625 8.103717491232877e-17 0.796875 0.1921875000000001 0.796875
4 0.35 0.19062500000000004 0.309375 0.19062500000000004 0.309375 0.2984375 0.35 0.2984375
0 0.9015625 0.4156250000000001 0.6828125 0.415625 0.6828125 1 0.9015625 1
0 0.9375 0.0796875000000001 0.8953125 0.0796875000000001 0.8953125 0.12031250000000011 0.9375 0.12031250000000013
0 0.7671875 0.0828125000000001 0.721875 0.0828125000000001 0.721875 0.13437500000000008 0.7671875 0.13437500000000008
0 0.8265625 0.19687500000000008 0.7296875 0.19687500000000008 0.7296875 0.3203125000000001 0.8265625 0.3203125000000001