0 0.34218750000000003 0.3140625 0.13593750000000004 0.3140625 0.13593750000000004 0.5171875 0.3421875000000001 0.5171875
0 0.778125 0.3343750000000001 0.6484375 0.3343750000000001 0.6484375 0.5781250000000001 0.778125 0.5781250000000002
6 0.675 0.2390625000000001 0.484375 0.2390625000000001 0.484375 0.528125 0.675 0.528125
0 0.7640625 0.21093750000000008 0.66875 0.21093750000000008 0.66875 0.32500000000000007 0.7640625 0.32500000000000007
0 0.5421875 0.24687500000000004 0.3609375 0.246875 0.3609375 0.4859375 0.5421875 0.4859375
0 0.7109375 0.09218750000000009 0.65625 0.09218750000000009 0.65625 0.15781250000000008 0.7109375 0.15781250000000008
0 0.4203125 0.20312500000000006 0.2875 0.203125 0.28750000000000003 0.3765625 0.4203125 0.3765625000000001
0 0.834375 0.10312500000000009 0.7828125 0.10312500000000009 0.7828125 0.16406250000000008 0.834375 0.16406250000000008
0 0.8859375 0.10312500000000009 0.8515625 0.10312500000000009 0.8515625 0.15000000000000008 0.8859375 0.15000000000000008
0 0.871875 0.2468750000000001 0.76875 0.2468750000000001 0.76875 0.4359375000000002 0.871875 0.4359375000000002
0 0.7640625 0.08125000000000009 0.7234375 0.08125000000000009 0.7234375 0.13437500000000008 0.7640625 0.13437500000000008
0 0.9234375 0.08906250000000011 0.878125 0.08906250000000011 0.878125 0.12031250000000011 0.9234375 0.12031250000000013
4 0.3390625 0.18437500000000004 0.3046875 0.18437500000000004 0.3046875 0.2859375 0.3390625 0.2859375
4 0.871875 0.3750000000000001 0.81875 0.3750000000000001 0.81875 0.6093750000000002 0.871875 0.6093750000000002
4 0.753125 0.2796875000000001 0.71875 0.2796875000000001 0.71875 0.3296875000000001 0.753125 0.3296875000000001
0 0.9015625 0.2015625000000001 0.8296875 0.2015625000000001 0.8296875 0.3421875000000001 0.9015625 0.3421875000000001
0 0.959375 0.17812500000000012 0.8796875 0.1781250000000001 0.8796875 0.2750000000000001 0.959375 0.2750000000000001
0 1 0.18125000000000013 0.9625 0.18125000000000013 0.9625 0.2656250000000001 1 0.2656250000000001