0 0.6359375 0.3437500000000001 0.44375 0.3437500000000001 0.44375 0.6125 0.6359375 0.6125
0 0.5265625 0.25468750000000007 0.3421875 0.2546875 0.34218750000000003 0.5125 0.5265625 0.5125
0 0.865625 0.2406250000000001 0.771875 0.2406250000000001 0.771875 0.4312500000000002 0.865625 0.4312500000000002
6 0.8046875 0.34062500000000007 0.6265625 0.34062500000000007 0.6265625000000001 0.7500000000000001 0.8046875 0.7500000000000002
0 0.4890625 0.15312500000000004 0.3796875 0.15312500000000004 0.3796875 0.27031250000000007 0.4890625 0.27031250000000007
0 0.765625 0.1546875000000001 0.703125 0.1546875000000001 0.703125 0.2296875000000001 0.765625 0.2296875000000001
0 0.640625 0.1296875000000001 0.56875 0.1296875000000001 0.56875 0.1984375000000001 0.640625 0.1984375000000001
0 0.7125 0.09531250000000009 0.653125 0.09531250000000009 0.653125 0.1625000000000001 0.7125 0.1625000000000001
0 0.765625 0.08125000000000009 0.7203125 0.08125000000000009 0.7203125 0.13437500000000008 0.765625 0.13437500000000008
0 0.4312500000000001 0.44375 5.43437017121638e-17 0.44375 8.840419081344957e-17 1 0.4312500000000002 1
0 0.39531250000000007 0.27187500000000003 0.20625 0.271875 0.20625000000000004 0.45 0.39531250000000007 0.45
4 0.3750000000000001 0.384375 0.3359375000000001 0.384375 0.3359375000000001 0.4609375 0.3750000000000001 0.4609375
0 0.8796875 0.2093750000000001 0.803125 0.2093750000000001 0.803125 0.32500000000000007 0.8796875 0.32500000000000007
0 1 0.7359375000000001 0.7468750000000002 0.7359375000000001 0.7468750000000002 1 1 1