0 0.39062500000000006 0.2671875 0.16562500000000005 0.2671875 0.16562500000000005 0.5015625 0.3906250000000001 0.5015625
0 0.5640625 0.2984375000000001 0.39375 0.2984375000000001 0.39375000000000004 0.4984375 0.5640625 0.4984375
0 0.83125 0.3468750000000001 0.696875 0.3468750000000001 0.696875 0.565625 0.83125 0.5656250000000002
0 0.5453125 0.13281250000000006 0.4359375 0.13281250000000006 0.4359375 0.2500000000000001 0.5453125 0.2500000000000001
0 0.890625 0.2328125000000001 0.7890625 0.2328125000000001 0.7890625 0.4265625000000002 0.890625 0.4265625000000002
3 0.778125 0.1468750000000001 0.6328125 0.1468750000000001 0.6328125 0.43437500000000007 0.778125 0.4343750000000002
0 0.8484375 0.14218750000000008 0.784375 0.14218750000000008 0.784375 0.23437500000000008 0.8484375 0.23437500000000008
0 0.971875 0.1906250000000001 0.875 0.1906250000000001 0.875 0.2734375000000001 0.971875 0.2734375000000001
0 0.85 0.12343750000000009 0.809375 0.12343750000000009 0.809375 0.20312500000000008 0.85 0.20312500000000008
0 0.775 0.08906250000000009 0.73125 0.08906250000000009 0.73125 0.1359375000000001 0.775 0.1359375000000001
0 0.7328125 0.10000000000000009 0.696875 0.10000000000000009 0.696875 0.1468750000000001 0.7328125 0.1468750000000001
0 0.8078125 0.16406250000000008 0.775 0.16406250000000008 0.775 0.2640625000000001 0.8078125 0.2640625000000001
0 0.8421875 0.0734375000000001 0.7859375 0.07343750000000009 0.7859375 0.10937500000000008 0.8421875 0.10937500000000008
0 0.8859375 0.11093750000000009 0.8546875 0.11093750000000009 0.8546875 0.15781250000000008 0.8859375 0.15781250000000008
0 0.8953125 0.07656250000000012 0.84375 0.07656250000000012 0.84375 0.11250000000000009 0.8953125 0.11250000000000009
4 0.89375 0.1828125000000001 0.865625 0.1828125000000001 0.865625 0.2312500000000001 0.89375 0.2312500000000001
0 0.696875 0.12343750000000009 0.5953125 0.12343750000000009 0.5953125 0.2234375000000001 0.696875 0.2234375000000001
0 0.9140625 0.2296875000000001 0.8453125 0.2296875000000001 0.8453125 0.3296875000000001 0.9140625 0.3296875000000001
0 0.796875 0.1984375000000001 0.771875 0.1984375000000001 0.771875 0.3234375000000001 0.796875 0.3234375000000001
0 0.70625 0.10468750000000009 0.6359375 0.10468750000000009 0.6359375 0.15781250000000008 0.70625 0.15781250000000008
4 0.928125 0.0953125000000001 0.9125 0.0953125000000001 0.9125 0.15000000000000013 0.928125 0.15000000000000013
0 0.865625 0.1281250000000001 0.846875 0.1281250000000001 0.846875 0.18906250000000008 0.865625 0.18906250000000008