0 0.4578125 0.28593750000000007 0.25 0.2859375 0.25000000000000006 0.5453125 0.4578125 0.5453125
0 0.703125 0.3968750000000001 0.5640625 0.3968750000000001 0.5640625 0.675 0.703125 0.675
0 0.5765625 0.2171875000000001 0.4453125 0.2171875000000001 0.4453125 0.3984375000000001 0.5765625 0.3984375000000001
0 0.85625 0.2921875000000001 0.74375 0.2921875000000001 0.74375 0.4812500000000002 0.85625 0.4812500000000002
0 0.546875 0.13281250000000006 0.4375 0.13281250000000006 0.4375 0.2390625000000001 0.546875 0.2390625000000001
0 0.7296875 0.2515625000000001 0.59375 0.2515625000000001 0.59375 0.43437500000000007 0.7296875 0.4343750000000002
0 0.65625 0.11093750000000009 0.5671875 0.11093750000000009 0.5671875 0.18906250000000008 0.65625 0.18906250000000008
0 0.8046875 0.12656250000000008 0.7578125 0.12656250000000008 0.7578125 0.1906250000000001 0.8046875 0.1906250000000001
0 0.6328125 0.21250000000000008 0.5609375 0.21250000000000008 0.5609375 0.3281250000000001 0.6328125 0.3281250000000001
0 0.9953125 0.20312500000000008 0.903125 0.20312500000000008 0.903125 0.2796875000000001 0.9953125 0.2796875000000001
0 0.6984375 0.15781250000000008 0.6 0.15781250000000008 0.6 0.24218750000000008 0.6984375 0.24218750000000008
5 0.8796875 0.21093750000000008 0.7859375 0.21093750000000008 0.7859375 0.3421875000000001 0.8796875 0.3421875000000001
0 0.8671875 0.11875000000000009 0.8234375 0.11875000000000009 0.8234375 0.17343750000000008 0.8671875 0.17343750000000008
1 0.7625 0.11718750000000008 0.6703125 0.11718750000000008 0.6703125 0.2406250000000001 0.7625 0.2406250000000001
0 0.80625 0.2078125000000001 0.728125 0.2078125000000001 0.728125 0.30156250000000007 0.80625 0.30156250000000007
0 0.721875 0.2140625000000001 0.6359375 0.2140625000000001 0.6359375 0.2750000000000001 0.721875 0.2750000000000001
0 0.846875 0.15625000000000008 0.7875 0.15625000000000008 0.7875 0.21093750000000008 0.846875 0.21093750000000008
0 0.815625 0.09375000000000008 0.775 0.09375000000000008 0.775 0.1390625000000001 0.815625 0.1390625000000001
0 0.7359375 0.09531250000000009 0.6921875 0.09531250000000009 0.6921875 0.1296875000000001 0.7359375 0.1296875000000001
0 0.7765625 0.0828125000000001 0.7359375 0.0828125000000001 0.7359375 0.12500000000000008 0.7765625 0.12500000000000008
0 0.940625 0.10625000000000014 0.9171875 0.10625000000000014 0.9171875 0.14062500000000014 0.940625 0.14062500000000014
0 0.8171875 0.0703125000000001 0.7703125 0.07031250000000008 0.7703125 0.10312500000000009 0.8171875 0.10312500000000009
0 0.81875 0.2062500000000001 0.7578125 0.2062500000000001 0.7578125 0.2406250000000001 0.81875 0.2406250000000001
0 0.8578125 0.09375000000000011 0.8203125 0.09375000000000011 0.8203125 0.13437500000000008 0.8578125 0.13437500000000008