0 0.4140625 0.23593750000000005 0.17500000000000004 0.2359375 0.17500000000000004 0.4640625 0.4140625 0.4640625
0 0.828125 0.3687500000000001 0.6703125 0.3687500000000001 0.6703125 0.6453125000000001 0.828125 0.6453125000000002
0 0.49375 0.15468750000000003 0.38125 0.15468750000000003 0.38125 0.27031250000000007 0.49375 0.27031250000000007
0 0.66875 0.2593750000000001 0.46875 0.2593750000000001 0.46875 0.5421875 0.66875 0.5421875
0 0.5703125 0.2640625000000001 0.4484375 0.2640625000000001 0.4484375 0.4046875 0.5703125 0.4046875
0 0.6421875 0.12656250000000008 0.571875 0.12656250000000008 0.571875 0.2015625000000001 0.6421875 0.2015625000000001
0 0.7546875 0.2468750000000001 0.65 0.2468750000000001 0.65 0.4140625000000001 0.7546875 0.41406250000000017
0 0.86875 0.10312500000000009 0.81875 0.10312500000000009 0.81875 0.1468750000000001 0.86875 0.1468750000000001
0 0.7109375 0.09375000000000008 0.653125 0.09375000000000008 0.653125 0.16562500000000008 0.7109375 0.16562500000000008
6 0.921875 0.19218750000000012 0.825 0.1921875000000001 0.825 0.3390625000000001 0.921875 0.3390625000000001
0 0.8140625 0.15625000000000008 0.7421875 0.15625000000000008 0.7421875 0.2671875000000001 0.8140625 0.2671875000000001
0 0.84375 0.1531250000000001 0.796875 0.1531250000000001 0.796875 0.2234375000000001 0.84375 0.2234375000000001
0 0.76875 0.1937500000000001 0.6 0.1937500000000001 0.6 0.2890625000000001 0.76875 0.2890625000000001
0 0.765625 0.08437500000000009 0.7203125 0.08437500000000009 0.7203125 0.13437500000000008 0.765625 0.13437500000000008
6 0.9390625 0.07343750000000011 0.884375 0.07343750000000011 0.884375 0.12031250000000011 0.9390625 0.12031250000000013
4 0.34375 0.19218750000000004 0.30625 0.19218750000000004 0.30625 0.2359375 0.34375 0.2359375
0 0.8078125 0.06562500000000009 0.75 0.06562500000000009 0.75 0.1062500000000001 0.8078125 0.1062500000000001