0 0.8109375 0.3937500000000001 0.659375 0.3937500000000001 0.659375 0.6562500000000001 0.8109375 0.6562500000000002
0 0.5453125 0.13750000000000007 0.4359375 0.13750000000000004 0.4359375 0.2562500000000001 0.5453125 0.2562500000000001
3 0.7171875 0.17656250000000007 0.4953125 0.17656250000000004 0.4953125 0.5625 0.7171875 0.5625
0 0.875 0.27031250000000007 0.771875 0.27031250000000007 0.771875 0.4750000000000002 0.875 0.4750000000000002
0 0.6734375 0.11093750000000009 0.6015625 0.11093750000000009 0.6015625 0.17968750000000008 0.6734375 0.17968750000000008
0 0.725 0.09687500000000009 0.6890625 0.09687500000000009 0.6890625 0.1453125000000001 0.725 0.1453125000000001
0 0.771875 0.08437500000000009 0.7328125 0.08437500000000009 0.7328125 0.13437500000000008 0.771875 0.13437500000000008
0 0.9 0.2406250000000001 0.8328125 0.2406250000000001 0.8328125 0.35625000000000007 0.9 0.35625000000000007
0 0.7890625 0.1828125000000001 0.7296875 0.1828125000000001 0.7296875 0.2890625000000001 0.7890625 0.2890625000000001
0 0.7734375 0.21875000000000008 0.7140625 0.21875000000000008 0.7140625 0.3859375000000001 0.7734375 0.3859375000000001
0 0.8421875 0.15000000000000008 0.7859375 0.15000000000000008 0.7859375 0.23593750000000008 0.8421875 0.23593750000000008
0 0.85 0.12500000000000008 0.809375 0.12500000000000008 0.809375 0.1937500000000001 0.85 0.1937500000000001
0 0.8640625 0.12500000000000008 0.84375 0.12500000000000008 0.84375 0.1828125000000001 0.8640625 0.1828125000000001
0 0.796875 0.12500000000000008 0.746875 0.12500000000000008 0.746875 0.1781250000000001 0.796875 0.1781250000000001
0 0.9484375 0.1890625000000001 0.821875 0.18906250000000008 0.821875 0.2765625000000001 0.9484375 0.2765625000000001
0 0.996875 0.20312500000000008 0.9484375 0.20312500000000008 0.9484375 0.2734375000000001 0.996875 0.2734375000000001