0 0.5484375 0.13437500000000008 0.4359375 0.13437500000000005 0.4359375 0.2515625000000001 0.5484375 0.2515625000000001
0 0.7140625 0.3234375000000001 0.559375 0.3234375000000001 0.559375 0.5828125 0.7140625 0.5828125
0 0.8421875 0.1593750000000001 0.7921875 0.1593750000000001 0.7921875 0.2312500000000001 0.8421875 0.2312500000000001
0 0.6546875 0.11562500000000009 0.5703125 0.11562500000000009 0.5703125 0.2015625000000001 0.6546875 0.2015625000000001
0 0.7359375 0.0984375000000001 0.6875 0.0984375000000001 0.6875 0.1468750000000001 0.7359375 0.1468750000000001
0 0.890625 0.24218750000000008 0.8078125 0.24218750000000008 0.8078125 0.34062500000000007 0.890625 0.34062500000000007
0 0.8078125 0.2312500000000001 0.6421875 0.2312500000000001 0.6421875 0.40312500000000007 0.8078125 0.4031250000000002
0 0.88125 0.11250000000000009 0.8421875 0.11250000000000009 0.8421875 0.17343750000000008 0.88125 0.17343750000000008
0 0.8125 0.1703125000000001 0.7484375 0.1703125000000001 0.7484375 0.2796875000000001 0.8125 0.2796875000000001
0 0.7625 0.1906250000000001 0.6859375 0.1906250000000001 0.6859375 0.2578125000000001 0.7625 0.2578125000000001
0 0.7734375 0.07656250000000009 0.7265625 0.07656250000000009 0.7265625 0.13437500000000008 0.7734375 0.13437500000000008
0 0.8875 0.3187500000000001 0.771875 0.3187500000000001 0.771875 0.5156250000000002 0.8875 0.5156250000000002
5 0.884375 0.08593750000000011 0.834375 0.08593750000000011 0.834375 0.1281250000000001 0.884375 0.1281250000000001
0 0.8890625 0.10468750000000009 0.8625 0.10468750000000009 0.8625 0.15000000000000008 0.8890625 0.15000000000000008