7 0.815359477124183 0.25000000000000017 0.6666666666666666 0.25000000000000017 0.6666666666666666 0.38725490196078444 0.815359477124183 0.38725490196078444
7 0.9852941176470589 0.17156862745098056 0.8480392156862745 0.17156862745098053 0.8480392156862745 0.2794117647058825 0.9852941176470589 0.2794117647058826
7 0.6715686274509803 0.6421568627450981 0.553921568627451 0.6421568627450981 0.553921568627451 0.7598039215686274 0.6715686274509803 0.7598039215686274
7 0.3627450980392157 0.3161764705882353 0.2761437908496732 0.3161764705882353 0.2761437908496732 0.3553921568627451 0.3627450980392157 0.3553921568627451
7 0.46568627450980393 0.2401960784313726 0.3545751633986928 0.2401960784313726 0.3545751633986928 0.32352941176470595 0.46568627450980393 0.323529411764706
7 0.5702614379084967 0.20588235294117657 0.4820261437908497 0.20588235294117654 0.4820261437908497 0.27941176470588247 0.5702614379084967 0.27941176470588247
7 0.6911764705882353 0.14215686274509817 0.5555555555555556 0.14215686274509814 0.5555555555555556 0.2549019607843138 0.6911764705882353 0.2549019607843139
7 0.23202614379084976 0.5735294117647058 0.11601307189542488 0.5735294117647058 0.11601307189542488 0.7647058823529411 0.23202614379084976 0.7647058823529411
7 0.42810457516339867 0.5980392156862746 0.24019607843137264 0.5980392156862745 0.24019607843137264 0.8406862745098039 0.42810457516339867 0.8406862745098039
7 0.8316993464052288 0.610294117647059 0.47549019607843135 0.610294117647059 0.47549019607843135 0.9754901960784315 0.8316993464052288 0.9754901960784317
7 0.1879084967320262 0.3112745098039216 2.5413422139168933e-17 0.3112745098039216 4.442346232201183e-17 0.7769607843137255 0.1879084967320262 0.7769607843137255