3 0.590625 0.4833333333333335 0.55859375 0.4833333333333335 0.55859375 0.6152777777777779 0.590625 0.6152777777777779
3 0.24140625 0.44305555555555554 0.17421875000000003 0.44305555555555554 0.17421875000000003 0.5430555555555555 0.24140625 0.5430555555555555
3 0.50234375 0.31250000000000006 0.47109375 0.31250000000000006 0.47109375 0.39861111111111125 0.50234375 0.39861111111111125
3 0.34843750000000007 0.5291666666666667 0.2671875 0.5291666666666667 0.2671875 0.6541666666666667 0.34843750000000007 0.6541666666666667
3 0.9125 0.613888888888889 0.8609375 0.613888888888889 0.8609375 0.7625000000000003 0.9125 0.7625000000000003
3 0.18359375000000006 0.6694444444444444 0.13125000000000003 0.6694444444444444 0.13125000000000003 0.8138888888888889 0.18359375000000006 0.8138888888888889
3 0.903125 0.43888888888888905 0.83984375 0.43888888888888905 0.83984375 0.5500000000000002 0.903125 0.5500000000000002
3 0.2593750000000001 0.8680555555555556 0.2023437500000001 0.8680555555555556 0.2023437500000001 1 0.2593750000000001 1
3 0.17890625000000004 0.4041666666666667 0.12265625000000005 0.4041666666666667 0.12265625000000005 0.49583333333333335 0.17890625000000004 0.49583333333333335
3 0.434375 0.38333333333333347 0.3984375 0.38333333333333347 0.3984375 0.48611111111111127 0.434375 0.48611111111111127
3 0.48203125 0.30277777777777787 0.44453125 0.30277777777777787 0.44453125 0.3805555555555557 0.48203125 0.3805555555555557
3 0.36796875 0.376388888888889 0.321875 0.3763888888888889 0.321875 0.4722222222222223 0.36796875 0.4722222222222224
3 0.38515625 0.2583333333333334 0.359375 0.2583333333333334 0.359375 0.33194444444444454 0.38515625 0.33194444444444454
3 0.21328125000000003 0.5291666666666667 0.13750000000000004 0.5291666666666667 0.13750000000000004 0.65 0.2132812500000001 0.65
3 0.12968750000000004 0.4027777777777778 0.06875000000000002 0.4027777777777778 0.06875000000000003 0.49166666666666664 0.12968750000000004 0.49166666666666664
3 0.425 0.32500000000000007 0.3921875 0.32500000000000007 0.3921875 0.40416666666666684 0.425 0.40416666666666684
3 0.240625 0.3680555555555556 0.18750000000000006 0.3680555555555556 0.18750000000000006 0.45 0.240625 0.45
3 0.03828125000000005 0.65 4.4776148593825096e-17 0.65 4.9081547497077516e-17 0.775 0.03828125000000006 0.775
3 0.684375 0.47638888888888903 0.65390625 0.47638888888888903 0.65390625 0.588888888888889 0.684375 0.588888888888889
3 0.35625 0.22361111111111118 0.340625 0.22361111111111118 0.340625 0.29027777777777786 0.35625 0.29027777777777786
3 0.36796875 0.49166666666666675 0.32421875 0.49166666666666664 0.32421875 0.6055555555555556 0.36796875 0.6055555555555557
3 0.16640625000000003 0.5888888888888889 0.08906250000000004 0.5888888888888889 0.08906250000000004 0.7263888888888889 0.16640625000000003 0.7263888888888889
3 0.10078125000000004 0.34444444444444444 0.06250000000000003 0.34444444444444444 0.06250000000000003 0.4111111111111111 0.10078125000000004 0.4111111111111111
3 0.25234375 0.3958333333333333 0.20703125 0.3958333333333333 0.20703125 0.5041666666666667 0.25234375 0.5041666666666667
3 0.7765625 0.41666666666666685 0.74296875 0.41666666666666685 0.74296875 0.5083333333333335 0.7765625 0.5083333333333335
3 0.559375 0.2291666666666668 0.5375 0.22916666666666674 0.5375 0.2861111111111112 0.559375 0.28611111111111126
3 0.72890625 0.40000000000000013 0.69609375 0.40000000000000013 0.69609375 0.4986111111111113 0.72890625 0.4986111111111113
3 0.75625 0.39027777777777795 0.71796875 0.39027777777777795 0.71796875 0.48888888888888904 0.75625 0.48888888888888904
8 0.565625 0.2902777777777779 0.5234375 0.29027777777777786 0.5234375 0.3805555555555557 0.565625 0.3805555555555557
8 0.540625 0.17222222222222233 0.5125 0.17222222222222233 0.5125 0.2250000000000001 0.540625 0.2250000000000001
8 0.6953125 0.29305555555555574 0.5875 0.29305555555555574 0.5875 0.526388888888889 0.6953125 0.526388888888889
8 0.5234375 0.5041666666666668 0.3265625 0.5041666666666667 0.32656250000000003 1 0.5234375 1
8 0.47578125 0.1972222222222223 0.43359375 0.1972222222222223 0.43359375 0.3083333333333334 0.47578125 0.3083333333333334
8 0.809375 0.6194444444444446 0.5890625 0.6194444444444446 0.5890625 1.0000000000000002 0.809375 1.0000000000000002
8 0.83125 0.5055555555555558 0.68671875 0.5055555555555558 0.68671875 0.8069444444444446 0.83125 0.8069444444444448
8 0.4046875 0.20277777777777786 0.3703125 0.20277777777777786 0.3703125 0.2736111111111112 0.4046875 0.2736111111111112