8 0.69765625 0.5847222222222224 0.5625 0.5847222222222224 0.5625 0.8041666666666667 0.69765625 0.8041666666666667
8 0.9734375 0.6930555555555558 0.74453125 0.6930555555555558 0.74453125 0.9972222222222226 0.9734375 0.9972222222222226
8 0.5796875 0.3944444444444446 0.50546875 0.3944444444444446 0.50546875 0.5416666666666669 0.5796875 0.5416666666666669
8 0.546875 0.32083333333333347 0.49921875 0.3208333333333334 0.49921875 0.3958333333333335 0.546875 0.3958333333333335
8 0.6609375 0.2333333333333335 0.61953125 0.2333333333333335 0.61953125 0.28750000000000014 0.6609375 0.28750000000000014
8 0.5921875 0.18472222222222234 0.52265625 0.1847222222222223 0.52265625 0.29722222222222233 0.5921875 0.2972222222222224
14 0.740625 0.1722222222222224 0.6828125 0.1722222222222224 0.6828125 0.2541666666666668 0.740625 0.2541666666666668
14 0.65625 0.3250000000000002 0.58359375 0.3250000000000002 0.58359375 0.4708333333333335 0.65625 0.4708333333333335
3 0.85546875 0.4916666666666668 0.81171875 0.4916666666666668 0.81171875 0.6236111111111112 0.85546875 0.6236111111111112
3 0.87578125 0.46527777777777796 0.8484375 0.46527777777777796 0.8484375 0.577777777777778 0.87578125 0.577777777777778
3 0.73125 0.31388888888888905 0.7109375 0.31388888888888905 0.7109375 0.38888888888888906 0.73125 0.38888888888888906
3 0.70703125 0.26388888888888906 0.68984375 0.26388888888888906 0.68984375 0.3319444444444446 0.70703125 0.3319444444444446