3 0.19296875000000005 0.7027777777777777 0.11796875000000004 0.7027777777777777 0.11796875000000004 0.9013888888888889 0.19296875000000005 0.9013888888888889
8 0.4578125 0.32638888888888895 0.3796875 0.32638888888888895 0.3796875 0.4902777777777779 0.4578125 0.4902777777777779
3 0.94453125 0.6791666666666668 0.859375 0.6791666666666668 0.859375 0.879166666666667 0.94453125 0.879166666666667
3 0.7625 0.35555555555555574 0.7265625 0.35555555555555574 0.7265625 0.4444444444444446 0.7625 0.4444444444444446
3 0.10390625000000005 0.37916666666666665 0.051562500000000025 0.37916666666666665 0.051562500000000025 0.44305555555555554 0.10390625000000005 0.44305555555555554
3 0.2703125 0.3000000000000001 0.24375 0.3000000000000001 0.24375 0.38472222222222224 0.2703125 0.38472222222222224
3 0.2703125 0.4263888888888889 0.23359375 0.4263888888888889 0.23359375 0.5513888888888889 0.2703125 0.5513888888888889
3 0.34375 0.44305555555555554 0.29296875 0.44305555555555554 0.29296875 0.55 0.34375 0.55
8 0.76015625 0.276388888888889 0.53046875 0.27638888888888896 0.53046875 0.7736111111111112 0.76015625 0.7736111111111115
3 0.33046875 0.28333333333333344 0.3125 0.28333333333333344 0.3125 0.34583333333333344 0.33046875 0.34583333333333344
3 0.346875 0.24027777777777787 0.32734375 0.24027777777777787 0.32734375 0.2972222222222223 0.346875 0.2972222222222223
8 0.57890625 0.2652777777777779 0.51171875 0.26527777777777783 0.51171875 0.36250000000000016 0.57890625 0.36250000000000016
8 0.81171875 0.4694444444444446 0.73984375 0.4694444444444446 0.73984375 0.6319444444444446 0.81171875 0.6319444444444446
3 0.6609375 0.23611111111111127 0.6375 0.23611111111111127 0.6375 0.3027777777777779 0.6609375 0.3027777777777779
3 0.39140625 0.19444444444444453 0.371875 0.19444444444444453 0.371875 0.25694444444444453 0.39140625 0.25694444444444453
3 0.36171875 0.2111111111111112 0.340625 0.2111111111111112 0.340625 0.2722222222222223 0.36171875 0.2722222222222223