3 0.45390625 0.3722222222222224 0.4109375 0.3722222222222224 0.4109375 0.46666666666666684 0.45390625 0.46666666666666684
3 0.17812500000000003 0.3888888888888889 0.12187500000000004 0.3888888888888889 0.12187500000000004 0.4888888888888889 0.17812500000000003 0.4888888888888889
3 0.5171875 0.26944444444444454 0.48984375 0.26944444444444454 0.48984375 0.34583333333333344 0.5171875 0.34583333333333344
3 0.9765625 0.854166666666667 0.92265625 0.854166666666667 0.92265625 0.9944444444444448 0.9765625 0.9944444444444448
3 0.2953125 0.3486111111111112 0.2671875 0.3486111111111112 0.2671875 0.4486111111111111 0.2953125 0.4486111111111111
3 0.6046875 0.2194444444444446 0.58828125 0.2194444444444446 0.58828125 0.2847222222222224 0.6046875 0.2847222222222224
3 0.19921875000000006 0.34166666666666673 0.14921875000000004 0.3416666666666667 0.14921875000000004 0.4263888888888889 0.19921875000000006 0.4263888888888889
3 0.34453125 0.2861111111111112 0.31875 0.2861111111111112 0.31875 0.3611111111111111 0.34453125 0.3611111111111111
3 0.41796875 0.2597222222222223 0.3984375 0.2597222222222223 0.3984375 0.32638888888888895 0.41796875 0.32638888888888895
3 0.33046875 0.2722222222222223 0.3 0.2722222222222223 0.3 0.3472222222222223 0.33046875 0.3472222222222223
3 0.38359375 0.25694444444444453 0.3578125 0.25694444444444453 0.3578125 0.33194444444444454 0.38359375 0.33194444444444454
3 0.359375 0.2736111111111112 0.334375 0.2736111111111112 0.334375 0.351388888888889 0.359375 0.351388888888889
3 0.7109375 0.2972222222222224 0.6875 0.2972222222222224 0.6875 0.3791666666666668 0.7109375 0.3791666666666668
3 0.021093750000000057 0.7472222222222222 5.147343577666219e-17 0.7472222222222222 5.57309969143229e-17 0.8708333333333333 0.02109375000000006 0.8708333333333333
8 0.42890625 0.4680555555555556 0.28203125 0.46805555555555556 0.28203125 0.6027777777777779 0.42890625 0.602777777777778
8 0.85859375 0.4638888888888891 0.725 0.4638888888888891 0.725 0.5791666666666668 0.85859375 0.5791666666666668
8 0.58046875 0.2652777777777779 0.53203125 0.26527777777777783 0.53203125 0.3486111111111112 0.58046875 0.34861111111111126
8 0.54765625 0.13194444444444456 0.50234375 0.13194444444444456 0.50234375 0.24166666666666678 0.54765625 0.24166666666666684
8 0.475 0.19027777777777785 0.43125 0.19027777777777785 0.43125 0.2972222222222223 0.475 0.2972222222222223