3 0.05546875000000003 0.4513888888888889 0.013281250000000033 0.4513888888888889 0.013281250000000036 0.5888888888888889 0.055468750000000046 0.5888888888888889
3 0.15937500000000004 0.3638888888888889 0.12656250000000005 0.3638888888888889 0.12656250000000005 0.46805555555555556 0.15937500000000004 0.46805555555555556
3 0.17187500000000003 0.26666666666666666 0.1484375 0.26666666666666666 0.14843750000000003 0.3263888888888889 0.17187500000000006 0.3263888888888889
3 0.153125 0.19027777777777777 0.140625 0.19027777777777777 0.140625 0.22361111111111112 0.153125 0.22361111111111112
8 0.26093750000000004 0.39861111111111114 0.10937500000000004 0.39861111111111114 0.10937500000000004 0.7486111111111111 0.2609375000000001 0.7486111111111111
8 0.740625 0.1930555555555557 0.66171875 0.1930555555555557 0.66171875 0.25277777777777793 0.740625 0.25277777777777793
8 0.79921875 0.27222222222222237 0.4859375 0.2722222222222223 0.4859375 0.9944444444444446 0.79921875 0.9944444444444448
8 0.575 0.18472222222222234 0.5 0.1847222222222223 0.5 0.3277777777777779 0.575 0.32777777777777795
8 0.22578125 0.1305555555555556 0.1625 0.1305555555555556 0.1625 0.25000000000000006 0.22578125 0.25000000000000006
3 0.378125 0.19444444444444453 0.3453125 0.19444444444444453 0.3453125 0.2486111111111112 0.378125 0.2486111111111112
8 0.43828125 0.19305555555555565 0.36875 0.19305555555555565 0.36875 0.24444444444444452 0.43828125 0.24444444444444452
8 0.2609375 0.351388888888889 0.19687500000000005 0.351388888888889 0.19687500000000005 0.4583333333333333 0.2609375 0.4583333333333333
8 0.7078125 0.2319444444444446 0.6609375 0.2319444444444446 0.6609375 0.2694444444444446 0.7078125 0.2694444444444446