3 0.28203125 0.36666666666666664 0.2515625 0.36666666666666664 0.2515625 0.4791666666666667 0.28203125 0.4791666666666667
3 0.84921875 0.5000000000000001 0.809375 0.5000000000000001 0.809375 0.6569444444444446 0.84921875 0.6569444444444446
3 0.92421875 0.5291666666666668 0.8703125 0.5291666666666668 0.8703125 0.6791666666666668 0.92421875 0.6791666666666668
3 0.6875 0.23750000000000016 0.66640625 0.23750000000000016 0.66640625 0.3097222222222224 0.6875 0.3097222222222224
3 0.64296875 0.24722222222222237 0.625 0.24722222222222237 0.625 0.3055555555555557 0.64296875 0.3055555555555557
3 0.61484375 0.21388888888888904 0.596875 0.21388888888888904 0.596875 0.26527777777777795 0.61484375 0.26527777777777795
8 0.75234375 0.37500000000000017 0.6625 0.37500000000000017 0.6625 0.5277777777777779 0.75234375 0.5277777777777779
8 0.46015625 0.16666666666666677 0.3375 0.16666666666666674 0.3375 0.5347222222222223 0.46015625 0.5347222222222224
8 0.640625 0.26388888888888906 0.546875 0.26388888888888906 0.546875 0.4694444444444446 0.640625 0.4694444444444446
8 0.59453125 0.13055555555555567 0.54453125 0.13055555555555567 0.54453125 0.25138888888888905 0.59453125 0.25138888888888905
8 0.53046875 0.11805555555555568 0.47578125 0.11805555555555568 0.47578125 0.20277777777777786 0.53046875 0.20277777777777786