8 0.24765625000000005 0.36944444444444446 0.09531250000000002 0.36944444444444446 0.09531250000000004 0.7055555555555556 0.24765625000000008 0.7055555555555556
8 0.40859375 8.028240127743759e-17 0.32890625 7.160781978347719e-17 0.32890625 0.1625000000000001 0.40859375 0.1625000000000001
8 0.6546875 0.6013888888888891 0.53359375 0.6013888888888891 0.53359375 0.7902777777777777 0.6546875 0.7902777777777777
3 0.9234375 0.5486111111111113 0.88046875 0.5486111111111113 0.88046875 0.6833333333333335 0.9234375 0.6833333333333335
3 0.771875 0.3722222222222224 0.746875 0.3722222222222224 0.746875 0.45416666666666683 0.771875 0.45416666666666683
3 0.7359375 0.31527777777777793 0.71328125 0.31527777777777793 0.71328125 0.38333333333333347 0.7359375 0.38333333333333347
3 0.08125000000000003 0.41388888888888886 0.04375000000000003 0.41388888888888886 0.04375000000000003 0.5236111111111111 0.08125000000000004 0.5236111111111111
8 0.403125 0.2361111111111112 0.325 0.2361111111111112 0.325 0.40277777777777785 0.403125 0.40277777777777796
8 0.57734375 0.20000000000000012 0.496875 0.20000000000000007 0.496875 0.4319444444444446 0.57734375 0.4319444444444446
3 0.171875 0.23333333333333334 0.14765625 0.23333333333333334 0.14765625 0.28055555555555556 0.171875 0.28055555555555556
3 0.15390625 0.2111111111111111 0.13984375 0.2111111111111111 0.13984375 0.24444444444444444 0.15390625 0.24444444444444444
3 0.44609375 0.21250000000000008 0.425 0.21250000000000008 0.425 0.2458333333333334 0.44609375 0.2458333333333334
8 0.6421875 0.20000000000000015 0.58984375 0.20000000000000015 0.58984375 0.25138888888888905 0.6421875 0.25138888888888905
8 0.69453125 0.2055555555555557 0.6390625 0.2055555555555557 0.6390625 0.2833333333333335 0.69453125 0.2833333333333335
3 0.7140625 0.2319444444444446 0.69765625 0.2319444444444446 0.69765625 0.2819444444444446 0.7140625 0.2819444444444446