8 0.65234375 0.22361111111111126 0.60234375 0.22361111111111126 0.60234375 0.29305555555555574 0.65234375 0.29305555555555574
8 0.703125 0.8458333333333333 0.5453125 0.8458333333333333 0.5453125 0.9986111111111111 0.703125 0.9986111111111111
8 0.63671875 0.5472222222222224 0.51171875 0.5472222222222224 0.51171875 0.7833333333333333 0.63671875 0.7833333333333333
8 0.55078125 0.3041666666666668 0.49765625 0.30416666666666675 0.49765625 0.37500000000000017 0.55078125 0.37500000000000017
8 0.5921875 0.2763888888888891 0.54921875 0.2763888888888891 0.54921875 0.3472222222222224 0.5921875 0.3472222222222224
8 0.59375 0.24027777777777792 0.5609375 0.24027777777777792 0.5609375 0.2833333333333335 0.59375 0.2833333333333335
8 0.7390625 0.2097222222222224 0.69921875 0.2097222222222224 0.69921875 0.2555555555555557 0.7390625 0.2555555555555557
3 0.16406250000000006 0.37916666666666665 0.12968750000000004 0.37916666666666665 0.12968750000000004 0.48055555555555557 0.16406250000000006 0.48055555555555557
3 0.72578125 0.3388888888888891 0.70546875 0.3388888888888891 0.70546875 0.3875000000000002 0.72578125 0.3875000000000002
14 0.77734375 0.4486111111111113 0.64921875 0.4486111111111113 0.64921875 0.6819444444444446 0.77734375 0.6819444444444446
3 0.23359375 0.25555555555555565 0.209375 0.25555555555555565 0.209375 0.3291666666666667 0.23359375 0.3291666666666667