3 0.3484375 0.26388888888888895 0.32578125 0.26388888888888895 0.32578125 0.34027777777777785 0.3484375 0.34027777777777785
3 0.4421875 0.1833333333333334 0.41796875 0.1833333333333334 0.41796875 0.2611111111111112 0.4421875 0.2611111111111112
3 0.69609375 0.37500000000000017 0.66484375 0.37500000000000017 0.66484375 0.4777777777777779 0.69609375 0.4777777777777779
3 0.7609375 0.4722222222222224 0.709375 0.4722222222222224 0.709375 0.6430555555555557 0.7609375 0.6430555555555557
3 0.828125 0.4958333333333335 0.76953125 0.4958333333333335 0.76953125 0.6555555555555557 0.828125 0.6555555555555557
3 0.8484375 0.4097222222222224 0.80859375 0.4097222222222224 0.80859375 0.5180555555555557 0.8484375 0.5180555555555557
3 0.71015625 0.24861111111111128 0.6796875 0.24861111111111128 0.6796875 0.32222222222222235 0.71015625 0.32222222222222235
3 0.53125 0.2472222222222223 0.5125 0.2472222222222223 0.5125 0.32500000000000007 0.53125 0.32500000000000007
3 0.63828125 0.17222222222222236 0.62265625 0.17222222222222233 0.62265625 0.22361111111111126 0.63828125 0.22361111111111126
3 0.4671875 0.13888888888888898 0.44765625 0.13888888888888898 0.44765625 0.19305555555555565 0.4671875 0.19305555555555565
3 0.48984375 0.13055555555555567 0.47421875 0.13055555555555567 0.47421875 0.1861111111111112 0.48984375 0.1861111111111112
3 0.10078125000000002 0.32083333333333336 0.07031250000000003 0.32083333333333336 0.07031250000000003 0.4097222222222222 0.10078125000000004 0.4097222222222222
14 0.62109375 0.36388888888888904 0.53984375 0.36388888888888904 0.53984375 0.5583333333333335 0.62109375 0.5583333333333335
8 0.5953125 0.19305555555555567 0.53359375 0.19305555555555565 0.53359375 0.338888888888889 0.5953125 0.3388888888888891