3 0.63359375 0.725 0.5890625 0.725 0.5890625 0.8680555555555556 0.63359375 0.8680555555555556
3 0.2250000000000001 0.8361111111111111 0.15703125000000004 0.8361111111111111 0.15703125000000007 0.9861111111111112 0.2250000000000001 0.9861111111111112
3 0.61640625 0.4777777777777779 0.5890625 0.4777777777777779 0.5890625 0.565277777777778 0.61640625 0.565277777777778
3 0.46953125 0.7013888888888891 0.41796875 0.7013888888888891 0.41796875 0.8416666666666667 0.46953125 0.8416666666666667
3 0.70859375 0.41388888888888903 0.6859375 0.41388888888888903 0.6859375 0.4777777777777779 0.70859375 0.4777777777777779
3 0.790625 0.4208333333333335 0.76953125 0.4208333333333335 0.76953125 0.4833333333333335 0.790625 0.4833333333333335
3 0.76953125 0.4097222222222224 0.74921875 0.4097222222222224 0.74921875 0.4638888888888891 0.76953125 0.4638888888888891
3 0.75859375 0.4416666666666668 0.73515625 0.4416666666666668 0.73515625 0.5055555555555558 0.75859375 0.5055555555555558
3 0.51328125 0.6236111111111112 0.471875 0.6236111111111112 0.471875 0.7416666666666667 0.51328125 0.7416666666666667
3 0.64609375 0.4916666666666668 0.61640625 0.4916666666666668 0.61640625 0.5819444444444446 0.64609375 0.5819444444444446
3 0.8484375 0.44722222222222235 0.82578125 0.44722222222222235 0.82578125 0.5055555555555558 0.8484375 0.5055555555555558
3 0.85234375 0.4986111111111113 0.82421875 0.4986111111111113 0.82421875 0.5736111111111113 0.85234375 0.5736111111111113
3 0.08046875000000006 0.8527777777777777 0.0031250000000000583 0.8527777777777777 0.003125000000000063 0.9875 0.08046875000000006 0.9875
3 0.61640625 0.5569444444444446 0.5828125 0.5569444444444446 0.5828125 0.6569444444444446 0.61640625 0.6569444444444446
3 0.74375 0.3819444444444446 0.725 0.3819444444444446 0.725 0.4347222222222224 0.74375 0.4347222222222224
3 0.840625 0.4083333333333335 0.8203125 0.4083333333333335 0.8203125 0.45972222222222237 0.840625 0.45972222222222237
3 0.7140625 0.3666666666666668 0.69375 0.3666666666666668 0.69375 0.4208333333333335 0.7140625 0.4208333333333335
3 0.87265625 0.4722222222222224 0.8484375 0.4722222222222224 0.8484375 0.540277777777778 0.87265625 0.540277777777778
3 0.98203125 0.7888888888888892 0.93359375 0.7888888888888892 0.93359375 0.9708333333333337 0.98203125 0.9708333333333337
3 0.71875 0.4930555555555557 0.6890625 0.4930555555555557 0.6890625 0.5819444444444446 0.71875 0.5819444444444446
3 0.81796875 0.41111111111111126 0.79765625 0.41111111111111126 0.79765625 0.4680555555555557 0.81796875 0.4680555555555557
3 0.26640625000000007 0.8847222222222222 0.19296875000000005 0.8847222222222222 0.19296875000000008 0.9930555555555556 0.26640625000000007 0.9930555555555556
3 0.86484375 0.3597222222222224 0.846875 0.3597222222222224 0.846875 0.4069444444444446 0.86484375 0.4069444444444446
3 0.87578125 0.38472222222222235 0.8546875 0.38472222222222235 0.8546875 0.4416666666666668 0.87578125 0.4416666666666668
3 0.775 0.3708333333333335 0.76328125 0.3708333333333335 0.76328125 0.41805555555555574 0.775 0.41805555555555574
3 0.74453125 0.3472222222222224 0.7296875 0.3472222222222224 0.7296875 0.38888888888888906 0.74453125 0.38888888888888906
3 0.921875 0.540277777777778 0.88203125 0.540277777777778 0.88203125 0.6319444444444446 0.921875 0.6319444444444446
3 0.428125 0.8861111111111111 0.3632812500000001 0.8861111111111111 0.3632812500000001 0.9847222222222223 0.428125 0.9847222222222223
3 0.84140625 0.3708333333333335 0.825 0.3708333333333335 0.825 0.4152777777777779 0.84140625 0.4152777777777779
8 0.3765625000000001 0.6805555555555556 0.25859375000000007 0.6805555555555556 0.25859375000000007 0.8319444444444445 0.3765625000000001 0.8319444444444445
8 0.18906250000000005 0.6958333333333333 0.02031250000000005 0.6958333333333333 0.020312500000000056 0.8638888888888889 0.18906250000000005 0.8638888888888889
8 0.6265625 0.34027777777777796 0.59296875 0.34027777777777796 0.59296875 0.39166666666666683 0.6265625 0.39166666666666683
8 0.7125 0.3097222222222224 0.684375 0.3097222222222224 0.684375 0.3527777777777779 0.7125 0.3527777777777779
8 0.68203125 0.28888888888888903 0.65703125 0.28888888888888903 0.65703125 0.32916666666666683 0.68203125 0.32916666666666683
14 0.52265625 0.4416666666666668 0.3734375 0.4416666666666668 0.3734375 0.6194444444444446 0.52265625 0.6194444444444446