3 0.33984375 0.2472222222222223 0.3234375 0.2472222222222223 0.3234375 0.3208333333333334 0.33984375 0.3208333333333334
3 0.30859375 0.3152777777777779 0.28984375 0.3152777777777779 0.28984375 0.4111111111111111 0.30859375 0.4111111111111111
3 0.67109375 0.25833333333333347 0.6546875 0.25833333333333347 0.6546875 0.3333333333333335 0.67109375 0.3333333333333335
3 0.6453125 0.29861111111111127 0.62421875 0.29861111111111127 0.62421875 0.38333333333333347 0.6453125 0.38333333333333347
3 0.63359375 0.2166666666666668 0.61953125 0.2166666666666668 0.61953125 0.27500000000000013 0.63359375 0.27500000000000013
3 0.38125 0.2611111111111112 0.36640625 0.2611111111111112 0.36640625 0.3291666666666667 0.38125 0.3291666666666667
3 0.428125 0.17916666666666675 0.4171875 0.17916666666666675 0.4171875 0.23194444444444454 0.428125 0.23194444444444454
3 0.18046875000000004 0.5388888888888889 0.13593750000000004 0.5388888888888889 0.13593750000000004 0.7166666666666667 0.18046875000000004 0.7166666666666667
3 0.18593750000000003 0.4625 0.15312500000000004 0.4625 0.15312500000000004 0.6 0.18593750000000003 0.6
3 0.396875 0.23194444444444454 0.3828125 0.23194444444444454 0.3828125 0.27638888888888896 0.396875 0.27638888888888896
3 0.50859375 0.15833333333333346 0.4984375 0.15833333333333346 0.4984375 0.20555555555555563 0.50859375 0.20555555555555563
3 0.36015625 0.2347222222222223 0.35 0.2347222222222223 0.35 0.29166666666666674 0.36015625 0.29166666666666674