3 0.43984375 0.7388888888888889 0.3773437500000001 0.7388888888888889 0.3773437500000001 0.8861111111111111 0.43984375 0.8861111111111111
3 0.7703125 0.4777777777777779 0.7375 0.4777777777777779 0.7375 0.5625000000000001 0.7703125 0.5625000000000001
3 0.69609375 0.4069444444444446 0.67109375 0.4069444444444446 0.67109375 0.4708333333333335 0.69609375 0.4708333333333335
3 0.72578125 0.6041666666666669 0.68671875 0.6041666666666669 0.68671875 0.7111111111111112 0.72578125 0.7111111111111115
3 0.58671875 0.7722222222222223 0.5328125 0.7722222222222223 0.5328125 0.9041666666666667 0.58671875 0.9041666666666667
3 0.57890625 0.565277777777778 0.5390625 0.565277777777778 0.5390625 0.6680555555555557 0.57890625 0.6680555555555557
3 0.69921875 0.5569444444444446 0.66484375 0.5569444444444446 0.66484375 0.6500000000000001 0.69921875 0.6500000000000001
3 0.44609375 0.6250000000000001 0.40078125 0.6250000000000001 0.40078125 0.7458333333333333 0.44609375 0.7458333333333333
3 0.82734375 0.4291666666666668 0.8015625 0.4291666666666668 0.8015625 0.4972222222222224 0.82734375 0.4972222222222224
3 0.82734375 0.5416666666666669 0.7875 0.5416666666666669 0.7875 0.6416666666666668 0.82734375 0.6416666666666668
3 0.54140625 0.640277777777778 0.49375 0.640277777777778 0.49375 0.7638888888888888 0.54140625 0.7638888888888888
3 0.4890625 0.6347222222222224 0.44140625 0.6347222222222224 0.44140625 0.7611111111111111 0.4890625 0.7611111111111111
3 0.71640625 0.44722222222222235 0.69140625 0.44722222222222235 0.69140625 0.515277777777778 0.71640625 0.515277777777778
3 0.59765625 0.690277777777778 0.55390625 0.690277777777778 0.55390625 0.7986111111111112 0.59765625 0.7986111111111112
3 0.63828125 0.6083333333333335 0.6 0.6083333333333335 0.6 0.7138888888888889 0.63828125 0.7138888888888889
3 0.74375 0.3930555555555557 0.7296875 0.3930555555555557 0.7296875 0.44583333333333347 0.74375 0.44583333333333347
3 0.98515625 0.7847222222222225 0.93203125 0.7847222222222225 0.93203125 0.9777777777777781 0.98515625 0.9777777777777781
3 0.7796875 0.3819444444444446 0.75859375 0.3819444444444446 0.75859375 0.4361111111111113 0.7796875 0.4361111111111113
3 0.71640625 0.41250000000000014 0.696875 0.41250000000000014 0.696875 0.4638888888888891 0.71640625 0.4638888888888891
3 0.76171875 0.38333333333333347 0.7421875 0.38333333333333347 0.7421875 0.43888888888888905 0.76171875 0.43888888888888905
3 0.8296875 0.4069444444444446 0.815625 0.4069444444444446 0.815625 0.4583333333333335 0.8296875 0.4583333333333335
3 0.88125 0.3527777777777779 0.859375 0.3527777777777779 0.859375 0.4069444444444446 0.88125 0.4069444444444446
8 0.3062500000000001 0.6486111111111111 0.15390625000000005 0.6486111111111111 0.15390625000000005 0.8097222222222222 0.3062500000000001 0.8097222222222222
8 0.15781250000000005 0.6430555555555556 0.021093750000000043 0.6430555555555556 0.02109375000000005 0.7875 0.15781250000000005 0.7875
8 0.459375 0.45972222222222237 0.39140625 0.45972222222222237 0.39140625 0.5555555555555557 0.459375 0.5555555555555557
8 0.640625 0.3652777777777779 0.60234375 0.3652777777777779 0.60234375 0.4277777777777779 0.640625 0.4277777777777779
8 0.58515625 0.4208333333333335 0.5328125 0.4208333333333335 0.5328125 0.502777777777778 0.58515625 0.502777777777778
8 0.628125 0.3250000000000002 0.59453125 0.3250000000000002 0.59453125 0.37638888888888905 0.628125 0.37638888888888905
8 0.66328125 0.35000000000000014 0.62890625 0.35000000000000014 0.62890625 0.40416666666666684 0.66328125 0.40416666666666684
8 0.68125 0.3055555555555557 0.653125 0.3055555555555557 0.653125 0.3458333333333335 0.68125 0.3458333333333335
3 0.73359375 0.38333333333333347 0.721875 0.38333333333333347 0.721875 0.4305555555555557 0.73359375 0.4305555555555557
3 0.8078125 0.3722222222222224 0.79296875 0.3722222222222224 0.79296875 0.4277777777777779 0.8078125 0.4277777777777779
3 0.79609375 0.37638888888888905 0.78125 0.37638888888888905 0.78125 0.4305555555555557 0.79609375 0.4305555555555557
3 0.85859375 0.3597222222222224 0.84375 0.3597222222222224 0.84375 0.41805555555555574 0.85859375 0.41805555555555574
3 0.8296875 0.36388888888888904 0.8171875 0.36388888888888904 0.8171875 0.41250000000000014 0.8296875 0.41250000000000014
3 0.840625 0.38333333333333347 0.82890625 0.38333333333333347 0.82890625 0.43750000000000017 0.840625 0.43750000000000017
3 0.7328125 0.33472222222222237 0.72109375 0.33472222222222237 0.72109375 0.3791666666666668 0.7328125 0.3791666666666668
3 0.74453125 0.3388888888888891 0.73203125 0.3388888888888891 0.73203125 0.3805555555555557 0.74453125 0.3805555555555557
3 0.7703125 0.33750000000000013 0.7578125 0.33750000000000013 0.7578125 0.3805555555555557 0.7703125 0.3805555555555557
3 0.7546875 0.33750000000000013 0.74453125 0.33750000000000013 0.74453125 0.37638888888888905 0.7546875 0.37638888888888905