3 0.19687500000000005 0.6986111111111111 0.11406250000000004 0.6986111111111111 0.11406250000000004 0.9055555555555556 0.19687500000000005 0.9055555555555556
8 0.45859375 0.32500000000000007 0.37890625 0.32500000000000007 0.37890625 0.4916666666666668 0.45859375 0.4916666666666668
3 0.94375 0.6805555555555557 0.86015625 0.6805555555555557 0.86015625 0.8763888888888892 0.94375 0.8763888888888892
3 0.76328125 0.35555555555555574 0.72578125 0.35555555555555574 0.72578125 0.44583333333333347 0.76328125 0.44583333333333347
3 0.10390625000000005 0.38055555555555554 0.05234375000000002 0.38055555555555554 0.05234375000000002 0.44166666666666665 0.10390625000000005 0.44166666666666665
3 0.271875 0.2986111111111112 0.24140625 0.2986111111111112 0.24140625 0.3861111111111111 0.271875 0.3861111111111111
3 0.26953125 0.4263888888888889 0.234375 0.4263888888888889 0.234375 0.5513888888888889 0.26953125 0.5513888888888889
3 0.34296875 0.4444444444444444 0.29375 0.4444444444444444 0.29375 0.55 0.34296875 0.55
8 0.753125 0.2847222222222223 0.5375 0.2847222222222223 0.5375 0.7638888888888891 0.753125 0.7638888888888892
3 0.33046875 0.28333333333333344 0.31171875 0.28333333333333344 0.31171875 0.34583333333333344 0.33046875 0.34583333333333344
3 0.34765625 0.23888888888888896 0.32734375 0.23888888888888896 0.32734375 0.2986111111111112 0.34765625 0.2986111111111112
8 0.578125 0.2666666666666668 0.5125 0.2666666666666667 0.5125 0.36111111111111127 0.578125 0.36111111111111127
8 0.81171875 0.4694444444444446 0.73984375 0.4694444444444446 0.73984375 0.6319444444444446 0.81171875 0.6319444444444446
3 0.66015625 0.23750000000000016 0.63828125 0.23750000000000016 0.63828125 0.30138888888888904 0.66015625 0.30138888888888904
3 0.39140625 0.19444444444444453 0.371875 0.19444444444444453 0.371875 0.25694444444444453 0.39140625 0.25694444444444453
3 0.3609375 0.21250000000000008 0.340625 0.21250000000000008 0.340625 0.2708333333333334 0.3609375 0.2708333333333334