8 0.640625 0.2972222222222224 0.578125 0.2972222222222224 0.578125 0.3861111111111113 0.640625 0.3861111111111113
3 0.86640625 0.577777777777778 0.78515625 0.577777777777778 0.78515625 0.7472222222222226 0.86640625 0.7472222222222226
8 0.5875 0.2402777777777779 0.53125 0.24027777777777787 0.53125 0.31805555555555565 0.5875 0.3180555555555557
3 0.34609375 0.375 0.31328125 0.375 0.31328125 0.49722222222222223 0.34609375 0.49722222222222223
3 0.2765625 0.3972222222222222 0.24140625 0.3972222222222222 0.24140625 0.5208333333333334 0.2765625 0.5208333333333334
3 0.26640625000000007 0.6291666666666667 0.21328125 0.6291666666666667 0.21328125000000003 0.7722222222222223 0.26640625000000007 0.7722222222222223
3 0.10937500000000004 0.3763888888888889 0.04921875000000002 0.3763888888888889 0.049218750000000026 0.4388888888888889 0.10937500000000004 0.4388888888888889
3 0.32578125 0.2750000000000001 0.2953125 0.2750000000000001 0.2953125 0.34027777777777785 0.32578125 0.34027777777777785
3 0.34453125 0.26388888888888895 0.32421875 0.26388888888888895 0.32421875 0.33194444444444454 0.34453125 0.33194444444444454
3 0.35859375 0.2597222222222223 0.33828125 0.2597222222222223 0.33828125 0.31666666666666676 0.35859375 0.31666666666666676
3 0.39140625 0.26527777777777783 0.36875 0.26527777777777783 0.36875 0.3500000000000001 0.39140625 0.3500000000000001
3 0.40859375 0.22916666666666674 0.3859375 0.22916666666666674 0.3859375 0.3097222222222223 0.40859375 0.3097222222222223
8 0.478125 0.23750000000000007 0.42109375 0.23750000000000007 0.42109375 0.31666666666666676 0.478125 0.31666666666666676
3 0.278125 0.313888888888889 0.24921875 0.313888888888889 0.24921875 0.4097222222222222 0.278125 0.4097222222222222
3 0.09062500000000005 0.7166666666666667 0.02031250000000005 0.7166666666666667 0.02031250000000006 0.9833333333333333 0.09062500000000007 0.9833333333333333
3 0.6640625 0.20000000000000015 0.65078125 0.20000000000000015 0.65078125 0.25277777777777793 0.6640625 0.25277777777777793