3 0.84296875 0.4416666666666668 0.8171875 0.4416666666666668 0.8171875 0.5138888888888891 0.84296875 0.5138888888888891
3 0.771875 0.3666666666666668 0.75234375 0.3666666666666668 0.75234375 0.41805555555555574 0.771875 0.41805555555555574
3 0.70390625 0.5055555555555558 0.67578125 0.5055555555555558 0.67578125 0.5902777777777779 0.70390625 0.5902777777777779
3 0.4140625 0.6472222222222223 0.3625000000000001 0.6472222222222223 0.3625000000000001 0.7833333333333333 0.4140625 0.7833333333333333
3 0.66015625 0.5458333333333335 0.63203125 0.5458333333333335 0.63203125 0.6333333333333335 0.66015625 0.6333333333333335
3 0.74765625 0.5305555555555557 0.715625 0.5305555555555557 0.715625 0.6194444444444446 0.74765625 0.6194444444444446
3 0.70390625 0.6527777777777779 0.6640625 0.6527777777777779 0.6640625 0.7708333333333334 0.70390625 0.7708333333333334
3 0.8421875 0.3527777777777779 0.82109375 0.3527777777777779 0.82109375 0.40416666666666684 0.8421875 0.40416666666666684
3 0.515625 0.5541666666666668 0.4796875 0.5541666666666668 0.4796875 0.6583333333333334 0.515625 0.6583333333333334
3 0.88671875 0.5083333333333335 0.853125 0.5083333333333335 0.853125 0.5930555555555557 0.88671875 0.5930555555555557
3 0.7765625 0.4958333333333335 0.75 0.4958333333333335 0.75 0.577777777777778 0.7765625 0.577777777777778
3 0.61015625 0.5333333333333334 0.58125 0.5333333333333334 0.58125 0.6194444444444446 0.61015625 0.6194444444444446
3 0.70703125 0.37638888888888905 0.68359375 0.37638888888888905 0.68359375 0.4347222222222224 0.70703125 0.4347222222222224
3 0.81015625 0.4680555555555557 0.784375 0.4680555555555557 0.784375 0.5444444444444446 0.81015625 0.5444444444444446
3 0.578125 0.7069444444444446 0.5328125 0.7069444444444446 0.5328125 0.8388888888888889 0.578125 0.8388888888888889
3 0.753125 0.35416666666666685 0.73515625 0.35416666666666685 0.73515625 0.4013888888888891 0.753125 0.4013888888888891
3 0.675 0.5055555555555558 0.6484375 0.5055555555555558 0.6484375 0.5861111111111112 0.675 0.5861111111111112
3 0.6 0.6416666666666668 0.5609375 0.6416666666666668 0.5609375 0.7513888888888889 0.6 0.7513888888888889
3 0.628125 0.5750000000000002 0.59453125 0.5750000000000002 0.59453125 0.6680555555555557 0.628125 0.6680555555555557
3 0.521875 0.4944444444444446 0.49375 0.4944444444444446 0.49375 0.5763888888888891 0.521875 0.5763888888888891
3 0.8125 0.3305555555555557 0.796875 0.3305555555555557 0.796875 0.3736111111111113 0.8125 0.3736111111111113
3 0.78203125 0.3319444444444446 0.76640625 0.3319444444444446 0.76640625 0.3736111111111113 0.78203125 0.3736111111111113
8 0.75390625 0.4430555555555557 0.7046875 0.4430555555555557 0.7046875 0.5180555555555557 0.75390625 0.5180555555555557
8 0.65546875 0.46111111111111125 0.59765625 0.46111111111111125 0.59765625 0.5583333333333335 0.65546875 0.5583333333333335
8 0.61484375 0.39027777777777795 0.56875 0.39027777777777795 0.56875 0.4569444444444446 0.61484375 0.4569444444444446