3 0.69296875 0.6583333333333334 0.65390625 0.6583333333333334 0.65390625 0.7680555555555556 0.69296875 0.7680555555555556
3 0.37578125000000007 0.8097222222222222 0.3218750000000001 0.8097222222222222 0.3218750000000001 0.9611111111111111 0.37578125000000007 0.9611111111111111
3 0.76484375 0.6361111111111113 0.728125 0.6361111111111113 0.728125 0.7402777777777781 0.76484375 0.7402777777777781
3 0.79765625 0.729166666666667 0.753125 0.729166666666667 0.753125 0.8597222222222225 0.79765625 0.8597222222222225
3 0.6 0.6194444444444446 0.5640625 0.6194444444444446 0.5640625 0.7222222222222222 0.6 0.7222222222222222
3 0.85859375 0.9055555555555559 0.803125 0.9055555555555559 0.803125 0.9972222222222226 0.85859375 0.9972222222222226
3 0.55546875 0.8791666666666667 0.5 0.8791666666666667 0.5 0.9875 0.55546875 0.9875
3 0.74453125 0.5138888888888891 0.71484375 0.5138888888888891 0.71484375 0.5875000000000001 0.74453125 0.5875000000000001
3 0.434375 0.6972222222222224 0.3820312500000001 0.6972222222222224 0.3820312500000001 0.8347222222222223 0.434375 0.8347222222222223
3 0.759375 0.5722222222222224 0.73046875 0.5722222222222224 0.73046875 0.6541666666666668 0.759375 0.6541666666666668
3 0.565625 0.5375000000000002 0.53125 0.5375000000000002 0.53125 0.6347222222222224 0.565625 0.6347222222222224
3 0.740625 0.35555555555555574 0.71953125 0.35555555555555574 0.71953125 0.4097222222222224 0.740625 0.4097222222222224
3 0.54609375 0.7055555555555557 0.50234375 0.7055555555555557 0.50234375 0.8305555555555556 0.54609375 0.8305555555555556
3 0.81640625 0.4958333333333335 0.78984375 0.4958333333333335 0.78984375 0.5708333333333335 0.81640625 0.5708333333333335
3 0.7828125 0.47361111111111126 0.7578125 0.47361111111111126 0.7578125 0.5375000000000002 0.7828125 0.5375000000000002
3 0.809375 0.5763888888888891 0.77890625 0.5763888888888891 0.77890625 0.6638888888888891 0.809375 0.6638888888888891
3 0.85 0.35416666666666685 0.828125 0.35416666666666685 0.828125 0.4083333333333335 0.85 0.4083333333333335
3 0.8484375 0.5944444444444446 0.81171875 0.5944444444444446 0.81171875 0.7000000000000002 0.8484375 0.7000000000000002
3 0.6140625 0.7083333333333335 0.5734375 0.7083333333333335 0.5734375 0.8277777777777777 0.6140625 0.8277777777777777
3 0.834375 0.44583333333333347 0.8109375 0.44583333333333347 0.8109375 0.5055555555555558 0.834375 0.5055555555555558
3 0.66328125 0.41666666666666685 0.6359375 0.41666666666666685 0.6359375 0.47638888888888903 0.66328125 0.47638888888888903
3 0.6328125 0.5319444444444446 0.60234375 0.5319444444444446 0.60234375 0.6222222222222223 0.6328125 0.6222222222222223
3 0.7859375 0.38888888888888906 0.76328125 0.38888888888888906 0.76328125 0.44722222222222235 0.7859375 0.44722222222222235
3 0.75234375 0.40000000000000013 0.72734375 0.40000000000000013 0.72734375 0.4638888888888891 0.75234375 0.4638888888888891
3 0.78515625 0.5347222222222224 0.75859375 0.5347222222222224 0.75859375 0.6097222222222224 0.78515625 0.6097222222222224
3 0.846875 0.4708333333333335 0.8203125 0.4708333333333335 0.8203125 0.5472222222222224 0.846875 0.5472222222222224
3 0.8328125 0.4083333333333335 0.81015625 0.4083333333333335 0.81015625 0.46250000000000013 0.8328125 0.46250000000000013
3 0.68984375 0.5625000000000001 0.66328125 0.5625000000000001 0.66328125 0.6430555555555557 0.68984375 0.6430555555555557
3 0.7265625 0.5916666666666668 0.6921875 0.5916666666666668 0.6921875 0.690277777777778 0.7265625 0.690277777777778
3 0.79609375 0.4583333333333335 0.77265625 0.4583333333333335 0.77265625 0.5194444444444446 0.79609375 0.5194444444444446
3 0.76015625 0.38333333333333347 0.74140625 0.38333333333333347 0.74140625 0.4347222222222224 0.76015625 0.4347222222222224
3 0.80625 0.42361111111111127 0.78203125 0.42361111111111127 0.78203125 0.4847222222222224 0.80625 0.4847222222222224
3 0.12890625000000006 0.9069444444444444 0.08203125000000007 0.9069444444444444 0.08203125000000007 1 0.12890625000000008 1
3 0.9765625 0.9055555555555559 0.91953125 0.9055555555555559 0.91953125 0.9944444444444448 0.9765625 0.9944444444444448
3 0.82421875 0.3444444444444446 0.80859375 0.3444444444444446 0.80859375 0.39166666666666683 0.82421875 0.39166666666666683
3 0.77265625 0.916666666666667 0.73125 0.916666666666667 0.73125 0.9875000000000003 0.77265625 0.9875000000000003
3 0.81171875 0.3666666666666668 0.7921875 0.3666666666666668 0.7921875 0.4194444444444446 0.81171875 0.4194444444444446
8 0.6640625 0.46250000000000013 0.60625 0.46250000000000013 0.60625 0.5472222222222224 0.6640625 0.5472222222222224
8 0.35 0.5416666666666666 0.26328125 0.5416666666666666 0.26328125 0.6402777777777777 0.35 0.6402777777777777
8 0.69296875 0.36111111111111127 0.65625 0.36111111111111127 0.65625 0.41805555555555574 0.69296875 0.41805555555555574
14 0.6296875 0.3236111111111113 0.59140625 0.3236111111111113 0.59140625 0.38333333333333347 0.6296875 0.38333333333333347
14 0.6921875 0.2902777777777779 0.653125 0.2902777777777779 0.653125 0.3569444444444446 0.6921875 0.3569444444444446