3 0.61328125 0.4902777777777779 0.5828125 0.4902777777777779 0.5828125 0.577777777777778 0.61328125 0.577777777777778
3 0.46015625 0.85 0.40234375 0.85 0.40234375 0.9916666666666667 0.46015625 0.9916666666666667
3 0.571875 0.4944444444444446 0.54296875 0.4944444444444446 0.54296875 0.5763888888888891 0.571875 0.5763888888888891
3 0.6 0.5930555555555557 0.5640625 0.5930555555555557 0.5640625 0.7013888888888891 0.6 0.7013888888888891
3 0.73125 0.3819444444444446 0.71015625 0.3819444444444446 0.71015625 0.4361111111111113 0.73125 0.4361111111111113
3 0.78125 0.4847222222222224 0.75390625 0.4847222222222224 0.75390625 0.5611111111111112 0.78125 0.5611111111111112
3 0.66171875 0.5208333333333335 0.64296875 0.5208333333333335 0.64296875 0.6041666666666669 0.66171875 0.6041666666666669
3 0.77734375 0.3708333333333335 0.7578125 0.3708333333333335 0.7578125 0.4222222222222224 0.77734375 0.4222222222222224
3 0.76484375 0.42638888888888904 0.7421875 0.42638888888888904 0.7421875 0.4833333333333335 0.76484375 0.4833333333333335
3 0.81953125 0.4430555555555557 0.7921875 0.4430555555555557 0.7921875 0.5166666666666668 0.81953125 0.5166666666666668
3 0.75546875 0.4583333333333335 0.73046875 0.4583333333333335 0.73046875 0.5291666666666668 0.75546875 0.5291666666666668
3 0.75703125 0.37777777777777793 0.73671875 0.37777777777777793 0.73671875 0.4305555555555557 0.75703125 0.4305555555555557
3 0.26250000000000007 0.7541666666666667 0.19843750000000004 0.7541666666666667 0.19843750000000004 0.8916666666666667 0.26250000000000007 0.8916666666666667
3 0.2648437500000001 0.8763888888888889 0.19843750000000004 0.8763888888888889 0.19843750000000007 0.9958333333333333 0.2648437500000001 0.9958333333333333
3 0.8640625 0.4972222222222224 0.84296875 0.4972222222222224 0.84296875 0.5750000000000002 0.8640625 0.5750000000000002
3 0.8046875 0.3708333333333335 0.784375 0.3708333333333335 0.784375 0.4277777777777779 0.8046875 0.4277777777777779
3 0.56171875 0.5680555555555558 0.528125 0.5680555555555558 0.528125 0.6736111111111113 0.56171875 0.6736111111111113
3 0.76328125 0.5958333333333334 0.72265625 0.5958333333333334 0.72265625 0.713888888888889 0.76328125 0.7138888888888892
3 0.71796875 0.5250000000000001 0.684375 0.5250000000000001 0.684375 0.6166666666666668 0.71796875 0.6166666666666668
3 0.89765625 0.36111111111111127 0.871875 0.36111111111111127 0.871875 0.4208333333333335 0.89765625 0.4208333333333335
3 0.6546875 0.4680555555555557 0.6359375 0.4680555555555557 0.6359375 0.5430555555555557 0.6546875 0.5430555555555557
3 0.82421875 0.3430555555555557 0.80703125 0.3430555555555557 0.80703125 0.39166666666666683 0.82421875 0.39166666666666683
3 0.7375 0.3597222222222224 0.72109375 0.3597222222222224 0.72109375 0.40277777777777796 0.7375 0.40277777777777796
8 0.96328125 0.565277777777778 0.82265625 0.565277777777778 0.82265625 0.6958333333333335 0.96328125 0.6958333333333335
8 0.63515625 0.3166666666666668 0.6046875 0.3166666666666668 0.6046875 0.3680555555555557 0.63515625 0.3680555555555557
8 0.59609375 0.3583333333333335 0.55390625 0.3583333333333335 0.55390625 0.4222222222222224 0.59609375 0.4222222222222224
8 0.64921875 0.29166666666666685 0.6234375 0.29166666666666685 0.6234375 0.3319444444444446 0.64921875 0.3319444444444446
14 0.09687500000000006 0.6472222222222223 4.4584797531458325e-17 0.6472222222222223 5.381748629065516e-17 0.9152777777777777 0.09687500000000007 0.9152777777777777