3 0.52734375 0.540277777777778 0.44921875 0.540277777777778 0.44921875 0.6638888888888891 0.52734375 0.6638888888888891
3 0.45859375 0.588888888888889 0.37734375 0.588888888888889 0.37734375000000003 0.7263888888888889 0.45859375 0.7263888888888889
3 0.77578125 0.4291666666666668 0.715625 0.4291666666666668 0.715625 0.5236111111111112 0.77578125 0.5236111111111112
3 0.3265625 0.425 0.259375 0.425 0.259375 0.5319444444444444 0.3265625 0.5319444444444444
3 0.81484375 0.5055555555555558 0.753125 0.5055555555555558 0.753125 0.6083333333333335 0.81484375 0.6083333333333335
3 0.2578125 0.4513888888888889 0.18671875000000004 0.4513888888888889 0.18671875000000004 0.5555555555555556 0.2578125 0.5555555555555556
3 0.09765625000000003 0.37083333333333335 0.034375000000000024 0.37083333333333335 0.03437500000000003 0.4708333333333333 0.09765625000000003 0.4708333333333333
3 0.4609375 0.41666666666666685 0.4046875 0.41666666666666685 0.4046875 0.515277777777778 0.4609375 0.515277777777778
3 0.12968750000000004 0.4986111111111111 0.04531250000000003 0.4986111111111111 0.04531250000000004 0.6222222222222222 0.12968750000000004 0.6222222222222222
3 0.5703125 0.3541666666666668 0.51640625 0.35416666666666674 0.51640625 0.4347222222222224 0.5703125 0.4347222222222224
3 0.14687500000000003 0.6611111111111111 0.06093750000000005 0.6611111111111111 0.060937500000000054 0.8194444444444444 0.14687500000000003 0.8194444444444444
3 0.6765625 0.3930555555555557 0.6234375 0.3930555555555557 0.6234375 0.48888888888888904 0.6765625 0.48888888888888904
3 0.56875 0.28888888888888903 0.5484375 0.28888888888888903 0.5484375 0.3708333333333335 0.56875 0.3708333333333335
3 0.46640625 0.2611111111111112 0.4484375 0.2611111111111112 0.4484375 0.3375000000000001 0.46640625 0.3375000000000001
3 0.6109375 0.29861111111111127 0.5875 0.29861111111111127 0.5875 0.3791666666666668 0.6109375 0.3791666666666668
3 0.40078125 0.40138888888888896 0.35703125 0.4013888888888889 0.35703125 0.49861111111111117 0.40078125 0.4986111111111113
3 0.28359375 0.3486111111111112 0.2359375 0.3486111111111112 0.2359375 0.43472222222222223 0.28359375 0.43472222222222223
3 0.5359375 0.301388888888889 0.51328125 0.301388888888889 0.51328125 0.3791666666666668 0.5359375 0.3791666666666668
3 0.31875 0.3597222222222222 0.278125 0.3597222222222222 0.278125 0.45555555555555555 0.31875 0.45555555555555555
3 0.58203125 0.22916666666666682 0.5671875 0.22916666666666682 0.5671875 0.28611111111111126 0.58203125 0.28611111111111126
3 0.22890625 0.375 0.16875000000000004 0.375 0.16875000000000004 0.46805555555555556 0.22890625 0.46805555555555556
3 0.33671875 0.3208333333333334 0.30859375 0.3208333333333334 0.30859375 0.4125 0.33671875 0.4125
3 0.325 0.2750000000000001 0.3015625 0.2750000000000001 0.3015625 0.351388888888889 0.325 0.351388888888889
3 0.4109375 0.34166666666666673 0.375 0.34166666666666673 0.375 0.4208333333333335 0.4109375 0.4208333333333335
3 0.44140625 0.2750000000000001 0.4234375 0.2750000000000001 0.4234375 0.34583333333333344 0.44140625 0.34583333333333344
3 0.05703125000000002 0.3388888888888889 0.010156250000000023 0.3388888888888889 0.010156250000000026 0.4263888888888889 0.05703125000000002 0.4263888888888889
3 0.54296875 0.26250000000000007 0.5265625 0.26250000000000007 0.5265625 0.33055555555555566 0.54296875 0.33055555555555566
3 0.35859375 0.26250000000000007 0.3359375 0.26250000000000007 0.3359375 0.32777777777777783 0.35859375 0.32777777777777783
3 0.37265625 0.2597222222222223 0.35234375 0.2597222222222223 0.35234375 0.32638888888888895 0.37265625 0.32638888888888895
3 0.35 0.4041666666666667 0.309375 0.4041666666666667 0.309375 0.4930555555555556 0.35 0.4930555555555556
8 0.41796875 0.2486111111111112 0.38203125 0.2486111111111112 0.38203125 0.31805555555555565 0.41796875 0.31805555555555565
8 0.621875 0.2166666666666668 0.58515625 0.2166666666666668 0.58515625 0.27361111111111125 0.621875 0.27361111111111125
8 0.07812500000000004 0.5736111111111111 3.9513994378738814e-17 0.5736111111111111 4.429777093790816e-17 0.7125 0.07812500000000004 0.7125
3 0.490625 0.2583333333333334 0.475 0.2583333333333334 0.475 0.31666666666666676 0.490625 0.31666666666666676
3 0.47109375 0.3875000000000002 0.41953125 0.3875000000000002 0.41953125 0.45972222222222237 0.47109375 0.45972222222222237
3 0.28359375 0.32638888888888895 0.25390625 0.32638888888888895 0.25390625 0.3819444444444444 0.28359375 0.3819444444444444