3 0.83984375 0.4486111111111113 0.80625 0.4486111111111113 0.80625 0.563888888888889 0.83984375 0.563888888888889
3 0.1484375 0.26666666666666666 0.13359375 0.26666666666666666 0.13359375 0.31805555555555554 0.1484375 0.31805555555555554
3 0.75 0.22777777777777794 0.7359375 0.22777777777777794 0.7359375 0.26388888888888906 0.75 0.26388888888888906
3 0.34609375 0.20138888888888898 0.3234375 0.20138888888888898 0.3234375 0.24027777777777787 0.34609375 0.24027777777777787
3 0.39296875 0.20138888888888898 0.36484375 0.20138888888888898 0.36484375 0.2458333333333334 0.39296875 0.2458333333333334
3 0.43671875 0.20138888888888898 0.41640625 0.20138888888888898 0.41640625 0.2458333333333334 0.43671875 0.2458333333333334
3 0.4859375 0.2222222222222223 0.4578125 0.2222222222222223 0.4578125 0.25555555555555565 0.4859375 0.25555555555555565
3 0.32734375 0.19444444444444453 0.30859375 0.19444444444444453 0.30859375 0.23194444444444454 0.32734375 0.23194444444444454
8 0.30078125 0.21944444444444453 0.2578125 0.21944444444444453 0.2578125 0.2861111111111112 0.30078125 0.2861111111111112
8 0.6359375 0.263888888888889 0.49609375 0.26388888888888895 0.49609375 0.5750000000000002 0.6359375 0.5750000000000002
8 0.734375 0.36111111111111127 0.6328125 0.36111111111111127 0.6328125 0.5597222222222223 0.734375 0.5597222222222223
8 0.26953125 0.23333333333333342 0.2125 0.23333333333333342 0.2125 0.32638888888888895 0.26953125 0.32638888888888895
8 0.58203125 0.17083333333333345 0.49375 0.17083333333333345 0.49375 0.23611111111111122 0.58203125 0.23611111111111127
8 0.76328125 0.1541666666666668 0.6265625 0.15416666666666679 0.6265625 0.2333333333333335 0.76328125 0.2333333333333335
8 0.67109375 0.2055555555555557 0.62734375 0.2055555555555557 0.62734375 0.2819444444444446 0.67109375 0.2819444444444446
14 0.26796875 0.16527777777777783 0.184375 0.16527777777777783 0.184375 0.22361111111111118 0.26796875 0.22361111111111118