3 0.57265625 0.6638888888888891 0.525 0.6638888888888891 0.525 0.7930555555555555 0.57265625 0.7930555555555555
3 0.67109375 0.3819444444444446 0.6515625 0.3819444444444446 0.6515625 0.4361111111111113 0.67109375 0.4361111111111113
3 0.73828125 0.3944444444444446 0.71640625 0.3944444444444446 0.71640625 0.45138888888888906 0.73828125 0.45138888888888906
3 0.77109375 0.4069444444444446 0.753125 0.4069444444444446 0.753125 0.46527777777777796 0.77109375 0.46527777777777796
3 0.84453125 0.4222222222222224 0.82109375 0.4222222222222224 0.82109375 0.48750000000000016 0.84453125 0.48750000000000016
3 0.85625 0.3958333333333335 0.8375 0.3958333333333335 0.8375 0.4486111111111113 0.85625 0.4486111111111113
3 0.88203125 0.38888888888888906 0.86171875 0.38888888888888906 0.86171875 0.44583333333333347 0.88203125 0.44583333333333347
3 0.71171875 0.37500000000000017 0.69375 0.37500000000000017 0.69375 0.4277777777777779 0.71171875 0.4277777777777779
3 0.634375 0.4930555555555557 0.6078125 0.4930555555555557 0.6078125 0.5819444444444446 0.634375 0.5819444444444446
3 0.7453125 0.3722222222222224 0.72890625 0.3722222222222224 0.72890625 0.41805555555555574 0.7453125 0.41805555555555574
3 0.78515625 0.42638888888888904 0.7640625 0.42638888888888904 0.7640625 0.4819444444444446 0.78515625 0.4819444444444446
3 0.83125 0.3861111111111113 0.81328125 0.3861111111111113 0.81328125 0.4361111111111113 0.83125 0.4361111111111113
3 0.6921875 0.46250000000000013 0.66328125 0.46250000000000013 0.66328125 0.5416666666666669 0.6921875 0.5416666666666669
3 0.7859375 0.3791666666666668 0.7671875 0.3791666666666668 0.7671875 0.4291666666666668 0.7859375 0.4291666666666668
3 0.815625 0.3805555555555557 0.7984375 0.3805555555555557 0.7984375 0.4319444444444446 0.815625 0.4319444444444446
3 0.76328125 0.3472222222222224 0.746875 0.3472222222222224 0.746875 0.3930555555555557 0.76328125 0.3930555555555557
8 0.4375 0.5416666666666667 0.334375 0.5416666666666666 0.33437500000000003 0.6652777777777779 0.4375 0.665277777777778
8 0.79765625 0.5236111111111112 0.6921875 0.5236111111111112 0.6921875 0.6486111111111112 0.79765625 0.6486111111111112
8 0.46015625 0.4777777777777779 0.396875 0.4777777777777779 0.396875 0.5555555555555557 0.46015625 0.5555555555555557
8 0.965625 0.5958333333333334 0.778125 0.5958333333333334 0.778125 0.7375000000000003 0.965625 0.7375000000000003
8 0.6171875 0.3388888888888891 0.58125 0.3388888888888891 0.58125 0.3958333333333335 0.6171875 0.3958333333333335
8 0.64453125 0.3166666666666668 0.61484375 0.3166666666666668 0.61484375 0.3597222222222224 0.64453125 0.3597222222222224
8 0.5796875 0.38333333333333347 0.5328125 0.38333333333333347 0.5328125 0.4500000000000002 0.5796875 0.4500000000000002
8 0.6625 0.35138888888888903 0.62890625 0.35138888888888903 0.62890625 0.4013888888888891 0.6625 0.4013888888888891