8 0.6515625 0.19444444444444456 0.5171875 0.19444444444444453 0.5171875 0.48055555555555574 0.6515625 0.48055555555555574
8 0.6890625 0.33611111111111125 0.6359375 0.33611111111111125 0.6359375 0.44027777777777793 0.6890625 0.44027777777777793
3 0.74375 0.3472222222222224 0.72109375 0.3472222222222224 0.72109375 0.4361111111111113 0.74375 0.4361111111111113
3 0.79765625 0.3958333333333335 0.7640625 0.3958333333333335 0.7640625 0.5000000000000001 0.79765625 0.5000000000000001
3 0.8046875 0.5236111111111112 0.76484375 0.5236111111111112 0.76484375 0.6416666666666668 0.8046875 0.6416666666666668
3 0.10000000000000005 0.6694444444444444 0.028125000000000046 0.6694444444444444 0.02812500000000005 0.8152777777777778 0.10000000000000005 0.8152777777777778
3 0.10000000000000005 0.36944444444444446 0.04921875000000002 0.36944444444444446 0.049218750000000026 0.43333333333333335 0.10000000000000005 0.43333333333333335
3 0.42109375 0.33888888888888896 0.38203125 0.33888888888888896 0.38203125 0.4305555555555557 0.42109375 0.4305555555555557
3 0.703125 0.23750000000000016 0.67421875 0.23750000000000016 0.67421875 0.3041666666666668 0.703125 0.3041666666666668
3 0.67734375 0.2694444444444446 0.653125 0.2694444444444446 0.653125 0.34861111111111126 0.67734375 0.34861111111111126
3 0.71015625 0.28888888888888903 0.690625 0.28888888888888903 0.690625 0.35138888888888903 0.71015625 0.35138888888888903
3 0.73671875 0.27777777777777796 0.71328125 0.27777777777777796 0.71328125 0.3388888888888891 0.73671875 0.3388888888888891