3 0.57421875 0.6013888888888891 0.53828125 0.6013888888888891 0.53828125 0.7597222222222222 0.57421875 0.7597222222222222
3 0.38203125 0.45138888888888895 0.35390625 0.4513888888888889 0.35390625 0.5875000000000001 0.38203125 0.5875000000000001
3 0.33359375 0.46805555555555556 0.30625 0.46805555555555556 0.30625 0.6027777777777777 0.33359375 0.6027777777777777
3 0.3890625 0.3236111111111112 0.375 0.3236111111111112 0.375 0.40000000000000013 0.3890625 0.40000000000000013
3 0.4140625 0.3333333333333334 0.3984375 0.3333333333333334 0.3984375 0.4208333333333335 0.4140625 0.4208333333333335
3 0.5109375 0.41111111111111126 0.4875 0.41111111111111126 0.4875 0.515277777777778 0.5109375 0.515277777777778
3 0.515625 0.29027777777777786 0.49765625 0.29027777777777786 0.49765625 0.3666666666666668 0.515625 0.3666666666666668
3 0.52578125 0.9013888888888889 0.484375 0.9013888888888889 0.484375 1 0.52578125 1
3 0.53515625 0.26388888888888895 0.5234375 0.26388888888888895 0.5234375 0.31805555555555565 0.53515625 0.31805555555555565
3 0.50859375 0.24305555555555564 0.49609375 0.24305555555555564 0.49609375 0.2930555555555556 0.50859375 0.2930555555555556
3 0.540625 0.2222222222222223 0.52890625 0.2222222222222223 0.52890625 0.2666666666666667 0.540625 0.2666666666666667