8 0.34921875 0.1666666666666667 0.25546875 0.1666666666666667 0.25546875 0.39305555555555555 0.34921875 0.39305555555555555
8 0.60625 0.4833333333333335 0.5125 0.4833333333333335 0.5125 0.6708333333333335 0.60625 0.6708333333333335
8 0.69609375 0.42500000000000016 0.6203125 0.42500000000000016 0.6203125 0.5319444444444446 0.69609375 0.5319444444444446
8 0.64375 0.3166666666666668 0.590625 0.3166666666666668 0.590625 0.4013888888888891 0.64375 0.4013888888888891
8 0.62890625 0.2833333333333335 0.59453125 0.2833333333333335 0.59453125 0.32083333333333347 0.62890625 0.32083333333333347
8 0.65703125 0.25138888888888905 0.61640625 0.25138888888888905 0.61640625 0.2972222222222224 0.65703125 0.2972222222222224
8 0.62734375 0.22222222222222238 0.58828125 0.22222222222222238 0.58828125 0.26666666666666683 0.62734375 0.26666666666666683
8 0.38828125 0.1861111111111112 0.33671875 0.1861111111111112 0.33671875 0.23750000000000007 0.38828125 0.23750000000000007
8 0.6625 0.20416666666666683 0.615625 0.20416666666666683 0.615625 0.2444444444444446 0.6625 0.2444444444444446
8 0.73359375 0.2208333333333335 0.68984375 0.2208333333333335 0.68984375 0.2680555555555557 0.73359375 0.2680555555555557
14 0.5796875 0.22361111111111123 0.50234375 0.22361111111111118 0.50234375 0.46250000000000013 0.5796875 0.46250000000000013