3 0.80234375 0.38888888888888906 0.74453125 0.38888888888888906 0.74453125 0.515277777777778 0.80234375 0.515277777777778
8 0.6171875 0.2097222222222224 0.553125 0.2097222222222224 0.553125 0.3069444444444446 0.6171875 0.3069444444444446
3 0.67265625 0.19444444444444461 0.6421875 0.19444444444444461 0.6421875 0.2694444444444446 0.67265625 0.2694444444444446
3 0.33671875 0.3888888888888889 0.29921875 0.3888888888888889 0.29921875 0.49583333333333335 0.33671875 0.49583333333333335
3 0.265625 0.40555555555555556 0.23515625 0.40555555555555556 0.23515625 0.49444444444444446 0.265625 0.49444444444444446
3 0.34218750000000003 0.5805555555555556 0.27890625 0.5805555555555556 0.27890625 0.7486111111111111 0.3421875000000001 0.7486111111111111
3 0.2414062500000001 0.6569444444444444 0.18125000000000005 0.6569444444444444 0.18125000000000005 0.8236111111111111 0.2414062500000001 0.8236111111111111
3 0.12734375000000003 0.6638888888888889 0.07578125000000005 0.6638888888888889 0.07578125000000005 0.7805555555555556 0.12734375000000003 0.7805555555555556
3 0.19453125000000004 0.5 0.15234375000000006 0.5 0.15234375000000006 0.6222222222222222 0.19453125000000004 0.6222222222222222
3 0.10781250000000005 0.3638888888888889 0.04843750000000002 0.3638888888888889 0.04843750000000003 0.4388888888888889 0.10781250000000005 0.4388888888888889
3 0.2921875 0.3097222222222223 0.2625 0.3097222222222223 0.2625 0.3902777777777778 0.2921875 0.3902777777777778
3 0.321875 0.29027777777777786 0.2890625 0.29027777777777786 0.2890625 0.3972222222222222 0.321875 0.3972222222222222
8 0.49375 0.13472222222222233 0.4 0.1347222222222223 0.4 0.37500000000000017 0.49375 0.37500000000000017
3 0.6453125 0.17083333333333348 0.63125 0.17083333333333345 0.63125 0.22777777777777794 0.6453125 0.22777777777777794
3 0.628125 0.16250000000000012 0.6125 0.16250000000000012 0.6125 0.22222222222222238 0.628125 0.22222222222222238
3 0.19609375000000004 0.4027777777777778 0.16093750000000004 0.4027777777777778 0.16093750000000004 0.5055555555555555 0.19609375000000004 0.5055555555555555
3 0.39375 0.21805555555555564 0.36875 0.21805555555555564 0.36875 0.29027777777777786 0.39375 0.29027777777777786
3 0.35234375 0.20000000000000007 0.33984375 0.20000000000000007 0.33984375 0.24444444444444452 0.35234375 0.24444444444444452
3 0.053906250000000044 0.5861111111111111 0.004687500000000041 0.5861111111111111 0.0046875000000000475 0.7791666666666667 0.053906250000000044 0.7791666666666667