8 0.396875 0.34583333333333344 0.31484375 0.34583333333333344 0.31484375 0.5000000000000001 0.396875 0.5000000000000001
3 0.75859375 0.3708333333333335 0.73359375 0.3708333333333335 0.73359375 0.4833333333333335 0.75859375 0.4833333333333335
3 0.87578125 0.5111111111111113 0.82265625 0.5111111111111113 0.82265625 0.6472222222222224 0.87578125 0.6472222222222224
3 0.66640625 0.28888888888888903 0.64296875 0.28888888888888903 0.64296875 0.37500000000000017 0.66640625 0.37500000000000017
3 0.15703125000000004 0.4305555555555556 0.11562500000000005 0.4305555555555556 0.11562500000000005 0.5916666666666667 0.15703125000000004 0.5916666666666667
3 0.21171875 0.4777777777777778 0.16328125000000004 0.4777777777777778 0.16328125000000004 0.6222222222222222 0.21171875 0.6222222222222222
3 0.27265625 0.31944444444444453 0.24765625 0.31944444444444453 0.24765625 0.4041666666666667 0.27265625 0.4041666666666667
3 0.3296875 0.26388888888888895 0.28984375 0.26388888888888895 0.28984375 0.3444444444444445 0.3296875 0.3444444444444445
3 0.3796875 0.23888888888888896 0.35859375 0.23888888888888896 0.35859375 0.31111111111111117 0.3796875 0.31111111111111117
3 0.3546875 0.2222222222222223 0.33828125 0.2222222222222223 0.33828125 0.27916666666666673 0.3546875 0.27916666666666673
3 0.215625 0.2527777777777778 0.18125 0.25277777777777777 0.18125 0.3194444444444445 0.215625 0.31944444444444453
3 0.11640625000000004 0.3638888888888889 0.04296875000000002 0.3638888888888889 0.04296875000000003 0.44722222222222224 0.11640625000000004 0.44722222222222224
3 0.07265625000000005 0.6222222222222222 0.003125000000000043 0.6222222222222222 0.003125000000000047 0.7527777777777778 0.07265625000000005 0.7527777777777778
8 0.7390625 0.838888888888889 0.58828125 0.8388888888888889 0.58828125 0.9972222222222223 0.7390625 0.9972222222222226
3 0.2390625 0.4 0.19765625000000003 0.4 0.19765625000000003 0.5430555555555555 0.2390625 0.5430555555555555
3 0.303125 0.40694444444444444 0.26875 0.40694444444444444 0.26875 0.5430555555555555 0.303125 0.5430555555555555
3 0.37734375 0.1625000000000001 0.359375 0.1625000000000001 0.359375 0.22638888888888897 0.37734375 0.22638888888888897
3 0.42890625 0.19861111111111118 0.409375 0.19861111111111118 0.409375 0.26527777777777783 0.42890625 0.26527777777777783
3 0.759375 0.29305555555555574 0.73125 0.29305555555555574 0.73125 0.38472222222222235 0.759375 0.38472222222222235
3 0.6859375 0.22500000000000014 0.66328125 0.22500000000000014 0.66328125 0.29861111111111127 0.6859375 0.29861111111111127
3 0.6609375 0.19166666666666682 0.64375 0.19166666666666682 0.64375 0.24722222222222237 0.6609375 0.24722222222222237