8 0.68515625 0.4291666666666668 0.528125 0.4291666666666668 0.528125 0.7736111111111111 0.68515625 0.7736111111111111
8 0.39296875000000003 0.3958333333333334 2.7267526387265288e-17 0.3958333333333333 4.807695441965195e-17 1 0.3929687500000001 1
3 0.2578125 0.33055555555555566 0.225 0.33055555555555566 0.225 0.41805555555555557 0.2578125 0.41805555555555557
8 0.47421875 0.25555555555555565 0.3953125 0.25555555555555565 0.3953125 0.4722222222222224 0.47421875 0.4722222222222224
8 0.5921875 0.14444444444444457 0.546875 0.14444444444444457 0.546875 0.24722222222222237 0.5921875 0.24722222222222237
8 0.41171875 0.16944444444444454 0.37578125 0.16944444444444454 0.37578125 0.2486111111111112 0.41171875 0.2486111111111112
3 0.68203125 0.2069444444444446 0.66171875 0.2069444444444446 0.66171875 0.27361111111111125 0.68203125 0.27361111111111125
8 0.62265625 0.17500000000000013 0.5921875 0.17500000000000013 0.5921875 0.2458333333333335 0.62265625 0.2458333333333335
3 0.64140625 0.21527777777777793 0.621875 0.21527777777777793 0.621875 0.27916666666666684 0.64140625 0.27916666666666684
3 0.54140625 0.17500000000000013 0.52265625 0.17500000000000013 0.52265625 0.23750000000000007 0.54140625 0.23750000000000007
3 0.525 0.16805555555555568 0.50859375 0.16805555555555568 0.50859375 0.22638888888888897 0.525 0.22638888888888897
3 0.36875 0.17083333333333342 0.34921875 0.17083333333333342 0.34921875 0.22638888888888897 0.36875 0.22638888888888897