3 0.44296875 0.6777777777777779 0.39140625000000007 0.6777777777777779 0.39140625000000007 0.8083333333333333 0.44296875 0.8083333333333333
3 0.7828125 0.43888888888888905 0.75390625 0.43888888888888905 0.75390625 0.5111111111111113 0.7828125 0.5111111111111113
3 0.7390625 0.36250000000000016 0.71640625 0.36250000000000016 0.71640625 0.4208333333333335 0.7390625 0.4208333333333335
3 0.46640625 0.5805555555555557 0.42578125 0.5805555555555557 0.42578125 0.6777777777777779 0.46640625 0.6777777777777779
3 0.82421875 0.7625000000000003 0.7859375 0.7625000000000003 0.7859375 0.8819444444444448 0.82421875 0.8819444444444448
3 0.640625 0.565277777777778 0.60234375 0.565277777777778 0.60234375 0.6638888888888891 0.640625 0.6638888888888891
3 0.83125 0.4555555555555557 0.80078125 0.4555555555555557 0.80078125 0.5291666666666668 0.83125 0.5291666666666668
3 0.7703125 0.48888888888888904 0.73828125 0.48888888888888904 0.73828125 0.5736111111111113 0.7703125 0.5736111111111113
3 0.86484375 0.6777777777777779 0.828125 0.6777777777777779 0.828125 0.779166666666667 0.86484375 0.779166666666667
3 0.82109375 0.40277777777777796 0.79609375 0.40277777777777796 0.79609375 0.4638888888888891 0.82109375 0.4638888888888891
3 0.84765625 0.3680555555555557 0.82578125 0.3680555555555557 0.82578125 0.42361111111111127 0.84765625 0.42361111111111127
3 0.78828125 0.37638888888888905 0.7640625 0.37638888888888905 0.7640625 0.4361111111111113 0.78828125 0.4361111111111113
8 0.57421875 0.6236111111111112 0.478125 0.6236111111111112 0.478125 0.7722222222222223 0.57421875 0.7722222222222223
8 0.4203125 0.5125000000000001 0.321875 0.5125 0.321875 0.6305555555555556 0.4203125 0.6305555555555558
8 0.7421875 0.640277777777778 0.65234375 0.640277777777778 0.65234375 0.7861111111111113 0.7421875 0.7861111111111114
8 0.609375 0.4777777777777779 0.55625 0.4777777777777779 0.55625 0.5486111111111113 0.609375 0.5486111111111113
8 0.3695312500000001 0.7430555555555556 0.2609375000000001 0.7430555555555556 0.2609375000000001 0.9597222222222223 0.3695312500000001 0.9597222222222223
8 0.70078125 0.8263888888888888 0.5578125 0.8263888888888888 0.5578125 0.9902777777777778 0.70078125 0.9902777777777778
8 0.47578125 0.44722222222222235 0.40390625 0.44722222222222235 0.40390625 0.5375000000000002 0.47578125 0.5375000000000002
8 0.7125 0.5347222222222224 0.65703125 0.5347222222222224 0.65703125 0.6305555555555558 0.7125 0.6305555555555558
8 0.696875 0.4208333333333335 0.659375 0.4208333333333335 0.659375 0.48888888888888904 0.696875 0.48888888888888904
8 0.6265625 0.33750000000000013 0.596875 0.33750000000000013 0.596875 0.38472222222222235 0.6265625 0.38472222222222235