8 0.25546875 0.2611111111111111 0.171875 0.2611111111111111 0.17187500000000003 0.4597222222222222 0.25546875 0.4597222222222222
8 0.2140625000000001 0.8388888888888889 0.028125000000000056 0.8388888888888889 0.02812500000000006 0.9986111111111111 0.2140625000000001 0.9986111111111111
8 0.68359375 0.6680555555555557 0.525 0.6680555555555557 0.525 0.9861111111111112 0.68359375 0.9861111111111112
8 0.5875 0.3819444444444446 0.51171875 0.3819444444444446 0.51171875 0.5111111111111113 0.5875 0.5111111111111113
8 0.27109375 0.42777777777777776 0.19375000000000003 0.42777777777777776 0.19375000000000003 0.5763888888888888 0.27109375 0.5763888888888888
8 0.30859375 0.2861111111111112 0.26484375 0.2861111111111112 0.26484375 0.3611111111111111 0.30859375 0.3611111111111111
8 0.64609375 0.24166666666666684 0.6078125 0.24166666666666684 0.6078125 0.2972222222222224 0.64609375 0.2972222222222224
8 0.684375 0.21111111111111128 0.65390625 0.21111111111111128 0.65390625 0.25833333333333347 0.684375 0.25833333333333347
8 0.72578125 0.19722222222222238 0.69140625 0.19722222222222238 0.69140625 0.2333333333333335 0.72578125 0.2333333333333335
8 0.55625 0.28333333333333344 0.50625 0.28333333333333344 0.50625 0.3708333333333335 0.55625 0.3708333333333335
3 0.7140625 0.28888888888888903 0.69375 0.28888888888888903 0.69375 0.3458333333333335 0.7140625 0.3458333333333335
3 0.3328125 0.33194444444444454 0.3109375 0.33194444444444454 0.3109375 0.4 0.3328125 0.4