3 0.6265625 0.8347222222222223 0.584375 0.8347222222222223 0.584375 0.9833333333333333 0.6265625 0.9833333333333333
3 0.8546875 0.4361111111111113 0.83671875 0.4361111111111113 0.83671875 0.4902777777777779 0.8546875 0.4902777777777779
3 0.4640625 0.7291666666666666 0.4171875 0.7291666666666666 0.4171875 0.8652777777777778 0.4640625 0.8652777777777778
3 0.528125 0.8486111111111111 0.48125 0.8486111111111111 0.48125 0.9888888888888889 0.528125 0.9888888888888889
3 0.85703125 0.4819444444444446 0.83359375 0.4819444444444446 0.83359375 0.5555555555555557 0.85703125 0.5555555555555557
3 0.32500000000000007 0.8541666666666666 0.2593750000000001 0.8541666666666666 0.2593750000000001 0.9888888888888889 0.32500000000000007 0.9888888888888889
3 0.76640625 0.6694444444444446 0.734375 0.6694444444444446 0.734375 0.7861111111111114 0.76640625 0.7861111111111114
3 0.71015625 0.44027777777777793 0.68671875 0.44027777777777793 0.68671875 0.5083333333333335 0.71015625 0.5083333333333335
3 0.41171875 0.6861111111111112 0.36015625000000007 0.6861111111111111 0.36015625000000007 0.8194444444444444 0.41171875 0.8194444444444444
3 0.3062500000000001 0.7041666666666667 0.2484375000000001 0.7041666666666667 0.2484375000000001 0.8347222222222223 0.3062500000000001 0.8347222222222223
3 0.8125 0.4819444444444446 0.78984375 0.4819444444444446 0.78984375 0.5527777777777779 0.8125 0.5527777777777779
3 0.678125 0.7097222222222224 0.63671875 0.7097222222222224 0.63671875 0.85 0.678125 0.85
3 0.68046875 0.45138888888888906 0.65625 0.45138888888888906 0.65625 0.5277777777777779 0.68046875 0.5277777777777779
3 0.74375 0.7638888888888891 0.70390625 0.7638888888888888 0.70390625 0.9055555555555557 0.74375 0.9055555555555559
3 0.7109375 0.39027777777777795 0.68984375 0.39027777777777795 0.68984375 0.44583333333333347 0.7109375 0.44583333333333347
3 0.640625 0.4583333333333335 0.61640625 0.4583333333333335 0.61640625 0.5305555555555557 0.640625 0.5305555555555557
3 0.8796875 0.4013888888888891 0.8609375 0.4013888888888891 0.8609375 0.46111111111111125 0.8796875 0.46111111111111125
3 0.78828125 0.37777777777777793 0.77109375 0.37777777777777793 0.77109375 0.4333333333333335 0.78828125 0.4333333333333335
3 0.8171875 0.40416666666666684 0.79921875 0.40416666666666684 0.79921875 0.45972222222222237 0.8171875 0.45972222222222237
3 0.57578125 0.5388888888888891 0.5421875 0.5388888888888891 0.5421875 0.6375000000000002 0.57578125 0.6375000000000002
3 0.82734375 0.44722222222222235 0.809375 0.44722222222222235 0.809375 0.5055555555555558 0.82734375 0.5055555555555558
3 0.61953125 0.5111111111111113 0.59296875 0.5111111111111113 0.59296875 0.588888888888889 0.61953125 0.588888888888889
3 0.76015625 0.4361111111111113 0.73984375 0.4361111111111113 0.73984375 0.4986111111111113 0.76015625 0.4986111111111113
3 0.62734375 0.6500000000000001 0.5921875 0.6500000000000001 0.5921875 0.7708333333333334 0.62734375 0.7708333333333334
3 0.7703125 0.39722222222222237 0.7546875 0.39722222222222237 0.7546875 0.45138888888888906 0.7703125 0.45138888888888906
3 0.82109375 0.36111111111111127 0.80703125 0.36111111111111127 0.80703125 0.4069444444444446 0.82109375 0.4069444444444446
3 0.8609375 0.3958333333333335 0.84296875 0.3958333333333335 0.84296875 0.44722222222222235 0.8609375 0.44722222222222235
3 0.8453125 0.38888888888888906 0.82890625 0.38888888888888906 0.82890625 0.4361111111111113 0.8453125 0.4361111111111113
3 0.09375000000000007 0.9013888888888889 0.02109375000000006 0.9013888888888889 0.021093750000000064 0.9972222222222222 0.09375000000000007 0.9972222222222222
3 0.5578125 0.5222222222222224 0.52890625 0.5222222222222224 0.52890625 0.6055555555555557 0.5578125 0.6055555555555557
3 0.76484375 0.3458333333333335 0.75078125 0.3458333333333335 0.75078125 0.3875000000000002 0.76484375 0.3875000000000002
3 0.7984375 0.3319444444444446 0.78515625 0.3319444444444446 0.78515625 0.37500000000000017 0.7984375 0.37500000000000017
8 0.740625 0.5097222222222224 0.66875 0.5097222222222224 0.66875 0.6166666666666668 0.740625 0.6166666666666668
14 0.4734375 0.44722222222222235 0.375 0.44722222222222235 0.375 0.5583333333333335 0.4734375 0.5583333333333335
14 0.6796875 0.31388888888888905 0.6375 0.31388888888888905 0.6375 0.38472222222222235 0.6796875 0.38472222222222235
14 0.6265625 0.32638888888888906 0.596875 0.32638888888888906 0.596875 0.3722222222222224 0.6265625 0.3722222222222224