8 0.14062500000000006 0.6569444444444444 0.0007812500000000451 0.6569444444444444 0.0007812500000000512 0.8305555555555556 0.14062500000000006 0.8305555555555556
8 0.5328125 0.40000000000000013 0.4875 0.40000000000000013 0.4875 0.4777777777777779 0.5328125 0.4777777777777779
8 0.5796875 0.3819444444444446 0.54453125 0.3819444444444446 0.54453125 0.4361111111111113 0.5796875 0.4361111111111113
8 0.628125 0.3958333333333335 0.5703125 0.3958333333333335 0.5703125 0.4708333333333335 0.628125 0.4708333333333335
8 0.709375 0.3958333333333335 0.653125 0.3958333333333335 0.653125 0.48750000000000016 0.709375 0.48750000000000016
8 0.6171875 0.48611111111111127 0.53359375 0.48611111111111127 0.53359375 0.5763888888888891 0.6171875 0.5763888888888891
3 0.715625 0.6458333333333335 0.6296875 0.6458333333333335 0.6296875 0.7777777777777778 0.715625 0.7777777777777778
8 0.825 0.7722222222222224 0.7171875 0.7722222222222223 0.7171875 0.9958333333333335 0.825 0.9958333333333337
3 0.86484375 0.6333333333333335 0.803125 0.6333333333333335 0.803125 0.7680555555555558 0.86484375 0.7680555555555558
3 0.91171875 0.7500000000000003 0.85390625 0.7500000000000003 0.85390625 0.9208333333333336 0.91171875 0.9208333333333336
3 0.75546875 0.5680555555555558 0.70703125 0.5680555555555558 0.70703125 0.6569444444444446 0.75546875 0.6569444444444446
3 0.72890625 0.5041666666666669 0.70234375 0.5041666666666669 0.70234375 0.5930555555555557 0.72890625 0.5930555555555557
3 0.70703125 0.4916666666666668 0.6765625 0.4916666666666668 0.6765625 0.5694444444444446 0.70703125 0.5694444444444446
3 0.66484375 0.5416666666666669 0.625 0.5416666666666669 0.625 0.626388888888889 0.66484375 0.626388888888889
3 0.61953125 0.5527777777777779 0.58359375 0.5527777777777779 0.58359375 0.6361111111111113 0.61953125 0.6361111111111113
3 0.56484375 0.5930555555555557 0.52734375 0.5930555555555557 0.52734375 0.6847222222222223 0.56484375 0.6847222222222223
3 0.59453125 0.5875000000000001 0.54375 0.5875000000000001 0.54375 0.7083333333333335 0.59453125 0.7083333333333335
3 0.6109375 0.6944444444444446 0.5625 0.6944444444444446 0.5625 0.8305555555555556 0.6109375 0.8305555555555556
3 0.67890625 0.725 0.63125 0.725 0.63125 0.8388888888888889 0.67890625 0.8388888888888889
3 0.52734375 0.7180555555555556 0.47109375 0.7180555555555556 0.47109375 0.8486111111111111 0.52734375 0.8486111111111111
3 0.5359375 0.6000000000000002 0.484375 0.6000000000000002 0.484375 0.7305555555555555 0.5359375 0.7305555555555555
3 0.47421875 0.7111111111111111 0.40703125 0.7111111111111111 0.40703125 0.8486111111111111 0.47421875 0.8486111111111111
3 0.3851562500000001 0.7291666666666666 0.3398437500000001 0.7291666666666666 0.3398437500000001 0.8722222222222222 0.3851562500000001 0.8722222222222222
3 0.38203125000000004 0.6194444444444446 0.3328125 0.6194444444444445 0.33281250000000007 0.7277777777777777 0.3820312500000001 0.7277777777777777