3 0.80625 0.7305555555555558 0.7625 0.7305555555555558 0.7625 0.9236111111111114 0.80625 0.9236111111111114
3 0.12890625000000006 0.8041666666666667 0.06406250000000005 0.8041666666666667 0.06406250000000005 0.9833333333333333 0.12890625000000008 0.9833333333333333
3 0.3281250000000001 0.7236111111111111 0.2867187500000001 0.7236111111111111 0.2867187500000001 0.9 0.3281250000000001 0.9
3 0.91171875 0.7361111111111114 0.85546875 0.7361111111111114 0.85546875 0.9125000000000003 0.91171875 0.9125000000000003
3 0.7515625 0.5069444444444446 0.72265625 0.5069444444444446 0.72265625 0.651388888888889 0.7515625 0.651388888888889
3 0.24375 0.42083333333333334 0.215625 0.42083333333333334 0.215625 0.5361111111111111 0.24375 0.5361111111111111
3 0.23203125000000005 0.5888888888888889 0.19296875000000005 0.5888888888888889 0.19296875000000005 0.7569444444444444 0.23203125000000008 0.7569444444444444
3 0.3617187500000001 0.6513888888888889 0.3179687500000001 0.6513888888888889 0.3179687500000001 0.8069444444444445 0.3617187500000001 0.8069444444444445
3 0.61015625 0.4097222222222224 0.58671875 0.4097222222222224 0.58671875 0.5180555555555557 0.61015625 0.5180555555555557
3 0.64765625 0.3875000000000002 0.625 0.3875000000000002 0.625 0.48750000000000016 0.64765625 0.48750000000000016
3 0.8984375 0.6166666666666668 0.84453125 0.6166666666666668 0.84453125 0.7513888888888892 0.8984375 0.7513888888888892
3 0.04921875000000006 0.7833333333333333 0.0007812500000000541 0.7833333333333333 0.0007812500000000608 0.9777777777777777 0.04921875000000007 0.9777777777777777
3 0.70078125 0.48611111111111127 0.66484375 0.48611111111111127 0.66484375 0.6013888888888891 0.70078125 0.6013888888888891
3 0.16953125000000005 0.5291666666666667 0.13515625000000003 0.5291666666666667 0.13515625000000003 0.6708333333333333 0.16953125000000005 0.6708333333333333
3 0.3875 0.3930555555555557 0.36484375 0.3930555555555557 0.36484375 0.515277777777778 0.3875 0.515277777777778
3 0.496875 0.7000000000000002 0.43515625 0.7000000000000002 0.43515625 0.8597222222222223 0.496875 0.8597222222222223
3 0.7140625 0.5625000000000001 0.665625 0.5625000000000001 0.665625 0.6958333333333335 0.7140625 0.6958333333333335
3 0.25781250000000006 0.5208333333333334 0.23046875 0.5208333333333334 0.23046875000000006 0.6652777777777777 0.2578125000000001 0.6652777777777777
3 0.99453125 0.7722222222222226 0.94921875 0.7722222222222226 0.94921875 0.9555555555555558 0.99453125 0.9555555555555558
3 0.7421875 0.43888888888888905 0.7171875 0.43888888888888905 0.7171875 0.5486111111111113 0.7421875 0.5486111111111113
3 0.3265625 0.35555555555555557 0.3046875 0.35555555555555557 0.3046875 0.4625 0.3265625 0.4625
3 0.609375 0.27777777777777796 0.58671875 0.27777777777777796 0.58671875 0.35416666666666685 0.609375 0.35416666666666685
3 0.696875 0.4194444444444446 0.66953125 0.4194444444444446 0.66953125 0.5125000000000002 0.696875 0.5125000000000002
3 0.2921875 0.3097222222222223 0.26328125 0.3097222222222223 0.26328125 0.3972222222222222 0.2921875 0.3972222222222222
3 0.78984375 0.4819444444444446 0.7625 0.4819444444444446 0.7625 0.6083333333333335 0.78984375 0.6083333333333335
3 0.68046875 0.36388888888888904 0.65625 0.36388888888888904 0.65625 0.45416666666666683 0.68046875 0.45416666666666683
3 0.25625 0.3680555555555556 0.2296875 0.3680555555555556 0.2296875 0.45694444444444443 0.25625 0.45694444444444443
3 0.57578125 0.25277777777777793 0.55703125 0.25277777777777793 0.55703125 0.32083333333333347 0.57578125 0.32083333333333347
3 0.58671875 0.3111111111111113 0.56328125 0.3111111111111113 0.56328125 0.38888888888888906 0.58671875 0.38888888888888906
3 0.63125 0.32916666666666683 0.603125 0.32916666666666683 0.603125 0.4083333333333335 0.63125 0.4083333333333335
3 0.55 0.21666666666666679 0.534375 0.21666666666666676 0.534375 0.2708333333333334 0.55 0.2708333333333335
3 0.31171875 0.3097222222222223 0.28671875 0.3097222222222223 0.28671875 0.4 0.31171875 0.4
3 0.7234375 0.3652777777777779 0.6984375 0.3652777777777779 0.6984375 0.45416666666666683 0.7234375 0.45416666666666683
3 0.79765625 0.4347222222222224 0.7671875 0.4347222222222224 0.7671875 0.5472222222222224 0.79765625 0.5472222222222224
3 0.825 0.5763888888888891 0.78671875 0.5763888888888891 0.78671875 0.7111111111111115 0.825 0.7111111111111115
3 0.66328125 0.3388888888888891 0.6421875 0.3388888888888891 0.6421875 0.42361111111111127 0.66328125 0.42361111111111127
3 0.80703125 0.6000000000000002 0.7625 0.6000000000000002 0.7625 0.7430555555555559 0.80703125 0.7430555555555559
3 0.403125 0.3347222222222223 0.3828125 0.3347222222222223 0.3828125 0.4277777777777779 0.403125 0.4277777777777779
8 0.4515625 0.5583333333333335 0.334375 0.5583333333333333 0.33437500000000003 0.7277777777777777 0.4515625 0.7277777777777777
8 0.465625 0.23055555555555562 0.4296875 0.23055555555555562 0.4296875 0.3069444444444445 0.465625 0.3069444444444445
8 0.54921875 0.14861111111111122 0.51953125 0.14861111111111122 0.51953125 0.19722222222222235 0.54921875 0.19722222222222238
8 0.48046875 0.32638888888888895 0.4125 0.32638888888888895 0.4125 0.5111111111111113 0.48046875 0.5111111111111113
8 0.384375 0.25555555555555565 0.3328125 0.25555555555555565 0.3328125 0.3500000000000001 0.384375 0.3500000000000001