3 0.16015625000000006 0.5263888888888889 0.09453125000000004 0.5263888888888889 0.09453125000000004 0.6861111111111111 0.16015625000000006 0.6861111111111111
3 0.65 0.3944444444444446 0.6171875 0.3944444444444446 0.6171875 0.5069444444444446 0.65 0.5069444444444446
3 0.790625 0.3722222222222224 0.75546875 0.3722222222222224 0.75546875 0.4972222222222224 0.790625 0.4972222222222224
3 0.69296875 0.2763888888888891 0.6796875 0.2763888888888891 0.6796875 0.35138888888888903 0.69296875 0.35138888888888903
3 0.309375 0.26944444444444454 0.284375 0.26944444444444454 0.284375 0.3430555555555556 0.309375 0.3430555555555556
3 0.35390625 0.2208333333333334 0.33515625 0.2208333333333334 0.33515625 0.28333333333333344 0.35390625 0.28333333333333344
3 0.3984375 0.17777777777777787 0.384375 0.17777777777777787 0.384375 0.24027777777777787 0.3984375 0.24027777777777787
3 0.415625 0.19027777777777785 0.40234375 0.19027777777777785 0.40234375 0.2472222222222223 0.415625 0.2472222222222223
8 0.56484375 0.23333333333333345 0.509375 0.23333333333333342 0.509375 0.29722222222222233 0.56484375 0.2972222222222224
8 0.8703125 0.7222222222222224 0.68828125 0.7222222222222222 0.68828125 1.0000000000000002 0.8703125 1.0000000000000002
8 0.475 0.16805555555555565 0.44140625 0.16805555555555562 0.44140625 0.2208333333333334 0.475 0.2208333333333334
8 0.4546875 0.251388888888889 0.40078125 0.251388888888889 0.40078125 0.3472222222222223 0.4546875 0.3472222222222223
8 0.365625 0.2805555555555556 0.28671875 0.2805555555555556 0.28671875 0.4000000000000001 0.365625 0.40000000000000013
8 0.44296875 0.14027777777777786 0.41328125 0.14027777777777786 0.41328125 0.19166666666666674 0.44296875 0.19166666666666674
8 0.58515625 0.27500000000000013 0.52421875 0.2750000000000001 0.52421875 0.4500000000000002 0.58515625 0.4500000000000002
8 0.6734375 0.22500000000000014 0.61171875 0.22500000000000014 0.61171875 0.36111111111111127 0.6734375 0.36111111111111127
8 0.54609375 0.06944444444444456 0.50625 0.06944444444444456 0.50625 0.18472222222222234 0.54609375 0.18472222222222237
8 0.5984375 0.13333333333333344 0.56484375 0.13333333333333344 0.56484375 0.2097222222222224 0.5984375 0.2097222222222224