3 0.290625 0.31250000000000006 0.2546875 0.31250000000000006 0.2546875 0.4111111111111111 0.290625 0.4111111111111111
3 0.32578125 0.27638888888888896 0.2984375 0.27638888888888896 0.2984375 0.35416666666666674 0.32578125 0.35416666666666674
3 0.753125 0.38472222222222235 0.71875 0.38472222222222235 0.71875 0.4986111111111113 0.753125 0.4986111111111113
3 0.646875 0.1833333333333335 0.628125 0.1833333333333335 0.628125 0.24027777777777792 0.646875 0.24027777777777792
3 0.5265625 0.21944444444444453 0.5125 0.21944444444444453 0.5125 0.2708333333333334 0.5265625 0.2708333333333334
3 0.509375 0.2097222222222223 0.490625 0.2097222222222223 0.490625 0.26250000000000007 0.509375 0.26250000000000007
3 0.3796875 0.19027777777777785 0.359375 0.19027777777777785 0.359375 0.2347222222222223 0.3796875 0.2347222222222223
3 0.4046875 0.16527777777777786 0.38671875 0.16527777777777786 0.38671875 0.2097222222222223 0.4046875 0.2097222222222223
3 0.60625 0.14166666666666677 0.58828125 0.14166666666666677 0.58828125 0.18750000000000017 0.60625 0.18750000000000017
8 0.415625 0.6097222222222223 0.06015625000000004 0.6097222222222223 0.06015625000000006 1 0.415625 1
8 0.45625 0.21944444444444453 0.3640625 0.21944444444444453 0.3640625 0.46666666666666684 0.45625 0.46666666666666684
14 0.5984375 0.24583333333333346 0.53203125 0.2458333333333334 0.53203125 0.3666666666666668 0.5984375 0.3666666666666668
8 0.76640625 0.4569444444444446 0.58359375 0.4569444444444446 0.58359375 0.9347222222222223 0.76640625 0.9347222222222226
8 0.5671875 0.15416666666666679 0.52734375 0.15416666666666679 0.52734375 0.2527777777777779 0.5671875 0.25277777777777793