3 0.7953125 0.4097222222222224 0.75546875 0.4097222222222224 0.75546875 0.5416666666666669 0.7953125 0.5416666666666669
3 0.90078125 0.6083333333333335 0.828125 0.6083333333333335 0.828125 0.7875000000000003 0.90078125 0.7875000000000003
3 0.5625 0.238888888888889 0.53984375 0.23888888888888896 0.53984375 0.313888888888889 0.5625 0.31388888888888905
3 0.69296875 0.23888888888888904 0.67734375 0.23888888888888904 0.67734375 0.2847222222222224 0.69296875 0.2847222222222224
3 0.690625 0.21805555555555572 0.67578125 0.21805555555555572 0.67578125 0.27500000000000013 0.690625 0.27500000000000013
3 0.3640625 0.16944444444444454 0.35 0.16944444444444454 0.35 0.2222222222222223 0.3640625 0.2222222222222223
8 0.57265625 0.18472222222222234 0.53046875 0.1847222222222223 0.53046875 0.2402777777777779 0.57265625 0.24027777777777792
8 0.31328125 0.38472222222222224 0.20546875 0.38472222222222224 0.20546875 0.5861111111111111 0.31328125 0.5861111111111111
8 0.43515625 0.15555555555555564 0.40703125 0.15555555555555564 0.40703125 0.20138888888888898 0.43515625 0.20138888888888898
14 0.6703125 0.3694444444444446 0.5671875 0.3694444444444446 0.5671875 0.6125000000000002 0.6703125 0.6125000000000002
8 0.4390625 0.3472222222222223 0.28984375 0.3472222222222223 0.28984375000000007 0.8152777777777778 0.4390625 0.8152777777777778
8 0.4921875 0.11388888888888901 0.4546875 0.11388888888888901 0.4546875 0.21944444444444453 0.4921875 0.21944444444444453