3 0.2375000000000001 0.7069444444444445 0.19218750000000004 0.7069444444444445 0.19218750000000004 0.9180555555555555 0.2375000000000001 0.9180555555555555
3 0.9171875 0.6388888888888891 0.8703125 0.6388888888888891 0.8703125 0.7888888888888892 0.9171875 0.7888888888888892
3 0.62265625 0.39027777777777795 0.57265625 0.39027777777777795 0.57265625 0.4916666666666668 0.62265625 0.4916666666666668
3 0.2992187500000001 0.8 0.2515625000000001 0.8 0.2515625000000001 0.9875 0.2992187500000001 0.9875
3 0.81796875 0.48888888888888904 0.78359375 0.48888888888888904 0.78359375 0.6125000000000002 0.81796875 0.6125000000000002
3 0.70390625 0.42500000000000016 0.67890625 0.42500000000000016 0.67890625 0.5277777777777779 0.70390625 0.5277777777777779
3 0.653125 0.32777777777777795 0.63671875 0.32777777777777795 0.63671875 0.4097222222222224 0.653125 0.4097222222222224
3 0.75390625 0.4847222222222224 0.72421875 0.4847222222222224 0.72421875 0.6055555555555557 0.75390625 0.6055555555555557
3 0.2890625 0.48194444444444445 0.259375 0.48194444444444445 0.259375 0.6208333333333333 0.2890625 0.6208333333333333
3 0.35 0.41805555555555557 0.32265625 0.41805555555555557 0.32265625 0.5402777777777777 0.35 0.5402777777777777
3 0.4125 0.25000000000000006 0.3921875 0.25000000000000006 0.3921875 0.32500000000000007 0.4125 0.32500000000000007
3 0.58046875 0.25138888888888905 0.5625 0.25138888888888905 0.5625 0.31388888888888905 0.58046875 0.31388888888888905
3 0.38828125 0.2986111111111112 0.36484375 0.2986111111111112 0.36484375 0.39027777777777795 0.38828125 0.39027777777777795
3 0.61796875 0.3111111111111113 0.59453125 0.3111111111111113 0.59453125 0.39861111111111125 0.61796875 0.39861111111111125
3 0.34765625 0.3472222222222223 0.328125 0.3472222222222223 0.328125 0.4375 0.34765625 0.4375
3 0.740625 0.4097222222222224 0.715625 0.4097222222222224 0.715625 0.5097222222222224 0.740625 0.5097222222222224
3 0.34453125 0.3000000000000001 0.32265625 0.3000000000000001 0.32265625 0.38333333333333336 0.34453125 0.38333333333333336
3 0.37265625 0.2750000000000001 0.35078125 0.2750000000000001 0.35078125 0.35416666666666674 0.37265625 0.35416666666666674
3 0.7 0.36388888888888904 0.6765625 0.36388888888888904 0.6765625 0.4500000000000002 0.7 0.4500000000000002
3 0.63671875 0.2625000000000002 0.62109375 0.2625000000000002 0.62109375 0.3319444444444446 0.63671875 0.3319444444444446
3 0.43359375 0.1861111111111112 0.4203125 0.1861111111111112 0.4203125 0.2458333333333334 0.43359375 0.2458333333333334
3 0.328125 0.3972222222222222 0.30390625 0.3972222222222222 0.30390625 0.5055555555555555 0.328125 0.5055555555555555
3 0.67578125 0.30138888888888904 0.659375 0.30138888888888904 0.659375 0.37500000000000017 0.67578125 0.37500000000000017
3 0.39765625 0.23750000000000007 0.378125 0.23750000000000007 0.378125 0.30555555555555564 0.39765625 0.30555555555555564
3 0.734375 0.3666666666666668 0.70703125 0.3666666666666668 0.70703125 0.45138888888888906 0.734375 0.45138888888888906
3 0.6078125 0.26527777777777795 0.5890625 0.26527777777777795 0.5890625 0.3319444444444446 0.6078125 0.3319444444444446
3 0.4171875 0.20000000000000007 0.40078125 0.20000000000000007 0.40078125 0.2597222222222223 0.4171875 0.2597222222222223
8 0.7390625 0.551388888888889 0.61015625 0.551388888888889 0.61015625 0.765277777777778 0.7390625 0.7652777777777781
8 0.19375000000000003 0.34722222222222227 0.051562500000000025 0.3472222222222222 0.051562500000000025 0.45694444444444443 0.19375000000000003 0.45694444444444443
8 0.478125 0.15833333333333344 0.44921875 0.1583333333333334 0.44921875 0.21805555555555564 0.478125 0.21805555555555564
8 0.46484375 0.2986111111111112 0.42109375 0.2986111111111112 0.42109375 0.3805555555555557 0.46484375 0.3805555555555557
8 0.4765625 0.2250000000000001 0.440625 0.2250000000000001 0.440625 0.2958333333333334 0.4765625 0.2958333333333334
8 0.4296875 0.13611111111111118 0.40625 0.13611111111111118 0.40625 0.18194444444444452 0.4296875 0.18194444444444452
8 0.5421875 0.17500000000000013 0.51015625 0.17500000000000013 0.51015625 0.22361111111111118 0.5421875 0.22361111111111118
8 0.56015625 0.20833333333333345 0.50703125 0.20833333333333343 0.50703125 0.33194444444444454 0.56015625 0.3319444444444446
8 0.65390625 0.702777777777778 0.4171875 0.702777777777778 0.4171875 0.9861111111111112 0.65390625 0.9861111111111112