3 0.16640625000000003 0.6486111111111111 0.12187500000000004 0.6486111111111111 0.12187500000000004 0.8375 0.16640625000000003 0.8375
3 0.8578125 0.6972222222222224 0.815625 0.6972222222222224 0.815625 0.8708333333333337 0.8578125 0.8708333333333337
3 0.06328125000000005 0.7361111111111112 0.01640625000000005 0.7361111111111112 0.01640625000000006 0.9388888888888889 0.06328125000000007 0.9388888888888889
3 0.978125 0.791666666666667 0.91953125 0.791666666666667 0.91953125 0.9736111111111114 0.978125 0.9736111111111114
3 0.74140625 0.4097222222222224 0.7171875 0.4097222222222224 0.7171875 0.5180555555555557 0.74140625 0.5180555555555557
3 0.25078125 0.4027777777777778 0.22109375 0.4027777777777778 0.22109375 0.5194444444444445 0.25078125 0.5194444444444445
3 0.59453125 0.7902777777777777 0.553125 0.7902777777777777 0.553125 0.9708333333333333 0.59453125 0.9708333333333333
3 0.3515625 0.35555555555555557 0.328125 0.35555555555555557 0.328125 0.46111111111111114 0.3515625 0.46111111111111114
3 0.8390625 0.5722222222222224 0.80390625 0.5722222222222224 0.80390625 0.7111111111111115 0.8390625 0.7111111111111115
3 0.31171875 0.2986111111111112 0.28515625 0.2986111111111112 0.28515625 0.38333333333333336 0.31171875 0.38333333333333336
3 0.7859375 0.48750000000000016 0.75390625 0.48750000000000016 0.75390625 0.6055555555555557 0.7859375 0.6055555555555557
3 0.24218750000000008 0.7166666666666667 0.20312500000000008 0.7166666666666667 0.20312500000000008 0.9055555555555556 0.24218750000000008 0.9055555555555556
3 0.16171875000000008 0.8236111111111111 0.11406250000000004 0.8236111111111111 0.11406250000000007 0.9944444444444445 0.16171875000000008 0.9944444444444445
3 0.24296875000000004 0.5555555555555556 0.21328125 0.5555555555555556 0.21328125000000003 0.7111111111111111 0.2429687500000001 0.7111111111111111
3 0.7734375 0.577777777777778 0.7375 0.577777777777778 0.7375 0.7194444444444448 0.7734375 0.7194444444444448
3 0.678125 0.3861111111111113 0.65390625 0.3861111111111113 0.65390625 0.48888888888888904 0.678125 0.48888888888888904
3 0.30234375 0.5305555555555556 0.27109375 0.5305555555555556 0.27109375 0.6777777777777778 0.3023437500000001 0.6777777777777778
3 0.93046875 0.6430555555555557 0.86953125 0.6430555555555557 0.86953125 0.7861111111111114 0.93046875 0.7861111111111114
3 0.24140625 0.32638888888888895 0.20234375 0.32638888888888895 0.20234375 0.41388888888888886 0.24140625 0.41388888888888886
3 0.21015625 0.49722222222222223 0.17578125000000006 0.49722222222222223 0.17578125000000006 0.6277777777777778 0.21015625 0.6277777777777778
3 0.34296875 0.31111111111111117 0.31640625 0.31111111111111117 0.31640625 0.39861111111111114 0.34296875 0.39861111111111114
3 0.70625 0.5000000000000001 0.6796875 0.5000000000000001 0.6796875 0.6347222222222224 0.70625 0.6347222222222224
3 0.7328125 0.32777777777777795 0.7109375 0.32777777777777795 0.7109375 0.41388888888888903 0.7328125 0.41388888888888903
3 0.296875 0.39861111111111114 0.2671875 0.39861111111111114 0.2671875 0.5055555555555555 0.296875 0.5055555555555555
3 0.75078125 0.5125000000000002 0.72265625 0.5125000000000002 0.72265625 0.6305555555555558 0.75078125 0.6305555555555558
3 0.27578125 0.4638888888888889 0.25 0.4638888888888889 0.25 0.5791666666666667 0.27578125 0.5791666666666667
3 0.57421875 0.25972222222222235 0.5453125 0.25972222222222235 0.5453125 0.3305555555555557 0.57421875 0.3305555555555557
8 0.46875 0.4097222222222224 0.40078125 0.4097222222222224 0.40078125 0.5736111111111113 0.46875 0.5736111111111113
8 0.80078125 0.6986111111111113 0.675 0.6986111111111113 0.675 0.9555555555555557 0.80078125 0.9555555555555558
8 0.621875 0.6069444444444446 0.52734375 0.6069444444444446 0.52734375 0.8013888888888889 0.621875 0.8013888888888889
8 0.52734375 0.16805555555555568 0.49765625 0.16805555555555568 0.49765625 0.23055555555555562 0.52734375 0.23055555555555562
8 0.40703125 0.2597222222222223 0.36328125 0.2597222222222223 0.36328125 0.35555555555555574 0.40703125 0.35555555555555574
8 0.478125 0.17638888888888898 0.4515625 0.17638888888888896 0.4515625 0.24444444444444452 0.478125 0.24444444444444452
8 0.47109375 0.5625000000000001 0.28515625 0.5625 0.28515625000000006 1 0.47109375 1
8 0.64765625 0.3041666666666668 0.559375 0.3041666666666668 0.559375 0.5097222222222224 0.64765625 0.5097222222222224
8 0.478125 0.2458333333333334 0.43359375 0.2458333333333334 0.43359375 0.35277777777777786 0.478125 0.35277777777777786
3 0.7 0.31250000000000017 0.68046875 0.31250000000000017 0.68046875 0.3791666666666668 0.7 0.3791666666666668
3 0.68125 0.31527777777777793 0.6609375 0.31527777777777793 0.6609375 0.3791666666666668 0.68125 0.3791666666666668
3 0.646875 0.28888888888888903 0.6296875 0.28888888888888903 0.6296875 0.34166666666666684 0.646875 0.34166666666666684
3 0.9 0.5805555555555557 0.8625 0.5805555555555557 0.8625 0.6875000000000001 0.9 0.6875000000000001