3 0.775 0.34861111111111126 0.73984375 0.34861111111111126 0.73984375 0.46666666666666684 0.775 0.46666666666666684
3 0.8 0.4958333333333335 0.76171875 0.4958333333333335 0.76171875 0.6208333333333335 0.8 0.6208333333333335
3 0.95859375 0.5833333333333335 0.9 0.5833333333333335 0.9 0.7555555555555559 0.95859375 0.7555555555555559
3 0.45703125 0.23888888888888896 0.434375 0.23888888888888896 0.434375 0.301388888888889 0.45703125 0.301388888888889
3 0.32578125 0.3236111111111112 0.29296875 0.3236111111111112 0.29296875 0.44305555555555554 0.32578125 0.44305555555555554
3 0.43828125 0.1847222222222223 0.4203125 0.1847222222222223 0.4203125 0.2486111111111112 0.43828125 0.2486111111111112
3 0.4890625 0.19583333333333341 0.47421875 0.19583333333333341 0.47421875 0.2750000000000001 0.4890625 0.2750000000000001
3 0.540625 0.13750000000000012 0.528125 0.13750000000000012 0.528125 0.1833333333333334 0.540625 0.1833333333333334
3 0.58515625 0.15555555555555567 0.5796875 0.15555555555555567 0.5796875 0.18888888888888905 0.58515625 0.18888888888888905
3 0.6046875 0.1527777777777779 0.59375 0.1527777777777779 0.59375 0.19444444444444461 0.6046875 0.19444444444444461
8 0.7546875 0.3805555555555557 0.64765625 0.3805555555555557 0.64765625 0.5305555555555557 0.7546875 0.5305555555555557
8 0.4265625 0.40277777777777785 0.32578125 0.4027777777777778 0.32578125 0.601388888888889 0.4265625 0.6013888888888891
14 0.70234375 0.18750000000000017 0.59765625 0.18750000000000017 0.59765625 0.38472222222222235 0.70234375 0.38472222222222235
8 0.62265625 0.238888888888889 0.528125 0.23888888888888896 0.528125 0.4986111111111113 0.62265625 0.4986111111111113