3 0.18046875000000004 0.7847222222222222 0.11093750000000005 0.7847222222222222 0.11093750000000005 0.9472222222222222 0.18046875000000004 0.9472222222222222
3 0.8203125 0.48055555555555574 0.79453125 0.48055555555555574 0.79453125 0.5555555555555557 0.8203125 0.5555555555555557
3 0.44375 0.7694444444444445 0.3890625000000001 0.7694444444444445 0.3890625000000001 0.9152777777777777 0.44375 0.9152777777777777
3 0.4625 0.6541666666666668 0.41640625 0.6541666666666668 0.41640625 0.7763888888888889 0.4625 0.7763888888888889
3 0.84453125 0.4569444444444446 0.82578125 0.4569444444444446 0.82578125 0.5138888888888891 0.84453125 0.5138888888888891
3 0.8765625 0.45972222222222237 0.8515625 0.45972222222222237 0.8515625 0.5305555555555557 0.8765625 0.5305555555555557
3 0.6703125 0.6458333333333335 0.6328125 0.6458333333333335 0.6328125 0.7597222222222222 0.6703125 0.7597222222222222
3 0.8859375 0.5527777777777779 0.85390625 0.5527777777777779 0.85390625 0.6500000000000001 0.8859375 0.6500000000000001
3 0.790625 0.4333333333333335 0.77578125 0.4333333333333335 0.77578125 0.4972222222222224 0.790625 0.4972222222222224
3 0.4 0.6541666666666668 0.35234375000000007 0.6541666666666667 0.35234375000000007 0.7736111111111111 0.4 0.7736111111111111
3 0.61171875 0.627777777777778 0.57109375 0.627777777777778 0.57109375 0.7472222222222222 0.61171875 0.7472222222222222
3 0.58359375 0.48888888888888904 0.55859375 0.48888888888888904 0.55859375 0.5708333333333335 0.58359375 0.5708333333333335
3 0.74453125 0.6416666666666668 0.70390625 0.6416666666666668 0.70390625 0.7638888888888891 0.74453125 0.7638888888888892
3 0.771875 0.4555555555555557 0.75703125 0.4555555555555557 0.75703125 0.5180555555555557 0.771875 0.5180555555555557
3 0.3007812500000001 0.8291666666666667 0.2328125000000001 0.8291666666666667 0.2328125000000001 0.9833333333333333 0.3007812500000001 0.9833333333333333
3 0.81171875 0.4319444444444446 0.796875 0.4319444444444446 0.796875 0.4916666666666668 0.81171875 0.4916666666666668
3 0.73828125 0.4277777777777779 0.715625 0.4277777777777779 0.715625 0.4986111111111113 0.73828125 0.4986111111111113
3 0.75703125 0.4347222222222224 0.73671875 0.4347222222222224 0.73671875 0.4972222222222224 0.75703125 0.4972222222222224
3 0.8671875 0.39166666666666683 0.8453125 0.39166666666666683 0.8453125 0.44722222222222235 0.8671875 0.44722222222222235
3 0.771875 0.5180555555555557 0.75390625 0.5180555555555557 0.75390625 0.6041666666666669 0.771875 0.6041666666666669
3 0.7109375 0.45277777777777795 0.69453125 0.45277777777777795 0.69453125 0.5222222222222224 0.7109375 0.5222222222222224
3 0.78984375 0.5500000000000002 0.76328125 0.5500000000000002 0.76328125 0.6444444444444446 0.78984375 0.6444444444444446
3 0.6953125 0.4819444444444446 0.6765625 0.4819444444444446 0.6765625 0.551388888888889 0.6953125 0.551388888888889
3 0.675 0.45416666666666683 0.659375 0.45416666666666683 0.659375 0.5166666666666668 0.675 0.5166666666666668
3 0.8828125 0.4319444444444446 0.8609375 0.4319444444444446 0.8609375 0.4916666666666668 0.8828125 0.4916666666666668
8 0.31640625000000006 0.6166666666666667 0.20234375 0.6166666666666667 0.20234375000000004 0.7541666666666667 0.3164062500000001 0.7541666666666667
8 0.6421875 0.5486111111111113 0.565625 0.5486111111111113 0.565625 0.6638888888888891 0.6421875 0.6638888888888891
8 0.7 0.4013888888888891 0.653125 0.4013888888888891 0.653125 0.4722222222222224 0.7 0.4722222222222224
8 0.52265625 0.4291666666666668 0.46484375 0.4291666666666668 0.46484375 0.5083333333333335 0.52265625 0.5083333333333335
8 0.63828125 0.31250000000000017 0.60625 0.31250000000000017 0.60625 0.36250000000000016 0.63828125 0.36250000000000016
3 0.840625 0.4097222222222224 0.82734375 0.4097222222222224 0.82734375 0.45277777777777795 0.840625 0.45277777777777795
3 0.76484375 0.38333333333333347 0.75078125 0.38333333333333347 0.75078125 0.4305555555555557 0.76484375 0.4305555555555557
3 0.809375 0.38333333333333347 0.79609375 0.38333333333333347 0.79609375 0.42361111111111127 0.809375 0.42361111111111127
3 0.7890625 0.38888888888888906 0.77265625 0.38888888888888906 0.77265625 0.4347222222222224 0.7890625 0.4347222222222224