3 0.3265625 0.525 0.28125 0.525 0.28125 0.6388888888888888 0.3265625 0.6388888888888888
3 0.33046875 0.3763888888888889 0.29375 0.3763888888888889 0.29375 0.5055555555555555 0.33046875 0.5055555555555555
3 0.2078125 0.4486111111111111 0.16562500000000005 0.4486111111111111 0.16562500000000005 0.5583333333333333 0.2078125 0.5583333333333333
3 0.365625 0.25555555555555565 0.34375 0.25555555555555565 0.34375 0.3444444444444445 0.365625 0.3444444444444445
3 0.38828125 0.21527777777777785 0.3625 0.21527777777777785 0.3625 0.2944444444444445 0.38828125 0.2944444444444445
8 0.66328125 0.4097222222222224 0.5609375 0.4097222222222224 0.5609375 0.5805555555555557 0.66328125 0.5805555555555557
3 0.78046875 0.5166666666666668 0.725 0.5166666666666668 0.725 0.6625000000000002 0.78046875 0.6625000000000002
3 0.91640625 0.6291666666666669 0.86484375 0.6291666666666669 0.86484375 0.8027777777777781 0.91640625 0.8027777777777781
3 0.66796875 0.2444444444444446 0.6484375 0.2444444444444446 0.6484375 0.31527777777777793 0.66796875 0.31527777777777793
3 0.709375 0.24722222222222237 0.6875 0.24722222222222237 0.6875 0.32222222222222235 0.709375 0.32222222222222235
3 0.17968750000000006 0.7666666666666667 0.10000000000000005 0.7666666666666667 0.10000000000000006 0.9986111111111111 0.17968750000000008 0.9986111111111111
3 0.359375 0.23750000000000007 0.34140625 0.23750000000000007 0.34140625 0.2819444444444445 0.359375 0.2819444444444445