3 0.55234375 0.3027777777777779 0.53046875 0.30277777777777787 0.53046875 0.37638888888888905 0.55234375 0.37638888888888905
3 0.63046875 0.5000000000000001 0.578125 0.5000000000000001 0.578125 0.6208333333333335 0.63046875 0.6208333333333335
3 0.396875 0.36527777777777787 0.35859375 0.36527777777777776 0.35859375 0.45277777777777783 0.396875 0.45277777777777795
3 0.76484375 0.5305555555555557 0.69921875 0.5305555555555557 0.69921875 0.6430555555555557 0.76484375 0.6430555555555557
3 0.496875 0.35416666666666674 0.471875 0.35416666666666674 0.471875 0.4430555555555557 0.496875 0.4430555555555557
3 0.56171875 0.3694444444444446 0.51015625 0.3694444444444446 0.51015625 0.45138888888888906 0.56171875 0.45138888888888906
3 0.83203125 0.4944444444444446 0.7703125 0.4944444444444446 0.7703125 0.6041666666666669 0.83203125 0.6041666666666669
3 0.334375 0.4361111111111111 0.26796875 0.4361111111111111 0.26796875 0.5444444444444444 0.334375 0.5444444444444444
3 0.90703125 0.5222222222222224 0.83828125 0.5222222222222224 0.83828125 0.6305555555555558 0.90703125 0.6305555555555558
3 0.51484375 0.29027777777777786 0.4921875 0.29027777777777786 0.4921875 0.3652777777777779 0.51484375 0.3652777777777779
3 0.62734375 0.3694444444444446 0.5984375 0.3694444444444446 0.5984375 0.4555555555555557 0.62734375 0.4555555555555557
3 0.4171875 0.32638888888888895 0.3921875 0.32638888888888895 0.3921875 0.4083333333333335 0.4171875 0.4083333333333335
3 0.6875 0.3527777777777779 0.66015625 0.3527777777777779 0.66015625 0.4333333333333335 0.6875 0.4333333333333335
3 0.77734375 0.39027777777777795 0.740625 0.39027777777777795 0.740625 0.47916666666666685 0.77734375 0.47916666666666685
3 0.47734375 0.34166666666666673 0.4359375 0.34166666666666673 0.4359375 0.4222222222222224 0.47734375 0.4222222222222224
3 0.95546875 0.4194444444444446 0.89375 0.4194444444444446 0.89375 0.5138888888888891 0.95546875 0.5138888888888891
3 0.7375 0.37638888888888905 0.6875 0.37638888888888905 0.6875 0.46527777777777796 0.7375 0.46527777777777796
3 0.32734375 0.25416666666666676 0.3125 0.25416666666666676 0.3125 0.3097222222222223 0.32734375 0.3097222222222223
3 0.65 0.35555555555555574 0.62265625 0.35555555555555574 0.62265625 0.4319444444444446 0.65 0.4319444444444446
3 0.40703125 0.2597222222222223 0.39296875 0.2597222222222223 0.39296875 0.31944444444444453 0.40703125 0.31944444444444453
3 0.603125 0.19027777777777793 0.58984375 0.19027777777777793 0.58984375 0.23888888888888904 0.603125 0.23888888888888904
3 0.3421875 0.2611111111111112 0.32578125 0.2611111111111112 0.32578125 0.3291666666666667 0.3421875 0.3291666666666667
3 0.34296875 0.351388888888889 0.2875 0.351388888888889 0.2875 0.43472222222222223 0.34296875 0.43472222222222223
3 0.38671875 0.2583333333333334 0.36796875 0.2583333333333334 0.36796875 0.3152777777777779 0.38671875 0.3152777777777779
3 0.528125 0.26805555555555566 0.51015625 0.26805555555555566 0.51015625 0.32638888888888895 0.528125 0.32638888888888895
8 0.18203125000000003 0.4222222222222222 0.057812500000000024 0.4222222222222222 0.05781250000000003 0.5319444444444444 0.18203125000000003 0.5319444444444444
8 0.6921875 0.28611111111111126 0.59765625 0.28611111111111126 0.59765625 0.36250000000000016 0.6921875 0.36250000000000016
8 0.07656250000000005 0.49027777777777776 3.3773462507735604e-17 0.49027777777777776 3.7648321520662774e-17 0.6027777777777777 0.07656250000000005 0.6027777777777777
8 0.471875 0.23888888888888896 0.4375 0.23888888888888896 0.4375 0.30277777777777787 0.471875 0.30277777777777787
3 0.35859375 0.25555555555555565 0.346875 0.25555555555555565 0.346875 0.31944444444444453 0.35859375 0.31944444444444453
3 0.428125 0.25694444444444453 0.41015625 0.25694444444444453 0.41015625 0.31805555555555565 0.428125 0.31805555555555565
3 0.4765625 0.3152777777777779 0.45546875 0.3152777777777779 0.45546875 0.35277777777777786 0.4765625 0.35277777777777786