8 0.52265625 0.4069444444444446 0.46171875 0.4069444444444446 0.46171875 0.5125000000000002 0.52265625 0.5125000000000002
8 0.5828125 0.4222222222222224 0.5171875 0.4222222222222224 0.5171875 0.5277777777777779 0.5828125 0.5277777777777779
3 0.64765625 0.4847222222222224 0.5875 0.4847222222222224 0.5875 0.6013888888888891 0.64765625 0.6013888888888891
8 0.58984375 0.6805555555555557 0.48046875 0.6805555555555557 0.48046875 0.8416666666666667 0.58984375 0.8416666666666667
3 0.40625 0.6625000000000001 0.3515625000000001 0.6625 0.3515625000000001 0.7833333333333333 0.40625 0.7833333333333333
3 0.49765625 0.6236111111111112 0.44765625 0.6236111111111112 0.44765625 0.7333333333333333 0.49765625 0.7333333333333333
3 0.55 0.5694444444444446 0.50625 0.5694444444444446 0.50625 0.640277777777778 0.55 0.640277777777778
3 0.6421875 0.5305555555555557 0.6109375 0.5305555555555557 0.6109375 0.6250000000000001 0.6421875 0.6250000000000001
3 0.6796875 0.5833333333333335 0.6453125 0.5833333333333335 0.6453125 0.6777777777777779 0.6796875 0.6777777777777779
3 0.73125 0.6472222222222224 0.6921875 0.6472222222222224 0.6921875 0.7777777777777779 0.73125 0.7777777777777781
3 0.7375 0.5819444444444446 0.703125 0.5819444444444446 0.703125 0.6666666666666669 0.7375 0.6666666666666669
3 0.771875 0.6486111111111112 0.74140625 0.6486111111111112 0.74140625 0.7430555555555559 0.771875 0.7430555555555559
3 0.79375 0.7472222222222226 0.75703125 0.7472222222222226 0.75703125 0.8875000000000003 0.79375 0.8875000000000003
3 0.865625 0.690277777777778 0.8203125 0.690277777777778 0.8203125 0.8194444444444448 0.865625 0.8194444444444448
3 0.8234375 0.602777777777778 0.79375 0.602777777777778 0.79375 0.7083333333333335 0.8234375 0.7083333333333335
3 0.90390625 0.6430555555555557 0.8671875 0.6430555555555557 0.8671875 0.7333333333333336 0.90390625 0.7333333333333336
3 0.89921875 0.5569444444444446 0.86171875 0.5569444444444446 0.86171875 0.6458333333333335 0.89921875 0.6458333333333335
3 0.85546875 0.4833333333333335 0.81953125 0.4833333333333335 0.81953125 0.5694444444444446 0.85546875 0.5694444444444446
3 0.771875 0.47916666666666685 0.74296875 0.47916666666666685 0.74296875 0.5666666666666669 0.771875 0.5666666666666669
3 0.73828125 0.4583333333333335 0.6984375 0.4583333333333335 0.6984375 0.5472222222222224 0.73828125 0.5472222222222224
3 0.6875 0.4347222222222224 0.66171875 0.4347222222222224 0.66171875 0.4972222222222224 0.6875 0.4972222222222224
3 0.72109375 0.41388888888888903 0.70078125 0.41388888888888903 0.70078125 0.4833333333333335 0.72109375 0.4833333333333335
3 0.7359375 0.3805555555555557 0.71171875 0.3805555555555557 0.71171875 0.44583333333333347 0.7359375 0.44583333333333347
3 0.81171875 0.41805555555555574 0.77890625 0.41805555555555574 0.77890625 0.47916666666666685 0.81171875 0.47916666666666685
3 0.84765625 0.4319444444444446 0.815625 0.4319444444444446 0.815625 0.5041666666666669 0.84765625 0.5041666666666669
3 0.49453125 0.7944444444444444 0.4203125 0.7944444444444444 0.4203125 0.9458333333333333 0.49453125 0.9458333333333333
3 0.58984375 0.8069444444444445 0.51796875 0.8069444444444445 0.51796875 0.9416666666666667 0.58984375 0.9416666666666667