3 0.73125 0.35000000000000014 0.7109375 0.35000000000000014 0.7109375 0.44027777777777793 0.73125 0.44027777777777793
3 0.26640625 0.3291666666666667 0.24375 0.3291666666666667 0.24375 0.4236111111111111 0.26640625 0.4236111111111111
3 0.56953125 0.3930555555555557 0.54609375 0.3930555555555557 0.54609375 0.4958333333333335 0.56953125 0.4958333333333335
3 0.12734375000000003 0.5180555555555556 0.08437500000000005 0.5180555555555556 0.08437500000000005 0.6805555555555556 0.12734375000000003 0.6805555555555556
3 0.353125 0.23194444444444454 0.3375 0.23194444444444454 0.3375 0.3000000000000001 0.353125 0.3000000000000001
3 0.3890625 0.2361111111111112 0.37890625 0.2361111111111112 0.37890625 0.26944444444444454 0.3890625 0.26944444444444454
3 0.31484375 0.33888888888888896 0.30078125 0.33888888888888896 0.30078125 0.4236111111111111 0.31484375 0.4236111111111111
3 0.4015625 0.24444444444444452 0.38359375 0.24444444444444452 0.38359375 0.30277777777777787 0.4015625 0.30277777777777787
3 0.33046875 0.2750000000000001 0.31328125 0.2750000000000001 0.31328125 0.3486111111111112 0.33046875 0.3486111111111112
8 0.428125 0.3152777777777779 0.315625 0.3152777777777779 0.315625 0.5791666666666667 0.428125 0.5791666666666668
8 0.5515625 0.11388888888888901 0.5140625 0.11388888888888901 0.5140625 0.201388888888889 0.5515625 0.20138888888888903
8 0.48046875 0.1472222222222223 0.4484375 0.1472222222222223 0.4484375 0.21527777777777785 0.48046875 0.21527777777777785
3 0.3015625 0.31666666666666676 0.28671875 0.31666666666666676 0.28671875 0.39444444444444443 0.3015625 0.39444444444444443