3 0.35625000000000007 0.6347222222222222 0.31953125 0.6347222222222222 0.31953125000000004 0.825 0.35625000000000007 0.825
3 0.18906250000000005 0.5666666666666667 0.15625000000000006 0.5666666666666667 0.15625000000000006 0.7277777777777777 0.18906250000000005 0.7277777777777777
3 0.34375 0.47638888888888886 0.3140625 0.47638888888888886 0.3140625 0.6236111111111111 0.34375 0.6236111111111111
3 0.5890625 0.2763888888888891 0.5734375 0.2763888888888891 0.5734375 0.3527777777777779 0.5890625 0.3527777777777779
3 0.28984375 0.3680555555555556 0.265625 0.3680555555555556 0.265625 0.4736111111111111 0.28984375 0.4736111111111111
3 0.9796875 0.7277777777777781 0.928125 0.7277777777777781 0.928125 0.8916666666666669 0.9796875 0.8916666666666669
3 0.2351562500000001 0.8388888888888889 0.18046875000000004 0.8388888888888889 0.18046875000000007 1 0.2351562500000001 1
3 0.390625 0.4291666666666668 0.36640625 0.4291666666666668 0.36640625 0.5597222222222223 0.390625 0.5597222222222223
3 0.778125 0.5111111111111113 0.73984375 0.5111111111111113 0.73984375 0.6444444444444446 0.778125 0.6444444444444446
3 0.2671875 0.6430555555555556 0.228125 0.6430555555555556 0.22812500000000005 0.8208333333333333 0.2671875000000001 0.8208333333333333
3 0.884375 0.6680555555555557 0.83671875 0.6680555555555557 0.83671875 0.8194444444444448 0.884375 0.8194444444444448
3 0.83828125 0.40000000000000013 0.7921875 0.40000000000000013 0.7921875 0.501388888888889 0.83828125 0.501388888888889
3 0.94765625 0.6291666666666669 0.9015625 0.6291666666666669 0.9015625 0.7666666666666669 0.94765625 0.7666666666666669
3 0.78125 0.42500000000000016 0.75234375 0.42500000000000016 0.75234375 0.5250000000000001 0.78125 0.5250000000000001
3 0.36640625 0.3597222222222223 0.34453125 0.3597222222222222 0.34453125 0.46666666666666673 0.36640625 0.46666666666666684
3 0.33359375 0.41805555555555557 0.31015625 0.41805555555555557 0.31015625 0.5055555555555555 0.33359375 0.5055555555555555
3 0.7109375 0.47638888888888903 0.68046875 0.47638888888888903 0.68046875 0.5916666666666668 0.7109375 0.5916666666666668
3 0.18828125000000004 0.4444444444444444 0.15625000000000006 0.4444444444444444 0.15625000000000006 0.5638888888888889 0.18828125000000004 0.5638888888888889
3 0.21796875 0.37916666666666665 0.18906250000000005 0.37916666666666665 0.18906250000000005 0.4875 0.21796875 0.4875
3 0.40390625 0.3222222222222223 0.38125 0.3222222222222223 0.38125 0.41250000000000014 0.40390625 0.41250000000000014
3 0.28203125000000007 0.49722222222222223 0.25078125 0.49722222222222223 0.25078125000000007 0.6583333333333333 0.28203125000000007 0.6583333333333333
3 0.875 0.5444444444444446 0.83828125 0.5444444444444446 0.83828125 0.6666666666666669 0.875 0.6666666666666669
3 0.671875 0.33472222222222237 0.65078125 0.33472222222222237 0.65078125 0.4222222222222224 0.671875 0.4222222222222224
3 0.18906250000000005 0.7305555555555555 0.12890625000000006 0.7305555555555555 0.12890625000000006 0.9194444444444444 0.18906250000000005 0.9194444444444444
3 0.75078125 0.45972222222222237 0.7203125 0.45972222222222237 0.7203125 0.5736111111111113 0.75078125 0.5736111111111113
3 0.74296875 0.41250000000000014 0.7125 0.41250000000000014 0.7125 0.4986111111111113 0.74296875 0.4986111111111113
3 0.725 0.39027777777777795 0.70078125 0.39027777777777795 0.70078125 0.45416666666666683 0.725 0.45416666666666683
3 0.6140625 0.2625000000000002 0.59921875 0.2625000000000002 0.59921875 0.33750000000000013 0.6140625 0.33750000000000013
3 0.58125 0.18888888888888905 0.5671875 0.18888888888888905 0.5671875 0.24166666666666684 0.58125 0.24166666666666684
3 0.6546875 0.28750000000000014 0.6375 0.28750000000000014 0.6375 0.3666666666666668 0.6546875 0.3666666666666668
3 0.34921875 0.23333333333333342 0.32734375 0.23333333333333342 0.32734375 0.30416666666666675 0.34921875 0.30416666666666675
8 0.35546875 0.30277777777777787 0.309375 0.30277777777777787 0.309375 0.4083333333333333 0.35546875 0.4083333333333333
8 0.45859375 0.2347222222222223 0.42265625 0.2347222222222223 0.42265625 0.31250000000000006 0.45859375 0.31250000000000006
8 0.7015625 0.4097222222222224 0.62734375 0.4097222222222224 0.62734375 0.5083333333333335 0.7015625 0.5083333333333335
14 0.40078125 0.2111111111111112 0.35859375 0.2111111111111112 0.35859375 0.30416666666666675 0.40078125 0.30416666666666675
8 0.6265625 0.3458333333333335 0.54609375 0.3458333333333335 0.54609375 0.5277777777777779 0.6265625 0.5277777777777779
8 0.47734375 0.34027777777777785 0.396875 0.34027777777777785 0.396875 0.6180555555555557 0.47734375 0.6180555555555557
8 0.99765625 0.8847222222222225 0.821875 0.8847222222222225 0.821875 1.0000000000000002 0.99765625 1.0000000000000002
3 0.7171875 0.34861111111111126 0.690625 0.34861111111111126 0.690625 0.4208333333333335 0.7171875 0.4208333333333335