8 0.778125 0.5527777777777779 0.64140625 0.5527777777777779 0.64140625 0.7361111111111113 0.778125 0.7361111111111114
8 0.6609375 0.3805555555555557 0.5984375 0.3805555555555557 0.5984375 0.47361111111111126 0.6609375 0.47361111111111126
8 0.56640625 0.33055555555555566 0.50859375 0.33055555555555566 0.50859375 0.43888888888888905 0.56640625 0.43888888888888905
8 0.61328125 0.28611111111111126 0.56875 0.28611111111111126 0.56875 0.3652777777777779 0.61328125 0.3652777777777779
14 0.6359375 0.2347222222222224 0.59140625 0.2347222222222224 0.59140625 0.3111111111111113 0.6359375 0.3111111111111113
3 0.70703125 0.2555555555555557 0.69296875 0.2555555555555557 0.69296875 0.3097222222222224 0.70703125 0.3097222222222224
8 0.56640625 0.19305555555555567 0.4984375 0.19305555555555565 0.4984375 0.24583333333333346 0.56640625 0.2458333333333335
3 0.428125 0.21250000000000008 0.39921875 0.21250000000000008 0.39921875 0.25694444444444453 0.428125 0.25694444444444453
3 0.46875 0.1972222222222223 0.44609375 0.1972222222222223 0.44609375 0.24027777777777787 0.46875 0.24027777777777787
8 0.40390625 0.15000000000000008 0.275 0.15000000000000008 0.275 0.251388888888889 0.40390625 0.251388888888889
3 0.12578125000000004 0.35694444444444445 0.09687500000000002 0.35694444444444445 0.09687500000000002 0.4375 0.12578125000000004 0.4375
8 0.27421875 0.18055555555555564 0.2234375 0.18055555555555564 0.2234375 0.23333333333333342 0.27421875 0.23333333333333342