3 0.55234375 0.7888888888888889 0.50078125 0.7888888888888889 0.50078125 0.9180555555555555 0.55234375 0.9180555555555555
3 0.7046875 0.3805555555555557 0.68125 0.3805555555555557 0.68125 0.43750000000000017 0.7046875 0.43750000000000017
3 0.4140625 0.7402777777777778 0.35625000000000007 0.7402777777777778 0.35625000000000007 0.8805555555555555 0.4140625 0.8805555555555555
3 0.496875 0.7444444444444445 0.44453125 0.7444444444444445 0.44453125 0.8736111111111111 0.496875 0.8736111111111111
3 0.8046875 0.4222222222222224 0.78125 0.4222222222222224 0.78125 0.4819444444444446 0.8046875 0.4819444444444446
3 0.23437500000000008 0.7777777777777778 0.16015625000000006 0.7777777777777778 0.16015625000000006 0.9319444444444445 0.23437500000000008 0.9319444444444445
3 0.64375 0.5180555555555557 0.6125 0.5180555555555557 0.6125 0.6041666666666669 0.64375 0.6041666666666669
3 0.66484375 0.6666666666666669 0.62265625 0.6666666666666669 0.62265625 0.7833333333333333 0.66484375 0.7833333333333333
3 0.7796875 0.4430555555555557 0.75546875 0.4430555555555557 0.75546875 0.5097222222222224 0.7796875 0.5097222222222224
3 0.59453125 0.702777777777778 0.553125 0.702777777777778 0.553125 0.8138888888888889 0.59453125 0.8138888888888889
3 0.68828125 0.4694444444444446 0.65859375 0.4694444444444446 0.65859375 0.5472222222222224 0.68828125 0.5472222222222224
3 0.73125 0.3791666666666668 0.7109375 0.3791666666666668 0.7109375 0.4319444444444446 0.73125 0.4319444444444446
3 0.809375 0.8444444444444448 0.76328125 0.8444444444444448 0.76328125 0.9694444444444448 0.809375 0.9694444444444448
3 0.72421875 0.5472222222222224 0.6921875 0.5472222222222224 0.6921875 0.6333333333333335 0.72421875 0.6333333333333335
3 0.75625 0.4555555555555557 0.73046875 0.4555555555555557 0.73046875 0.5236111111111112 0.75625 0.5236111111111112
3 0.60546875 0.5541666666666668 0.56875 0.5541666666666668 0.56875 0.6555555555555557 0.60546875 0.6555555555555557
3 0.86796875 0.45972222222222237 0.840625 0.45972222222222237 0.840625 0.5305555555555557 0.86796875 0.5305555555555557
3 0.49765625 0.6208333333333335 0.4578125 0.6208333333333335 0.4578125 0.7222222222222222 0.49765625 0.7222222222222222
3 0.8296875 0.676388888888889 0.7875 0.676388888888889 0.7875 0.7750000000000004 0.8296875 0.7750000000000004
3 0.53046875 0.6500000000000001 0.4875 0.6500000000000001 0.4875 0.7569444444444444 0.53046875 0.7569444444444444
3 0.73359375 0.4972222222222224 0.70625 0.4972222222222224 0.70625 0.565277777777778 0.73359375 0.565277777777778
3 0.78984375 0.5180555555555557 0.76015625 0.5180555555555557 0.76015625 0.6000000000000002 0.78984375 0.6000000000000002
3 0.765625 0.5708333333333335 0.7296875 0.5708333333333335 0.7296875 0.665277777777778 0.765625 0.665277777777778
3 0.7515625 0.41111111111111126 0.73046875 0.41111111111111126 0.73046875 0.4638888888888891 0.7515625 0.4638888888888891
3 0.81484375 0.48888888888888904 0.78984375 0.48888888888888904 0.78984375 0.5583333333333335 0.81484375 0.5583333333333335
3 0.83359375 0.5222222222222224 0.80859375 0.5222222222222224 0.80859375 0.6055555555555557 0.83359375 0.6055555555555557
3 0.65546875 0.45972222222222237 0.6296875 0.45972222222222237 0.6296875 0.5291666666666668 0.65546875 0.5291666666666668
3 0.86171875 0.5694444444444446 0.821875 0.5694444444444446 0.821875 0.6694444444444446 0.86171875 0.6694444444444446
3 0.725 0.4444444444444446 0.69921875 0.4444444444444446 0.69921875 0.5055555555555558 0.725 0.5055555555555558
3 0.98125 0.7722222222222226 0.93515625 0.7722222222222226 0.93515625 0.9638888888888892 0.98125 0.9638888888888892
3 0.825 0.4722222222222224 0.81171875 0.4722222222222224 0.81171875 0.5194444444444446 0.825 0.5194444444444446
3 0.815625 0.7625000000000003 0.78203125 0.7625000000000003 0.78203125 0.854166666666667 0.815625 0.854166666666667
3 0.84765625 0.42361111111111127 0.82734375 0.42361111111111127 0.82734375 0.47916666666666685 0.84765625 0.47916666666666685
3 0.75234375 0.3722222222222224 0.734375 0.3722222222222224 0.734375 0.4194444444444446 0.75234375 0.4194444444444446
3 0.7796875 0.4069444444444446 0.759375 0.4069444444444446 0.759375 0.45972222222222237 0.7796875 0.45972222222222237
3 0.6609375 0.4347222222222224 0.6390625 0.4347222222222224 0.6390625 0.4902777777777779 0.6609375 0.4902777777777779
3 0.80859375 0.3666666666666668 0.7890625 0.3666666666666668 0.7890625 0.41805555555555574 0.80859375 0.41805555555555574
8 0.14375000000000004 0.7375 0.0015625000000000506 0.7375 0.0015625000000000565 0.9111111111111111 0.14375000000000004 0.9111111111111111
8 0.43515625 0.5569444444444446 0.33828125 0.5569444444444445 0.33828125000000003 0.6694444444444445 0.43515625 0.6694444444444446
8 0.6609375 0.3527777777777779 0.62578125 0.3527777777777779 0.62578125 0.40416666666666684 0.6609375 0.40416666666666684
8 0.6234375 0.32916666666666683 0.58671875 0.32916666666666683 0.58671875 0.3805555555555557 0.6234375 0.3805555555555557
8 0.62890625 0.3791666666666668 0.58125 0.3791666666666668 0.58125 0.4444444444444446 0.62890625 0.4444444444444446
8 0.58828125 0.4222222222222224 0.52265625 0.4222222222222224 0.52265625 0.5097222222222224 0.58828125 0.5097222222222224
8 0.68203125 0.3166666666666668 0.65390625 0.3166666666666668 0.65390625 0.3583333333333335 0.68203125 0.3583333333333335
8 0.71328125 0.3027777777777779 0.6828125 0.3027777777777779 0.6828125 0.34861111111111126 0.71328125 0.34861111111111126
3 0.84453125 0.38472222222222235 0.8296875 0.38472222222222235 0.8296875 0.4347222222222224 0.84453125 0.4347222222222224
3 0.81875 0.36388888888888904 0.8078125 0.36388888888888904 0.8078125 0.4097222222222224 0.81875 0.4097222222222224
3 0.82890625 0.4347222222222224 0.8140625 0.4347222222222224 0.8140625 0.4847222222222224 0.82890625 0.4847222222222224