8 0.74453125 0.40000000000000013 0.52890625 0.40000000000000013 0.52890625 0.877777777777778 0.74453125 0.8777777777777781
3 0.36953125000000003 0.6305555555555556 0.32265625 0.6305555555555555 0.32265625000000003 0.8638888888888889 0.3695312500000001 0.8638888888888889
3 0.2515625 0.5166666666666667 0.20078125 0.5166666666666667 0.20078125000000005 0.6833333333333333 0.2515625000000001 0.6833333333333333
3 0.18281250000000004 0.4486111111111111 0.13984375000000004 0.4486111111111111 0.13984375000000004 0.5638888888888889 0.18281250000000004 0.5638888888888889
3 0.24140625 0.38055555555555554 0.20546875 0.38055555555555554 0.20546875 0.4861111111111111 0.24140625 0.4861111111111111
3 0.303125 0.3361111111111112 0.275 0.3361111111111112 0.275 0.4222222222222222 0.303125 0.4222222222222222
3 0.36484375 0.3069444444444445 0.33203125 0.3069444444444445 0.33203125 0.426388888888889 0.36484375 0.42638888888888904
3 0.42421875 0.3819444444444446 0.39453125 0.3819444444444446 0.39453125 0.48750000000000016 0.42421875 0.48750000000000016
3 0.45 0.2986111111111112 0.4234375 0.2986111111111112 0.4234375 0.3930555555555557 0.45 0.3930555555555557
3 0.36328125 0.24305555555555564 0.346875 0.24305555555555564 0.346875 0.3069444444444445 0.36328125 0.3069444444444445
3 0.384375 0.26527777777777783 0.36484375 0.26527777777777783 0.36484375 0.3291666666666667 0.384375 0.3291666666666667
3 0.11015625000000004 0.3541666666666667 0.046093750000000024 0.3541666666666667 0.04609375000000003 0.42777777777777776 0.11015625000000004 0.42777777777777776
3 0.321875 0.26250000000000007 0.2875 0.26250000000000007 0.2875 0.351388888888889 0.321875 0.351388888888889