8 0.65390625 0.25833333333333347 0.6109375 0.25833333333333347 0.6109375 0.31527777777777793 0.65390625 0.31527777777777793
8 0.43203125 0.20555555555555563 0.384375 0.20555555555555563 0.384375 0.2472222222222223 0.43203125 0.2472222222222223
8 0.178125 0.20555555555555555 0.128125 0.20555555555555555 0.128125 0.24722222222222223 0.178125 0.24722222222222223
8 0.30625 0.2458333333333334 0.26796875 0.2458333333333334 0.26796875 0.3000000000000001 0.30625 0.3000000000000001
8 0.584375 0.23333333333333345 0.5046875 0.23333333333333342 0.5046875 0.4083333333333335 0.584375 0.4083333333333335
3 0.14375 0.24861111111111112 0.12890625 0.24861111111111112 0.12890625 0.2972222222222222 0.14375 0.2972222222222222
3 0.48359375 0.21805555555555564 0.46171875 0.21805555555555564 0.46171875 0.2527777777777779 0.48359375 0.2527777777777779
8 0.76015625 0.3277777777777779 0.5171875 0.32777777777777783 0.5171875 0.8916666666666668 0.76015625 0.8916666666666669
8 0.6015625 0.16805555555555568 0.525 0.16805555555555568 0.525 0.2625000000000001 0.6015625 0.2625000000000002
8 0.4015625 0.19583333333333341 0.3 0.19583333333333341 0.3 0.438888888888889 0.4015625 0.43888888888888905
14 0.1765625 0.2875 1.9804834954961103e-17 0.2875 3.702643056797076e-17 0.7875 0.17656250000000004 0.7875