8 0.3859375 0.2944444444444445 0.30625 0.2944444444444445 0.30625 0.46666666666666673 0.3859375 0.46666666666666684
8 0.578125 0.19722222222222235 0.51015625 0.1972222222222223 0.51015625 0.3694444444444446 0.578125 0.3694444444444446
8 0.61875 0.1833333333333335 0.55078125 0.1833333333333335 0.55078125 0.2833333333333335 0.61875 0.2833333333333335
8 0.45390625 0.17916666666666675 0.39375 0.17916666666666675 0.39375 0.2486111111111112 0.45390625 0.2486111111111112
8 0.234375 0.1569444444444445 0.1421875 0.1569444444444445 0.1421875 0.2291666666666667 0.234375 0.22916666666666674
3 0.81953125 0.4152777777777779 0.79765625 0.4152777777777779 0.79765625 0.5180555555555557 0.81953125 0.5180555555555557
3 0.75859375 0.3597222222222224 0.7296875 0.3597222222222224 0.7296875 0.44722222222222235 0.75859375 0.44722222222222235
3 0.71484375 0.30000000000000016 0.6984375 0.30000000000000016 0.6984375 0.36388888888888904 0.71484375 0.36388888888888904
3 0.14218750000000005 0.42916666666666664 0.10859375000000004 0.42916666666666664 0.10859375000000004 0.5583333333333333 0.14218750000000005 0.5583333333333333
3 0.14218750000000005 0.3611111111111111 0.11640625000000004 0.3611111111111111 0.11640625000000004 0.43333333333333335 0.14218750000000005 0.43333333333333335
3 0.1921875 0.2833333333333334 0.17421875 0.2833333333333333 0.17421875000000003 0.34166666666666673 0.19218750000000004 0.34166666666666673
3 0.17265625 0.2513888888888889 0.15703125 0.2513888888888889 0.15703125 0.2902777777777778 0.17265625 0.2902777777777778
14 0.76640625 0.48888888888888904 0.66875 0.48888888888888904 0.66875 0.6583333333333334 0.76640625 0.6583333333333334