3 0.9015625 0.5000000000000001 0.85 0.5000000000000001 0.85 0.6500000000000001 0.9015625 0.6500000000000001
14 0.6375 0.2125000000000001 0.51328125 0.21250000000000008 0.51328125 0.4972222222222224 0.6375 0.4972222222222224
3 0.3453125 0.2930555555555556 0.3140625 0.2930555555555556 0.3140625 0.3902777777777778 0.3453125 0.3902777777777778
3 0.36640625 0.3222222222222223 0.34375 0.3222222222222223 0.34375 0.38750000000000007 0.36640625 0.3875000000000002
3 0.4328125 0.26527777777777783 0.41640625 0.26527777777777783 0.41640625 0.32638888888888895 0.4328125 0.32638888888888895
3 0.271875 0.2930555555555556 0.25 0.2930555555555556 0.25 0.37083333333333335 0.271875 0.37083333333333335
3 0.29609375 0.33194444444444454 0.26328125 0.33194444444444454 0.26328125 0.4222222222222222 0.29609375 0.4222222222222222
3 0.10937500000000004 0.35 0.043750000000000025 0.35 0.043750000000000025 0.4361111111111111 0.10937500000000004 0.4361111111111111
3 0.36328125 0.22361111111111118 0.34609375 0.22361111111111118 0.34609375 0.2875000000000001 0.36328125 0.2875000000000001
3 0.40078125 0.22916666666666674 0.378125 0.22916666666666674 0.378125 0.2986111111111112 0.40078125 0.2986111111111112
3 0.3625 0.2611111111111112 0.3453125 0.2611111111111112 0.3453125 0.3208333333333334 0.3625 0.3208333333333334
8 0.415625 0.39305555555555566 2.7076175324898514e-17 0.39305555555555555 4.793344112287687e-17 0.9986111111111111 0.415625 0.9986111111111111
3 0.66328125 0.19444444444444461 0.646875 0.19444444444444461 0.646875 0.25972222222222235 0.66328125 0.25972222222222235
3 0.61015625 0.18611111111111128 0.5921875 0.18611111111111128 0.5921875 0.24722222222222237 0.61015625 0.24722222222222237
3 0.41796875 0.18888888888888897 0.40078125 0.18888888888888897 0.40078125 0.24166666666666675 0.41796875 0.24166666666666675
3 0.4109375 0.2458333333333334 0.39609375 0.2458333333333334 0.39609375 0.3083333333333334 0.4109375 0.3083333333333334