3 0.496875 0.46250000000000013 0.46953125 0.46250000000000013 0.46953125 0.5750000000000002 0.496875 0.5750000000000002
3 0.5890625 0.640277777777778 0.55234375 0.640277777777778 0.55234375 0.8069444444444445 0.5890625 0.8069444444444445
3 0.384375 0.33194444444444454 0.36484375 0.33194444444444454 0.36484375 0.4152777777777779 0.384375 0.4152777777777779
3 0.40859375 0.2819444444444445 0.39296875 0.2819444444444445 0.39296875 0.34166666666666673 0.40859375 0.34166666666666673
3 0.50546875 0.3666666666666668 0.484375 0.3666666666666668 0.484375 0.45416666666666683 0.50546875 0.45416666666666683
3 0.5546875 0.35000000000000014 0.5359375 0.3500000000000001 0.5359375 0.43750000000000017 0.5546875 0.43750000000000017
3 0.4953125 0.2958333333333334 0.4796875 0.2958333333333334 0.4796875 0.3583333333333335 0.4953125 0.3583333333333335
3 0.5203125 0.30555555555555564 0.50703125 0.30555555555555564 0.50703125 0.3652777777777779 0.5203125 0.3652777777777779
3 0.5375 0.27916666666666673 0.5234375 0.27916666666666673 0.5234375 0.34583333333333344 0.5375 0.34583333333333344
8 0.51015625 0.23750000000000007 0.4734375 0.23750000000000007 0.4734375 0.30555555555555564 0.51015625 0.30555555555555564
8 0.5140625 0.20416666666666675 0.48828125 0.20416666666666675 0.48828125 0.24305555555555564 0.5140625 0.24305555555555564