3 0.15078125000000003 0.36944444444444446 0.12187500000000004 0.36944444444444446 0.12187500000000004 0.4708333333333333 0.15078125000000003 0.4708333333333333
3 0.19843750000000002 0.28750000000000003 0.18125 0.2875 0.18125000000000002 0.3611111111111111 0.19843750000000004 0.3611111111111111
3 0.7671875 0.3652777777777779 0.74140625 0.3652777777777779 0.74140625 0.45277777777777795 0.7671875 0.45277777777777795
3 0.8515625 0.4680555555555557 0.815625 0.4680555555555557 0.815625 0.5694444444444446 0.8515625 0.5694444444444446
3 0.8828125 0.4444444444444446 0.85390625 0.4444444444444446 0.85390625 0.5472222222222224 0.8828125 0.5472222222222224
8 1 0.3388888888888891 0.5 0.33888888888888896 0.5 1.0000000000000002 1 1.0000000000000002
14 0.77578125 0.4319444444444446 0.6453125 0.4319444444444446 0.6453125 0.5194444444444446 0.77578125 0.5194444444444446
8 0.6390625 0.2611111111111113 0.58828125 0.2611111111111113 0.58828125 0.3527777777777779 0.6390625 0.3527777777777779
14 0.5765625 0.23611111111111122 0.52265625 0.2361111111111112 0.52265625 0.32222222222222235 0.5765625 0.32222222222222235
8 0.55 0.17638888888888898 0.4484375 0.17638888888888896 0.4484375 0.24583333333333346 0.55 0.2458333333333335
14 0.71484375 0.18750000000000017 0.62578125 0.18750000000000017 0.62578125 0.2847222222222224 0.71484375 0.2847222222222224