3 0.834375 0.5180555555555557 0.76796875 0.5180555555555557 0.76796875 0.6347222222222224 0.834375 0.6347222222222224
3 0.31093750000000003 0.525 0.228125 0.525 0.22812500000000005 0.6527777777777778 0.3109375000000001 0.6527777777777778
3 0.42109375 0.49027777777777787 0.35390625 0.49027777777777776 0.35390625 0.601388888888889 0.42109375 0.6013888888888891
3 0.56015625 0.28194444444444455 0.540625 0.2819444444444445 0.540625 0.3736111111111113 0.56015625 0.3736111111111113
3 0.5578125 0.5472222222222224 0.48125 0.5472222222222224 0.48125 0.6805555555555557 0.5578125 0.6805555555555557
3 0.659375 0.577777777777778 0.58359375 0.577777777777778 0.58359375 0.7125 0.659375 0.7125
3 0.246875 0.37222222222222223 0.19687500000000005 0.37222222222222223 0.19687500000000005 0.4791666666666667 0.246875 0.4791666666666667
3 0.7609375 0.5361111111111113 0.70078125 0.5361111111111113 0.70078125 0.6625000000000002 0.7609375 0.6625000000000002
3 0.6875 0.25972222222222235 0.65859375 0.25972222222222235 0.65859375 0.33611111111111125 0.6875 0.33611111111111125
3 0.6015625 0.3791666666666668 0.54765625 0.3791666666666668 0.54765625 0.47638888888888903 0.6015625 0.47638888888888903
3 0.640625 0.47916666666666685 0.5828125 0.47916666666666685 0.5828125 0.588888888888889 0.640625 0.588888888888889
3 0.8765625 0.47916666666666685 0.81640625 0.47916666666666685 0.81640625 0.5930555555555557 0.8765625 0.5930555555555557
3 0.409375 0.4069444444444445 0.34765625 0.40694444444444444 0.34765625 0.49305555555555564 0.409375 0.4930555555555557
3 0.7765625 0.37638888888888905 0.7296875 0.37638888888888905 0.7296875 0.4777777777777779 0.7765625 0.4777777777777779
3 0.42578125 0.25000000000000006 0.41015625 0.25000000000000006 0.41015625 0.3208333333333334 0.42578125 0.3208333333333334
3 0.54453125 0.39027777777777795 0.49296875 0.39027777777777795 0.49296875 0.4833333333333335 0.54453125 0.4833333333333335
3 0.13359375000000004 0.5319444444444444 0.06250000000000004 0.5319444444444444 0.06250000000000004 0.6402777777777777 0.13359375000000004 0.6402777777777777
3 0.5203125 0.2722222222222223 0.49609375 0.2722222222222223 0.49609375 0.34583333333333344 0.5203125 0.34583333333333344
3 0.52265625 0.4055555555555557 0.465625 0.4055555555555557 0.465625 0.5000000000000001 0.52265625 0.5000000000000001
3 0.3578125 0.2611111111111112 0.3359375 0.2611111111111112 0.3359375 0.3291666666666667 0.3578125 0.3291666666666667
3 0.10859375000000004 0.40555555555555556 0.048437500000000036 0.40555555555555556 0.048437500000000036 0.49166666666666664 0.10859375000000004 0.49166666666666664
3 0.29453125 0.3625 0.25546875 0.3625 0.25546875 0.4513888888888889 0.29453125 0.4513888888888889
3 0.60546875 0.5069444444444446 0.55390625 0.5069444444444446 0.55390625 0.6166666666666668 0.60546875 0.6166666666666668
3 0.471875 0.3944444444444446 0.425 0.3944444444444446 0.425 0.4722222222222224 0.471875 0.4722222222222224
3 0.54609375 0.226388888888889 0.52734375 0.22638888888888897 0.52734375 0.2930555555555557 0.54609375 0.29305555555555574
3 0.315625 0.2597222222222223 0.29609375 0.2597222222222223 0.29609375 0.33055555555555566 0.315625 0.33055555555555566
3 0.97890625 0.45277777777777795 0.90234375 0.45277777777777795 0.90234375 0.5597222222222223 0.97890625 0.5597222222222223
3 0.19296875000000005 0.4 0.14296875000000003 0.4 0.14296875000000003 0.5 0.19296875000000005 0.5
3 0.17890625000000004 0.36666666666666664 0.12421875000000004 0.36666666666666664 0.12421875000000004 0.45555555555555555 0.17890625000000004 0.45555555555555555
3 0.58046875 0.17361111111111122 0.5640625 0.17361111111111122 0.5640625 0.2208333333333335 0.58046875 0.2208333333333335
8 0.209375 0.4736111111111111 0.06328125000000002 0.4736111111111111 0.06328125000000004 0.5916666666666667 0.209375 0.5916666666666667
8 0.634375 0.25138888888888905 0.59140625 0.25138888888888905 0.59140625 0.3166666666666668 0.634375 0.3166666666666668
8 0.3984375 0.3597222222222223 0.27890625 0.3597222222222222 0.27890625 0.4583333333333334 0.3984375 0.4583333333333335
8 0.484375 0.19861111111111118 0.4421875 0.19861111111111118 0.4421875 0.3152777777777779 0.484375 0.3152777777777779