3 0.31171875000000004 0.5083333333333333 0.26484375 0.5083333333333333 0.26484375000000004 0.6680555555555555 0.3117187500000001 0.6680555555555555
3 0.17343750000000005 0.5777777777777777 0.11171875000000005 0.5777777777777777 0.11171875000000005 0.7680555555555556 0.17343750000000005 0.7680555555555556
3 0.23281250000000003 0.5791666666666667 0.18125000000000005 0.5791666666666667 0.18125000000000005 0.725 0.2328125000000001 0.725
3 0.08828125000000005 0.6097222222222223 0.014843750000000044 0.6097222222222223 0.01484375000000005 0.7680555555555556 0.08828125000000005 0.7680555555555556
3 0.11250000000000004 0.3597222222222222 0.04921875000000002 0.3597222222222222 0.049218750000000026 0.43472222222222223 0.11250000000000004 0.43472222222222223
3 0.12265625000000002 0.30833333333333335 0.09375000000000003 0.30833333333333335 0.09375000000000003 0.39444444444444443 0.12265625000000005 0.39444444444444443
8 0.4671875 0.35277777777777786 0.378125 0.35277777777777786 0.378125 0.5194444444444446 0.4671875 0.5194444444444446
8 0.6140625 0.3041666666666668 0.5578125 0.3041666666666668 0.5578125 0.39861111111111125 0.6140625 0.39861111111111125
14 0.64609375 0.16111111111111126 0.56484375 0.16111111111111123 0.56484375 0.30138888888888904 0.64609375 0.30138888888888904
8 0.81875 0.7861111111111113 0.63359375 0.7861111111111111 0.63359375 0.9986111111111112 0.81875 0.9986111111111114
8 0.475 0.24305555555555564 0.4140625 0.24305555555555564 0.4140625 0.35277777777777786 0.475 0.35277777777777786
3 0.303125 0.3430555555555556 0.2765625 0.3430555555555556 0.2765625 0.4166666666666667 0.303125 0.4166666666666667
3 0.2734375 0.4 0.2328125 0.4 0.2328125 0.5319444444444444 0.2734375 0.5319444444444444
3 0.309375 0.4 0.271875 0.4 0.271875 0.4986111111111111 0.309375 0.4986111111111111
3 0.3625 0.4791666666666667 0.31484375 0.4791666666666667 0.31484375 0.5833333333333334 0.3625 0.5833333333333334
3 0.36640625 0.3472222222222223 0.325 0.3472222222222223 0.325 0.4625000000000001 0.36640625 0.46250000000000013
3 0.34140625 0.3347222222222223 0.31015625 0.3347222222222223 0.31015625 0.44583333333333336 0.34140625 0.44583333333333336
3 0.33203125 0.2861111111111112 0.30859375 0.2861111111111112 0.30859375 0.34166666666666673 0.33203125 0.34166666666666673
3 0.3640625 0.23750000000000007 0.34453125 0.23750000000000007 0.34453125 0.31944444444444453 0.3640625 0.31944444444444453
3 0.38515625 0.22638888888888897 0.3671875 0.22638888888888897 0.3671875 0.2972222222222223 0.38515625 0.2972222222222223
3 0.40078125 0.2458333333333334 0.38515625 0.2458333333333334 0.38515625 0.31250000000000006 0.40078125 0.31250000000000006
3 0.43125 0.2250000000000001 0.41640625 0.2250000000000001 0.41640625 0.2819444444444445 0.43125 0.2819444444444445
3 0.3078125 0.27777777777777785 0.28828125 0.27777777777777785 0.28828125 0.34583333333333344 0.3078125 0.34583333333333344
3 0.42890625 0.21388888888888896 0.4171875 0.21388888888888896 0.4171875 0.2708333333333334 0.42890625 0.2708333333333334