3 0.08750000000000005 0.5694444444444444 0.026562500000000044 0.5694444444444444 0.02656250000000005 0.7569444444444444 0.08750000000000005 0.7569444444444444
3 0.29140625 0.2861111111111112 0.2625 0.2861111111111112 0.2625 0.36666666666666664 0.29140625 0.36666666666666664
3 0.34921875 0.2250000000000001 0.33203125 0.2250000000000001 0.33203125 0.288888888888889 0.34921875 0.288888888888889
3 0.84765625 0.6861111111111112 0.78125 0.6861111111111112 0.78125 0.8902777777777781 0.84765625 0.8902777777777781
3 0.69453125 0.28750000000000014 0.67265625 0.28750000000000014 0.67265625 0.3569444444444446 0.69453125 0.3569444444444446
3 0.7140625 0.31250000000000017 0.6953125 0.31250000000000017 0.6953125 0.3875000000000002 0.7140625 0.3875000000000002
3 0.61328125 0.18472222222222237 0.59765625 0.18472222222222237 0.59765625 0.23888888888888904 0.61328125 0.23888888888888904
3 0.6453125 0.17500000000000013 0.62578125 0.17500000000000013 0.62578125 0.22638888888888906 0.6453125 0.22638888888888906
3 0.684375 0.21805555555555572 0.6625 0.21805555555555572 0.6625 0.27361111111111125 0.684375 0.27361111111111125
8 0.44765625 0.2208333333333334 0.3984375 0.2208333333333334 0.3984375 0.3222222222222223 0.44765625 0.3222222222222223
8 0.428125 0.15277777777777785 0.39609375 0.15277777777777785 0.39609375 0.21250000000000008 0.428125 0.21250000000000008
8 0.29453125 0.4791666666666667 0.15937500000000004 0.4791666666666667 0.15937500000000004 0.7152777777777778 0.2945312500000001 0.7152777777777778
8 0.70390625 0.3597222222222224 0.56484375 0.3597222222222224 0.56484375 0.6583333333333334 0.70390625 0.6583333333333334
8 0.48203125 0.07222222222222233 0.4453125 0.07222222222222233 0.4453125 0.16527777777777788 0.48203125 0.16527777777777788