3 0.4828125 0.2208333333333334 0.46484375 0.2208333333333334 0.46484375 0.2805555555555556 0.4828125 0.2805555555555556
3 0.534375 0.2805555555555556 0.51015625 0.2805555555555556 0.51015625 0.36250000000000016 0.534375 0.36250000000000016
3 0.6828125 0.3430555555555557 0.65546875 0.3430555555555557 0.65546875 0.45138888888888906 0.6828125 0.45138888888888906
3 0.75 0.36111111111111127 0.71015625 0.36111111111111127 0.71015625 0.46527777777777796 0.75 0.46527777777777796
3 0.6234375 0.21388888888888904 0.603125 0.21388888888888904 0.603125 0.27500000000000013 0.6234375 0.27500000000000013
3 0.646875 0.16805555555555568 0.6171875 0.16805555555555568 0.6171875 0.22361111111111126 0.646875 0.22361111111111126
3 0.5703125 0.14166666666666677 0.55546875 0.14166666666666677 0.55546875 0.18750000000000017 0.5703125 0.18750000000000017
3 0.40234375 0.15277777777777785 0.38828125 0.15277777777777785 0.38828125 0.19444444444444453 0.40234375 0.19444444444444453
8 0.5921875 0.13194444444444456 0.5640625 0.13194444444444456 0.5640625 0.1666666666666668 0.5921875 0.1666666666666668
8 0.55 0.19861111111111124 0.5046875 0.19861111111111118 0.5046875 0.27361111111111125 0.55 0.27361111111111125
8 0.553125 0.09305555555555567 0.50625 0.09305555555555567 0.50625 0.19444444444444456 0.553125 0.19444444444444461