8 0.634375 0.5291666666666668 0.53203125 0.5291666666666668 0.53203125 0.7194444444444444 0.634375 0.7194444444444444
8 0.68671875 0.42361111111111127 0.5984375 0.42361111111111127 0.5984375 0.5444444444444446 0.68671875 0.5444444444444446
8 0.646875 0.3236111111111113 0.5859375 0.3236111111111113 0.5859375 0.4152777777777779 0.646875 0.4152777777777779
8 0.54453125 0.2902777777777779 0.503125 0.29027777777777786 0.503125 0.35555555555555574 0.54453125 0.35555555555555574
8 0.60078125 0.2833333333333335 0.5578125 0.2833333333333335 0.5578125 0.3458333333333335 0.60078125 0.3458333333333335
8 0.61015625 0.25972222222222235 0.57421875 0.25972222222222235 0.57421875 0.3055555555555557 0.61015625 0.3055555555555557
8 0.60625 0.22222222222222238 0.56953125 0.22222222222222238 0.56953125 0.27222222222222237 0.60625 0.27222222222222237
8 0.6578125 0.25138888888888905 0.62265625 0.25138888888888905 0.62265625 0.30138888888888904 0.6578125 0.30138888888888904
8 0.7015625 0.2069444444444446 0.66015625 0.2069444444444446 0.66015625 0.24166666666666684 0.7015625 0.24166666666666684
3 0.08984375000000003 0.4583333333333333 0.05234375000000002 0.4583333333333333 0.052343750000000036 0.5541666666666667 0.08984375000000004 0.5541666666666667
3 0.9421875 0.5138888888888891 0.88125 0.5138888888888891 0.88125 0.6569444444444446 0.9421875 0.6569444444444446