3 0.66171875 0.25833333333333347 0.64453125 0.25833333333333347 0.64453125 0.32083333333333347 0.66171875 0.32083333333333347
3 0.68359375 0.23611111111111127 0.65859375 0.23611111111111127 0.65859375 0.3083333333333335 0.68359375 0.3083333333333335
3 0.28203125 0.37083333333333335 0.24296875 0.37083333333333335 0.24296875 0.4736111111111111 0.28203125 0.4736111111111111
3 0.25859375 0.4375 0.221875 0.4375 0.221875 0.5652777777777778 0.25859375 0.5652777777777778
3 0.2359375 0.32777777777777783 0.20546875 0.32777777777777783 0.20546875 0.44027777777777777 0.2359375 0.44027777777777777
3 0.31484375 0.2944444444444445 0.28984375 0.2944444444444445 0.28984375 0.3902777777777778 0.31484375 0.3902777777777778
3 0.3453125 0.2972222222222223 0.32265625 0.2972222222222223 0.32265625 0.375 0.3453125 0.375
3 0.3828125 0.2666666666666667 0.3453125 0.2666666666666667 0.3453125 0.3347222222222223 0.3828125 0.3347222222222223
3 0.11093750000000005 0.36666666666666664 0.05703125000000002 0.36666666666666664 0.05703125000000002 0.4513888888888889 0.11093750000000005 0.4513888888888889
3 0.2140625 0.25694444444444453 0.1875 0.25694444444444453 0.1875 0.30277777777777787 0.2140625 0.30277777777777787
3 0.6140625 0.18055555555555572 0.596875 0.18055555555555572 0.596875 0.24027777777777792 0.6140625 0.24027777777777792
3 0.63515625 0.18750000000000017 0.62109375 0.18750000000000017 0.62109375 0.2444444444444446 0.63515625 0.2444444444444446
3 0.64921875 0.2194444444444446 0.63125 0.2194444444444446 0.63125 0.27361111111111125 0.64921875 0.27361111111111125
3 0.33046875 0.2486111111111112 0.31015625 0.2486111111111112 0.31015625 0.3208333333333334 0.33046875 0.3208333333333334
3 0.13515625000000003 0.3055555555555556 0.10546875 0.3055555555555556 0.10546875000000003 0.39166666666666666 0.13515625000000003 0.39166666666666666