3 0.696875 0.43750000000000017 0.66640625 0.43750000000000017 0.66640625 0.5527777777777779 0.696875 0.5527777777777779
3 0.05859375000000002 0.3402777777777778 0.010156250000000023 0.3402777777777778 0.010156250000000025 0.4166666666666667 0.05859375000000002 0.4166666666666667
3 0.2953125 0.29166666666666674 0.2703125 0.29166666666666674 0.2703125 0.38055555555555554 0.2953125 0.38055555555555554
3 0.77890625 0.6708333333333335 0.73203125 0.6708333333333335 0.73203125 0.8472222222222225 0.77890625 0.8472222222222225
3 0.26796875 0.3236111111111112 0.22578125 0.3236111111111112 0.22578125 0.4152777777777778 0.26796875 0.4152777777777778
3 0.6625 0.3180555555555557 0.64375 0.3180555555555557 0.64375 0.41111111111111126 0.6625 0.41111111111111126
3 0.18046875000000004 0.33611111111111114 0.13281250000000006 0.33611111111111114 0.13281250000000006 0.41944444444444445 0.18046875000000004 0.41944444444444445
3 0.3265625 0.2847222222222223 0.30390625 0.2847222222222223 0.30390625 0.3680555555555556 0.3265625 0.3680555555555556
3 0.565625 0.2708333333333335 0.54609375 0.2708333333333335 0.54609375 0.34861111111111126 0.565625 0.34861111111111126
3 0.75 0.37500000000000017 0.7109375 0.37500000000000017 0.7109375 0.4638888888888891 0.75 0.4638888888888891
3 0.38984375 0.37500000000000006 0.3609375 0.375 0.3609375 0.4875000000000001 0.38984375 0.48750000000000016
3 0.58984375 0.28611111111111126 0.575 0.28611111111111126 0.575 0.36111111111111127 0.58984375 0.36111111111111127
3 0.63828125 0.28611111111111126 0.62109375 0.28611111111111126 0.62109375 0.3666666666666668 0.63828125 0.3666666666666668
8 0.35234375000000007 0.5166666666666667 0.26484375 0.5166666666666667 0.26484375000000004 0.6958333333333333 0.35234375000000007 0.6958333333333333
8 0.48203125 0.4958333333333335 0.4015625 0.4958333333333335 0.4015625 0.6861111111111112 0.48203125 0.6861111111111112
8 0.475 0.17777777777777787 0.43984375 0.17777777777777787 0.43984375 0.2722222222222223 0.475 0.2722222222222223
8 0.61015625 0.21527777777777793 0.58515625 0.21527777777777793 0.58515625 0.2680555555555557 0.61015625 0.2680555555555557
8 0.47421875 0.30416666666666675 0.425 0.30416666666666675 0.425 0.41250000000000014 0.47421875 0.41250000000000014
14 0.4125 0.20555555555555563 0.34453125 0.20555555555555563 0.34453125 0.34583333333333344 0.4125 0.34583333333333344
8 0.54609375 0.17361111111111122 0.503125 0.17361111111111122 0.503125 0.28055555555555567 0.54609375 0.2805555555555557
8 0.47578125 0.17083333333333342 0.43984375 0.17083333333333342 0.43984375 0.26388888888888895 0.47578125 0.26388888888888895