3 0.3078125000000001 0.7888888888888889 0.24218750000000008 0.7888888888888889 0.24218750000000008 0.9444444444444444 0.3078125000000001 0.9444444444444444
3 0.41015625 0.7152777777777778 0.3617187500000001 0.7152777777777778 0.3617187500000001 0.85 0.41015625 0.85
3 0.6015625 0.640277777777778 0.56015625 0.640277777777778 0.56015625 0.7611111111111111 0.6015625 0.7611111111111111
3 0.73359375 0.38333333333333347 0.7125 0.38333333333333347 0.7125 0.43888888888888905 0.73359375 0.43888888888888905
3 0.60703125 0.540277777777778 0.57421875 0.540277777777778 0.57421875 0.6347222222222224 0.60703125 0.6347222222222224
3 0.44140625 0.8541666666666666 0.3820312500000001 0.8541666666666666 0.3820312500000001 0.9861111111111112 0.44140625 0.9861111111111112
3 0.66171875 0.39722222222222237 0.6390625 0.39722222222222237 0.6390625 0.45416666666666683 0.66171875 0.45416666666666683
3 0.7578125 0.4916666666666668 0.73125 0.4916666666666668 0.73125 0.5708333333333335 0.7578125 0.5708333333333335
3 0.503125 0.7013888888888891 0.4546875 0.7013888888888891 0.4546875 0.8319444444444445 0.503125 0.8319444444444445
3 0.6984375 0.41805555555555574 0.68203125 0.41805555555555574 0.68203125 0.47638888888888903 0.6984375 0.47638888888888903
3 0.65859375 0.5361111111111113 0.64296875 0.5361111111111113 0.64296875 0.6111111111111113 0.65859375 0.6111111111111113
3 0.778125 0.7000000000000002 0.7328125 0.7000000000000002 0.7328125 0.8319444444444447 0.778125 0.8319444444444447
3 0.859375 0.4777777777777779 0.8296875 0.4777777777777779 0.8296875 0.5611111111111112 0.859375 0.5611111111111112
3 0.87578125 0.39861111111111125 0.8546875 0.39861111111111125 0.8546875 0.4555555555555557 0.87578125 0.4555555555555557
3 0.6796875 0.4680555555555557 0.66484375 0.4680555555555557 0.66484375 0.5416666666666669 0.6796875 0.5416666666666669
3 0.73984375 0.35555555555555574 0.721875 0.35555555555555574 0.721875 0.4013888888888891 0.73984375 0.4013888888888891
3 0.86953125 0.3569444444444446 0.85078125 0.3569444444444446 0.85078125 0.4055555555555557 0.86953125 0.4055555555555557
3 0.84609375 0.3652777777777779 0.82890625 0.3652777777777779 0.82890625 0.41388888888888903 0.84609375 0.41388888888888903
3 0.825 0.35416666666666685 0.8078125 0.35416666666666685 0.8078125 0.4013888888888891 0.825 0.4013888888888891
3 0.79921875 0.35555555555555574 0.7828125 0.35555555555555574 0.7828125 0.40277777777777796 0.79921875 0.40277777777777796
3 0.77421875 0.3430555555555557 0.75859375 0.3430555555555557 0.75859375 0.3875000000000002 0.77421875 0.3875000000000002
8 0.515625 0.4847222222222224 0.4421875 0.4847222222222224 0.4421875 0.5847222222222224 0.515625 0.5847222222222224
8 0.78828125 0.4361111111111113 0.734375 0.4361111111111113 0.734375 0.5138888888888891 0.78828125 0.5138888888888891
8 0.46328125 0.4500000000000002 0.4 0.4500000000000002 0.4 0.5305555555555557 0.46328125 0.5305555555555557
8 0.32890625000000007 0.6152777777777778 0.19062500000000004 0.6152777777777778 0.19062500000000004 0.7527777777777778 0.32890625000000007 0.7527777777777778
8 0.60859375 0.4222222222222224 0.55859375 0.4222222222222224 0.55859375 0.4986111111111113 0.60859375 0.4986111111111113
8 0.65234375 0.3680555555555557 0.6203125 0.3680555555555557 0.6203125 0.4152777777777779 0.65234375 0.4152777777777779
8 0.5609375 0.39166666666666683 0.51171875 0.39166666666666683 0.51171875 0.45972222222222237 0.5609375 0.45972222222222237
8 0.66953125 0.34166666666666684 0.6375 0.34166666666666684 0.6375 0.38888888888888906 0.66953125 0.38888888888888906
8 0.29531250000000003 0.5472222222222223 0.17968750000000006 0.5472222222222223 0.17968750000000006 0.6541666666666667 0.2953125000000001 0.6541666666666667
3 0.665625 0.48750000000000016 0.65078125 0.48750000000000016 0.65078125 0.5611111111111112 0.665625 0.5611111111111112
3 0.7515625 0.34027777777777796 0.73984375 0.34027777777777796 0.73984375 0.39027777777777795 0.7515625 0.39027777777777795