3 0.3265625 0.26250000000000007 0.30390625 0.26250000000000007 0.30390625 0.34166666666666673 0.3265625 0.34166666666666673
3 0.5640625 0.25972222222222235 0.54765625 0.25972222222222235 0.54765625 0.3166666666666668 0.5640625 0.3166666666666668
3 0.5265625 0.21388888888888896 0.515625 0.21388888888888896 0.515625 0.2583333333333334 0.5265625 0.2583333333333334
3 0.521875 0.23888888888888896 0.51015625 0.23888888888888896 0.51015625 0.2930555555555556 0.521875 0.2930555555555556
3 0.7984375 0.33750000000000013 0.76953125 0.33750000000000013 0.76953125 0.45416666666666683 0.7984375 0.45416666666666683
3 0.70625 0.31388888888888905 0.68046875 0.31388888888888905 0.68046875 0.39722222222222237 0.70625 0.39722222222222237
3 0.68984375 0.25138888888888905 0.66640625 0.25138888888888905 0.66640625 0.3250000000000002 0.68984375 0.3250000000000002
3 0.96328125 0.6069444444444446 0.89921875 0.6069444444444446 0.89921875 0.7736111111111115 0.96328125 0.7736111111111115
8 0.5453125 0.1291666666666668 0.52421875 0.1291666666666668 0.52421875 0.15833333333333346 0.5453125 0.15833333333333346
8 0.45546875 0.1861111111111112 0.3859375 0.1861111111111112 0.3859375 0.36111111111111127 0.45546875 0.36111111111111127
8 0.61328125 0.15138888888888902 0.56328125 0.15138888888888902 0.56328125 0.26666666666666683 0.61328125 0.26666666666666683