3 0.4328125 0.8319444444444445 0.3695312500000001 0.8319444444444445 0.3695312500000001 0.9902777777777778 0.4328125 0.9902777777777778
3 0.5546875 0.5236111111111112 0.5171875 0.5236111111111112 0.5171875 0.626388888888889 0.5546875 0.626388888888889
3 0.3843750000000001 0.6625000000000001 0.33671875000000007 0.6625 0.33671875000000007 0.7930555555555555 0.3843750000000001 0.7930555555555555
3 0.7 0.5055555555555558 0.66953125 0.5055555555555558 0.66953125 0.5902777777777779 0.7 0.5902777777777779
3 0.2726562500000001 0.7444444444444445 0.21484375000000008 0.7444444444444445 0.21484375000000008 0.8847222222222222 0.2726562500000001 0.8847222222222222
3 0.84921875 0.40277777777777796 0.8265625 0.40277777777777796 0.8265625 0.4680555555555557 0.84921875 0.4680555555555557
3 0.72890625 0.551388888888889 0.69453125 0.551388888888889 0.69453125 0.651388888888889 0.72890625 0.651388888888889
3 0.5125 0.5166666666666668 0.4765625 0.5166666666666668 0.4765625 0.613888888888889 0.5125 0.613888888888889
3 0.6375 0.5055555555555558 0.60703125 0.5055555555555558 0.60703125 0.5944444444444446 0.6375 0.5944444444444446
3 0.80234375 0.4069444444444446 0.77890625 0.4069444444444446 0.77890625 0.4708333333333335 0.80234375 0.4708333333333335
3 0.83671875 0.8569444444444447 0.775 0.8569444444444447 0.775 0.9888888888888892 0.83671875 0.9888888888888892
3 0.86953125 0.4194444444444446 0.84375 0.4194444444444446 0.84375 0.48888888888888904 0.86953125 0.48888888888888904
3 0.821875 0.4013888888888891 0.79921875 0.4013888888888891 0.79921875 0.46666666666666684 0.821875 0.46666666666666684
3 0.5609375 0.8847222222222222 0.50546875 0.8847222222222222 0.50546875 0.9833333333333333 0.5609375 0.9833333333333333
3 0.77109375 0.3930555555555557 0.74609375 0.3930555555555557 0.74609375 0.45972222222222237 0.77109375 0.45972222222222237
3 0.87109375 0.3680555555555557 0.8484375 0.3680555555555557 0.8484375 0.42500000000000016 0.87109375 0.42500000000000016
3 0.2679687500000001 0.8888888888888888 0.2093750000000001 0.8888888888888888 0.2093750000000001 0.9847222222222223 0.2679687500000001 0.9847222222222223
3 0.78828125 0.35555555555555574 0.7671875 0.35555555555555574 0.7671875 0.4083333333333335 0.78828125 0.4083333333333335
8 0.4984375 0.5958333333333334 0.41484375 0.5958333333333334 0.41484375 0.7430555555555556 0.4984375 0.7430555555555556
8 0.7671875 0.6666666666666669 0.659375 0.6666666666666669 0.659375 0.8666666666666668 0.7671875 0.866666666666667
8 0.67578125 0.5847222222222224 0.6 0.5847222222222224 0.6 0.7333333333333333 0.67578125 0.7333333333333333
8 0.7234375 0.4222222222222224 0.67421875 0.4222222222222224 0.67421875 0.5097222222222224 0.7234375 0.5097222222222224
8 0.52734375 0.7430555555555556 0.41953125 0.7430555555555556 0.41953125 0.9347222222222222 0.52734375 0.9347222222222222
8 0.41796875 0.4847222222222223 0.3421875 0.4847222222222222 0.3421875 0.5819444444444445 0.41796875 0.5819444444444446
8 0.71640625 0.3597222222222224 0.6765625 0.3597222222222224 0.6765625 0.4291666666666668 0.71640625 0.4291666666666668
8 0.6296875 0.45416666666666683 0.57578125 0.45416666666666683 0.57578125 0.5486111111111113 0.6296875 0.5486111111111113
8 0.6265625 0.35416666666666685 0.59453125 0.35416666666666685 0.59453125 0.3958333333333335 0.6265625 0.3958333333333335
3 0.82109375 0.3569444444444446 0.8078125 0.3569444444444446 0.8078125 0.40277777777777796 0.82109375 0.40277777777777796
3 0.83984375 0.35000000000000014 0.82734375 0.35000000000000014 0.82734375 0.3958333333333335 0.83984375 0.3958333333333335