3 0.6609375 0.2833333333333335 0.640625 0.2833333333333335 0.640625 0.3680555555555557 0.6609375 0.3680555555555557
3 0.8 0.5958333333333334 0.7640625 0.5958333333333334 0.7640625 0.7444444444444448 0.8 0.7444444444444448
3 0.69609375 0.32222222222222235 0.6703125 0.32222222222222235 0.6703125 0.4083333333333335 0.69609375 0.4083333333333335
3 0.30078125000000006 0.5458333333333333 0.2703125 0.5458333333333333 0.27031250000000007 0.6930555555555555 0.3007812500000001 0.6930555555555555
3 0.10078125000000004 0.5791666666666667 0.05859375000000004 0.5791666666666667 0.05859375000000004 0.7166666666666667 0.10078125000000004 0.7166666666666667
3 0.671875 0.3597222222222224 0.6515625 0.3597222222222224 0.6515625 0.4569444444444446 0.671875 0.4569444444444446
3 0.51640625 0.2958333333333334 0.4890625 0.2958333333333334 0.4890625 0.38888888888888906 0.51640625 0.38888888888888906
3 0.3578125 0.2458333333333334 0.33984375 0.2458333333333334 0.33984375 0.3208333333333334 0.3578125 0.3208333333333334
3 0.2625 0.5069444444444444 0.23125 0.5069444444444444 0.23125 0.6402777777777777 0.2625 0.6402777777777777
3 0.6125 0.2333333333333335 0.59609375 0.2333333333333335 0.59609375 0.31250000000000017 0.6125 0.31250000000000017
3 0.27890625 0.4041666666666667 0.2515625 0.4041666666666667 0.2515625 0.5208333333333334 0.27890625 0.5208333333333334
3 0.31875 0.4583333333333333 0.29140625 0.4583333333333333 0.29140625 0.5875 0.31875 0.5875
3 0.2265625 0.3236111111111112 0.18203125000000003 0.3236111111111112 0.18203125000000003 0.41805555555555557 0.2265625 0.41805555555555557
3 0.10859375000000004 0.3388888888888889 0.05312500000000002 0.3388888888888889 0.05312500000000002 0.4236111111111111 0.10859375000000004 0.4236111111111111
3 0.3921875 0.1847222222222223 0.37421875 0.1847222222222223 0.37421875 0.251388888888889 0.3921875 0.251388888888889
3 0.78828125 0.45416666666666683 0.74921875 0.45416666666666683 0.74921875 0.5666666666666669 0.78828125 0.5666666666666669
3 0.28984375 0.26250000000000007 0.26640625 0.26250000000000007 0.26640625 0.3347222222222223 0.28984375 0.3347222222222223
3 0.017968750000000026 0.29583333333333334 0.0007812500000000204 0.29583333333333334 0.0007812500000000235 0.3819444444444444 0.017968750000000026 0.3819444444444444
8 0.18281250000000004 0.46111111111111114 0.05859375000000002 0.46111111111111114 0.058593750000000035 0.6083333333333333 0.18281250000000004 0.6083333333333333
8 0.35625 0.3208333333333334 0.290625 0.3208333333333334 0.290625 0.4166666666666667 0.35625 0.4166666666666667
8 0.57890625 0.2666666666666668 0.5328125 0.2666666666666667 0.5328125 0.35138888888888903 0.57890625 0.35138888888888903
8 0.47578125 0.23055555555555562 0.4359375 0.23055555555555562 0.4359375 0.3097222222222223 0.47578125 0.3097222222222223
8 0.425 0.2708333333333334 0.38046875 0.2708333333333334 0.38046875 0.3486111111111112 0.425 0.3486111111111112
8 0.4671875 0.16944444444444454 0.44765625 0.16944444444444454 0.44765625 0.23194444444444454 0.4671875 0.23194444444444454
8 0.540625 0.3291666666666667 0.37265625 0.3291666666666667 0.37265625 0.7694444444444445 0.540625 0.7694444444444445