3 0.79296875 0.3861111111111113 0.77890625 0.3861111111111113 0.77890625 0.4361111111111113 0.79296875 0.4361111111111113
3 0.8296875 0.3736111111111113 0.81640625 0.3736111111111113 0.81640625 0.4194444444444446 0.8296875 0.4194444444444446
3 0.4203125 0.7138888888888889 0.3656250000000001 0.7138888888888889 0.3656250000000001 0.8541666666666666 0.4203125 0.8541666666666666
3 0.8515625 0.5000000000000001 0.82734375 0.5000000000000001 0.82734375 0.5680555555555558 0.8515625 0.5680555555555558
3 0.678125 0.8194444444444444 0.6265625 0.8194444444444444 0.6265625 0.9611111111111111 0.678125 0.9611111111111111
3 0.7671875 0.3805555555555557 0.75234375 0.3805555555555557 0.75234375 0.4277777777777779 0.7671875 0.4277777777777779
3 0.3593750000000001 0.8472222222222222 0.2992187500000001 0.8472222222222222 0.2992187500000001 0.9972222222222222 0.3593750000000001 0.9972222222222222
3 0.80390625 0.3583333333333335 0.79296875 0.3583333333333335 0.79296875 0.39861111111111125 0.80390625 0.39861111111111125
3 0.78359375 0.3569444444444446 0.7703125 0.3569444444444446 0.7703125 0.3958333333333335 0.78359375 0.3958333333333335
3 0.75703125 0.35000000000000014 0.74375 0.35000000000000014 0.74375 0.3861111111111113 0.75703125 0.3861111111111113
3 0.61953125 0.47500000000000014 0.5890625 0.47500000000000014 0.5890625 0.5555555555555557 0.61953125 0.5555555555555557
3 0.3195312500000001 0.7763888888888889 0.26250000000000007 0.7763888888888889 0.26250000000000007 0.9333333333333333 0.3195312500000001 0.9333333333333333
3 0.85546875 0.3708333333333335 0.8421875 0.3708333333333335 0.8421875 0.4152777777777779 0.85546875 0.4152777777777779
3 0.7140625 0.4638888888888891 0.6859375 0.4638888888888891 0.6859375 0.5388888888888891 0.7140625 0.5388888888888891
3 0.66171875 0.4847222222222224 0.64609375 0.4847222222222224 0.64609375 0.5750000000000002 0.66171875 0.5750000000000002
3 0.88984375 0.41666666666666685 0.87109375 0.41666666666666685 0.87109375 0.47500000000000014 0.88984375 0.47500000000000014
3 0.82734375 0.3250000000000002 0.8171875 0.3250000000000002 0.8171875 0.35555555555555574 0.82734375 0.35555555555555574
3 0.7703125 0.3097222222222224 0.76171875 0.3097222222222224 0.76171875 0.3388888888888891 0.7703125 0.3388888888888891
3 0.7015625 0.3083333333333335 0.6875 0.3083333333333335 0.6875 0.3527777777777779 0.7015625 0.3527777777777779
8 0.62890625 0.32777777777777795 0.59765625 0.32777777777777795 0.59765625 0.3722222222222224 0.62890625 0.3722222222222224
8 0.74140625 0.32777777777777795 0.7140625 0.32777777777777795 0.7140625 0.37638888888888905 0.74140625 0.37638888888888905
8 0.4640625 0.46111111111111125 0.384375 0.46111111111111125 0.384375 0.5569444444444446 0.4640625 0.5569444444444446
8 0.66796875 0.3305555555555557 0.6390625 0.3305555555555557 0.6390625 0.37777777777777793 0.66796875 0.37777777777777793
8 0.678125 0.2944444444444446 0.65546875 0.2944444444444446 0.65546875 0.3319444444444446 0.678125 0.3319444444444446
14 0.31796875 0.49722222222222223 0.14140625000000004 0.49722222222222223 0.14140625000000004 0.6763888888888889 0.3179687500000001 0.6763888888888889