8 0.275 0.2666666666666667 0.209375 0.2666666666666667 0.209375 0.44722222222222224 0.275 0.44722222222222224
8 0.37578125 0.2805555555555556 0.3234375 0.2805555555555556 0.3234375 0.36527777777777787 0.37578125 0.3652777777777779
8 0.36171875 0.20138888888888898 0.30625 0.20138888888888898 0.30625 0.251388888888889 0.36171875 0.251388888888889
8 0.696875 0.41250000000000014 0.5140625 0.41250000000000014 0.5140625 0.85 0.696875 0.85
8 0.97109375 0.6708333333333335 0.74609375 0.6708333333333335 0.74609375 0.9875000000000003 0.97109375 0.9875000000000003
8 0.69375 0.39166666666666683 0.63359375 0.39166666666666683 0.63359375 0.5166666666666668 0.69375 0.5166666666666668
3 0.8296875 0.41666666666666685 0.80546875 0.41666666666666685 0.80546875 0.5166666666666668 0.8296875 0.5166666666666668
3 0.77421875 0.37500000000000017 0.75078125 0.37500000000000017 0.75078125 0.4569444444444446 0.77421875 0.4569444444444446
3 0.73671875 0.3180555555555557 0.71875 0.3180555555555557 0.71875 0.3930555555555557 0.73671875 0.3930555555555557
8 0.6375 0.2569444444444446 0.58515625 0.2569444444444446 0.58515625 0.39166666666666683 0.6375 0.39166666666666683
14 0.5875 0.21944444444444455 0.5296875 0.21944444444444453 0.5296875 0.33055555555555566 0.5875 0.3305555555555557
8 0.609375 0.17361111111111122 0.55546875 0.17361111111111122 0.55546875 0.25277777777777793 0.609375 0.25277777777777793
8 0.690625 0.22500000000000014 0.64765625 0.22500000000000014 0.64765625 0.27500000000000013 0.690625 0.27500000000000013
14 0.8 0.18888888888888905 0.690625 0.18888888888888905 0.690625 0.2708333333333335 0.8 0.2708333333333335
8 0.68828125 0.17916666666666684 0.6359375 0.17916666666666684 0.6359375 0.23611111111111127 0.68828125 0.23611111111111127
3 0.1484375 0.18333333333333332 0.1359375 0.18333333333333332 0.1359375 0.21944444444444444 0.1484375 0.21944444444444444
3 0.26875 0.19444444444444453 0.25 0.19444444444444453 0.25 0.22777777777777786 0.26875 0.22777777777777786
3 0.48671875 0.20138888888888898 0.46328125 0.20138888888888898 0.46328125 0.23888888888888896 0.48671875 0.23888888888888896