3 0.253125 0.2347222222222223 0.23046875 0.2347222222222223 0.23046875 0.2861111111111112 0.253125 0.2861111111111112
3 0.178125 0.2222222222222222 0.1640625 0.2222222222222222 0.1640625 0.28194444444444444 0.178125 0.28194444444444444
3 0.875 0.48055555555555574 0.834375 0.48055555555555574 0.834375 0.5916666666666668 0.875 0.5916666666666668
8 0.77578125 0.5180555555555557 0.64765625 0.5180555555555557 0.64765625 0.702777777777778 0.77578125 0.702777777777778
8 0.9890625 0.8527777777777781 0.7734375 0.8527777777777781 0.7734375 1.0000000000000002 0.9890625 1.0000000000000002
8 0.65546875 0.34166666666666684 0.59765625 0.34166666666666684 0.59765625 0.4347222222222224 0.65546875 0.4347222222222224
8 0.70859375 0.2305555555555557 0.6609375 0.2305555555555557 0.6609375 0.2819444444444446 0.70859375 0.2819444444444446
8 0.52109375 0.1972222222222223 0.465625 0.1972222222222223 0.465625 0.24166666666666675 0.52109375 0.24166666666666675
8 0.28671875 0.1847222222222223 0.23515625 0.1847222222222223 0.23515625 0.22777777777777786 0.28671875 0.22777777777777786
8 0.4125 0.21388888888888896 0.31171875 0.21388888888888896 0.31171875 0.4736111111111112 0.4125 0.47361111111111126
8 0.1953125 0.1305555555555556 0.15 0.1305555555555556 0.15 0.22361111111111115 0.1953125 0.22361111111111118
3 0.46328125 0.20000000000000007 0.43828125 0.20000000000000007 0.43828125 0.24027777777777787 0.46328125 0.24027777777777787
3 0.54765625 0.21388888888888902 0.52265625 0.21388888888888896 0.52265625 0.251388888888889 0.54765625 0.25138888888888905
8 0.62109375 0.25000000000000017 0.5796875 0.25000000000000017 0.5796875 0.3444444444444446 0.62109375 0.3444444444444446
8 0.6484375 0.20000000000000015 0.58125 0.20000000000000015 0.58125 0.26666666666666683 0.6484375 0.26666666666666683
14 0.76328125 0.8361111111111112 0.5296875 0.8361111111111111 0.5296875 1.0000000000000002 0.76328125 1.0000000000000002