3 0.38359375000000007 0.6861111111111112 0.3398437500000001 0.6861111111111111 0.3398437500000001 0.8166666666666667 0.38359375000000007 0.8166666666666667
3 0.15859375000000006 0.8125 0.07968750000000006 0.8125 0.07968750000000006 0.9902777777777778 0.1585937500000001 0.9902777777777778
3 0.46328125 0.6500000000000001 0.440625 0.6500000000000001 0.440625 0.775 0.46328125 0.775
3 0.4984375 0.7013888888888891 0.46171875 0.7013888888888891 0.46171875 0.8152777777777778 0.4984375 0.8152777777777778
3 0.553125 0.5736111111111113 0.51875 0.5736111111111113 0.51875 0.6777777777777779 0.553125 0.6777777777777779
3 0.60234375 0.5222222222222224 0.5765625 0.5222222222222224 0.5765625 0.613888888888889 0.60234375 0.613888888888889
3 0.61640625 0.47916666666666685 0.596875 0.47916666666666685 0.596875 0.5555555555555557 0.61640625 0.5555555555555557
3 0.67421875 0.5222222222222224 0.64609375 0.5222222222222224 0.64609375 0.6013888888888891 0.67421875 0.6013888888888891
3 0.7859375 0.7902777777777781 0.75 0.7902777777777781 0.75 0.9541666666666669 0.7859375 0.9541666666666669
3 0.83203125 0.7277777777777781 0.80234375 0.7277777777777781 0.80234375 0.8597222222222225 0.83203125 0.8597222222222225
3 0.8265625 0.6541666666666668 0.79921875 0.6541666666666668 0.79921875 0.7555555555555559 0.8265625 0.7555555555555559
3 0.7828125 0.5944444444444446 0.7625 0.5944444444444446 0.7625 0.6958333333333335 0.7828125 0.6958333333333335
3 0.76875 0.5486111111111113 0.740625 0.5486111111111113 0.740625 0.6472222222222224 0.76875 0.6472222222222224
3 0.8171875 0.5444444444444446 0.796875 0.5444444444444446 0.796875 0.6388888888888891 0.8171875 0.6388888888888891
3 0.83203125 0.47916666666666685 0.8140625 0.47916666666666685 0.8140625 0.5555555555555557 0.83203125 0.5555555555555557
3 0.80078125 0.46666666666666684 0.77734375 0.46666666666666684 0.77734375 0.5416666666666669 0.80078125 0.5416666666666669
3 0.78203125 0.42638888888888904 0.76328125 0.42638888888888904 0.76328125 0.4902777777777779 0.78203125 0.4902777777777779
3 0.67578125 0.4305555555555557 0.66015625 0.4305555555555557 0.66015625 0.48750000000000016 0.67578125 0.48750000000000016
3 0.86953125 0.37638888888888905 0.8546875 0.37638888888888905 0.8546875 0.42638888888888904 0.86953125 0.42638888888888904
3 0.83125 0.41111111111111126 0.8109375 0.41111111111111126 0.8109375 0.46666666666666684 0.83125 0.46666666666666684
3 0.8 0.37500000000000017 0.784375 0.37500000000000017 0.784375 0.41666666666666685 0.8 0.41666666666666685
3 0.77265625 0.3819444444444446 0.75703125 0.3819444444444446 0.75703125 0.4333333333333335 0.77265625 0.4333333333333335
3 0.74765625 0.3666666666666668 0.734375 0.3666666666666668 0.734375 0.41111111111111126 0.74765625 0.41111111111111126
3 0.759375 0.3319444444444446 0.74765625 0.3319444444444446 0.74765625 0.3708333333333335 0.759375 0.3708333333333335
3 0.775 0.32916666666666683 0.7640625 0.32916666666666683 0.7640625 0.36388888888888904 0.775 0.36388888888888904
3 0.8203125 0.33472222222222237 0.8109375 0.33472222222222237 0.8109375 0.3722222222222224 0.8203125 0.3722222222222224
3 0.84375 0.35555555555555574 0.83203125 0.35555555555555574 0.83203125 0.40000000000000013 0.84375 0.40000000000000013
3 0.79765625 0.3250000000000002 0.7875 0.3250000000000002 0.7875 0.36388888888888904 0.79765625 0.36388888888888904
8 0.17421875000000003 0.7375 5.0803707058378476e-17 0.7375 5.597018574228137e-17 0.8875 0.17421875000000003 0.8875
8 0.43515625 0.4972222222222223 0.3625 0.49722222222222223 0.3625 0.5680555555555556 0.43515625 0.5680555555555558
8 0.575 0.45416666666666683 0.51953125 0.45416666666666683 0.51953125 0.526388888888889 0.575 0.526388888888889
8 0.54765625 0.4069444444444446 0.503125 0.4069444444444446 0.503125 0.46250000000000013 0.54765625 0.46250000000000013
8 0.60859375 0.35138888888888903 0.58046875 0.35138888888888903 0.58046875 0.39027777777777795 0.60859375 0.39027777777777795
8 0.65546875 0.35555555555555574 0.62109375 0.35555555555555574 0.62109375 0.40000000000000013 0.65546875 0.40000000000000013
8 0.709375 0.3166666666666668 0.68359375 0.3166666666666668 0.68359375 0.3583333333333335 0.709375 0.3583333333333335
8 0.37187500000000007 0.8638888888888889 0.17812500000000003 0.8638888888888889 0.17812500000000006 1 0.37187500000000007 1
8 0.590625 0.8902777777777777 0.45625 0.8902777777777777 0.45625 1 0.590625 1
8 0.73203125 0.8500000000000002 0.61015625 0.85 0.61015625 1.0000000000000002 0.73203125 1.0000000000000002