3 0.17578125000000006 0.3763888888888889 0.14921875000000004 0.3763888888888889 0.14921875000000004 0.46944444444444444 0.17578125000000006 0.46944444444444444
3 0.16796875 0.25972222222222224 0.14765625 0.25972222222222224 0.14765625 0.3138888888888889 0.16796875 0.3138888888888889
8 0.99453125 0.5444444444444446 0.5234375 0.5444444444444446 0.5234375 0.9986111111111112 0.99453125 0.9986111111111114
8 0.62578125 0.27361111111111125 0.49296875 0.2736111111111112 0.49296875 0.5555555555555557 0.62578125 0.5555555555555557
8 0.5703125 0.19583333333333344 0.5078125 0.19583333333333341 0.5078125 0.33055555555555566 0.5703125 0.3305555555555557
8 0.62890625 0.2458333333333335 0.58203125 0.2458333333333335 0.58203125 0.3597222222222224 0.62890625 0.3597222222222224
8 0.71953125 0.1930555555555557 0.63203125 0.1930555555555557 0.63203125 0.2902777777777779 0.71953125 0.2902777777777779
3 0.728125 0.24722222222222237 0.71015625 0.24722222222222237 0.71015625 0.2902777777777779 0.728125 0.2902777777777779
3 0.40625 0.1722222222222223 0.33046875 0.1722222222222223 0.33046875 0.2472222222222223 0.40625 0.2472222222222223
8 0.69375 0.15833333333333346 0.5875 0.15833333333333346 0.5875 0.22916666666666682 0.69375 0.22916666666666682
8 0.1859375 0.1791666666666667 0.15859375 0.17916666666666667 0.15859375 0.2166666666666667 0.1859375 0.21666666666666676
3 0.29296875 0.19444444444444453 0.27578125 0.19444444444444453 0.27578125 0.23888888888888896 0.29296875 0.23888888888888896
3 0.4953125 0.20555555555555563 0.47421875 0.20555555555555563 0.47421875 0.24166666666666675 0.4953125 0.24166666666666675