3 0.058593750000000056 0.6763888888888889 0.0015625000000000465 0.6763888888888889 0.0015625000000000539 0.8833333333333333 0.05859375000000007 0.8833333333333333
3 0.775 0.4555555555555557 0.74765625 0.4555555555555557 0.74765625 0.5736111111111113 0.775 0.5736111111111113
3 0.24609375 0.3972222222222222 0.21796875 0.3972222222222222 0.21796875 0.5208333333333334 0.24609375 0.5208333333333334
3 0.6671875 0.2625000000000002 0.65 0.2625000000000002 0.65 0.33472222222222237 0.6671875 0.33472222222222237
3 0.26171875 0.3069444444444445 0.240625 0.3069444444444445 0.240625 0.4 0.26171875 0.4
3 0.39296875 0.1972222222222223 0.378125 0.1972222222222223 0.378125 0.2527777777777779 0.39296875 0.2527777777777779
3 0.634375 0.21250000000000016 0.61875 0.21250000000000016 0.61875 0.27777777777777796 0.634375 0.27777777777777796
3 0.43203125 0.1472222222222223 0.42109375 0.1472222222222223 0.42109375 0.19305555555555565 0.43203125 0.19305555555555565
8 0.4640625 0.2527777777777779 0.36640625 0.2527777777777779 0.36640625 0.47916666666666685 0.4640625 0.47916666666666685
8 0.55234375 0.11250000000000011 0.5140625 0.11250000000000011 0.5140625 0.20555555555555569 0.55234375 0.2055555555555557
8 0.40078125 0.2583333333333334 0.35625 0.2583333333333334 0.35625 0.34583333333333344 0.40078125 0.34583333333333344