8 0.659375 0.1930555555555557 0.5984375 0.1930555555555557 0.5984375 0.2847222222222224 0.659375 0.2847222222222224
8 0.73515625 0.17361111111111127 0.67734375 0.17361111111111127 0.67734375 0.2458333333333335 0.73515625 0.2458333333333335
8 0.58671875 0.4305555555555557 0.51171875 0.4305555555555557 0.51171875 0.551388888888889 0.58671875 0.551388888888889
8 0.72890625 0.45416666666666683 0.61640625 0.45416666666666683 0.61640625 0.613888888888889 0.72890625 0.613888888888889
8 0.86328125 0.6819444444444446 0.6828125 0.6819444444444446 0.6828125 0.9680555555555557 0.86328125 0.9680555555555559
8 0.7234375 0.7819444444444444 0.54609375 0.7819444444444444 0.54609375 0.9986111111111111 0.7234375 0.9986111111111111
8 0.675 0.3791666666666668 0.6140625 0.3791666666666668 0.6140625 0.4680555555555557 0.675 0.4680555555555557
8 0.5796875 0.326388888888889 0.5234375 0.32638888888888895 0.5234375 0.41388888888888903 0.5796875 0.41388888888888903
8 0.4328125 0.19861111111111118 0.375 0.19861111111111118 0.375 0.251388888888889 0.4328125 0.251388888888889
8 0.60625 0.2166666666666668 0.56484375 0.2166666666666668 0.56484375 0.25833333333333347 0.60625 0.25833333333333347
3 0.71015625 0.28888888888888903 0.68828125 0.28888888888888903 0.68828125 0.34027777777777796 0.71015625 0.34027777777777796