8 0.6796875 0.46111111111111125 0.58984375 0.46111111111111125 0.58984375 0.6083333333333335 0.6796875 0.6083333333333335
8 0.59140625 0.2458333333333335 0.54765625 0.2458333333333335 0.54765625 0.31388888888888905 0.59140625 0.31388888888888905
14 0.625 0.13194444444444456 0.54921875 0.13194444444444456 0.54921875 0.25277777777777793 0.625 0.25277777777777793
8 0.43984375 0.49166666666666675 0.32578125 0.49166666666666664 0.32578125 0.7333333333333333 0.43984375 0.7333333333333333
8 0.4765625 0.27777777777777785 0.4 0.27777777777777785 0.4 0.4194444444444446 0.4765625 0.4194444444444446
3 0.2359375 0.4486111111111111 0.19765625000000003 0.4486111111111111 0.19765625000000003 0.5444444444444444 0.2359375 0.5444444444444444
3 0.29375 0.44027777777777777 0.2515625 0.44027777777777777 0.2515625 0.55 0.29375 0.55
3 0.21015625000000004 0.5972222222222222 0.15156250000000004 0.5972222222222222 0.15156250000000004 0.7958333333333333 0.2101562500000001 0.7958333333333333
3 0.11640625000000004 0.35555555555555557 0.046093750000000024 0.35555555555555557 0.04609375000000003 0.4513888888888889 0.11640625000000004 0.4513888888888889
3 0.2671875 0.3500000000000001 0.234375 0.3500000000000001 0.234375 0.425 0.2671875 0.425
3 0.3390625 0.2972222222222223 0.309375 0.2972222222222223 0.309375 0.3819444444444444 0.3390625 0.3819444444444444
3 0.38125 0.301388888888889 0.3546875 0.301388888888889 0.3546875 0.376388888888889 0.38125 0.37638888888888905
3 0.30546875 0.2819444444444445 0.271875 0.2819444444444445 0.271875 0.38055555555555554 0.30546875 0.38055555555555554
3 0.28515625 0.3597222222222222 0.2578125 0.3597222222222222 0.2578125 0.4444444444444444 0.28515625 0.4444444444444444
3 0.28984375000000007 0.5222222222222223 0.25078125 0.5222222222222223 0.25078125000000007 0.6541666666666667 0.28984375000000007 0.6541666666666667
3 0.16250000000000003 0.5666666666666667 0.12109375000000004 0.5666666666666667 0.12109375000000004 0.7236111111111111 0.16250000000000003 0.7236111111111111
3 0.34140625 0.2458333333333334 0.3234375 0.2458333333333334 0.3234375 0.3083333333333334 0.34140625 0.3083333333333334
3 0.37109375 0.2208333333333334 0.35390625 0.2208333333333334 0.35390625 0.2958333333333334 0.37109375 0.2958333333333334
3 0.39453125 0.251388888888889 0.378125 0.251388888888889 0.378125 0.33055555555555566 0.39453125 0.33055555555555566
3 0.41328125 0.26805555555555566 0.390625 0.26805555555555566 0.390625 0.35277777777777786 0.41328125 0.35277777777777786
3 0.3984375 0.19027777777777785 0.37890625 0.19027777777777785 0.37890625 0.2583333333333334 0.3984375 0.2583333333333334
3 0.41953125 0.20555555555555563 0.40390625 0.20555555555555563 0.40390625 0.26250000000000007 0.41953125 0.26250000000000007
3 0.66484375 0.1930555555555557 0.64609375 0.1930555555555557 0.64609375 0.25138888888888905 0.66484375 0.25138888888888905
3 0.64609375 0.15972222222222235 0.62578125 0.15972222222222235 0.62578125 0.2208333333333335 0.64609375 0.2208333333333335
3 0.6296875 0.16111111111111123 0.61171875 0.16111111111111123 0.61171875 0.2166666666666668 0.6296875 0.2166666666666668