3 0.8953125 0.5069444444444446 0.83359375 0.5069444444444446 0.83359375 0.613888888888889 0.8953125 0.613888888888889
3 0.384375 0.40833333333333344 0.328125 0.4083333333333333 0.328125 0.5125000000000001 0.384375 0.5125000000000002
3 0.61171875 0.2319444444444446 0.59609375 0.2319444444444446 0.59609375 0.31250000000000017 0.61171875 0.31250000000000017
3 0.98671875 0.8722222222222226 0.9375 0.8722222222222226 0.9375 1.0000000000000002 0.98671875 1.0000000000000002
3 0.3421875 0.2861111111111112 0.32265625 0.2861111111111112 0.32265625 0.3680555555555556 0.3421875 0.3680555555555556
3 0.321875 0.2722222222222223 0.29140625 0.2722222222222223 0.29140625 0.3444444444444445 0.321875 0.3444444444444445
3 0.88671875 0.4152777777777779 0.821875 0.4152777777777779 0.821875 0.5111111111111113 0.88671875 0.5111111111111113
3 0.4171875 0.2597222222222223 0.4 0.2597222222222223 0.4 0.3291666666666667 0.4171875 0.3291666666666667
3 0.28671875 0.37222222222222223 0.2484375 0.37222222222222223 0.2484375 0.4666666666666667 0.28671875 0.4666666666666667
3 0.709375 0.29861111111111127 0.68828125 0.29861111111111127 0.68828125 0.3791666666666668 0.709375 0.3791666666666668
3 0.2640625 0.4 0.2078125 0.4 0.2078125 0.5027777777777778 0.2640625 0.5027777777777778
3 0.048437500000000064 0.8736111111111111 0.0031250000000000596 0.8736111111111111 0.0031250000000000644 0.9986111111111111 0.048437500000000064 0.9986111111111111
3 0.365625 0.2597222222222223 0.34375 0.2597222222222223 0.34375 0.3361111111111112 0.365625 0.3361111111111112
3 0.38203125 0.25694444444444453 0.359375 0.25694444444444453 0.359375 0.3333333333333334 0.38203125 0.3333333333333334
8 0.73359375 0.4555555555555557 0.6 0.4555555555555557 0.6 0.5819444444444446 0.73359375 0.5819444444444446
8 0.57109375 0.28333333333333344 0.4984375 0.28333333333333344 0.4984375 0.3666666666666668 0.57109375 0.3666666666666668
8 0.27421875 0.4777777777777778 0.12031250000000004 0.4777777777777778 0.12031250000000004 0.6138888888888889 0.27421875 0.6138888888888889
8 0.55078125 0.13750000000000012 0.50078125 0.13750000000000012 0.50078125 0.25972222222222235 0.55078125 0.25972222222222235
8 0.47265625 0.20277777777777786 0.4359375 0.20277777777777786 0.4359375 0.30416666666666675 0.47265625 0.30416666666666675