8 0.69296875 0.18888888888888905 0.62578125 0.18888888888888905 0.62578125 0.2555555555555557 0.69296875 0.2555555555555557
8 0.56171875 0.36388888888888904 0.51015625 0.36388888888888904 0.51015625 0.4555555555555557 0.56171875 0.4555555555555557
8 0.5703125 0.3000000000000001 0.5265625 0.3000000000000001 0.5265625 0.3666666666666668 0.5703125 0.3666666666666668
8 0.675 0.3930555555555557 0.59375 0.3930555555555557 0.59375 0.5055555555555558 0.675 0.5055555555555558
8 0.73515625 0.5305555555555557 0.6203125 0.5305555555555557 0.6203125 0.6833333333333335 0.73515625 0.6833333333333335
8 0.65859375 0.6305555555555558 0.52109375 0.6305555555555558 0.52109375 0.8694444444444445 0.65859375 0.8694444444444445
8 0.65078125 0.34027777777777796 0.59765625 0.34027777777777796 0.59765625 0.4013888888888891 0.65078125 0.4013888888888891
8 0.62421875 0.21527777777777793 0.57421875 0.21527777777777793 0.57421875 0.26388888888888906 0.62421875 0.26388888888888906
8 0.490625 0.20416666666666675 0.42890625 0.20416666666666675 0.42890625 0.2527777777777779 0.490625 0.2527777777777779
3 0.85234375 0.4583333333333335 0.8125 0.4583333333333335 0.8125 0.5583333333333335 0.85234375 0.5583333333333335
3 0.7109375 0.2611111111111113 0.690625 0.2611111111111113 0.690625 0.3055555555555557 0.7109375 0.3055555555555557