3 0.25546875 0.6069444444444444 0.2140625 0.6069444444444444 0.21406250000000004 0.7833333333333333 0.2554687500000001 0.7833333333333333
3 0.565625 0.6527777777777779 0.52109375 0.6527777777777779 0.52109375 0.8111111111111111 0.565625 0.8111111111111111
3 0.47578125 0.501388888888889 0.44375 0.501388888888889 0.44375 0.6291666666666669 0.47578125 0.6291666666666669
3 0.5203125 0.48750000000000016 0.4953125 0.48750000000000016 0.4953125 0.6083333333333335 0.5203125 0.6083333333333335
3 0.5609375 0.4291666666666668 0.52890625 0.4291666666666668 0.52890625 0.5444444444444446 0.5609375 0.5444444444444446
8 0.4515625 0.3236111111111112 0.38984375 0.3236111111111112 0.38984375 0.4500000000000002 0.4515625 0.4500000000000002
3 0.50234375 0.3694444444444446 0.4765625 0.3694444444444446 0.4765625 0.46666666666666684 0.50234375 0.46666666666666684
3 0.52734375 0.3819444444444446 0.5046875 0.3819444444444446 0.5046875 0.4680555555555557 0.52734375 0.4680555555555557
3 0.52890625 0.313888888888889 0.50625 0.313888888888889 0.50625 0.3875000000000002 0.52890625 0.3875000000000002
8 0.4640625 0.2666666666666667 0.42578125 0.2666666666666667 0.42578125 0.34027777777777785 0.4640625 0.34027777777777785
8 0.4859375 0.20416666666666675 0.4578125 0.20416666666666675 0.4578125 0.26250000000000007 0.4859375 0.26250000000000007
3 0.41953125 0.2722222222222223 0.4015625 0.2722222222222223 0.4015625 0.3361111111111112 0.41953125 0.3361111111111112
3 0.40078125 0.30416666666666675 0.38515625 0.30416666666666675 0.38515625 0.36250000000000016 0.40078125 0.36250000000000016