3 0.3546875 0.2222222222222223 0.340625 0.2222222222222223 0.340625 0.2861111111111112 0.3546875 0.2861111111111112
3 0.24140625 0.3888888888888889 0.21484375 0.3888888888888889 0.21484375 0.5055555555555555 0.24140625 0.5055555555555555
3 0.32421875 0.2597222222222223 0.30625 0.2597222222222223 0.30625 0.33888888888888896 0.32421875 0.33888888888888896
3 0.39140625 0.19861111111111118 0.37890625 0.19861111111111118 0.37890625 0.24027777777777787 0.39140625 0.24027777777777787
3 0.3046875 0.31805555555555565 0.28359375 0.31805555555555565 0.28359375 0.4125 0.3046875 0.4125
3 0.85078125 0.5222222222222224 0.81640625 0.5222222222222224 0.81640625 0.6472222222222224 0.85078125 0.6472222222222224
3 0.12890625000000006 0.39861111111111114 0.10078125000000004 0.39861111111111114 0.10078125000000004 0.5027777777777778 0.12890625000000006 0.5027777777777778
8 0.41484375 0.2458333333333334 0.371875 0.2458333333333334 0.371875 0.3152777777777779 0.41484375 0.3152777777777779
8 0.3921875 0.31805555555555565 0.33984375 0.31805555555555565 0.33984375 0.40833333333333344 0.3921875 0.4083333333333335
8 0.46953125 0.2583333333333334 0.43046875 0.2583333333333334 0.43046875 0.31805555555555565 0.46953125 0.31805555555555565
8 0.7921875 0.5444444444444446 0.5796875 0.5444444444444446 0.5796875 1.0000000000000002 0.7921875 1.0000000000000002
8 0.58203125 0.20833333333333345 0.51484375 0.20833333333333343 0.51484375 0.3472222222222223 0.58203125 0.3472222222222224
8 0.4734375 0.11666666666666677 0.44453125 0.11666666666666675 0.44453125 0.18055555555555564 0.4734375 0.18055555555555564
8 0.434375 0.2250000000000001 0.41015625 0.2250000000000001 0.41015625 0.27777777777777785 0.434375 0.27777777777777785