3 0.3468750000000001 0.7916666666666666 0.2828125000000001 0.7916666666666666 0.2828125000000001 0.9402777777777778 0.3468750000000001 0.9402777777777778
3 0.73203125 0.713888888888889 0.69296875 0.7138888888888889 0.69296875 0.8291666666666668 0.73203125 0.8291666666666669
3 0.7625 0.47500000000000014 0.7421875 0.47500000000000014 0.7421875 0.5361111111111113 0.7625 0.5361111111111113
3 0.86015625 0.45416666666666683 0.83515625 0.45416666666666683 0.83515625 0.526388888888889 0.86015625 0.526388888888889
3 0.74296875 0.5125000000000002 0.71796875 0.5125000000000002 0.71796875 0.5819444444444446 0.74296875 0.5819444444444446
3 0.509375 0.6250000000000001 0.46328125 0.6250000000000001 0.46328125 0.7430555555555556 0.509375 0.7430555555555556
3 0.54296875 0.5666666666666669 0.50625 0.5666666666666669 0.50625 0.6680555555555557 0.54296875 0.6680555555555557
3 0.44765625 0.627777777777778 0.403125 0.627777777777778 0.403125 0.7458333333333333 0.44765625 0.7458333333333333
3 0.78515625 0.4361111111111113 0.7640625 0.4361111111111113 0.7640625 0.4916666666666668 0.78515625 0.4916666666666668
3 0.82890625 0.47361111111111126 0.8046875 0.47361111111111126 0.8046875 0.5416666666666669 0.82890625 0.5416666666666669
3 0.46328125 0.8 0.40078125 0.8 0.40078125 0.9541666666666667 0.46328125 0.9541666666666667
3 0.7390625 0.6097222222222224 0.70625 0.6097222222222224 0.70625 0.7041666666666668 0.7390625 0.7041666666666668
3 0.5046875 0.8486111111111111 0.4375 0.8486111111111111 0.4375 0.9916666666666667 0.5046875 0.9916666666666667
3 0.784375 0.6319444444444446 0.75 0.6319444444444446 0.75 0.7347222222222225 0.784375 0.7347222222222225
3 0.8890625 0.3958333333333335 0.8671875 0.3958333333333335 0.8671875 0.4569444444444446 0.8890625 0.4569444444444446
3 0.7625 0.3666666666666668 0.746875 0.3666666666666668 0.746875 0.41250000000000014 0.7625 0.41250000000000014
3 0.57421875 0.6208333333333335 0.53671875 0.6208333333333335 0.53671875 0.7291666666666666 0.57421875 0.7291666666666666
3 0.71015625 0.4708333333333335 0.6875 0.4708333333333335 0.6875 0.5347222222222224 0.71015625 0.5347222222222224
3 0.68984375 0.5472222222222224 0.6625 0.5472222222222224 0.6625 0.6250000000000001 0.68984375 0.6250000000000001
3 0.81484375 0.3722222222222224 0.796875 0.3722222222222224 0.796875 0.4222222222222224 0.81484375 0.4222222222222224
3 0.64609375 0.47361111111111126 0.6234375 0.47361111111111126 0.6234375 0.5361111111111113 0.64609375 0.5361111111111113
3 0.74296875 0.3805555555555557 0.72734375 0.3805555555555557 0.72734375 0.4291666666666668 0.74296875 0.4291666666666668
3 0.65078125 0.5763888888888891 0.621875 0.5763888888888891 0.621875 0.6569444444444446 0.65078125 0.6569444444444446
3 0.6640625 0.6305555555555558 0.6265625 0.6305555555555558 0.6265625 0.7375 0.6640625 0.7375
3 0.61796875 0.5625000000000001 0.58828125 0.5625000000000001 0.58828125 0.6486111111111112 0.61796875 0.6486111111111112
3 0.853125 0.3680555555555557 0.8359375 0.3680555555555557 0.8359375 0.41805555555555574 0.853125 0.41805555555555574
3 0.609375 0.4972222222222224 0.5859375 0.4972222222222224 0.5859375 0.563888888888889 0.609375 0.563888888888889
3 0.79921875 0.5125000000000002 0.771875 0.5125000000000002 0.771875 0.5861111111111112 0.79921875 0.5861111111111112
3 0.63125 0.5180555555555557 0.6078125 0.5180555555555557 0.6078125 0.5819444444444446 0.63125 0.5819444444444446
3 0.740625 0.44583333333333347 0.71953125 0.44583333333333347 0.71953125 0.5083333333333335 0.740625 0.5083333333333335
3 0.29375000000000007 0.8833333333333333 0.22812500000000008 0.8833333333333333 0.22812500000000008 0.9888888888888889 0.29375000000000007 0.9888888888888889
3 0.7953125 0.46250000000000013 0.775 0.46250000000000013 0.775 0.5166666666666668 0.7953125 0.5166666666666668
3 0.67578125 0.4902777777777779 0.65625 0.4902777777777779 0.65625 0.5486111111111113 0.67578125 0.5486111111111113
3 0.86171875 0.3430555555555557 0.84765625 0.3430555555555557 0.84765625 0.38472222222222235 0.86171875 0.38472222222222235
3 0.78046875 0.33611111111111125 0.76875 0.33611111111111125 0.76875 0.37638888888888905 0.78046875 0.37638888888888905
8 0.57421875 0.40000000000000013 0.52578125 0.40000000000000013 0.52578125 0.46527777777777796 0.57421875 0.46527777777777796
8 0.70625 0.41250000000000014 0.659375 0.41250000000000014 0.659375 0.4833333333333335 0.70625 0.4833333333333335
14 0.64375 0.3027777777777779 0.61015625 0.3027777777777779 0.61015625 0.36111111111111127 0.64375 0.36111111111111127