3 0.46484375 0.8097222222222222 0.4109375 0.8097222222222222 0.4109375 1 0.46484375 1
3 0.5125 0.7000000000000002 0.465625 0.7000000000000002 0.465625 0.8847222222222222 0.5125 0.8847222222222222
3 0.57265625 0.7486111111111111 0.52578125 0.7486111111111111 0.52578125 0.9625 0.57265625 0.9625
3 0.50859375 0.47638888888888903 0.48203125 0.47638888888888903 0.48203125 0.6111111111111113 0.50859375 0.6111111111111113
3 0.5515625 0.5819444444444446 0.51640625 0.5819444444444446 0.51640625 0.7125 0.5515625 0.7125
3 0.55390625 0.41805555555555574 0.52890625 0.41805555555555574 0.52890625 0.5319444444444446 0.55390625 0.5319444444444446
3 0.27421875000000007 0.5597222222222222 0.2359375 0.5597222222222222 0.23593750000000005 0.7013888888888888 0.27421875000000007 0.7013888888888888
3 0.3375 0.5138888888888888 0.30078125 0.5138888888888888 0.30078125 0.6319444444444444 0.3375 0.6319444444444444
3 0.38515625 0.41666666666666674 0.35859375 0.4166666666666667 0.35859375 0.5250000000000001 0.38515625 0.5250000000000001
3 0.33515625 0.44722222222222224 0.309375 0.44722222222222224 0.309375 0.5361111111111111 0.33515625 0.5361111111111111
3 0.49765625 0.3069444444444445 0.48203125 0.3069444444444445 0.48203125 0.3819444444444446 0.49765625 0.3819444444444446
3 0.509375 0.29027777777777786 0.4953125 0.29027777777777786 0.4953125 0.3583333333333335 0.509375 0.3583333333333335
3 0.53828125 0.2250000000000001 0.525 0.2250000000000001 0.525 0.28333333333333344 0.53828125 0.28333333333333344
3 0.51328125 0.20694444444444451 0.5 0.20694444444444451 0.5 0.26250000000000007 0.51328125 0.26250000000000007
3 0.40859375 0.2819444444444445 0.39453125 0.2819444444444445 0.39453125 0.3472222222222223 0.40859375 0.3472222222222223
3 0.44921875 0.23055555555555562 0.43515625 0.23055555555555562 0.43515625 0.28333333333333344 0.44921875 0.28333333333333344
3 0.465625 0.20277777777777786 0.45234375 0.20277777777777786 0.45234375 0.25694444444444453 0.465625 0.25694444444444453
8 0.45546875 0.35277777777777786 0.3984375 0.35277777777777786 0.3984375 0.4555555555555557 0.45546875 0.4555555555555557
8 0.37421875000000004 0.6291666666666668 0.2421875 0.6291666666666667 0.24218750000000006 0.8902777777777777 0.3742187500000001 0.8902777777777777