3 0.68515625 0.41666666666666685 0.66640625 0.41666666666666685 0.66640625 0.47500000000000014 0.68515625 0.47500000000000014
3 0.52421875 0.8361111111111111 0.46953125 0.8361111111111111 0.46953125 0.975 0.52421875 0.975
3 0.7421875 0.3958333333333335 0.72109375 0.3958333333333335 0.72109375 0.45138888888888906 0.7421875 0.45138888888888906
3 0.72890625 0.4722222222222224 0.70234375 0.4722222222222224 0.70234375 0.5444444444444446 0.72890625 0.5444444444444446
3 0.54140625 0.6444444444444446 0.49765625 0.6444444444444446 0.49765625 0.7513888888888889 0.54140625 0.7513888888888889
3 0.45234375 0.640277777777778 0.40078125 0.640277777777778 0.40078125 0.7611111111111111 0.45234375 0.7611111111111111
3 0.7640625 0.4444444444444446 0.73984375 0.4444444444444446 0.73984375 0.5111111111111113 0.7640625 0.5111111111111113
3 0.67734375 0.5861111111111112 0.64453125 0.5861111111111112 0.64453125 0.6736111111111113 0.67734375 0.6736111111111113
3 0.62578125 0.4819444444444446 0.59765625 0.4819444444444446 0.59765625 0.5583333333333335 0.62578125 0.5583333333333335
3 0.89921875 0.5333333333333334 0.86015625 0.5333333333333334 0.86015625 0.6166666666666668 0.89921875 0.6166666666666668
3 0.64140625 0.5319444444444446 0.6125 0.5319444444444446 0.6125 0.6125000000000002 0.64140625 0.6125000000000002
3 0.69921875 0.5180555555555557 0.66953125 0.5180555555555557 0.66953125 0.5972222222222224 0.69921875 0.5972222222222224
3 0.53359375 0.7444444444444445 0.49140625 0.7444444444444445 0.49140625 0.8486111111111111 0.53359375 0.8486111111111111
3 0.834375 0.5055555555555558 0.80078125 0.5055555555555558 0.80078125 0.588888888888889 0.834375 0.588888888888889
3 0.79765625 0.4486111111111113 0.775 0.4486111111111113 0.775 0.515277777777778 0.79765625 0.515277777777778
3 0.6296875 0.6347222222222224 0.590625 0.6347222222222224 0.590625 0.7416666666666667 0.6296875 0.7416666666666667
3 0.8734375 0.46250000000000013 0.8484375 0.46250000000000013 0.8484375 0.5291666666666668 0.8734375 0.5291666666666668
3 0.87421875 0.41666666666666685 0.8609375 0.41666666666666685 0.8609375 0.48055555555555574 0.87421875 0.48055555555555574
3 0.85703125 0.4361111111111113 0.8390625 0.4361111111111113 0.8390625 0.4944444444444446 0.85703125 0.4944444444444446
3 0.77890625 0.4333333333333335 0.759375 0.4333333333333335 0.759375 0.4902777777777779 0.77890625 0.4902777777777779
3 0.6671875 0.4930555555555557 0.64140625 0.4930555555555557 0.64140625 0.5680555555555558 0.6671875 0.5680555555555558
3 0.74453125 0.5916666666666668 0.70859375 0.5916666666666668 0.70859375 0.6944444444444446 0.74453125 0.6944444444444446
3 0.83984375 0.7361111111111114 0.79765625 0.7361111111111114 0.79765625 0.854166666666667 0.83984375 0.854166666666667
3 0.71953125 0.4208333333333335 0.696875 0.4208333333333335 0.696875 0.4819444444444446 0.71953125 0.4819444444444446
3 0.73984375 0.3597222222222224 0.71875 0.3597222222222224 0.71875 0.4055555555555557 0.73984375 0.4055555555555557
3 0.69921875 0.6638888888888891 0.6609375 0.6638888888888891 0.6609375 0.7708333333333334 0.69921875 0.7708333333333334
3 0.81875 0.46527777777777796 0.7984375 0.46527777777777796 0.7984375 0.5222222222222224 0.81875 0.5222222222222224
3 0.8578125 0.35555555555555574 0.83828125 0.35555555555555574 0.83828125 0.4083333333333335 0.8578125 0.4083333333333335
3 0.7640625 0.37638888888888905 0.75 0.37638888888888905 0.75 0.4347222222222224 0.7640625 0.4347222222222224
3 0.825 0.42500000000000016 0.80625 0.42500000000000016 0.80625 0.47916666666666685 0.825 0.47916666666666685
3 0.78671875 0.41111111111111126 0.76953125 0.41111111111111126 0.76953125 0.46250000000000013 0.78671875 0.46250000000000013
3 0.8390625 0.3930555555555557 0.81953125 0.3930555555555557 0.81953125 0.4430555555555557 0.8390625 0.4430555555555557
3 0.809375 0.42500000000000016 0.79140625 0.42500000000000016 0.79140625 0.47916666666666685 0.809375 0.47916666666666685
8 0.33828125000000003 0.6277777777777778 0.2140625 0.6277777777777778 0.21406250000000004 0.7666666666666667 0.3382812500000001 0.7666666666666667
8 0.53828125 0.4013888888888891 0.48359375 0.4013888888888891 0.48359375 0.47916666666666685 0.53828125 0.47916666666666685
8 0.67890625 0.3819444444444446 0.64453125 0.3819444444444446 0.64453125 0.43750000000000017 0.67890625 0.43750000000000017
8 0.61640625 0.39027777777777795 0.56484375 0.39027777777777795 0.56484375 0.45972222222222237 0.61640625 0.45972222222222237
8 0.57578125 0.37500000000000017 0.5359375 0.37500000000000017 0.5359375 0.4305555555555557 0.57578125 0.4305555555555557
8 0.6765625 0.34027777777777796 0.64453125 0.34027777777777796 0.64453125 0.3861111111111113 0.6765625 0.3861111111111113
8 0.6265625 0.3388888888888891 0.59453125 0.3388888888888891 0.59453125 0.3875000000000002 0.6265625 0.3875000000000002
8 0.6421875 0.3055555555555557 0.61484375 0.3055555555555557 0.61484375 0.3472222222222224 0.6421875 0.3472222222222224