8 0.83671875 0.6013888888888891 0.69921875 0.6013888888888891 0.69921875 0.7888888888888891 0.83671875 0.7888888888888892
8 0.6359375 0.31250000000000017 0.58203125 0.31250000000000017 0.58203125 0.39861111111111125 0.6359375 0.39861111111111125
8 0.34765625 0.27916666666666673 0.30078125 0.27916666666666673 0.30078125 0.3430555555555556 0.34765625 0.3430555555555556
8 0.3921875 0.19583333333333341 0.33125 0.19583333333333341 0.33125 0.24166666666666675 0.3921875 0.24166666666666675
8 0.26953125 0.21527777777777782 0.17890625 0.2152777777777778 0.17890625000000002 0.4638888888888889 0.26953125 0.4638888888888889
8 0.7078125 0.19166666666666682 0.55625 0.19166666666666682 0.55625 0.2708333333333335 0.7078125 0.2708333333333335
8 0.61640625 0.2319444444444446 0.57421875 0.2319444444444446 0.57421875 0.31527777777777793 0.61640625 0.31527777777777793
8 0.62421875 0.3402777777777779 0.51171875 0.34027777777777785 0.51171875 0.6055555555555557 0.62421875 0.6055555555555557
3 0.45625 0.2361111111111112 0.425 0.2361111111111112 0.425 0.27777777777777785 0.45625 0.27777777777777785
3 0.71640625 0.2958333333333335 0.70546875 0.2958333333333335 0.70546875 0.3527777777777779 0.71640625 0.3527777777777779
3 0.7046875 0.27500000000000013 0.68984375 0.27500000000000013 0.68984375 0.32777777777777795 0.7046875 0.32777777777777795