8 0.19843750000000004 0.45416666666666666 0.06953125000000002 0.45416666666666666 0.06953125000000003 0.6777777777777778 0.19843750000000004 0.6777777777777778
8 0.21484375 0.2166666666666667 0.17734375 0.21666666666666667 0.17734375 0.2694444444444445 0.21484375 0.26944444444444454
8 0.575 0.20694444444444457 0.50234375 0.20694444444444451 0.50234375 0.36111111111111127 0.575 0.36111111111111127
8 0.48671875 0.1847222222222223 0.421875 0.1847222222222223 0.421875 0.23888888888888896 0.48671875 0.23888888888888896
8 0.29609375 0.19444444444444453 0.2453125 0.19444444444444453 0.2453125 0.31250000000000006 0.29609375 0.31250000000000006
8 0.34140625 0.1666666666666667 0.26953125 0.1666666666666667 0.26953125 0.24166666666666675 0.34140625 0.24166666666666675
8 0.175 0.14166666666666672 0.12109375 0.14166666666666672 0.12109375 0.22083333333333333 0.175 0.22083333333333333
8 0.7390625 0.18472222222222237 0.67890625 0.18472222222222237 0.67890625 0.2555555555555557 0.7390625 0.2555555555555557
8 0.628125 0.18055555555555566 0.51875 0.18055555555555564 0.51875 0.23194444444444456 0.628125 0.2319444444444446
8 0.4140625 0.22916666666666674 0.22734375 0.22916666666666674 0.22734375000000004 0.8319444444444445 0.4140625 0.8319444444444445
8 0.7671875 0.27222222222222237 0.58046875 0.27222222222222237 0.58046875 0.6250000000000001 0.7671875 0.6250000000000001
3 0.78828125 0.38333333333333347 0.75703125 0.38333333333333347 0.75703125 0.46527777777777796 0.78828125 0.46527777777777796