3 0.16718750000000004 0.3486111111111111 0.14765625000000004 0.3486111111111111 0.14765625000000004 0.43333333333333335 0.16718750000000004 0.43333333333333335
3 0.40390625 0.18888888888888897 0.38125 0.18888888888888897 0.38125 0.24444444444444452 0.40390625 0.24444444444444452
3 0.70859375 0.2708333333333335 0.69609375 0.2708333333333335 0.69609375 0.3180555555555557 0.70859375 0.3180555555555557
8 0.66484375 0.6972222222222224 0.5171875 0.6972222222222224 0.5171875 0.9763888888888889 0.66484375 0.9763888888888889
8 0.5703125 0.42500000000000016 0.49140625 0.42500000000000016 0.49140625 0.5736111111111113 0.5703125 0.5736111111111113
8 0.67109375 0.4319444444444446 0.59453125 0.4319444444444446 0.59453125 0.5472222222222224 0.67109375 0.5472222222222224
8 0.64765625 0.36111111111111127 0.590625 0.36111111111111127 0.590625 0.4305555555555557 0.64765625 0.4305555555555557
8 0.57578125 0.30972222222222234 0.53046875 0.3097222222222223 0.53046875 0.3958333333333335 0.57578125 0.3958333333333335
8 0.62578125 0.29861111111111127 0.58359375 0.29861111111111127 0.58359375 0.3597222222222224 0.62578125 0.3597222222222224
8 0.48828125 0.20416666666666675 0.4328125 0.20416666666666675 0.4328125 0.2527777777777779 0.48828125 0.2527777777777779
8 0.5609375 0.20000000000000012 0.49609375 0.20000000000000007 0.49609375 0.3111111111111112 0.5609375 0.3111111111111113
14 0.634375 0.2333333333333335 0.59140625 0.2333333333333335 0.59140625 0.31388888888888905 0.634375 0.31388888888888905
14 0.703125 0.1930555555555557 0.63046875 0.1930555555555557 0.63046875 0.2847222222222224 0.703125 0.2847222222222224
8 0.8046875 0.5763888888888891 0.64453125 0.5763888888888891 0.64453125 0.8166666666666669 0.8046875 0.816666666666667
8 0.2078125 0.13611111111111115 0.14609375 0.13611111111111115 0.14609375 0.25138888888888894 0.2078125 0.251388888888889
3 0.35 0.19583333333333341 0.32265625 0.19583333333333341 0.32265625 0.23750000000000007 0.35 0.23750000000000007