3 0.060937500000000054 0.725 0.00234375000000005 0.725 0.002343750000000058 0.9611111111111111 0.06093750000000007 0.9611111111111111
3 0.653125 0.19166666666666682 0.6421875 0.19166666666666682 0.6421875 0.2541666666666668 0.653125 0.2541666666666668
8 0.4484375 0.11666666666666675 0.4265625 0.11666666666666675 0.4265625 0.15277777777777785 0.4484375 0.15277777777777785
8 0.46015625 0.10972222222222232 0.4421875 0.1097222222222223 0.4421875 0.1402777777777779 0.46015625 0.1402777777777779
8 0.4796875 0.11250000000000011 0.4609375 0.11250000000000011 0.4609375 0.14861111111111122 0.4796875 0.14861111111111122
8 0.48515625 0.10833333333333345 0.46953125 0.10833333333333345 0.46953125 0.13472222222222235 0.48515625 0.13472222222222235
8 0.53984375 0.07916666666666679 0.5234375 0.07916666666666679 0.5234375 0.10555555555555568 0.53984375 0.10555555555555568
8 0.7875 0.7736111111111112 0.596875 0.7736111111111111 0.596875 1.0000000000000002 0.7875 1.0000000000000002
8 0.63671875 0.15694444444444458 0.5203125 0.15694444444444455 0.5203125 0.5000000000000001 0.63671875 0.5000000000000001
14 0.77578125 0.24305555555555572 0.64765625 0.24305555555555572 0.64765625 0.515277777777778 0.77578125 0.515277777777778
8 0.9921875 0.5486111111111113 0.76484375 0.5486111111111113 0.76484375 0.9444444444444448 0.9921875 0.9444444444444448