3 0.2 0.2777777777777778 0.1796875 0.2777777777777778 0.17968750000000003 0.34166666666666673 0.2 0.34166666666666673
3 0.17421875 0.25 0.14921875 0.25 0.14921875 0.32083333333333336 0.17421875 0.32083333333333336
8 0.73125 0.6972222222222224 0.5375 0.6972222222222224 0.5375 0.9986111111111112 0.73125 0.9986111111111114
8 0.84375 0.602777777777778 0.67890625 0.602777777777778 0.67890625 0.8444444444444446 0.84375 0.8444444444444448
8 0.6921875 0.4361111111111113 0.60859375 0.4361111111111113 0.60859375 0.5666666666666669 0.6921875 0.5666666666666669
8 0.60390625 0.2694444444444446 0.5609375 0.2694444444444446 0.5609375 0.32638888888888906 0.60390625 0.32638888888888906
8 0.61015625 0.3250000000000002 0.55625 0.3250000000000002 0.55625 0.41388888888888903 0.61015625 0.41388888888888903
14 0.54609375 0.18194444444444458 0.42734375 0.18194444444444452 0.42734375 0.26805555555555566 0.54609375 0.2680555555555557
14 0.725 0.2069444444444446 0.67109375 0.2069444444444446 0.67109375 0.27500000000000013 0.725 0.27500000000000013
14 0.7109375 0.2055555555555557 0.6546875 0.2055555555555557 0.6546875 0.27361111111111125 0.7109375 0.27361111111111125
14 0.6125 0.2208333333333335 0.5625 0.2208333333333335 0.5625 0.2944444444444446 0.6125 0.2944444444444446
8 0.56484375 0.21666666666666679 0.51953125 0.21666666666666676 0.51953125 0.3000000000000001 0.56484375 0.30000000000000016