3 0.25390625 0.4638888888888889 0.22109375 0.4638888888888889 0.22109375 0.6013888888888889 0.25390625 0.6013888888888889
3 0.20703125000000006 0.6125 0.15703125000000004 0.6125 0.15703125000000004 0.8097222222222222 0.20703125000000008 0.8097222222222222
3 0.38125 0.2583333333333334 0.3640625 0.2583333333333334 0.3640625 0.34166666666666673 0.38125 0.34166666666666673
3 0.16250000000000003 0.5222222222222223 0.12578125000000004 0.5222222222222223 0.12578125000000004 0.6805555555555556 0.16250000000000003 0.6805555555555556
3 0.33828125 0.26805555555555566 0.31875 0.26805555555555566 0.31875 0.3500000000000001 0.33828125 0.3500000000000001
8 0.66328125 0.19861111111111124 0.52265625 0.19861111111111118 0.52265625 0.5625000000000001 0.66328125 0.5625000000000001
8 0.4765625 0.19305555555555565 0.4234375 0.19305555555555565 0.4234375 0.3152777777777779 0.4765625 0.3152777777777779
8 0.79296875 0.5847222222222224 0.5765625 0.5847222222222224 0.5765625 1.0000000000000002 0.79296875 1.0000000000000002
8 0.76953125 0.32777777777777795 0.64765625 0.32777777777777795 0.64765625 0.5569444444444446 0.76953125 0.5569444444444446
14 0.43828125 0.1472222222222223 0.4046875 0.1472222222222223 0.4046875 0.251388888888889 0.43828125 0.251388888888889
3 0.65078125 0.24722222222222237 0.63359375 0.24722222222222237 0.63359375 0.28611111111111126 0.65078125 0.28611111111111126