3 0.5984375 0.33750000000000013 0.571875 0.33750000000000013 0.571875 0.4361111111111113 0.5984375 0.4361111111111113
3 0.76796875 0.3388888888888891 0.7375 0.3388888888888891 0.7375 0.4291666666666668 0.76796875 0.4291666666666668
3 0.85390625 0.4097222222222224 0.80703125 0.4097222222222224 0.80703125 0.5277777777777779 0.85390625 0.5277777777777779
3 0.72890625 0.27777777777777796 0.7046875 0.27777777777777796 0.7046875 0.35138888888888903 0.72890625 0.35138888888888903
3 0.6875 0.23888888888888904 0.67421875 0.23888888888888904 0.67421875 0.3083333333333335 0.6875 0.3083333333333335
8 0.64375 0.4444444444444446 0.5328125 0.4444444444444446 0.5328125 0.6083333333333335 0.64375 0.6083333333333335
8 0.975 0.6805555555555557 0.7671875 0.6805555555555557 0.7671875 0.9722222222222225 0.975 0.9722222222222225
8 0.4859375 0.19166666666666674 0.44296875 0.19166666666666674 0.44296875 0.2583333333333334 0.4859375 0.2583333333333334
8 0.57734375 0.28194444444444455 0.5203125 0.2819444444444445 0.5203125 0.36250000000000016 0.57734375 0.36250000000000016
8 0.440625 0.1722222222222223 0.41171875 0.1722222222222223 0.41171875 0.22916666666666674 0.440625 0.22916666666666674
8 0.484375 0.13194444444444456 0.46015625 0.13194444444444456 0.46015625 0.1861111111111112 0.484375 0.1861111111111112
8 0.67421875 0.13333333333333347 0.58984375 0.13333333333333344 0.58984375 0.3430555555555557 0.67421875 0.3430555555555557
8 0.790625 0.6430555555555557 0.56875 0.6430555555555557 0.56875 1.0000000000000002 0.790625 1.0000000000000002
14 0.42578125 0.16666666666666674 0.359375 0.16666666666666674 0.359375 0.2944444444444445 0.42578125 0.2944444444444445
8 0.56328125 0.17500000000000013 0.52265625 0.17500000000000013 0.52265625 0.2777777777777779 0.56328125 0.27777777777777796