3 0.2453125000000001 0.7569444444444444 0.18281250000000004 0.7569444444444444 0.18281250000000004 0.9013888888888889 0.2453125000000001 0.9013888888888889
3 0.8703125 0.7444444444444448 0.82578125 0.7444444444444448 0.82578125 0.9055555555555559 0.8703125 0.9055555555555559
3 0.5640625 0.6541666666666668 0.51953125 0.6541666666666668 0.51953125 0.7805555555555556 0.5640625 0.7805555555555556
3 0.81796875 0.4430555555555557 0.79609375 0.4430555555555557 0.79609375 0.5069444444444446 0.81796875 0.5069444444444446
3 0.70078125 0.41111111111111126 0.68046875 0.41111111111111126 0.68046875 0.4694444444444446 0.70078125 0.4694444444444446
3 0.671875 0.7513888888888889 0.62578125 0.7513888888888889 0.62578125 0.8986111111111111 0.671875 0.8986111111111111
3 0.4390625 0.8513888888888889 0.3750000000000001 0.8513888888888889 0.3750000000000001 0.9902777777777778 0.4390625 0.9902777777777778
3 0.7921875 0.5833333333333335 0.76171875 0.5833333333333335 0.76171875 0.6833333333333335 0.7921875 0.6833333333333335
3 0.89140625 0.5083333333333335 0.8625 0.5083333333333335 0.8625 0.5944444444444446 0.89140625 0.5944444444444446
3 0.678125 0.4083333333333335 0.659375 0.4083333333333335 0.659375 0.46527777777777796 0.678125 0.46527777777777796
3 0.4875 0.6666666666666669 0.44140625 0.6666666666666669 0.44140625 0.7972222222222223 0.4875 0.7972222222222223
3 0.3539062500000001 0.6861111111111111 0.30546875000000007 0.6861111111111111 0.30546875000000007 0.8180555555555555 0.3539062500000001 0.8180555555555555
3 0.45546875 0.6361111111111113 0.4140625 0.6361111111111113 0.4140625 0.7638888888888888 0.45546875 0.7638888888888888
3 0.7390625 0.3805555555555557 0.721875 0.3805555555555557 0.721875 0.4305555555555557 0.7390625 0.4305555555555557
3 0.6375 0.6666666666666669 0.59765625 0.6666666666666669 0.59765625 0.7944444444444444 0.6375 0.7944444444444444
3 0.86796875 0.45277777777777795 0.84453125 0.45277777777777795 0.84453125 0.5208333333333335 0.86796875 0.5208333333333335
3 0.70703125 0.4833333333333335 0.68046875 0.4833333333333335 0.68046875 0.5625000000000001 0.70703125 0.5625000000000001
3 0.80390625 0.3930555555555557 0.7859375 0.3930555555555557 0.7859375 0.4486111111111113 0.80390625 0.4486111111111113
3 0.7609375 0.4430555555555557 0.73828125 0.4430555555555557 0.73828125 0.5138888888888891 0.7609375 0.5138888888888891
3 0.82421875 0.39722222222222237 0.80546875 0.39722222222222237 0.80546875 0.4500000000000002 0.82421875 0.4500000000000002
3 0.796875 0.5333333333333334 0.7703125 0.5333333333333334 0.7703125 0.6111111111111113 0.796875 0.6111111111111113
3 0.79375 0.4847222222222224 0.7703125 0.4847222222222224 0.7703125 0.5500000000000002 0.79375 0.5500000000000002
3 0.87421875 0.3680555555555557 0.8546875 0.3680555555555557 0.8546875 0.42361111111111127 0.87421875 0.42361111111111127
3 0.775 0.4319444444444446 0.75703125 0.4319444444444446 0.75703125 0.48888888888888904 0.775 0.48888888888888904
3 0.759375 0.39722222222222237 0.74140625 0.39722222222222237 0.74140625 0.4500000000000002 0.759375 0.4500000000000002
3 0.8515625 0.41666666666666685 0.8328125 0.41666666666666685 0.8328125 0.47638888888888903 0.8515625 0.47638888888888903
3 0.78046875 0.38472222222222235 0.7625 0.38472222222222235 0.7625 0.43888888888888905 0.78046875 0.43888888888888905
3 0.71875 0.3597222222222224 0.70234375 0.3597222222222224 0.70234375 0.4097222222222224 0.71875 0.4097222222222224
3 0.6765625 0.38888888888888906 0.65703125 0.38888888888888906 0.65703125 0.4333333333333335 0.6765625 0.4333333333333335
3 0.9078125 0.4347222222222224 0.884375 0.4347222222222224 0.884375 0.4986111111111113 0.9078125 0.4986111111111113
3 0.4015625 0.8041666666666667 0.3531250000000001 0.8041666666666667 0.3531250000000001 0.9555555555555556 0.4015625 0.9555555555555556
8 0.32656250000000003 0.6138888888888889 0.19609375000000004 0.6138888888888889 0.19609375000000004 0.7527777777777778 0.3265625000000001 0.7527777777777778
8 0.6 0.5444444444444446 0.52890625 0.5444444444444446 0.52890625 0.6638888888888891 0.6 0.6638888888888891
8 0.40703125 0.49166666666666675 0.3203125 0.49166666666666664 0.3203125 0.6027777777777779 0.40703125 0.602777777777778
8 0.7078125 0.5680555555555558 0.6375 0.5680555555555558 0.6375 0.6861111111111112 0.7078125 0.6861111111111112
8 0.08984375000000006 0.7013888888888888 4.831614324761042e-17 0.7013888888888888 5.281289321322961e-17 0.8319444444444445 0.08984375000000007 0.8319444444444445
8 0.678125 0.45277777777777795 0.62734375 0.45277777777777795 0.62734375 0.5361111111111113 0.678125 0.5361111111111113
8 0.584375 0.4222222222222224 0.5328125 0.4222222222222224 0.5328125 0.4986111111111113 0.584375 0.4986111111111113
8 0.7 0.34166666666666684 0.66953125 0.34166666666666684 0.66953125 0.3875000000000002 0.7 0.3875000000000002
8 0.62890625 0.3250000000000002 0.6 0.3250000000000002 0.6 0.3722222222222224 0.62890625 0.3722222222222224