3 0.759375 0.8583333333333335 0.71484375 0.8583333333333333 0.71484375 0.9819444444444446 0.759375 0.9819444444444447
3 0.45859375 0.7569444444444444 0.41015625 0.7569444444444444 0.41015625 0.8916666666666667 0.45859375 0.8916666666666667
3 0.71796875 0.4069444444444446 0.69375 0.4069444444444446 0.69375 0.4680555555555557 0.71796875 0.4680555555555557
3 0.67890625 0.4319444444444446 0.65390625 0.4319444444444446 0.65390625 0.4972222222222224 0.67890625 0.4972222222222224
3 0.3031250000000001 0.7972222222222223 0.2390625000000001 0.7972222222222223 0.2390625000000001 0.9625 0.3031250000000001 0.9625
3 0.79765625 0.7152777777777781 0.7546875 0.7152777777777781 0.7546875 0.8291666666666669 0.79765625 0.8291666666666669
3 0.53125 0.8027777777777778 0.478125 0.8027777777777778 0.478125 0.9513888888888888 0.53125 0.9513888888888888
3 0.79140625 0.5180555555555557 0.76171875 0.5180555555555557 0.76171875 0.5986111111111113 0.79140625 0.5986111111111113
3 0.828125 0.4694444444444446 0.80078125 0.4694444444444446 0.80078125 0.5430555555555557 0.828125 0.5430555555555557
3 0.7515625 0.39166666666666683 0.72890625 0.39166666666666683 0.72890625 0.45138888888888906 0.7515625 0.45138888888888906
3 0.50234375 0.602777777777778 0.4609375 0.602777777777778 0.4609375 0.7138888888888889 0.50234375 0.7138888888888889
3 0.88671875 0.4319444444444446 0.85859375 0.4319444444444446 0.85859375 0.501388888888889 0.88671875 0.501388888888889
3 0.67734375 0.6430555555555557 0.6375 0.6430555555555557 0.6375 0.7583333333333333 0.67734375 0.7583333333333333
3 0.85859375 0.8750000000000003 0.8078125 0.8750000000000003 0.8078125 0.9888888888888892 0.85859375 0.9888888888888892
3 0.69921875 0.8583333333333333 0.6546875 0.8583333333333333 0.6546875 0.9805555555555555 0.69921875 0.9805555555555555
3 0.796875 0.39166666666666683 0.775 0.39166666666666683 0.775 0.44583333333333347 0.796875 0.44583333333333347
3 0.4453125 0.6416666666666668 0.4 0.6416666666666668 0.4 0.7583333333333333 0.4453125 0.7583333333333333
3 0.5890625 0.6305555555555558 0.54609375 0.6305555555555558 0.54609375 0.7486111111111111 0.5890625 0.7486111111111111
3 0.684375 0.3958333333333335 0.66171875 0.3958333333333335 0.66171875 0.4500000000000002 0.684375 0.4500000000000002
3 0.73359375 0.627777777777778 0.69921875 0.627777777777778 0.69921875 0.7222222222222224 0.73359375 0.7222222222222225
3 0.54609375 0.6125000000000002 0.50625 0.6125000000000002 0.50625 0.725 0.54609375 0.725
3 0.8453125 0.4555555555555557 0.821875 0.4555555555555557 0.821875 0.5222222222222224 0.8453125 0.5222222222222224
3 0.6796875 0.5416666666666669 0.6484375 0.5416666666666669 0.6484375 0.6305555555555558 0.6796875 0.6305555555555558
3 0.72265625 0.4958333333333335 0.7 0.4958333333333335 0.7 0.5694444444444446 0.72265625 0.5694444444444446
3 0.7765625 0.3944444444444446 0.75546875 0.3944444444444446 0.75546875 0.45138888888888906 0.7765625 0.45138888888888906
3 0.8359375 0.3708333333333335 0.815625 0.3708333333333335 0.815625 0.4222222222222224 0.8359375 0.4222222222222224
3 0.61875 0.5388888888888891 0.58515625 0.5388888888888891 0.58515625 0.6333333333333335 0.61875 0.6333333333333335
3 0.8375 0.41250000000000014 0.815625 0.41250000000000014 0.815625 0.4680555555555557 0.8375 0.4680555555555557
3 0.82421875 0.3180555555555557 0.80703125 0.3180555555555557 0.80703125 0.3597222222222224 0.82421875 0.3597222222222224
3 0.76640625 0.5166666666666668 0.7421875 0.5166666666666668 0.7421875 0.5819444444444446 0.76640625 0.5819444444444446
3 0.8015625 0.36111111111111127 0.7828125 0.36111111111111127 0.7828125 0.4055555555555557 0.8015625 0.4055555555555557
3 0.74296875 0.5930555555555557 0.72421875 0.5930555555555557 0.72421875 0.676388888888889 0.74296875 0.676388888888889
3 0.74375 0.540277777777778 0.728125 0.540277777777778 0.728125 0.6013888888888891 0.74375 0.6013888888888891
3 0.7796875 0.34166666666666684 0.7609375 0.34166666666666684 0.7609375 0.38888888888888906 0.7796875 0.38888888888888906
8 0.959375 0.5625000000000001 0.82734375 0.5625000000000001 0.82734375 0.6958333333333335 0.959375 0.6958333333333335
8 0.54375 0.47361111111111126 0.4765625 0.47361111111111126 0.4765625 0.563888888888889 0.54375 0.563888888888889
8 0.11406250000000004 0.6666666666666666 4.592425496802575e-17 0.6666666666666666 5.104289588633694e-17 0.8152777777777778 0.11406250000000004 0.8152777777777778
8 0.628125 0.3791666666666668 0.58125 0.3791666666666668 0.58125 0.44722222222222235 0.628125 0.44722222222222235
8 0.70625 0.34027777777777796 0.67421875 0.34027777777777796 0.67421875 0.38888888888888906 0.70625 0.38888888888888906
8 0.75859375 0.46111111111111125 0.7046875 0.46111111111111125 0.7046875 0.5430555555555557 0.75859375 0.5430555555555557
8 0.68203125 0.3180555555555557 0.65 0.3180555555555557 0.65 0.3680555555555557 0.68203125 0.3680555555555557