3 0.2960937500000001 0.7263888888888889 0.2390625000000001 0.7263888888888889 0.2390625000000001 0.8680555555555556 0.2960937500000001 0.8680555555555556
3 0.5703125 0.6583333333333334 0.53125 0.6583333333333334 0.53125 0.7708333333333334 0.5703125 0.7708333333333334
3 0.45546875 0.7444444444444445 0.40625 0.7444444444444445 0.40625 0.8819444444444444 0.45546875 0.8819444444444444
3 0.55234375 0.7430555555555556 0.50546875 0.7430555555555556 0.50546875 0.8791666666666667 0.55234375 0.8791666666666667
3 0.71640625 0.35555555555555574 0.69609375 0.35555555555555574 0.69609375 0.4055555555555557 0.71640625 0.4055555555555557
3 0.37187500000000007 0.875 0.30546875000000007 0.875 0.30546875000000007 0.9944444444444445 0.37187500000000007 0.9944444444444445
3 0.77734375 0.5805555555555557 0.74375 0.5805555555555557 0.74375 0.676388888888889 0.77734375 0.676388888888889
3 0.70625 0.5611111111111112 0.6796875 0.5611111111111112 0.6796875 0.6430555555555557 0.70625 0.6430555555555557
3 0.63203125 0.6180555555555557 0.59609375 0.6180555555555557 0.59609375 0.7333333333333333 0.63203125 0.7333333333333333
3 0.884375 0.4416666666666668 0.86015625 0.4416666666666668 0.86015625 0.5069444444444446 0.884375 0.5069444444444446
3 0.5515625 0.5375000000000002 0.5203125 0.5375000000000002 0.5203125 0.6333333333333335 0.5515625 0.6333333333333335
3 0.6875 0.5333333333333334 0.6625 0.5333333333333334 0.6625 0.613888888888889 0.6875 0.613888888888889
3 0.81015625 0.4569444444444446 0.78671875 0.4569444444444446 0.78671875 0.5250000000000001 0.81015625 0.5250000000000001
3 0.75 0.5361111111111113 0.725 0.5361111111111113 0.725 0.6166666666666668 0.75 0.6166666666666668
3 0.6578125 0.4958333333333335 0.6296875 0.4958333333333335 0.6296875 0.5763888888888891 0.6578125 0.5763888888888891
3 0.76328125 0.4097222222222224 0.73984375 0.4097222222222224 0.73984375 0.4708333333333335 0.76328125 0.4708333333333335
3 0.7796875 0.526388888888889 0.753125 0.526388888888889 0.753125 0.5986111111111113 0.7796875 0.5986111111111113
3 0.2632812500000001 0.8472222222222222 0.19218750000000004 0.8472222222222222 0.19218750000000007 0.9916666666666667 0.2632812500000001 0.9916666666666667
3 0.8171875 0.39722222222222237 0.79453125 0.39722222222222237 0.79453125 0.45416666666666683 0.8171875 0.45416666666666683
3 0.98359375 0.7833333333333337 0.93125 0.7833333333333337 0.93125 0.9750000000000003 0.98359375 0.9750000000000003
3 0.83203125 0.4930555555555557 0.8046875 0.4930555555555557 0.8046875 0.5680555555555558 0.83203125 0.5680555555555558
3 0.890625 0.4055555555555557 0.86640625 0.4055555555555557 0.86640625 0.46250000000000013 0.890625 0.46250000000000013
3 0.50859375 0.6180555555555557 0.4703125 0.6180555555555557 0.4703125 0.7333333333333333 0.50859375 0.7333333333333333
3 0.61328125 0.5180555555555557 0.58359375 0.5180555555555557 0.58359375 0.6083333333333335 0.61328125 0.6083333333333335
3 0.853125 0.4097222222222224 0.82890625 0.4097222222222224 0.82890625 0.4708333333333335 0.853125 0.4708333333333335
3 0.73203125 0.5166666666666668 0.70859375 0.5166666666666668 0.70859375 0.5833333333333335 0.73203125 0.5833333333333335
3 0.6921875 0.6527777777777779 0.6546875 0.6527777777777779 0.6546875 0.7666666666666667 0.6921875 0.7666666666666667
3 0.896875 0.5222222222222224 0.86328125 0.5222222222222224 0.86328125 0.6069444444444446 0.896875 0.6069444444444446
3 0.65703125 0.5833333333333335 0.628125 0.5833333333333335 0.628125 0.6722222222222224 0.65703125 0.6722222222222224
3 0.46328125 0.5916666666666668 0.42421875 0.5916666666666668 0.42421875 0.7041666666666668 0.46328125 0.7041666666666668
3 0.47421875 0.8875 0.41875 0.8875 0.41875 0.9916666666666667 0.47421875 0.9916666666666667
3 0.74140625 0.35138888888888903 0.72109375 0.35138888888888903 0.72109375 0.40000000000000013 0.74140625 0.40000000000000013
3 0.81484375 0.6736111111111113 0.775 0.6736111111111113 0.775 0.7875000000000003 0.81484375 0.7875000000000003
3 0.71796875 0.42361111111111127 0.696875 0.42361111111111127 0.696875 0.47500000000000014 0.71796875 0.47500000000000014
3 0.69375 0.4972222222222224 0.66953125 0.4972222222222224 0.66953125 0.5680555555555558 0.69375 0.5680555555555558
3 0.8421875 0.3527777777777779 0.82265625 0.3527777777777779 0.82265625 0.40000000000000013 0.8421875 0.40000000000000013
3 0.77890625 0.34166666666666684 0.7625 0.34166666666666684 0.7625 0.38472222222222235 0.77890625 0.38472222222222235
3 0.60234375 0.4972222222222224 0.578125 0.4972222222222224 0.578125 0.5694444444444446 0.60234375 0.5694444444444446
3 0.81484375 0.3472222222222224 0.79921875 0.3472222222222224 0.79921875 0.39166666666666683 0.81484375 0.39166666666666683
8 0.521875 0.42361111111111127 0.46953125 0.42361111111111127 0.46953125 0.4972222222222224 0.521875 0.4972222222222224
8 0.7109375 0.38888888888888906 0.66796875 0.38888888888888906 0.66796875 0.4500000000000002 0.7109375 0.4500000000000002
8 0.74296875 0.46111111111111125 0.696875 0.46111111111111125 0.696875 0.5291666666666668 0.74296875 0.5291666666666668
8 0.6171875 0.37638888888888905 0.57109375 0.37638888888888905 0.57109375 0.4486111111111113 0.6171875 0.4486111111111113