3 0.6484375 0.1833333333333335 0.63671875 0.1833333333333335 0.63671875 0.22222222222222238 0.6484375 0.22222222222222238
3 0.6734375 0.21250000000000016 0.65625 0.21250000000000016 0.65625 0.25277777777777793 0.6734375 0.25277777777777793
8 0.45 0.11527777777777785 0.425 0.11527777777777785 0.425 0.1583333333333334 0.45 0.1583333333333334
8 0.48046875 0.11388888888888901 0.45703125 0.11388888888888901 0.45703125 0.1500000000000001 0.48046875 0.1500000000000001
8 0.48515625 0.10555555555555568 0.4671875 0.10555555555555568 0.4671875 0.1402777777777779 0.48515625 0.1402777777777779
8 0.4609375 0.10694444444444454 0.4421875 0.10694444444444452 0.4421875 0.13333333333333344 0.4609375 0.13333333333333344
8 0.78984375 0.7375000000000002 0.5890625 0.7375 0.5890625 1.0000000000000002 0.78984375 1.0000000000000002
8 0.53828125 0.07777777777777789 0.52265625 0.07777777777777789 0.52265625 0.10416666666666678 0.53828125 0.10416666666666678
8 0.6296875 0.14583333333333345 0.5234375 0.14583333333333345 0.5234375 0.4680555555555557 0.6296875 0.4680555555555557
8 0.92890625 0.4972222222222224 0.74453125 0.4972222222222224 0.74453125 0.8319444444444447 0.92890625 0.8319444444444447
14 0.75546875 0.24027777777777792 0.6390625 0.24027777777777792 0.6390625 0.4847222222222224 0.75546875 0.4847222222222224