3 0.11406250000000004 0.35138888888888886 0.04062500000000002 0.35138888888888886 0.04062500000000003 0.43194444444444446 0.11406250000000004 0.43194444444444446
3 0.328125 0.3236111111111112 0.296875 0.3236111111111112 0.296875 0.42916666666666664 0.328125 0.42916666666666664
3 0.10546875000000004 0.5694444444444444 0.06484375000000005 0.5694444444444444 0.06484375000000005 0.6694444444444444 0.10546875000000004 0.6694444444444444
8 0.4578125 0.3916666666666667 0.31796875 0.39166666666666666 0.31796875 0.6694444444444445 0.4578125 0.6694444444444446
3 0.67421875 0.2694444444444446 0.653125 0.2694444444444446 0.653125 0.34166666666666684 0.67421875 0.34166666666666684
3 0.70546875 0.26388888888888906 0.6796875 0.26388888888888906 0.6796875 0.35416666666666685 0.70546875 0.35416666666666685
3 0.325 0.2597222222222223 0.3015625 0.2597222222222223 0.3015625 0.3291666666666667 0.325 0.3291666666666667
3 0.24921875 0.4597222222222222 0.209375 0.4597222222222222 0.209375 0.5666666666666667 0.24921875 0.5666666666666667
3 0.3609375 0.2736111111111112 0.340625 0.2736111111111112 0.340625 0.34027777777777785 0.3609375 0.34027777777777785
3 0.13515625000000003 0.6708333333333333 0.06250000000000004 0.6708333333333333 0.06250000000000006 0.8736111111111111 0.13515625000000003 0.8736111111111111
14 0.46875 0.22638888888888897 0.359375 0.22638888888888897 0.359375 0.4458333333333334 0.46875 0.44583333333333347
8 0.48203125 0.2472222222222223 0.45859375 0.2472222222222223 0.45859375 0.32777777777777783 0.48203125 0.32777777777777783