3 0.3125 0.2805555555555556 0.28828125 0.2805555555555556 0.28828125 0.36527777777777776 0.3125 0.36527777777777776
3 0.69453125 0.23611111111111127 0.675 0.23611111111111127 0.675 0.3027777777777779 0.69453125 0.3027777777777779
3 0.7765625 0.3736111111111113 0.746875 0.3736111111111113 0.746875 0.46527777777777796 0.7765625 0.46527777777777796
3 0.37265625 0.18750000000000008 0.35703125 0.18750000000000008 0.35703125 0.24305555555555564 0.37265625 0.24305555555555564
3 0.5546875 0.38472222222222235 0.52578125 0.38472222222222235 0.52578125 0.4819444444444446 0.5546875 0.4819444444444446
3 0.675 0.21250000000000016 0.6609375 0.21250000000000016 0.6609375 0.2625000000000002 0.675 0.2625000000000002
8 0.23281250000000003 0.5680555555555555 3.913129225400527e-17 0.5680555555555555 5.319559533796316e-17 0.9763888888888889 0.2328125000000001 0.9763888888888889
8 0.47265625 0.16805555555555565 0.4390625 0.16805555555555562 0.4390625 0.22777777777777786 0.47265625 0.22777777777777786
8 0.68046875 0.38472222222222235 0.57109375 0.38472222222222235 0.57109375 0.5736111111111113 0.68046875 0.5736111111111113
14 0.68046875 0.38472222222222235 0.57109375 0.38472222222222235 0.57109375 0.5736111111111113 0.68046875 0.5736111111111113
8 0.8375 0.4347222222222224 0.65078125 0.4347222222222224 0.65078125 0.8805555555555558 0.8375 0.8805555555555559
8 0.609375 0.2152777777777779 0.51640625 0.21527777777777785 0.51640625 0.42361111111111127 0.609375 0.42361111111111127
8 0.6625 0.19861111111111127 0.59609375 0.19861111111111127 0.59609375 0.3430555555555557 0.6625 0.3430555555555557
8 0.446875 0.34027777777777785 0.33125 0.34027777777777785 0.33125000000000004 0.6875000000000001 0.446875 0.6875000000000001
8 0.45078125 0.21944444444444453 0.37890625 0.21944444444444453 0.37890625 0.3430555555555556 0.45078125 0.3430555555555556