3 0.2171875 0.4875 0.17031250000000003 0.4875 0.17031250000000003 0.6166666666666667 0.2171875 0.6166666666666667
3 0.11953125000000005 0.5347222222222222 0.07421875000000004 0.5347222222222222 0.07421875000000004 0.6833333333333333 0.11953125000000005 0.6833333333333333
3 0.76875 0.5680555555555558 0.7046875 0.5680555555555558 0.7046875 0.7000000000000002 0.76875 0.7000000000000002
3 0.80859375 0.4930555555555557 0.76953125 0.4930555555555557 0.76953125 0.6111111111111113 0.80859375 0.6111111111111113
3 0.88046875 0.501388888888889 0.84140625 0.501388888888889 0.84140625 0.6444444444444446 0.88046875 0.6444444444444446
3 0.7609375 0.3958333333333335 0.728125 0.3958333333333335 0.728125 0.502777777777778 0.7609375 0.502777777777778
3 0.72265625 0.2569444444444446 0.69375 0.2569444444444446 0.69375 0.3388888888888891 0.72265625 0.3388888888888891
3 0.69375 0.25000000000000017 0.67421875 0.25000000000000017 0.67421875 0.34166666666666684 0.69375 0.34166666666666684
3 0.665625 0.2611111111111113 0.64609375 0.2611111111111113 0.64609375 0.3166666666666668 0.665625 0.3166666666666668
3 0.62578125 0.24722222222222237 0.6 0.24722222222222237 0.6 0.31388888888888905 0.62578125 0.31388888888888905
8 0.5984375 0.23611111111111122 0.52265625 0.2361111111111112 0.52265625 0.3569444444444446 0.5984375 0.3569444444444446
3 0.11484375000000005 0.36944444444444446 0.04687500000000002 0.36944444444444446 0.04687500000000003 0.44583333333333336 0.11484375000000005 0.44583333333333336
3 0.23515625 0.2666666666666667 0.1890625 0.2666666666666667 0.18906250000000002 0.32500000000000007 0.23515625 0.32500000000000007
3 0.6390625 0.23750000000000016 0.62265625 0.23750000000000016 0.62265625 0.31388888888888905 0.6390625 0.31388888888888905
3 0.6234375 0.1666666666666668 0.60703125 0.1666666666666668 0.60703125 0.2166666666666668 0.6234375 0.2166666666666668