3 0.5546875 0.5736111111111113 0.5234375 0.5736111111111113 0.5234375 0.6736111111111113 0.5546875 0.6736111111111113
3 0.65234375 0.5180555555555557 0.63046875 0.5180555555555557 0.63046875 0.5958333333333334 0.65234375 0.5958333333333334
3 0.7484375 0.5583333333333335 0.72578125 0.5583333333333335 0.72578125 0.6361111111111113 0.7484375 0.6361111111111113
3 0.8703125 0.5319444444444446 0.8453125 0.5319444444444446 0.8453125 0.6166666666666668 0.8703125 0.6166666666666668
3 0.725 0.47916666666666685 0.7078125 0.47916666666666685 0.7078125 0.565277777777778 0.725 0.565277777777778
3 0.77109375 0.4708333333333335 0.7546875 0.4708333333333335 0.7546875 0.5375000000000002 0.77109375 0.5375000000000002
3 0.7515625 0.4486111111111113 0.73671875 0.4486111111111113 0.73671875 0.5111111111111113 0.7515625 0.5111111111111113
3 0.7515625 0.41250000000000014 0.73828125 0.41250000000000014 0.73828125 0.4500000000000002 0.7515625 0.4500000000000002
3 0.78046875 0.4083333333333335 0.76875 0.4083333333333335 0.76875 0.4569444444444446 0.78046875 0.4569444444444446
3 0.7921875 0.3875000000000002 0.78046875 0.3875000000000002 0.78046875 0.4347222222222224 0.7921875 0.4347222222222224
3 0.8203125 0.3680555555555557 0.80703125 0.3680555555555557 0.80703125 0.41250000000000014 0.8203125 0.41250000000000014
3 0.8453125 0.32916666666666683 0.83671875 0.32916666666666683 0.83671875 0.36388888888888904 0.8453125 0.36388888888888904
3 0.80390625 0.35416666666666685 0.79140625 0.35416666666666685 0.79140625 0.39027777777777795 0.80390625 0.39027777777777795
3 0.74609375 0.3472222222222224 0.7359375 0.3472222222222224 0.7359375 0.38333333333333347 0.74609375 0.38333333333333347
3 0.7671875 0.36250000000000016 0.7546875 0.36250000000000016 0.7546875 0.4013888888888891 0.7671875 0.4013888888888891
3 0.78515625 0.3444444444444446 0.77578125 0.3444444444444446 0.77578125 0.3805555555555557 0.78515625 0.3805555555555557
8 0.5140625 0.4902777777777779 0.4375 0.4902777777777779 0.4375 0.5847222222222224 0.5140625 0.5847222222222224
8 0.12265625000000005 0.7402777777777778 5.099505812074525e-17 0.7402777777777778 5.783585860035743e-17 0.9388888888888889 0.12265625000000005 0.9388888888888889
8 0.53203125 0.4416666666666668 0.47734375 0.4416666666666668 0.47734375 0.4986111111111113 0.53203125 0.4986111111111113
8 0.6421875 0.3111111111111113 0.61953125 0.3111111111111113 0.61953125 0.34861111111111126 0.6421875 0.34861111111111126
8 0.64375 0.26388888888888906 0.62734375 0.26388888888888906 0.62734375 0.2902777777777779 0.64375 0.2902777777777779
8 0.66484375 0.24861111111111128 0.64921875 0.24861111111111128 0.64921875 0.27916666666666684 0.66484375 0.27916666666666684