3 0.15000000000000005 0.5819444444444445 0.06640625000000004 0.5819444444444445 0.06640625000000004 0.7916666666666666 0.15000000000000005 0.7916666666666666
3 0.11484375000000005 0.36944444444444446 0.04687500000000002 0.36944444444444446 0.04687500000000003 0.4388888888888889 0.11484375000000005 0.4388888888888889
3 0.22578125 0.2541666666666667 0.18125 0.25416666666666665 0.18125 0.31388888888888894 0.22578125 0.313888888888889
3 0.35546875 0.2361111111111112 0.3328125 0.2361111111111112 0.3328125 0.3083333333333334 0.35546875 0.3083333333333334
8 0.5921875 0.238888888888889 0.53125 0.23888888888888896 0.53125 0.34444444444444455 0.5921875 0.3444444444444446
3 0.79140625 0.5388888888888891 0.7515625 0.5388888888888891 0.7515625 0.6777777777777779 0.79140625 0.6777777777777779
3 0.77734375 0.3597222222222224 0.73984375 0.3597222222222224 0.73984375 0.4819444444444446 0.77734375 0.4819444444444446
3 0.8078125 0.36250000000000016 0.7734375 0.36250000000000016 0.7734375 0.4708333333333335 0.8078125 0.4708333333333335
3 0.7109375 0.27916666666666684 0.6859375 0.27916666666666684 0.6859375 0.34166666666666684 0.7109375 0.34166666666666684
3 0.740625 0.29166666666666685 0.71796875 0.29166666666666685 0.71796875 0.35000000000000014 0.740625 0.35000000000000014
3 0.68984375 0.2611111111111113 0.6703125 0.2611111111111113 0.6703125 0.32777777777777795 0.68984375 0.32777777777777795
3 0.675 0.26388888888888906 0.6453125 0.26388888888888906 0.6453125 0.3583333333333335 0.675 0.3583333333333335
3 0.63984375 0.2458333333333335 0.621875 0.2458333333333335 0.621875 0.3111111111111113 0.63984375 0.3111111111111113
3 0.6234375 0.23888888888888904 0.59375 0.23888888888888904 0.59375 0.3111111111111113 0.6234375 0.3111111111111113
3 0.38515625 0.18055555555555564 0.365625 0.18055555555555564 0.365625 0.251388888888889 0.38515625 0.251388888888889