3 0.41875 0.7486111111111111 0.3359375000000001 0.7486111111111111 0.3359375000000001 0.9305555555555556 0.41875 0.9305555555555556
3 0.34140625 0.25555555555555565 0.3171875 0.25555555555555565 0.3171875 0.34583333333333344 0.34140625 0.34583333333333344
3 0.19218750000000004 0.45416666666666666 0.12656250000000005 0.45416666666666666 0.12656250000000005 0.5652777777777778 0.19218750000000004 0.5652777777777778
3 0.06718750000000004 0.4152777777777778 0.005468750000000029 0.4152777777777778 0.005468750000000033 0.5166666666666667 0.06718750000000004 0.5166666666666667
3 0.30390625 0.3861111111111111 0.2640625 0.3861111111111111 0.2640625 0.4930555555555556 0.30390625 0.4930555555555556
3 0.12421875000000004 0.5138888888888888 0.05312500000000005 0.5138888888888888 0.05312500000000005 0.6291666666666667 0.12421875000000004 0.6291666666666667
3 0.3234375 0.47638888888888886 0.29453125 0.47638888888888886 0.29453125 0.6166666666666667 0.3234375 0.6166666666666667
3 0.38671875 0.22916666666666674 0.36484375 0.22916666666666674 0.36484375 0.3083333333333334 0.38671875 0.3083333333333334
3 0.65 0.27222222222222237 0.625 0.27222222222222237 0.625 0.35000000000000014 0.65 0.35000000000000014
3 0.7796875 0.6416666666666668 0.728125 0.6416666666666668 0.728125 0.8097222222222226 0.7796875 0.8097222222222226
3 0.19375000000000003 0.6458333333333334 0.14375000000000004 0.6458333333333334 0.14375000000000004 0.8097222222222222 0.19375000000000003 0.8097222222222222
3 0.85 0.7486111111111114 0.78046875 0.7486111111111114 0.78046875 0.9013888888888892 0.85 0.9013888888888892
3 0.024218750000000035 0.4930555555555556 3.3964813570102376e-17 0.4930555555555556 3.769615928625447e-17 0.6013888888888889 0.02421875000000004 0.6013888888888889
3 0.89296875 0.6583333333333334 0.83359375 0.6583333333333334 0.83359375 0.8000000000000003 0.89296875 0.8000000000000003
3 0.29375 0.2722222222222223 0.2734375 0.2722222222222223 0.2734375 0.35694444444444445 0.29375 0.35694444444444445
3 0.559375 0.1875000000000001 0.54140625 0.18750000000000008 0.54140625 0.24583333333333346 0.559375 0.2458333333333335
3 0.996875 0.729166666666667 0.978125 0.729166666666667 0.978125 0.8430555555555559 0.996875 0.8430555555555559
8 0.2968750000000001 0.7472222222222222 0.10000000000000005 0.7472222222222222 0.10000000000000006 0.9861111111111112 0.2968750000000001 0.9861111111111112
8 0.6078125 0.2541666666666668 0.55546875 0.2541666666666668 0.55546875 0.3194444444444446 0.6078125 0.3194444444444446
8 0.63203125 0.47500000000000014 0.559375 0.47500000000000014 0.559375 0.627777777777778 0.63203125 0.627777777777778
8 0.41796875 0.16944444444444454 0.38515625 0.16944444444444454 0.38515625 0.2486111111111112 0.41796875 0.2486111111111112
8 0.821875 0.37638888888888905 0.64921875 0.37638888888888905 0.64921875 0.7166666666666668 0.821875 0.716666666666667
8 0.48671875 0.2875000000000001 0.3484375 0.2875000000000001 0.34843750000000007 0.6722222222222223 0.48671875 0.6722222222222224
8 0.47421875 0.20138888888888898 0.434375 0.20138888888888898 0.434375 0.3069444444444445 0.47421875 0.3069444444444445
8 0.98046875 0.8013888888888892 0.821875 0.8013888888888892 0.821875 1.0000000000000002 0.98046875 1.0000000000000002
8 0.540625 0.11388888888888901 0.51328125 0.11388888888888901 0.51328125 0.20000000000000007 0.540625 0.20000000000000007