3 0.578125 0.43888888888888905 0.5515625 0.43888888888888905 0.5515625 0.5138888888888891 0.578125 0.5138888888888891
3 0.4453125 0.6069444444444446 0.40546875 0.6069444444444446 0.40546875 0.7166666666666667 0.4453125 0.7166666666666667
3 0.2609375000000001 0.8097222222222222 0.19687500000000005 0.8097222222222222 0.19687500000000008 0.9722222222222222 0.2609375000000001 0.9722222222222222
3 0.73671875 0.48888888888888904 0.7171875 0.48888888888888904 0.7171875 0.5569444444444446 0.73671875 0.5569444444444446
3 0.7390625 0.36388888888888904 0.72265625 0.36388888888888904 0.72265625 0.4277777777777779 0.7390625 0.4277777777777779
3 0.14062500000000006 0.8347222222222223 0.06718750000000007 0.8347222222222223 0.06718750000000007 0.9847222222222223 0.14062500000000008 0.9847222222222223
3 0.7515625 0.40000000000000013 0.73828125 0.40000000000000013 0.73828125 0.46666666666666684 0.7515625 0.46666666666666684
3 0.81640625 0.43888888888888905 0.803125 0.43888888888888905 0.803125 0.5055555555555558 0.81640625 0.5055555555555558
3 0.66484375 0.4097222222222224 0.6453125 0.4097222222222224 0.6453125 0.4694444444444446 0.66484375 0.4694444444444446
3 0.61015625 0.4291666666666668 0.59375 0.4291666666666668 0.59375 0.4930555555555557 0.61015625 0.4930555555555557
3 0.6890625 0.3819444444444446 0.678125 0.3819444444444446 0.678125 0.4277777777777779 0.6890625 0.4277777777777779
3 0.82109375 0.3819444444444446 0.80859375 0.3819444444444446 0.80859375 0.4416666666666668 0.82109375 0.4416666666666668
3 0.7640625 0.3666666666666668 0.74765625 0.3666666666666668 0.74765625 0.4222222222222224 0.7640625 0.4222222222222224
3 0.85078125 0.3861111111111113 0.83515625 0.3861111111111113 0.83515625 0.44722222222222235 0.85078125 0.44722222222222235
3 0.78046875 0.3805555555555557 0.765625 0.3805555555555557 0.765625 0.44583333333333347 0.78046875 0.44583333333333347
3 0.2250000000000001 0.7847222222222222 0.15781250000000005 0.7847222222222222 0.15781250000000005 0.95 0.2250000000000001 0.95
3 0.79453125 0.39027777777777795 0.7828125 0.39027777777777795 0.7828125 0.45277777777777795 0.79453125 0.45277777777777795
8 0.428125 0.6972222222222223 0.3070312500000001 0.6972222222222222 0.3070312500000001 0.8430555555555556 0.428125 0.8430555555555556
8 0.6125 0.6041666666666669 0.53515625 0.6041666666666669 0.53515625 0.7361111111111112 0.6125 0.7361111111111112
8 0.5203125 0.5666666666666669 0.440625 0.5666666666666669 0.440625 0.6666666666666669 0.5203125 0.6666666666666669
8 0.578125 0.725 0.4734375 0.725 0.4734375 0.8791666666666667 0.578125 0.8791666666666667
14 0.17656250000000004 0.6236111111111111 0.009375000000000041 0.6236111111111111 0.009375000000000046 0.7555555555555555 0.17656250000000004 0.7555555555555555
8 0.10156250000000004 0.7944444444444444 0.0007812500000000548 0.7944444444444444 0.0007812500000000605 0.9638888888888889 0.10156250000000004 0.9638888888888889
8 0.66328125 0.48055555555555574 0.61171875 0.48055555555555574 0.61171875 0.551388888888889 0.66328125 0.551388888888889
8 0.6375 0.3819444444444446 0.59921875 0.3819444444444446 0.59921875 0.4430555555555557 0.6375 0.4430555555555557
8 0.7140625 0.4222222222222224 0.67109375 0.4222222222222224 0.67109375 0.4972222222222224 0.7140625 0.4972222222222224
8 0.71484375 0.5541666666666668 0.6625 0.5541666666666668 0.6625 0.6333333333333335 0.71484375 0.6333333333333335
8 0.75546875 0.6375000000000002 0.6953125 0.6375000000000002 0.6953125 0.727777777777778 0.75546875 0.7277777777777781
14 0.78828125 0.7055555555555557 0.65625 0.7055555555555557 0.65625 0.9652777777777779 0.78828125 0.9652777777777781
3 0.70859375 0.5666666666666669 0.6875 0.5666666666666669 0.6875 0.6736111111111113 0.70859375 0.6736111111111113