3 0.5875 0.5208333333333335 0.5140625 0.5208333333333335 0.5140625 0.6555555555555557 0.5875 0.6555555555555557
3 0.34921875 0.5388888888888889 0.26640625 0.5388888888888889 0.26640625000000007 0.6652777777777777 0.3492187500000001 0.6652777777777777
3 0.41953125 0.6833333333333335 0.3507812500000001 0.6833333333333333 0.3507812500000001 0.8513888888888889 0.41953125 0.8513888888888889
3 0.90546875 0.6861111111111112 0.82265625 0.6861111111111112 0.82265625 0.8500000000000003 0.90546875 0.8500000000000003
3 0.7734375 0.5041666666666669 0.703125 0.5041666666666669 0.703125 0.6180555555555557 0.7734375 0.6180555555555557
3 0.52109375 0.38472222222222235 0.453125 0.38472222222222235 0.453125 0.48888888888888904 0.52109375 0.48888888888888904
3 0.6421875 0.6347222222222224 0.58125 0.6347222222222224 0.58125 0.7916666666666666 0.6421875 0.7916666666666666
3 0.42578125 0.42638888888888904 0.3640625 0.42638888888888904 0.3640625 0.5305555555555557 0.42578125 0.5305555555555557
3 0.746875 0.613888888888889 0.69375 0.613888888888889 0.69375 0.7569444444444446 0.746875 0.7569444444444448
3 0.06640625000000004 0.5930555555555556 0.0007812500000000409 0.5930555555555556 0.0007812500000000455 0.7263888888888889 0.06640625000000004 0.7263888888888889
3 0.039843750000000025 0.3902777777777778 2.688482426253174e-17 0.3902777777777778 3.0042116791583504e-17 0.48194444444444445 0.03984375000000003 0.48194444444444445
3 0.3984375 0.26388888888888895 0.384375 0.26388888888888895 0.384375 0.3347222222222223 0.3984375 0.3347222222222223
3 0.3203125 0.2847222222222223 0.29765625 0.2847222222222223 0.29765625 0.375 0.3203125 0.375
3 0.17578125000000006 0.4375 0.11484375000000005 0.4375 0.11484375000000005 0.5388888888888889 0.17578125000000006 0.5388888888888889
3 0.19453125000000004 0.5541666666666667 0.11093750000000005 0.5541666666666667 0.11093750000000005 0.6763888888888889 0.19453125000000004 0.6763888888888889
3 0.12578125000000004 0.49166666666666664 0.05312500000000005 0.49166666666666664 0.05312500000000005 0.5986111111111111 0.12578125000000004 0.5986111111111111
3 0.83203125 0.563888888888889 0.78359375 0.563888888888889 0.78359375 0.6916666666666669 0.83203125 0.6916666666666669
3 0.465625 0.36388888888888904 0.41875 0.36388888888888904 0.41875 0.45277777777777795 0.465625 0.45277777777777795
3 0.70078125 0.41388888888888903 0.64921875 0.41388888888888903 0.64921875 0.5138888888888891 0.70078125 0.5138888888888891
3 0.80703125 0.40277777777777796 0.76171875 0.40277777777777796 0.76171875 0.5055555555555558 0.80703125 0.5055555555555558
3 0.75703125 0.4291666666666668 0.69921875 0.4291666666666668 0.69921875 0.5291666666666668 0.75703125 0.5291666666666668
3 0.43203125 0.2472222222222223 0.41328125 0.2472222222222223 0.41328125 0.32638888888888895 0.43203125 0.32638888888888895
3 0.2078125 0.3875 0.15390625000000005 0.3875 0.15390625000000005 0.4708333333333333 0.2078125 0.4708333333333333
3 0.06875000000000003 0.45694444444444443 0.012500000000000034 0.45694444444444443 0.012500000000000035 0.5555555555555556 0.06875000000000005 0.5555555555555556
3 0.25390625 0.36527777777777776 0.20859375 0.36527777777777776 0.20859375 0.45694444444444443 0.25390625 0.45694444444444443
3 0.45546875 0.22638888888888897 0.44140625 0.22638888888888897 0.44140625 0.29027777777777786 0.45546875 0.29027777777777786
3 0.284375 0.44027777777777777 0.21953125 0.44027777777777777 0.21953125 0.5402777777777777 0.284375 0.5402777777777777
3 0.425 0.3666666666666668 0.3921875 0.3666666666666668 0.3921875 0.45416666666666683 0.425 0.45416666666666683
3 0.3046875 0.5 0.23359375 0.5 0.23359375 0.6208333333333333 0.3046875 0.6208333333333333
3 0.3640625 0.22361111111111118 0.34765625 0.22361111111111118 0.34765625 0.2805555555555556 0.3640625 0.2805555555555556
3 0.66953125 0.3875000000000002 0.6296875 0.3875000000000002 0.6296875 0.48611111111111127 0.66953125 0.48611111111111127
3 0.29453125 0.2847222222222223 0.271875 0.2847222222222223 0.271875 0.36527777777777776 0.29453125 0.36527777777777776
3 0.9984375 0.8361111111111115 0.95859375 0.8361111111111115 0.95859375 0.9833333333333336 0.9984375 0.9833333333333336
3 0.05468750000000004 0.5180555555555556 3.568697313140334e-17 0.5180555555555556 3.956183214433051e-17 0.6305555555555555 0.05468750000000004 0.6305555555555555
3 0.30546875 0.39861111111111114 0.26171875 0.39861111111111114 0.26171875 0.4986111111111111 0.30546875 0.4986111111111111
3 0.5421875 0.21666666666666676 0.5234375 0.21666666666666676 0.5234375 0.2708333333333334 0.5421875 0.2708333333333334
8 0.18750000000000006 0.3375 0.047656250000000025 0.3375 0.047656250000000025 0.4486111111111111 0.18750000000000006 0.4486111111111111
3 0.38515625 0.25000000000000006 0.36953125 0.25000000000000006 0.36953125 0.3152777777777779 0.38515625 0.3152777777777779