3 0.81328125 0.8055555555555559 0.75859375 0.8055555555555559 0.75859375 0.9875000000000003 0.81328125 0.9875000000000003
3 0.7328125 0.8055555555555557 0.67578125 0.8055555555555556 0.67578125 0.9944444444444446 0.7328125 0.9944444444444448
3 0.45546875 0.5472222222222224 0.4234375 0.5472222222222224 0.4234375 0.7138888888888889 0.45546875 0.7138888888888889
3 0.26171875000000006 0.6361111111111111 0.2265625 0.6361111111111111 0.22656250000000006 0.8222222222222222 0.2617187500000001 0.8222222222222222
3 0.5984375 0.25833333333333347 0.58125 0.25833333333333347 0.58125 0.3430555555555557 0.5984375 0.3430555555555557
3 0.4234375 0.7125 0.3765625000000001 0.7125 0.3765625000000001 0.9097222222222222 0.4234375 0.9097222222222222
3 0.421875 0.4305555555555557 0.39296875 0.4305555555555557 0.39296875 0.5597222222222223 0.421875 0.5597222222222223
3 0.2578125 0.39444444444444443 0.2328125 0.39444444444444443 0.2328125 0.5041666666666667 0.2578125 0.5041666666666667
3 0.19765625000000003 0.6652777777777777 0.15546875000000004 0.6652777777777777 0.15546875000000004 0.8527777777777777 0.19765625000000003 0.8527777777777777
3 0.3593750000000001 0.8666666666666667 0.3039062500000001 0.8666666666666667 0.3039062500000001 1 0.3593750000000001 1
3 0.15312500000000004 0.5777777777777777 0.11562500000000005 0.5777777777777777 0.11562500000000005 0.7388888888888889 0.15312500000000004 0.7388888888888889
3 0.83671875 0.6527777777777779 0.79453125 0.6527777777777779 0.79453125 0.8305555555555558 0.83671875 0.8305555555555558
3 0.72734375 0.43750000000000017 0.7 0.43750000000000017 0.7 0.5555555555555557 0.72734375 0.5555555555555557
3 0.18125000000000008 0.8722222222222222 0.12265625000000005 0.8722222222222222 0.12265625000000006 1 0.18125000000000008 1
3 0.94296875 0.8305555555555558 0.8703125 0.8305555555555558 0.8703125 1.0000000000000002 0.94296875 1.0000000000000002
3 0.63671875 0.4694444444444446 0.60625 0.4694444444444446 0.60625 0.5958333333333334 0.63671875 0.5958333333333334
3 0.43671875 0.31944444444444453 0.41640625 0.31944444444444453 0.41640625 0.41805555555555574 0.43671875 0.41805555555555574
3 0.40234375 0.3472222222222223 0.38125 0.3472222222222223 0.38125 0.43888888888888905 0.40234375 0.43888888888888905
3 0.15937500000000004 0.4930555555555556 0.12734375000000003 0.4930555555555556 0.12734375000000003 0.625 0.15937500000000004 0.625
3 0.84375 0.5291666666666668 0.8015625 0.5291666666666668 0.8015625 0.6458333333333335 0.84375 0.6458333333333335
3 0.16015625000000006 0.3388888888888889 0.11093750000000005 0.3388888888888889 0.11093750000000005 0.43194444444444446 0.16015625000000006 0.43194444444444446
3 0.74375 0.5430555555555557 0.71171875 0.5430555555555557 0.71171875 0.6847222222222223 0.74375 0.6847222222222223
3 0.61171875 0.3583333333333335 0.58984375 0.3583333333333335 0.58984375 0.4638888888888891 0.61171875 0.4638888888888891
3 0.76171875 0.4277777777777779 0.7265625 0.4277777777777779 0.7265625 0.5305555555555557 0.76171875 0.5305555555555557
3 0.3085937500000001 0.7222222222222222 0.2632812500000001 0.7222222222222222 0.2632812500000001 0.9277777777777778 0.3085937500000001 0.9277777777777778
3 0.63671875 0.32083333333333347 0.615625 0.32083333333333347 0.615625 0.41388888888888903 0.63671875 0.41388888888888903
3 0.77890625 0.4847222222222224 0.746875 0.4847222222222224 0.746875 0.6180555555555557 0.77890625 0.6180555555555557
3 0.36171875 0.38055555555555554 0.34765625 0.38055555555555554 0.34765625 0.44166666666666665 0.36171875 0.44166666666666665
3 0.66640625 0.2847222222222224 0.646875 0.2847222222222224 0.646875 0.3722222222222224 0.66640625 0.3722222222222224
3 0.04609375000000003 0.45416666666666666 0.0070312500000000305 0.45416666666666666 0.007031250000000035 0.5597222222222222 0.04609375000000003 0.5597222222222222
3 0.31953125 0.37916666666666665 0.29375 0.37916666666666665 0.29375 0.4888888888888889 0.31953125 0.4888888888888889
3 0.89609375 0.6097222222222224 0.8453125 0.6097222222222224 0.8453125 0.7513888888888892 0.89609375 0.7513888888888892
3 0.29453125 0.41805555555555557 0.26953125 0.41805555555555557 0.26953125 0.5333333333333333 0.29453125 0.5333333333333333
3 0.475 0.4291666666666668 0.44609375 0.4291666666666668 0.44609375 0.5486111111111113 0.475 0.5486111111111113
3 0.99453125 0.8152777777777781 0.93046875 0.8152777777777781 0.93046875 1.0000000000000002 0.99453125 1.0000000000000002
3 0.240625 0.49027777777777776 0.21328125 0.49027777777777776 0.21328125 0.6388888888888888 0.240625 0.6388888888888888
3 0.66484375 0.4291666666666668 0.63984375 0.4291666666666668 0.63984375 0.5555555555555557 0.66484375 0.5555555555555557
3 0.39843750000000006 0.6055555555555556 0.3625 0.6055555555555555 0.36250000000000004 0.7652777777777777 0.3984375000000001 0.7652777777777777
3 0.27890625 0.34583333333333344 0.25390625 0.34583333333333344 0.25390625 0.44166666666666665 0.27890625 0.44166666666666665
3 0.65390625 0.36111111111111127 0.63203125 0.36111111111111127 0.63203125 0.4500000000000002 0.65390625 0.4500000000000002
3 0.6734375 0.40000000000000013 0.646875 0.40000000000000013 0.646875 0.5305555555555557 0.6734375 0.5305555555555557
3 0.35 0.2944444444444445 0.32578125 0.2944444444444445 0.32578125 0.38333333333333336 0.35 0.38333333333333336
3 0.37265625 0.3152777777777779 0.3578125 0.3152777777777779 0.3578125 0.3847222222222223 0.37265625 0.38472222222222235
8 0.68203125 0.7611111111111111 0.5140625 0.7611111111111111 0.5140625 1 0.68203125 1
8 0.371875 0.43750000000000006 0.3015625 0.4375 0.3015625 0.5805555555555556 0.371875 0.5805555555555557
8 0.4875 0.2111111111111112 0.4421875 0.2111111111111112 0.4421875 0.33055555555555566 0.4875 0.33055555555555566
3 0.85 0.6125000000000002 0.821875 0.6125000000000002 0.821875 0.7444444444444448 0.85 0.7444444444444448
3 0.89296875 0.5597222222222223 0.85546875 0.5597222222222223 0.85546875 0.6250000000000001 0.89296875 0.6250000000000001
3 0.63671875 0.2819444444444446 0.62109375 0.2819444444444446 0.62109375 0.32916666666666683 0.63671875 0.32916666666666683
3 0.35546875 0.34583333333333344 0.3375 0.34583333333333344 0.3375 0.43472222222222223 0.35546875 0.43472222222222223
3 0.060156250000000036 0.4152777777777778 0.025781250000000033 0.4152777777777778 0.025781250000000033 0.5152777777777777 0.06015625000000004 0.5152777777777777