3 0.76796875 0.36250000000000016 0.74375 0.36250000000000016 0.74375 0.4555555555555557 0.76796875 0.4555555555555557
3 0.3875 0.20000000000000007 0.36875 0.20000000000000007 0.36875 0.23750000000000007 0.3875 0.23750000000000007
3 0.37109375 0.19861111111111118 0.34765625 0.19861111111111118 0.34765625 0.2361111111111112 0.37109375 0.2361111111111112
3 0.4328125 0.2111111111111112 0.41015625 0.2111111111111112 0.41015625 0.2472222222222223 0.4328125 0.2472222222222223
3 0.4453125 0.20555555555555563 0.42265625 0.20555555555555563 0.42265625 0.24444444444444452 0.4453125 0.24444444444444452
3 0.49375 0.20694444444444451 0.47109375 0.20694444444444451 0.47109375 0.2458333333333334 0.49375 0.2458333333333334
8 0.3234375 0.23194444444444454 0.27734375 0.23194444444444454 0.27734375 0.30555555555555564 0.3234375 0.30555555555555564
8 0.278125 0.25416666666666676 0.221875 0.25416666666666676 0.221875 0.3638888888888889 0.278125 0.3638888888888889
8 0.703125 0.21111111111111128 0.64453125 0.21111111111111128 0.64453125 0.2708333333333335 0.703125 0.2708333333333335
8 0.61015625 0.24305555555555566 0.49453125 0.24305555555555564 0.49453125 0.5041666666666669 0.61015625 0.5041666666666669
8 0.70234375 0.3097222222222224 0.6125 0.3097222222222224 0.6125 0.4819444444444446 0.70234375 0.4819444444444446
8 0.62265625 0.17083333333333345 0.528125 0.17083333333333345 0.528125 0.22500000000000012 0.62265625 0.22500000000000014
14 0.31640625 0.1694444444444445 0.2109375 0.16944444444444448 0.2109375 0.2347222222222223 0.31640625 0.2347222222222223
3 0.15078125000000003 0.28055555555555556 0.13046875 0.28055555555555556 0.13046875000000002 0.3277777777777778 0.15078125000000003 0.3277777777777778