3 0.8140625 0.45138888888888906 0.78671875 0.45138888888888906 0.78671875 0.5625000000000001 0.8140625 0.5625000000000001
3 0.2640625 0.35694444444444445 0.24140625 0.35694444444444445 0.24140625 0.45694444444444443 0.2640625 0.45694444444444443
3 0.02734375000000005 0.6541666666666667 4.506317518737526e-17 0.6541666666666667 5.085154482397017e-17 0.8222222222222222 0.027343750000000056 0.8222222222222222
3 0.76328125 0.5083333333333335 0.725 0.5083333333333335 0.725 0.627777777777778 0.76328125 0.627777777777778
3 0.17656250000000004 0.4736111111111111 0.13671875000000006 0.4736111111111111 0.13671875000000006 0.6 0.17656250000000004 0.6
3 0.3953125 0.23194444444444454 0.38046875 0.23194444444444454 0.38046875 0.301388888888889 0.3953125 0.301388888888889
3 0.85859375 0.5694444444444446 0.81953125 0.5694444444444446 0.81953125 0.6986111111111113 0.85859375 0.6986111111111113
3 0.28671875 0.2944444444444445 0.2671875 0.2944444444444445 0.2671875 0.38333333333333336 0.28671875 0.38333333333333336
3 0.40390625 0.18750000000000008 0.3953125 0.18750000000000008 0.3953125 0.2250000000000001 0.40390625 0.2250000000000001
3 0.12656250000000005 0.6944444444444444 0.07968750000000005 0.6944444444444444 0.07968750000000005 0.8638888888888889 0.12656250000000005 0.8638888888888889
3 0.428125 0.17916666666666675 0.41875 0.17916666666666675 0.41875 0.21388888888888896 0.428125 0.21388888888888896
14 0.375 0.301388888888889 0.29140625 0.301388888888889 0.29140625 0.47916666666666674 0.375 0.47916666666666685
8 0.47265625 0.20833333333333343 0.4015625 0.20833333333333343 0.4015625 0.3708333333333335 0.47265625 0.3708333333333335
8 0.48671875 0.13750000000000012 0.45703125 0.13750000000000012 0.45703125 0.20277777777777786 0.48671875 0.20277777777777786
8 0.3390625000000001 0.7347222222222223 0.01718750000000005 0.7347222222222223 0.017187500000000057 1 0.3390625000000001 1
8 0.58125 0.1527777777777779 0.5515625 0.1527777777777779 0.5515625 0.21388888888888904 0.58125 0.21388888888888904
8 0.52890625 0.14583333333333345 0.496875 0.14583333333333345 0.496875 0.20416666666666675 0.52890625 0.20416666666666675
3 0.18515625000000005 0.4166666666666667 0.15937500000000004 0.4166666666666667 0.15937500000000004 0.49583333333333335 0.18515625000000005 0.49583333333333335