3 0.31875 0.39444444444444443 0.284375 0.39444444444444443 0.284375 0.5055555555555555 0.31875 0.5055555555555555
3 0.10859375000000004 0.3527777777777778 0.043750000000000025 0.3527777777777778 0.043750000000000025 0.44305555555555554 0.10859375000000004 0.44305555555555554
3 0.22734375 0.26250000000000007 0.18359375 0.26250000000000007 0.18359375 0.3069444444444445 0.22734375 0.3069444444444445
8 0.6796875 0.41250000000000014 0.57578125 0.41250000000000014 0.57578125 0.6111111111111113 0.6796875 0.6111111111111113
3 0.6546875 0.21805555555555572 0.6390625 0.21805555555555572 0.6390625 0.2680555555555557 0.6546875 0.2680555555555557
3 0.54375 0.2750000000000001 0.5171875 0.2750000000000001 0.5171875 0.3597222222222224 0.54375 0.3597222222222224
3 0.33046875 0.25555555555555565 0.30234375 0.25555555555555565 0.30234375 0.35277777777777786 0.33046875 0.35277777777777786
3 0.3546875 0.27638888888888896 0.3375 0.27638888888888896 0.3375 0.34166666666666673 0.3546875 0.34166666666666673
3 0.39609375 0.2472222222222223 0.3765625 0.2472222222222223 0.3765625 0.31111111111111117 0.39609375 0.31111111111111117
3 0.425 0.23750000000000007 0.4015625 0.23750000000000007 0.4015625 0.301388888888889 0.425 0.301388888888889
3 0.378125 0.2347222222222223 0.35546875 0.2347222222222223 0.35546875 0.3152777777777779 0.378125 0.3152777777777779
3 0.359375 0.22916666666666674 0.34375 0.22916666666666674 0.34375 0.2736111111111112 0.359375 0.2736111111111112