3 0.05312500000000003 0.4166666666666667 0.029687500000000033 0.4166666666666667 0.029687500000000033 0.5111111111111111 0.05312500000000005 0.5111111111111111
3 0.47578125 0.15972222222222235 0.4640625 0.15972222222222235 0.4640625 0.19444444444444453 0.47578125 0.19444444444444453
3 0.6515625 0.21527777777777793 0.63828125 0.21527777777777793 0.63828125 0.26527777777777795 0.6515625 0.26527777777777795
8 0.59296875 0.2333333333333335 0.5609375 0.2333333333333335 0.5609375 0.29166666666666685 0.59296875 0.29166666666666685
8 0.8203125 0.3305555555555557 0.55625 0.3305555555555557 0.55625 0.952777777777778 0.8203125 0.9527777777777781
8 0.53515625 0.16527777777777788 0.51171875 0.16527777777777788 0.51171875 0.20416666666666675 0.53515625 0.20416666666666675
3 0.4515625 0.16111111111111118 0.44140625 0.16111111111111118 0.44140625 0.1972222222222223 0.4515625 0.1972222222222223
3 0.57265625 0.18750000000000017 0.56171875 0.18750000000000017 0.56171875 0.22638888888888906 0.57265625 0.22638888888888906
3 0.596875 0.1833333333333335 0.5890625 0.1833333333333335 0.5890625 0.22222222222222238 0.596875 0.22222222222222238
14 1 0.6638888888888891 0.80703125 0.6638888888888891 0.80703125 1.0000000000000002 1 1.0000000000000002
3 0.7828125 0.4097222222222224 0.74921875 0.4097222222222224 0.74921875 0.47638888888888903 0.7828125 0.47638888888888903