3 0.15000000000000005 0.5833333333333334 0.06640625000000004 0.5833333333333334 0.06640625000000004 0.7916666666666666 0.15000000000000005 0.7916666666666666
3 0.11484375000000005 0.36944444444444446 0.04687500000000002 0.36944444444444446 0.04687500000000003 0.4375 0.11484375000000005 0.4375
3 0.225 0.2555555555555556 0.18125 0.25555555555555554 0.18125 0.31250000000000006 0.225 0.31250000000000006
3 0.35625 0.2361111111111112 0.3328125 0.2361111111111112 0.3328125 0.3083333333333334 0.35625 0.3083333333333334
8 0.590625 0.24166666666666678 0.5328125 0.24166666666666675 0.5328125 0.3402777777777779 0.590625 0.34027777777777796
3 0.7875 0.540277777777778 0.75546875 0.540277777777778 0.75546875 0.6750000000000002 0.7875 0.6750000000000002
3 0.77734375 0.3597222222222224 0.740625 0.3597222222222224 0.740625 0.48055555555555574 0.77734375 0.48055555555555574
3 0.80859375 0.36111111111111127 0.77265625 0.36111111111111127 0.77265625 0.4722222222222224 0.80859375 0.4722222222222224
3 0.7109375 0.27916666666666684 0.6859375 0.27916666666666684 0.6859375 0.34166666666666684 0.7109375 0.34166666666666684
3 0.740625 0.29166666666666685 0.71796875 0.29166666666666685 0.71796875 0.35000000000000014 0.740625 0.35000000000000014
3 0.6890625 0.2611111111111113 0.6703125 0.2611111111111113 0.6703125 0.32777777777777795 0.6890625 0.32777777777777795
3 0.6734375 0.26527777777777795 0.646875 0.26527777777777795 0.646875 0.3569444444444446 0.6734375 0.3569444444444446
3 0.63984375 0.2458333333333335 0.621875 0.2458333333333335 0.621875 0.3111111111111113 0.63984375 0.3111111111111113
3 0.6234375 0.23888888888888904 0.59375 0.23888888888888904 0.59375 0.31250000000000017 0.6234375 0.31250000000000017
3 0.38359375 0.18194444444444452 0.36640625 0.18194444444444452 0.36640625 0.251388888888889 0.38359375 0.251388888888889