3 0.48515625 0.8041666666666667 0.4296875 0.8041666666666667 0.4296875 0.9555555555555556 0.48515625 0.9555555555555556
3 0.72734375 0.8416666666666668 0.6703125 0.8416666666666667 0.6703125 0.9722222222222224 0.72734375 0.9722222222222225
3 0.6625 0.4319444444444446 0.63984375 0.4319444444444446 0.63984375 0.4944444444444446 0.6625 0.4944444444444446
3 0.6921875 0.35138888888888903 0.67265625 0.35138888888888903 0.67265625 0.40416666666666684 0.6921875 0.40416666666666684
3 0.5625 0.7236111111111111 0.51953125 0.7236111111111111 0.51953125 0.85 0.5625 0.85
3 0.77421875 0.4708333333333335 0.746875 0.4708333333333335 0.746875 0.5416666666666669 0.77421875 0.5416666666666669
3 0.825 0.5541666666666668 0.78984375 0.5541666666666668 0.78984375 0.6500000000000001 0.825 0.6500000000000001
3 0.74765625 0.6805555555555557 0.709375 0.6805555555555557 0.709375 0.7958333333333335 0.74765625 0.7958333333333336
3 0.70390625 0.4972222222222224 0.67578125 0.4972222222222224 0.67578125 0.5736111111111113 0.70390625 0.5736111111111113
3 0.61484375 0.5972222222222224 0.58046875 0.5972222222222224 0.58046875 0.6916666666666669 0.61484375 0.6916666666666669
3 0.5484375 0.4833333333333335 0.51796875 0.4833333333333335 0.51796875 0.5625000000000001 0.5484375 0.5625000000000001
3 0.68125 0.46527777777777796 0.65390625 0.46527777777777796 0.65390625 0.5388888888888891 0.68125 0.5388888888888891
3 0.63671875 0.6736111111111113 0.59921875 0.6736111111111113 0.59921875 0.7875 0.63671875 0.7875
3 0.865625 0.4069444444444446 0.8421875 0.4069444444444446 0.8421875 0.4694444444444446 0.865625 0.4694444444444446
3 0.79375 0.5944444444444446 0.75859375 0.5944444444444446 0.75859375 0.6986111111111113 0.79375 0.6986111111111113
3 0.81796875 0.41805555555555574 0.79453125 0.41805555555555574 0.79453125 0.4819444444444446 0.81796875 0.4819444444444446
3 0.68515625 0.5666666666666669 0.65 0.5666666666666669 0.65 0.6638888888888891 0.68515625 0.6638888888888891
3 0.88828125 0.39027777777777795 0.86484375 0.39027777777777795 0.86484375 0.45277777777777795 0.88828125 0.45277777777777795
3 0.85234375 0.46666666666666684 0.821875 0.46666666666666684 0.821875 0.540277777777778 0.85234375 0.540277777777778
3 0.7578125 0.4305555555555557 0.7359375 0.4305555555555557 0.7359375 0.4930555555555557 0.7578125 0.4930555555555557
3 0.78515625 0.4194444444444446 0.76328125 0.4194444444444446 0.76328125 0.48055555555555574 0.78515625 0.48055555555555574
3 0.48203125 0.6152777777777779 0.44765625 0.6152777777777779 0.44765625 0.7277777777777777 0.48203125 0.7277777777777777
3 0.73984375 0.40416666666666684 0.72734375 0.40416666666666684 0.72734375 0.46250000000000013 0.73984375 0.46250000000000013
8 0.35546875000000006 0.6083333333333333 0.2421875 0.6083333333333333 0.24218750000000006 0.7375 0.3554687500000001 0.7375
8 0.553125 0.40277777777777796 0.49609375 0.40277777777777796 0.49609375 0.4708333333333335 0.553125 0.4708333333333335
8 0.6671875 0.33750000000000013 0.63203125 0.33750000000000013 0.63203125 0.3944444444444446 0.6671875 0.3944444444444446
8 0.62421875 0.3791666666666668 0.58046875 0.3791666666666668 0.58046875 0.44027777777777793 0.62421875 0.44027777777777793
8 0.62109375 0.3333333333333335 0.58828125 0.3333333333333335 0.58828125 0.3791666666666668 0.62109375 0.3791666666666668
8 0.640625 0.3069444444444446 0.6171875 0.3069444444444446 0.6171875 0.3430555555555557 0.640625 0.3430555555555557
14 0.4796875 0.45416666666666683 0.39453125 0.45416666666666683 0.39453125 0.5583333333333335 0.4796875 0.5583333333333335