3 0.22890625 0.4597222222222222 0.18984375000000003 0.4597222222222222 0.18984375000000003 0.5680555555555555 0.22890625 0.5680555555555555
3 0.32421875 0.31111111111111117 0.2875 0.31111111111111117 0.2875 0.3819444444444444 0.32421875 0.3819444444444444
3 0.3703125 0.288888888888889 0.33828125 0.288888888888889 0.33828125 0.3916666666666667 0.3703125 0.39166666666666683
8 0.46640625 0.2986111111111112 0.40390625 0.2986111111111112 0.40390625 0.4083333333333335 0.46640625 0.4083333333333335
3 0.52890625 0.21666666666666676 0.50078125 0.21666666666666676 0.50078125 0.29166666666666674 0.52890625 0.29166666666666674
3 0.63984375 0.6083333333333335 0.57265625 0.6083333333333335 0.57265625 0.8333333333333334 0.63984375 0.8333333333333334
3 0.22812500000000008 0.7125 0.15781250000000005 0.7125 0.15781250000000008 0.9708333333333333 0.22812500000000008 0.9708333333333333
3 0.10937500000000004 0.35694444444444445 0.04687500000000002 0.35694444444444445 0.04687500000000003 0.4305555555555556 0.10937500000000004 0.4305555555555556
3 0.37109375 0.4069444444444446 0.36796875 0.4069444444444446 0.36796875 0.4097222222222224 0.37109375 0.4097222222222224
3 0.4 0.19861111111111118 0.38359375 0.19861111111111118 0.38359375 0.2583333333333334 0.4 0.2583333333333334
3 0.41875 0.23750000000000007 0.3984375 0.23750000000000007 0.3984375 0.30555555555555564 0.41875 0.30555555555555564
3 0.44609375 0.21944444444444453 0.4234375 0.21944444444444453 0.4234375 0.2958333333333334 0.44609375 0.2958333333333334
3 0.37890625 0.24305555555555564 0.35625 0.24305555555555564 0.35625 0.3083333333333334 0.37890625 0.3083333333333334
3 0.54375 0.2847222222222223 0.521875 0.2847222222222223 0.521875 0.35416666666666674 0.54375 0.35416666666666674