3 0.35781250000000003 0.5583333333333333 0.303125 0.5583333333333333 0.30312500000000003 0.7055555555555556 0.3578125000000001 0.7055555555555556
3 0.16796875000000006 0.7291666666666666 0.11640625000000004 0.7291666666666666 0.11640625000000004 0.9416666666666667 0.16796875000000006 0.9416666666666667
3 0.26406250000000003 0.5472222222222223 0.21484375 0.5472222222222223 0.21484375000000006 0.6833333333333333 0.2640625000000001 0.6833333333333333
3 0.32734375 0.3444444444444445 0.3078125 0.3444444444444445 0.3078125 0.4527777777777778 0.32734375 0.4527777777777778
3 0.13046875000000005 0.4111111111111111 0.09609375000000002 0.4111111111111111 0.09609375000000003 0.5236111111111111 0.13046875000000005 0.5236111111111111
3 0.59765625 0.2541666666666668 0.58046875 0.2541666666666668 0.58046875 0.33472222222222237 0.59765625 0.33472222222222237
3 0.37265625 0.376388888888889 0.3578125 0.3763888888888889 0.3578125 0.46666666666666673 0.37265625 0.46666666666666684
3 0.646875 0.2611111111111113 0.62265625 0.2611111111111113 0.62265625 0.33472222222222237 0.646875 0.33472222222222237
3 0.29609375 0.31111111111111117 0.26796875 0.31111111111111117 0.26796875 0.4 0.29609375 0.4
3 0.71796875 0.3319444444444446 0.690625 0.3319444444444446 0.690625 0.42638888888888904 0.71796875 0.42638888888888904
3 0.36328125 0.3555555555555556 0.34375 0.35555555555555557 0.34375 0.4250000000000001 0.36328125 0.42500000000000016
3 0.321875 0.3000000000000001 0.2953125 0.3000000000000001 0.2953125 0.3763888888888889 0.321875 0.3763888888888889
3 0.026562500000000062 0.8569444444444444 5.903180274014976e-17 0.8569444444444444 6.357639047136064e-17 0.9888888888888889 0.026562500000000065 0.9888888888888889
8 0.2796875 0.34861111111111115 0.12656250000000005 0.3486111111111111 0.12656250000000005 0.46805555555555556 0.2796875 0.46805555555555556
8 0.6015625 0.7319444444444444 0.4203125 0.7319444444444444 0.4203125 1 0.6015625 1
8 0.603125 0.35138888888888903 0.54609375 0.35138888888888903 0.54609375 0.4694444444444446 0.603125 0.4694444444444446
8 0.515625 0.2847222222222223 0.4421875 0.2847222222222223 0.4421875 0.39166666666666683 0.515625 0.39166666666666683
8 0.559375 0.19861111111111124 0.51171875 0.19861111111111118 0.51171875 0.3125000000000001 0.559375 0.31250000000000017
8 0.41640625 0.20694444444444451 0.375 0.20694444444444451 0.375 0.3083333333333334 0.41640625 0.3083333333333334
3 0.47734375 0.5472222222222224 0.4765625 0.5472222222222224 0.4765625 0.5500000000000002 0.47734375 0.5500000000000002
8 0.44921875 0.2736111111111112 0.4140625 0.2736111111111112 0.4140625 0.34027777777777785 0.44921875 0.34027777777777785
3 0.36171875 0.31250000000000006 0.3453125 0.31250000000000006 0.3453125 0.3500000000000001 0.36171875 0.3500000000000001
14 0.6015625 0.7319444444444444 0.4203125 0.7319444444444444 0.4203125 1 0.6015625 1