3 0.3148437500000001 0.7944444444444444 0.2539062500000001 0.7944444444444444 0.2539062500000001 1 0.3148437500000001 1
3 0.5703125 0.8125 0.515625 0.8125 0.515625 0.9972222222222222 0.5703125 0.9972222222222222
3 0.38984375 0.4250000000000001 0.36015625 0.425 0.36015625 0.5472222222222223 0.38984375 0.5472222222222224
3 0.50078125 0.44583333333333347 0.4765625 0.44583333333333347 0.4765625 0.5791666666666668 0.50078125 0.5791666666666668
3 0.37578125 0.33888888888888896 0.35703125 0.33888888888888896 0.35703125 0.41527777777777786 0.37578125 0.4152777777777779
3 0.42109375 0.2708333333333334 0.40625 0.2708333333333334 0.40625 0.33194444444444454 0.42109375 0.33194444444444454
3 0.5046875 0.32500000000000007 0.4890625 0.32500000000000007 0.4890625 0.4097222222222224 0.5046875 0.4097222222222224
3 0.5421875 0.3291666666666667 0.5203125 0.3291666666666667 0.5203125 0.41666666666666685 0.5421875 0.41666666666666685
3 0.4890625 0.2722222222222223 0.4765625 0.2722222222222223 0.4765625 0.3375000000000001 0.4890625 0.3375000000000001
3 0.5328125 0.27777777777777785 0.51796875 0.27777777777777785 0.51796875 0.32777777777777783 0.5328125 0.32777777777777783
3 0.47109375 0.21944444444444453 0.4578125 0.21944444444444453 0.4578125 0.26527777777777783 0.47109375 0.26527777777777783
3 0.51484375 0.24444444444444452 0.5 0.24444444444444452 0.5 0.2944444444444445 0.51484375 0.2944444444444445
3 0.5078125 0.2875000000000001 0.49296875 0.2875000000000001 0.49296875 0.33194444444444454 0.5078125 0.33194444444444454