3 0.23515625000000004 0.4652777777777778 0.17812500000000003 0.4652777777777778 0.17812500000000003 0.6527777777777778 0.2351562500000001 0.6527777777777778
3 0.59296875 0.41666666666666685 0.55390625 0.41666666666666685 0.55390625 0.5347222222222224 0.59296875 0.5347222222222224
3 0.7 0.2763888888888891 0.675 0.2763888888888891 0.675 0.3527777777777779 0.7 0.3527777777777779
3 0.359375 0.21388888888888896 0.33515625 0.21388888888888896 0.33515625 0.2875000000000001 0.359375 0.2875000000000001
3 0.41875 0.17638888888888896 0.4015625 0.17638888888888896 0.4015625 0.22361111111111118 0.41875 0.22361111111111118
3 0.64765625 0.17638888888888904 0.6265625 0.176388888888889 0.6265625 0.2319444444444446 0.64765625 0.2319444444444446
8 0.45 0.2972222222222223 0.37578125 0.2972222222222223 0.37578125 0.43750000000000017 0.45 0.43750000000000017
8 0.80859375 0.48611111111111127 0.6765625 0.48611111111111127 0.6765625 0.6625000000000002 0.80859375 0.6625000000000002
8 0.6453125 0.2347222222222224 0.59765625 0.2347222222222224 0.59765625 0.3166666666666668 0.6453125 0.3166666666666668
8 0.61640625 0.15416666666666679 0.559375 0.15416666666666679 0.559375 0.2708333333333335 0.61640625 0.2708333333333335
8 0.4765625 0.05972222222222232 0.44453125 0.05972222222222232 0.44453125 0.15972222222222232 0.4765625 0.15972222222222235
3 0.5421875 0.18888888888888897 0.51640625 0.18888888888888897 0.51640625 0.25416666666666676 0.5421875 0.25416666666666676