8 0.99921875 0.5902777777777779 0.70078125 0.5902777777777779 0.70078125 0.9986111111111112 0.99921875 0.9986111111111114
3 0.71484375 0.27500000000000013 0.69296875 0.27500000000000013 0.69296875 0.3527777777777779 0.71484375 0.3527777777777779
3 0.37187500000000007 0.5791666666666667 0.29921875 0.5791666666666667 0.29921875000000003 0.7555555555555555 0.37187500000000007 0.7555555555555555
3 0.29453125 0.38055555555555554 0.2578125 0.38055555555555554 0.2578125 0.5013888888888889 0.29453125 0.5013888888888889
3 0.10390625000000005 0.3625 0.047656250000000025 0.3625 0.047656250000000025 0.4305555555555556 0.10390625000000005 0.4305555555555556
3 0.303125 0.288888888888889 0.26953125 0.288888888888889 0.26953125 0.3763888888888889 0.303125 0.3763888888888889
3 0.4171875 0.2750000000000001 0.3921875 0.2750000000000001 0.3921875 0.3333333333333334 0.4171875 0.3333333333333334
3 0.378125 0.2666666666666667 0.34453125 0.2666666666666667 0.34453125 0.3430555555555556 0.378125 0.3430555555555556
3 0.35078125 0.24166666666666675 0.33046875 0.24166666666666675 0.33046875 0.3000000000000001 0.35078125 0.3000000000000001
3 0.39453125 0.20555555555555563 0.37578125 0.20555555555555563 0.37578125 0.2750000000000001 0.39453125 0.2750000000000001
3 0.38828125 0.16805555555555562 0.37421875 0.16805555555555562 0.37421875 0.21944444444444453 0.38828125 0.21944444444444453
3 0.58046875 0.2805555555555557 0.5609375 0.2805555555555557 0.5609375 0.3527777777777779 0.58046875 0.3527777777777779