3 0.559375 0.7486111111111111 0.496875 0.7486111111111111 0.496875 0.9611111111111111 0.559375 0.9611111111111111
3 0.49375 0.48055555555555574 0.46015625 0.48055555555555574 0.46015625 0.6152777777777779 0.49375 0.6152777777777779
3 0.24453125 0.3958333333333333 0.18593750000000003 0.3958333333333333 0.18593750000000003 0.4986111111111111 0.24453125 0.4986111111111111
3 0.33359375 0.2722222222222223 0.30859375 0.2722222222222223 0.30859375 0.35277777777777786 0.33359375 0.35277777777777786
3 0.81875 0.5847222222222224 0.77734375 0.5847222222222224 0.77734375 0.7347222222222225 0.81875 0.7347222222222225
3 0.3984375 0.513888888888889 0.359375 0.5138888888888888 0.359375 0.6430555555555556 0.3984375 0.6430555555555557
3 0.421875 0.3375000000000001 0.39453125 0.3375000000000001 0.39453125 0.4291666666666668 0.421875 0.4291666666666668
3 0.87734375 0.5958333333333334 0.834375 0.5958333333333334 0.834375 0.7486111111111114 0.87734375 0.7486111111111114
3 0.14296875000000003 0.37916666666666665 0.08750000000000002 0.37916666666666665 0.08750000000000002 0.4722222222222222 0.14296875000000003 0.4722222222222222
3 0.39375 0.20694444444444451 0.37734375 0.20694444444444451 0.37734375 0.2750000000000001 0.39375 0.2750000000000001
3 0.07109375000000002 0.3402777777777778 0.026562500000000024 0.3402777777777778 0.026562500000000027 0.4166666666666667 0.07109375000000002 0.4166666666666667
3 0.31484375 0.3236111111111112 0.28984375 0.3236111111111112 0.28984375 0.4166666666666667 0.31484375 0.4166666666666667
3 0.030468750000000027 0.36666666666666664 2.525834023241416e-17 0.36666666666666664 2.8367794995874235e-17 0.45694444444444443 0.030468750000000034 0.45694444444444443
3 0.06875000000000006 0.8833333333333333 0.012500000000000061 0.8833333333333333 0.012500000000000063 0.9888888888888889 0.06875000000000006 0.9888888888888889
3 0.22578125 0.32500000000000007 0.19062500000000004 0.32500000000000007 0.19062500000000004 0.4125 0.22578125 0.4125
3 0.83125 0.4986111111111113 0.7953125 0.4986111111111113 0.7953125 0.626388888888889 0.83125 0.626388888888889
3 0.88828125 0.5430555555555557 0.84921875 0.5430555555555557 0.84921875 0.688888888888889 0.88828125 0.688888888888889
8 0.72890625 0.6472222222222224 0.51328125 0.6472222222222224 0.51328125 0.8916666666666668 0.72890625 0.8916666666666669
8 0.4421875 0.651388888888889 0.3148437500000001 0.6513888888888889 0.3148437500000001 0.9736111111111111 0.4421875 0.9736111111111111
8 0.375 0.34166666666666673 0.3140625 0.34166666666666673 0.3140625 0.45000000000000007 0.375 0.4500000000000002
14 0.76640625 0.2847222222222224 0.61328125 0.2847222222222224 0.61328125 0.5375000000000002 0.76640625 0.5375000000000002
8 0.55859375 0.15138888888888902 0.50859375 0.15138888888888902 0.50859375 0.27222222222222237 0.55859375 0.27222222222222237
8 0.4703125 0.1500000000000001 0.4328125 0.15000000000000008 0.4328125 0.25000000000000006 0.4703125 0.25000000000000006