8 0.99921875 0.6347222222222224 0.54609375 0.6347222222222224 0.54609375 0.9986111111111112 0.99921875 0.9986111111111114
8 0.99921875 0.45972222222222237 0.6921875 0.45972222222222237 0.6921875 0.9277777777777779 0.99921875 0.9277777777777781
8 0.5890625 0.33194444444444454 0.4890625 0.33194444444444454 0.4890625 0.5597222222222223 0.5890625 0.5597222222222223
8 0.62734375 0.27777777777777796 0.58671875 0.27777777777777796 0.58671875 0.33611111111111125 0.62734375 0.33611111111111125
8 0.6515625 0.31527777777777793 0.59296875 0.31527777777777793 0.59296875 0.39722222222222237 0.6515625 0.39722222222222237
8 0.53203125 0.2861111111111112 0.4921875 0.2861111111111112 0.4921875 0.34027777777777785 0.53203125 0.34027777777777785
8 0.20703125000000006 0.4444444444444444 0.04218750000000003 0.4444444444444444 0.042187500000000044 0.8027777777777778 0.20703125000000008 0.8027777777777778
14 0.5671875 0.23750000000000013 0.51953125 0.23750000000000007 0.51953125 0.3069444444444446 0.5671875 0.3069444444444446
14 0.71328125 0.1930555555555557 0.65078125 0.1930555555555557 0.65078125 0.2611111111111113 0.71328125 0.2611111111111113
3 0.14531250000000004 0.37916666666666665 0.11562500000000005 0.37916666666666665 0.11562500000000005 0.4597222222222222 0.14531250000000004 0.4597222222222222
3 0.19375000000000003 0.2833333333333334 0.1625 0.2833333333333333 0.16250000000000003 0.3638888888888889 0.19375000000000003 0.3638888888888889