3 0.61171875 0.22222222222222238 0.5984375 0.22222222222222238 0.5984375 0.27916666666666684 0.61171875 0.27916666666666684
3 0.66640625 0.2708333333333335 0.6484375 0.2708333333333335 0.6484375 0.34861111111111126 0.66640625 0.34861111111111126
3 0.35546875 0.2819444444444445 0.33828125 0.2819444444444445 0.33828125 0.35694444444444445 0.35546875 0.35694444444444445
3 0.30078125 0.32777777777777783 0.2828125 0.32777777777777783 0.2828125 0.4041666666666667 0.30078125 0.4041666666666667
3 0.58046875 0.21250000000000016 0.5671875 0.21250000000000016 0.5671875 0.2680555555555557 0.58046875 0.2680555555555557
3 0.38515625 0.19861111111111118 0.37265625 0.19861111111111118 0.37265625 0.25000000000000006 0.38515625 0.25000000000000006
8 0.8125 0.5416666666666669 0.6828125 0.5416666666666669 0.6828125 0.7305555555555557 0.8125 0.7305555555555558
8 0.5546875 0.20000000000000012 0.52734375 0.20000000000000007 0.52734375 0.25555555555555565 0.5546875 0.2555555555555557
8 0.46484375 0.19583333333333341 0.38125 0.19583333333333341 0.38125 0.4194444444444446 0.46484375 0.4194444444444446
14 0.41875 0.37916666666666676 0.019531250000000028 0.37916666666666665 0.01953125000000005 1 0.41875 1
3 0.659375 0.2458333333333335 0.64453125 0.2458333333333335 0.64453125 0.28750000000000014 0.659375 0.28750000000000014