3 0.11015625000000004 0.3638888888888889 0.05078125000000002 0.3638888888888889 0.05078125000000002 0.4513888888888889 0.11015625000000004 0.4513888888888889
3 0.23125 0.26250000000000007 0.18984375 0.26250000000000007 0.18984375 0.3083333333333334 0.23125 0.3083333333333334
3 0.7734375 0.35416666666666685 0.7421875 0.35416666666666685 0.7421875 0.45138888888888906 0.7734375 0.45138888888888906
3 0.70078125 0.33472222222222237 0.6703125 0.33472222222222237 0.6703125 0.41805555555555574 0.70078125 0.41805555555555574
3 0.725 0.3250000000000002 0.69765625 0.3250000000000002 0.69765625 0.41111111111111126 0.725 0.41111111111111126
3 0.69140625 0.24166666666666684 0.66953125 0.24166666666666684 0.66953125 0.3319444444444446 0.69140625 0.3319444444444446
3 0.66015625 0.24861111111111128 0.64453125 0.24861111111111128 0.64453125 0.3111111111111113 0.66015625 0.3111111111111113
3 0.6421875 0.24166666666666684 0.6234375 0.24166666666666684 0.6234375 0.3069444444444446 0.6421875 0.3069444444444446
3 0.63203125 0.22638888888888906 0.5984375 0.22638888888888906 0.5984375 0.31250000000000017 0.63203125 0.31250000000000017
8 0.5953125 0.2500000000000001 0.534375 0.25000000000000006 0.534375 0.33472222222222237 0.5953125 0.33472222222222237
3 0.3765625 0.20277777777777786 0.34609375 0.20277777777777786 0.34609375 0.27777777777777785 0.3765625 0.27777777777777785
3 0.64375 0.3069444444444446 0.61796875 0.3069444444444446 0.61796875 0.3944444444444446 0.64375 0.3944444444444446