14 0.903125 0.6819444444444446 0.5390625 0.6819444444444446 0.5390625 1.0000000000000002 0.903125 1.0000000000000002
8 0.70703125 0.42638888888888904 0.61953125 0.42638888888888904 0.61953125 0.5750000000000002 0.70703125 0.5750000000000002
8 0.6546875 0.3305555555555557 0.59609375 0.3305555555555557 0.59609375 0.41805555555555574 0.6546875 0.41805555555555574
8 0.6265625 0.27500000000000013 0.58984375 0.27500000000000013 0.58984375 0.32777777777777795 0.6265625 0.32777777777777795
8 0.71796875 0.22361111111111126 0.678125 0.22361111111111126 0.678125 0.26527777777777795 0.71796875 0.26527777777777795
8 0.409375 0.20277777777777786 0.35859375 0.20277777777777786 0.35859375 0.23333333333333342 0.409375 0.23333333333333342
8 0.57421875 0.20833333333333345 0.515625 0.20833333333333343 0.515625 0.2500000000000001 0.57421875 0.25000000000000017
8 0.56796875 0.24444444444444458 0.48984375 0.24444444444444452 0.48984375 0.4097222222222224 0.56796875 0.4097222222222224
8 0.65546875 0.21527777777777793 0.6078125 0.21527777777777793 0.6078125 0.28888888888888903 0.65546875 0.28888888888888903
3 0.32421875 0.1972222222222223 0.30625 0.1972222222222223 0.30625 0.23194444444444454 0.32421875 0.23194444444444454
3 0.29765625 0.18750000000000008 0.27734375 0.18750000000000008 0.27734375 0.23194444444444454 0.29765625 0.23194444444444454
8 0.26171875 0.1833333333333334 0.21875 0.1833333333333334 0.21875 0.22361111111111118 0.26171875 0.22361111111111118
3 0.4484375 0.20555555555555563 0.4296875 0.20555555555555563 0.4296875 0.25000000000000006 0.4484375 0.25000000000000006
3 0.46015625 0.19166666666666674 0.44765625 0.19166666666666674 0.44765625 0.23750000000000007 0.46015625 0.23750000000000007
3 0.5125 0.20555555555555563 0.47734375 0.20555555555555563 0.47734375 0.24305555555555564 0.5125 0.24305555555555564
3 0.715625 0.2611111111111113 0.7046875 0.2611111111111113 0.7046875 0.3111111111111113 0.715625 0.3111111111111113
3 0.753125 0.2305555555555557 0.7328125 0.2305555555555557 0.7328125 0.2763888888888891 0.753125 0.2763888888888891
14 0.1390625 0.17083333333333336 0.10390625 0.17083333333333336 0.10390625 0.22916666666666666 0.1390625 0.22916666666666666