8 0.37343750000000003 0.40833333333333344 0.019531250000000028 0.4083333333333333 0.01953125000000005 0.9986111111111111 0.3734375000000001 0.9986111111111111
8 0.5609375 0.3000000000000001 0.509375 0.3000000000000001 0.509375 0.39861111111111125 0.5609375 0.39861111111111125
8 0.2796875 0.30416666666666675 0.215625 0.30416666666666675 0.215625 0.43194444444444446 0.2796875 0.43194444444444446
8 0.61171875 0.2763888888888891 0.5671875 0.2763888888888891 0.5671875 0.3430555555555557 0.61171875 0.3430555555555557
8 0.6828125 0.28888888888888903 0.596875 0.28888888888888903 0.596875 0.47500000000000014 0.6828125 0.47500000000000014
8 0.47578125 0.20138888888888898 0.4484375 0.20138888888888898 0.4484375 0.2527777777777779 0.47578125 0.2527777777777779
8 0.29609375 0.17222222222222228 0.17890625 0.17222222222222225 0.17890625000000002 0.3375 0.29609375 0.3375000000000001
8 0.70390625 0.17500000000000013 0.60859375 0.17500000000000013 0.60859375 0.31527777777777793 0.70390625 0.31527777777777793
8 0.7640625 0.15277777777777793 0.65859375 0.15277777777777793 0.65859375 0.24027777777777792 0.7640625 0.24027777777777792
3 0.54609375 0.21388888888888902 0.51796875 0.21388888888888896 0.51796875 0.25972222222222235 0.54609375 0.25972222222222235
3 0.5796875 0.2208333333333335 0.55625 0.2208333333333335 0.55625 0.2611111111111113 0.5796875 0.2611111111111113
3 0.18359375 0.1402777777777778 0.11484375 0.1402777777777778 0.11484375 0.2055555555555556 0.18359375 0.20555555555555563