8 0.57265625 0.1916666666666668 0.50546875 0.19166666666666674 0.50546875 0.36111111111111127 0.57265625 0.36111111111111127
8 0.21953125 0.1430555555555556 0.16484375 0.1430555555555556 0.16484375 0.2541666666666667 0.21953125 0.25416666666666676
8 0.57421875 0.4055555555555557 0.5015625 0.4055555555555557 0.5015625 0.5250000000000001 0.57421875 0.5250000000000001
8 0.678125 0.3736111111111113 0.60078125 0.3736111111111113 0.60078125 0.4819444444444446 0.678125 0.4819444444444446
3 0.7109375 0.27777777777777796 0.690625 0.27777777777777796 0.690625 0.33611111111111125 0.7109375 0.33611111111111125
3 0.3609375 0.19861111111111118 0.3328125 0.19861111111111118 0.3328125 0.23750000000000007 0.3609375 0.23750000000000007
3 0.3875 0.1972222222222223 0.36875 0.1972222222222223 0.36875 0.2347222222222223 0.3875 0.2347222222222223
3 0.43515625 0.1972222222222223 0.40859375 0.1972222222222223 0.40859375 0.24166666666666675 0.43515625 0.24166666666666675
3 0.4765625 0.2527777777777779 0.4625 0.2527777777777779 0.4625 0.2986111111111112 0.4765625 0.2986111111111112
14 0.63671875 0.23750000000000016 0.590625 0.23750000000000016 0.590625 0.35138888888888903 0.63671875 0.35138888888888903
14 1 0.47916666666666685 0.71640625 0.47916666666666685 0.71640625 1.0000000000000002 1 1.0000000000000002