3 0.17578125 0.24027777777777778 0.1578125 0.24027777777777778 0.1578125 0.29583333333333334 0.17578125 0.29583333333333334
3 0.14609375 0.20972222222222223 0.125 0.20972222222222223 0.125 0.26666666666666666 0.14609375 0.26666666666666666
3 0.75625 0.35000000000000014 0.728125 0.35000000000000014 0.728125 0.44027777777777793 0.75625 0.44027777777777793
8 0.709375 0.7361111111111112 0.546875 0.7361111111111112 0.546875 0.9986111111111111 0.709375 0.9986111111111111
8 0.59375 0.41666666666666685 0.50390625 0.41666666666666685 0.50390625 0.5916666666666668 0.59375 0.5916666666666668
8 0.678125 0.42500000000000016 0.59453125 0.42500000000000016 0.59453125 0.5333333333333334 0.678125 0.5333333333333334
8 0.95859375 0.6694444444444446 0.70625 0.6694444444444446 0.70625 0.9986111111111112 0.95859375 0.9986111111111114
8 0.56171875 0.2986111111111112 0.5171875 0.2986111111111112 0.5171875 0.37500000000000017 0.56171875 0.37500000000000017
8 0.63515625 0.3097222222222224 0.5765625 0.3097222222222224 0.5765625 0.41666666666666685 0.63515625 0.41666666666666685
8 0.54140625 0.26527777777777783 0.49921875 0.26527777777777783 0.49921875 0.3208333333333334 0.54140625 0.3208333333333334
8 0.6453125 0.2458333333333335 0.59453125 0.2458333333333335 0.59453125 0.29861111111111127 0.6453125 0.29861111111111127
14 0.7171875 0.17222222222222236 0.61875 0.17222222222222233 0.61875 0.25833333333333347 0.7171875 0.25833333333333347
8 0.73203125 0.19444444444444461 0.66171875 0.19444444444444461 0.66171875 0.26527777777777795 0.73203125 0.26527777777777795
8 0.60234375 0.24166666666666684 0.55859375 0.24166666666666684 0.55859375 0.30000000000000016 0.60234375 0.30000000000000016