3 0.559375 0.7819444444444444 0.51015625 0.7819444444444444 0.51015625 0.9194444444444444 0.559375 0.9194444444444444
3 0.55546875 0.47916666666666685 0.52890625 0.47916666666666685 0.52890625 0.5541666666666668 0.55546875 0.5541666666666668
3 0.45 0.7180555555555556 0.403125 0.7180555555555556 0.403125 0.8486111111111111 0.45 0.8486111111111111
3 0.40546875 0.6541666666666668 0.3632812500000001 0.6541666666666668 0.3632812500000001 0.7722222222222223 0.40546875 0.7722222222222223
3 0.6515625 0.5958333333333334 0.61953125 0.5958333333333334 0.61953125 0.6944444444444446 0.6515625 0.6944444444444446
3 0.2000000000000001 0.725 0.13359375000000004 0.725 0.13359375000000004 0.875 0.2000000000000001 0.875
3 0.73046875 0.5430555555555557 0.70078125 0.5430555555555557 0.70078125 0.6347222222222224 0.73046875 0.6347222222222224
3 0.68359375 0.665277777777778 0.64921875 0.665277777777778 0.64921875 0.7625 0.68359375 0.7625
3 0.81328125 0.4444444444444446 0.78828125 0.4444444444444446 0.78828125 0.5125000000000002 0.81328125 0.5125000000000002
3 0.653125 0.4819444444444446 0.6296875 0.4819444444444446 0.6296875 0.5583333333333335 0.653125 0.5583333333333335
3 0.3695312500000001 0.8597222222222223 0.3062500000000001 0.8597222222222223 0.3062500000000001 0.9861111111111112 0.3695312500000001 0.9861111111111112
3 0.67265625 0.4347222222222224 0.65 0.4347222222222224 0.65 0.4986111111111113 0.67265625 0.4986111111111113
3 0.7234375 0.3805555555555557 0.70625 0.3805555555555557 0.70625 0.4361111111111113 0.7234375 0.4361111111111113
3 0.75078125 0.39722222222222237 0.73125 0.39722222222222237 0.73125 0.4500000000000002 0.75078125 0.4500000000000002
3 0.56015625 0.5805555555555557 0.528125 0.5805555555555557 0.528125 0.6777777777777779 0.56015625 0.6777777777777779
3 0.6265625 0.5666666666666669 0.59375 0.5666666666666669 0.59375 0.6694444444444446 0.6265625 0.6694444444444446
3 0.85078125 0.41111111111111126 0.8296875 0.41111111111111126 0.8296875 0.4694444444444446 0.85078125 0.4694444444444446
3 0.690625 0.4694444444444446 0.66484375 0.4694444444444446 0.66484375 0.5486111111111113 0.690625 0.5486111111111113
3 0.5234375 0.8694444444444445 0.4671875 0.8694444444444445 0.4671875 0.9777777777777777 0.5234375 0.9777777777777777
3 0.5421875 0.5486111111111113 0.51171875 0.5486111111111113 0.51171875 0.6361111111111113 0.5421875 0.6361111111111113
3 0.62734375 0.5111111111111113 0.603125 0.5111111111111113 0.603125 0.5833333333333335 0.62734375 0.5833333333333335
3 0.63203125 0.4638888888888891 0.60859375 0.4638888888888891 0.60859375 0.5277777777777779 0.63203125 0.5277777777777779
3 0.759375 0.5833333333333335 0.72734375 0.5833333333333335 0.72734375 0.6861111111111112 0.759375 0.6861111111111112
3 0.85078125 0.5486111111111113 0.8109375 0.5486111111111113 0.8109375 0.651388888888889 0.85078125 0.651388888888889
3 0.59375 0.45138888888888906 0.57265625 0.45138888888888906 0.57265625 0.5055555555555558 0.59375 0.5055555555555558
3 0.81640625 0.3805555555555557 0.79609375 0.3805555555555557 0.79609375 0.4333333333333335 0.81640625 0.4333333333333335
3 0.72109375 0.46527777777777796 0.69765625 0.46527777777777796 0.69765625 0.540277777777778 0.72109375 0.540277777777778
3 0.78515625 0.4444444444444446 0.7625 0.4444444444444446 0.7625 0.5083333333333335 0.78515625 0.5083333333333335
3 0.5984375 0.4819444444444446 0.5734375 0.4819444444444446 0.5734375 0.5625000000000001 0.5984375 0.5625000000000001
3 0.68203125 0.39722222222222237 0.6625 0.39722222222222237 0.6625 0.4555555555555557 0.68203125 0.4555555555555557
3 0.46328125 0.6250000000000001 0.43046875 0.6250000000000001 0.43046875 0.7236111111111111 0.46328125 0.7236111111111111
3 0.446875 0.5875000000000001 0.4171875 0.5875000000000001 0.4171875 0.6708333333333335 0.446875 0.6708333333333335
3 0.5140625 0.6819444444444446 0.47265625 0.6819444444444446 0.47265625 0.8083333333333333 0.5140625 0.8083333333333333
3 0.87109375 0.35416666666666685 0.85078125 0.35416666666666685 0.85078125 0.40416666666666684 0.87109375 0.40416666666666684
3 0.68046875 0.7569444444444444 0.64296875 0.7569444444444444 0.64296875 0.8694444444444445 0.68046875 0.8694444444444445
3 0.70234375 0.3944444444444446 0.684375 0.3944444444444446 0.684375 0.45138888888888906 0.70234375 0.45138888888888906
3 0.8609375 0.4694444444444446 0.84140625 0.4694444444444446 0.84140625 0.5305555555555557 0.8609375 0.5305555555555557
3 0.49609375 0.6472222222222224 0.4625 0.6472222222222224 0.4625 0.7472222222222222 0.49609375 0.7472222222222222
3 0.740625 0.3597222222222224 0.72578125 0.3597222222222224 0.72578125 0.41388888888888903 0.740625 0.41388888888888903
3 0.75703125 0.3458333333333335 0.73984375 0.3458333333333335 0.73984375 0.3930555555555557 0.75703125 0.3930555555555557
3 0.54296875 0.7069444444444446 0.50546875 0.7069444444444446 0.50546875 0.7986111111111112 0.54296875 0.7986111111111112
3 0.71328125 0.4194444444444446 0.69296875 0.4194444444444446 0.69296875 0.47500000000000014 0.71328125 0.47500000000000014
3 0.86484375 0.4416666666666668 0.85234375 0.4416666666666668 0.85234375 0.48750000000000016 0.86484375 0.48750000000000016
8 0.80859375 0.4972222222222224 0.72734375 0.4972222222222224 0.72734375 0.5986111111111113 0.80859375 0.5986111111111113
8 0.5984375 0.4055555555555557 0.54765625 0.4055555555555557 0.54765625 0.47361111111111126 0.5984375 0.47361111111111126
8 0.75859375 0.4430555555555557 0.7171875 0.4430555555555557 0.7171875 0.5097222222222224 0.75859375 0.5097222222222224
8 0.621875 0.33472222222222237 0.58984375 0.33472222222222237 0.58984375 0.3805555555555557 0.621875 0.3805555555555557
8 0.65859375 0.3875000000000002 0.6265625 0.3875000000000002 0.6265625 0.44583333333333347 0.65859375 0.44583333333333347
14 0.6703125 0.3111111111111113 0.621875 0.3111111111111113 0.621875 0.39722222222222237 0.6703125 0.39722222222222237
14 0.51796875 0.4152777777777779 0.46015625 0.4152777777777779 0.46015625 0.48888888888888904 0.51796875 0.48888888888888904