8 0.45234375 0.3833333333333334 0.28203125 0.38333333333333336 0.28203125000000007 0.8486111111111111 0.45234375 0.8486111111111111
3 0.27421875 0.34027777777777785 0.2375 0.34027777777777785 0.2375 0.45 0.27421875 0.45
3 0.303125 0.2944444444444445 0.28046875 0.2944444444444445 0.28046875 0.35833333333333334 0.303125 0.35833333333333334
3 0.33359375 0.32500000000000007 0.3 0.32500000000000007 0.3 0.41388888888888886 0.33359375 0.41388888888888886
3 0.346875 0.27777777777777785 0.32734375 0.27777777777777785 0.32734375 0.3486111111111112 0.346875 0.3486111111111112
3 0.3890625 0.26944444444444454 0.36875 0.26944444444444454 0.36875 0.33888888888888896 0.3890625 0.33888888888888896
3 0.765625 0.3458333333333335 0.734375 0.3458333333333335 0.734375 0.4333333333333335 0.765625 0.4333333333333335
3 0.62734375 0.42500000000000016 0.59296875 0.42500000000000016 0.59296875 0.526388888888889 0.62734375 0.526388888888889
3 0.17265625000000004 0.6180555555555556 0.11562500000000005 0.6180555555555556 0.11562500000000005 0.7875 0.17265625000000004 0.7875
3 0.2375000000000001 0.6597222222222222 0.17187500000000006 0.6597222222222222 0.17187500000000006 0.8625 0.2375000000000001 0.8625
3 0.15546875000000004 0.5472222222222223 0.11250000000000004 0.5472222222222223 0.11250000000000004 0.6305555555555555 0.15546875000000004 0.6305555555555555
3 0.29921875 0.44166666666666665 0.2640625 0.44166666666666665 0.2640625 0.5680555555555555 0.29921875 0.5680555555555555
8 0.46328125 0.20555555555555563 0.4234375 0.20555555555555563 0.4234375 0.2861111111111112 0.46328125 0.2861111111111112
3 0.38046875 0.22916666666666674 0.365625 0.22916666666666674 0.365625 0.26527777777777783 0.38046875 0.26527777777777783