8 0.69296875 0.18888888888888905 0.625 0.18888888888888905 0.625 0.2555555555555557 0.69296875 0.2555555555555557
8 0.5625 0.36250000000000016 0.509375 0.36250000000000016 0.509375 0.4569444444444446 0.5625 0.4569444444444446
8 0.56953125 0.301388888888889 0.52734375 0.301388888888889 0.52734375 0.3652777777777779 0.56953125 0.3652777777777779
8 0.675 0.3930555555555557 0.59375 0.3930555555555557 0.59375 0.5055555555555558 0.675 0.5055555555555558
8 0.734375 0.5333333333333334 0.62109375 0.5333333333333334 0.62109375 0.6819444444444446 0.734375 0.6819444444444446
8 0.659375 0.6305555555555558 0.5203125 0.6305555555555558 0.5203125 0.8694444444444445 0.659375 0.8694444444444445
8 0.65 0.3430555555555557 0.5984375 0.3430555555555557 0.5984375 0.39722222222222237 0.65 0.39722222222222237
8 0.62421875 0.2166666666666668 0.57421875 0.2166666666666668 0.57421875 0.2625000000000002 0.62421875 0.2625000000000002
8 0.48984375 0.20833333333333343 0.4296875 0.20833333333333343 0.4296875 0.2486111111111112 0.48984375 0.2486111111111112
3 0.85078125 0.4583333333333335 0.8140625 0.4583333333333335 0.8140625 0.5569444444444446 0.85078125 0.5569444444444446
3 0.7109375 0.2611111111111113 0.690625 0.2611111111111113 0.690625 0.3055555555555557 0.7109375 0.3055555555555557