3 0.3007812500000001 0.8625 0.2367187500000001 0.8625 0.2367187500000001 0.9888888888888889 0.3007812500000001 0.9888888888888889
3 0.43515625 0.8791666666666667 0.3695312500000001 0.8791666666666667 0.3695312500000001 0.9888888888888889 0.43515625 0.9888888888888889
3 0.7828125 0.4555555555555557 0.75546875 0.4555555555555557 0.75546875 0.526388888888889 0.7828125 0.526388888888889
3 0.553125 0.6305555555555558 0.51328125 0.6305555555555558 0.51328125 0.7388888888888889 0.553125 0.7388888888888889
3 0.81015625 0.6194444444444446 0.77578125 0.6194444444444446 0.77578125 0.7222222222222225 0.81015625 0.7222222222222225
3 0.64765625 0.8833333333333333 0.59609375 0.8833333333333333 0.59609375 0.9902777777777778 0.64765625 0.9902777777777778
3 0.55859375 0.5083333333333335 0.525 0.5083333333333335 0.525 0.5833333333333335 0.55859375 0.5833333333333335
3 0.74765625 0.3430555555555557 0.7265625 0.3430555555555557 0.7265625 0.3944444444444446 0.74765625 0.3944444444444446
3 0.7921875 0.4055555555555557 0.77109375 0.4055555555555557 0.77109375 0.46250000000000013 0.7921875 0.46250000000000013
3 0.81484375 0.3805555555555557 0.79609375 0.3805555555555557 0.79609375 0.4305555555555557 0.81484375 0.4305555555555557
3 0.8578125 0.5694444444444446 0.821875 0.5694444444444446 0.821875 0.665277777777778 0.8578125 0.665277777777778
3 0.8359375 0.4208333333333335 0.81171875 0.4208333333333335 0.81171875 0.4833333333333335 0.8359375 0.4833333333333335
3 0.79375 0.3569444444444446 0.7765625 0.3569444444444446 0.7765625 0.40277777777777796 0.79375 0.40277777777777796
3 0.08906250000000007 0.9055555555555556 0.027343750000000066 0.9055555555555556 0.027343750000000066 0.9888888888888889 0.08906250000000007 0.9888888888888889
3 0.84140625 0.35416666666666685 0.82265625 0.35416666666666685 0.82265625 0.40000000000000013 0.84140625 0.40000000000000013
8 0.653125 0.7097222222222224 0.54453125 0.7097222222222224 0.54453125 0.8819444444444444 0.653125 0.8819444444444444
8 0.49609375 0.4444444444444446 0.41953125 0.4444444444444446 0.41953125 0.540277777777778 0.49609375 0.540277777777778
8 0.59453125 0.5625000000000001 0.51875 0.5625000000000001 0.51875 0.6750000000000002 0.59453125 0.6750000000000002
8 0.7203125 0.5694444444444446 0.6484375 0.5694444444444446 0.6484375 0.6875000000000001 0.7203125 0.6875000000000001
8 0.4234375 0.6555555555555557 0.3164062500000001 0.6555555555555556 0.3164062500000001 0.8194444444444444 0.4234375 0.8194444444444444
8 0.62734375 0.4333333333333335 0.57890625 0.4333333333333335 0.57890625 0.4986111111111113 0.62734375 0.4986111111111113
8 0.54296875 0.4013888888888891 0.4921875 0.4013888888888891 0.4921875 0.47361111111111126 0.54296875 0.47361111111111126
8 0.7125 0.4708333333333335 0.65625 0.4708333333333335 0.65625 0.5611111111111112 0.7125 0.5611111111111112
8 0.69453125 0.39861111111111125 0.66171875 0.39861111111111125 0.66171875 0.4486111111111113 0.69453125 0.4486111111111113
3 0.69375 0.5180555555555557 0.6734375 0.5180555555555557 0.6734375 0.5750000000000002 0.69375 0.5750000000000002