3 0.16562500000000005 0.525 0.10781250000000005 0.525 0.10781250000000005 0.6736111111111112 0.16562500000000005 0.6736111111111112
3 0.3734375 0.1861111111111112 0.353125 0.1861111111111112 0.353125 0.23750000000000007 0.3734375 0.23750000000000007
3 0.4734375 0.2111111111111112 0.44765625 0.2111111111111112 0.44765625 0.2527777777777779 0.4734375 0.2527777777777779
3 0.8625 0.48611111111111127 0.8296875 0.48611111111111127 0.8296875 0.6097222222222224 0.8625 0.6097222222222224
3 1 0.6361111111111113 0.95703125 0.6361111111111113 0.95703125 0.7763888888888892 1 0.7763888888888892
3 0.70859375 0.25138888888888905 0.69453125 0.25138888888888905 0.69453125 0.3069444444444446 0.70859375 0.3069444444444446
8 0.8265625 0.6097222222222224 0.68515625 0.6097222222222224 0.68515625 0.8125000000000001 0.8265625 0.8125000000000003
8 0.6375 0.3000000000000001 0.48828125 0.3000000000000001 0.48828125 0.6736111111111113 0.6375 0.6736111111111113
14 0.71484375 0.36388888888888904 0.62890625 0.36388888888888904 0.62890625 0.5430555555555557 0.71484375 0.5430555555555557
14 0.6515625 0.24861111111111128 0.58046875 0.24861111111111128 0.58046875 0.3819444444444446 0.6515625 0.3819444444444446
8 0.5375 0.25555555555555565 0.5015625 0.25555555555555565 0.5015625 0.3083333333333334 0.5375 0.3083333333333334
8 0.44375 0.20138888888888898 0.384375 0.20138888888888898 0.384375 0.24444444444444452 0.44375 0.24444444444444452
8 0.6640625 0.18611111111111128 0.58359375 0.18611111111111128 0.58359375 0.25277777777777793 0.6640625 0.25277777777777793