3 0.9703125 0.5958333333333334 0.91171875 0.5958333333333334 0.91171875 0.7722222222222226 0.9703125 0.7722222222222226
3 0.7203125 0.29166666666666685 0.69296875 0.29166666666666685 0.69296875 0.38333333333333347 0.7203125 0.38333333333333347
3 0.68359375 0.2625000000000002 0.665625 0.2625000000000002 0.665625 0.3250000000000002 0.68359375 0.3250000000000002
3 0.19453125000000004 0.40694444444444444 0.15859375000000003 0.40694444444444444 0.15859375000000003 0.5236111111111111 0.19453125000000004 0.5236111111111111
3 0.378125 0.18888888888888897 0.359375 0.18888888888888897 0.359375 0.23750000000000007 0.378125 0.23750000000000007
3 0.26796875 0.34583333333333344 0.240625 0.34583333333333344 0.240625 0.44027777777777777 0.26796875 0.44027777777777777
3 0.3546875 0.22777777777777786 0.3375 0.22777777777777786 0.3375 0.2875000000000001 0.3546875 0.2875000000000001
3 0.6046875 0.15694444444444455 0.58828125 0.15694444444444455 0.58828125 0.2069444444444446 0.6046875 0.2069444444444446
3 0.4 0.1583333333333334 0.38359375 0.1583333333333334 0.38359375 0.2111111111111112 0.4 0.2111111111111112
3 0.79140625 0.3430555555555557 0.7609375 0.3430555555555557 0.7609375 0.41666666666666685 0.79140625 0.41666666666666685
8 0.425 0.5611111111111112 0.28203125 0.5611111111111111 0.28203125000000007 0.8138888888888889 0.425 0.8138888888888889
8 0.66640625 0.577777777777778 0.525 0.577777777777778 0.525 0.8222222222222222 0.66640625 0.8222222222222222
8 0.32578125 0.3902777777777778 0.2109375 0.3902777777777778 0.2109375 0.5902777777777778 0.32578125 0.5902777777777778
8 0.4625 0.2861111111111112 0.40390625 0.2861111111111112 0.40390625 0.3875000000000002 0.4625 0.3875000000000002
8 0.63203125 0.1958333333333335 0.596875 0.1958333333333335 0.596875 0.2569444444444446 0.63203125 0.2569444444444446
8 0.83203125 0.39027777777777795 0.70390625 0.39027777777777795 0.70390625 0.6291666666666669 0.83203125 0.6291666666666669
8 0.68203125 0.2805555555555557 0.61015625 0.2805555555555557 0.61015625 0.4430555555555557 0.68203125 0.4430555555555557
8 0.58359375 0.20000000000000012 0.53671875 0.20000000000000007 0.53671875 0.3069444444444446 0.58359375 0.3069444444444446
8 0.48046875 0.14305555555555566 0.43203125 0.14305555555555563 0.43203125 0.2611111111111112 0.48046875 0.2611111111111112