8 0.63203125 0.2819444444444446 0.57265625 0.2819444444444446 0.57265625 0.4097222222222224 0.63203125 0.4097222222222224
3 0.16171875000000005 0.6625 0.06093750000000005 0.6625 0.060937500000000054 0.8861111111111111 0.16171875000000005 0.8861111111111111
3 0.3578125 0.2805555555555556 0.3265625 0.2805555555555556 0.3265625 0.36666666666666664 0.3578125 0.36666666666666664
3 0.321875 0.2805555555555556 0.30234375 0.2805555555555556 0.30234375 0.34583333333333344 0.321875 0.34583333333333344
3 0.10546875000000004 0.37222222222222223 0.047656250000000025 0.37222222222222223 0.047656250000000025 0.42777777777777776 0.10546875000000004 0.42777777777777776
3 0.35703125 0.2222222222222223 0.334375 0.2222222222222223 0.334375 0.2805555555555556 0.35703125 0.2805555555555556
3 0.63046875 0.2166666666666668 0.6046875 0.2166666666666668 0.6046875 0.27222222222222237 0.63046875 0.27222222222222237
3 0.65703125 0.21388888888888904 0.63515625 0.21388888888888904 0.63515625 0.27222222222222237 0.65703125 0.27222222222222237
3 0.4 0.20000000000000007 0.38125 0.20000000000000007 0.38125 0.25416666666666676 0.4 0.25416666666666676
3 0.23203125 0.44305555555555554 0.18437500000000004 0.44305555555555554 0.18437500000000004 0.6097222222222223 0.23203125 0.6097222222222223
3 0.38046875 0.18750000000000008 0.3609375 0.18750000000000008 0.3609375 0.251388888888889 0.38046875 0.251388888888889