3 0.13437500000000005 0.7902777777777777 0.07968750000000005 0.7902777777777777 0.07968750000000005 0.9583333333333334 0.13437500000000005 0.9583333333333334
3 0.17343750000000005 0.7583333333333333 0.12343750000000005 0.7583333333333333 0.12343750000000005 0.8736111111111111 0.17343750000000005 0.8736111111111111
3 0.3343750000000001 0.6486111111111111 0.2968750000000001 0.6486111111111111 0.2968750000000001 0.7291666666666666 0.3343750000000001 0.7291666666666666
3 0.43671875 0.6111111111111113 0.39375 0.6111111111111113 0.39375000000000004 0.7291666666666666 0.43671875 0.7291666666666666
3 0.47734375 0.5944444444444446 0.45546875 0.5944444444444446 0.45546875 0.7013888888888891 0.47734375 0.7013888888888891
3 0.50625 0.5708333333333335 0.484375 0.5708333333333335 0.484375 0.6819444444444446 0.50625 0.6819444444444446
3 0.5421875 0.5944444444444446 0.5109375 0.5944444444444446 0.5109375 0.6972222222222224 0.5421875 0.6972222222222224
3 0.58828125 0.565277777777778 0.55703125 0.565277777777778 0.55703125 0.6694444444444446 0.58828125 0.6694444444444446
3 0.6296875 0.6111111111111113 0.5984375 0.6111111111111113 0.5984375 0.7194444444444444 0.6296875 0.7194444444444444
3 0.85390625 0.8138888888888892 0.8125 0.8138888888888892 0.8125 0.9625000000000004 0.85390625 0.9625000000000004
3 0.87109375 0.5902777777777779 0.840625 0.5902777777777779 0.840625 0.7222222222222225 0.87109375 0.7222222222222225
3 0.73515625 0.5944444444444446 0.70390625 0.5944444444444446 0.70390625 0.6972222222222224 0.73515625 0.6972222222222224
3 0.77890625 0.48888888888888904 0.76015625 0.48888888888888904 0.76015625 0.5583333333333335 0.77890625 0.5583333333333335
3 0.82421875 0.5305555555555557 0.803125 0.5305555555555557 0.803125 0.6194444444444446 0.82421875 0.6194444444444446
3 0.85234375 0.502777777777778 0.8328125 0.502777777777778 0.8328125 0.5805555555555557 0.85234375 0.5805555555555557
3 0.8828125 0.44583333333333347 0.86171875 0.44583333333333347 0.86171875 0.5138888888888891 0.8828125 0.5138888888888891
3 0.82421875 0.4722222222222224 0.8078125 0.4722222222222224 0.8078125 0.5333333333333334 0.82421875 0.5333333333333334
3 0.83515625 0.4277777777777779 0.821875 0.4277777777777779 0.821875 0.4777777777777779 0.83515625 0.4777777777777779
3 0.80234375 0.41805555555555574 0.7890625 0.41805555555555574 0.7890625 0.47361111111111126 0.80234375 0.47361111111111126
3 0.6109375 0.41250000000000014 0.5875 0.41250000000000014 0.5875 0.4694444444444446 0.6109375 0.4694444444444446
3 0.63125 0.41666666666666685 0.615625 0.41666666666666685 0.615625 0.4722222222222224 0.63125 0.4722222222222224
3 0.86640625 0.35555555555555574 0.85 0.35555555555555574 0.85 0.39722222222222237 0.86640625 0.39722222222222237
3 0.74921875 0.35416666666666685 0.73671875 0.35416666666666685 0.73671875 0.40000000000000013 0.74921875 0.40000000000000013
3 0.84609375 0.3652777777777779 0.83125 0.3652777777777779 0.83125 0.41250000000000014 0.84609375 0.41250000000000014
3 0.82734375 0.3527777777777779 0.81484375 0.3527777777777779 0.81484375 0.39722222222222237 0.82734375 0.39722222222222237
3 0.8109375 0.3430555555555557 0.79921875 0.3430555555555557 0.79921875 0.38888888888888906 0.8109375 0.38888888888888906
8 0.59140625 0.3680555555555557 0.55703125 0.3680555555555557 0.55703125 0.4305555555555557 0.59140625 0.4305555555555557
8 0.6625 0.3791666666666668 0.63203125 0.3791666666666668 0.63203125 0.4305555555555557 0.6625 0.4305555555555557
8 0.6875 0.4208333333333335 0.64140625 0.4208333333333335 0.64140625 0.4902777777777779 0.6875 0.4902777777777779
8 0.72578125 0.3666666666666668 0.69140625 0.3666666666666668 0.69140625 0.41388888888888903 0.72578125 0.41388888888888903
8 0.5625 0.47500000000000014 0.50859375 0.47500000000000014 0.50859375 0.5458333333333335 0.5625 0.5458333333333335
8 0.7171875 0.6805555555555557 0.6375 0.6805555555555557 0.6375 0.8208333333333333 0.7171875 0.8208333333333333
8 0.73515625 0.8444444444444446 0.565625 0.8444444444444444 0.565625 1.0000000000000002 0.73515625 1.0000000000000002
8 0.3609375000000001 0.7291666666666666 0.2414062500000001 0.7291666666666666 0.2414062500000001 0.9083333333333333 0.3609375000000001 0.9083333333333333
8 0.42890625 0.8819444444444444 0.3125000000000001 0.8819444444444444 0.3125000000000001 1 0.42890625 1
8 0.615625 0.526388888888889 0.56875 0.526388888888889 0.56875 0.6000000000000002 0.615625 0.6000000000000002
8 0.62421875 0.4847222222222224 0.56953125 0.4847222222222224 0.56953125 0.5361111111111113 0.62421875 0.5361111111111113