3 0.16250000000000003 0.26666666666666666 0.14140625 0.26666666666666666 0.14140625 0.33055555555555555 0.16250000000000003 0.33055555555555555
3 0.15390625 0.21805555555555556 0.13671875 0.21805555555555556 0.13671875 0.25833333333333336 0.15390625 0.25833333333333336
3 0.24921875 0.19027777777777785 0.234375 0.19027777777777785 0.234375 0.22916666666666674 0.24921875 0.22916666666666674
3 0.31875 0.20000000000000007 0.29921875 0.20000000000000007 0.29921875 0.23750000000000007 0.31875 0.23750000000000007
3 0.346875 0.21250000000000008 0.32578125 0.21250000000000008 0.32578125 0.24444444444444452 0.346875 0.24444444444444452
3 0.37578125 0.19861111111111118 0.3515625 0.19861111111111118 0.3515625 0.24027777777777787 0.37578125 0.24027777777777787
3 0.40234375 0.2097222222222223 0.37734375 0.2097222222222223 0.37734375 0.24444444444444452 0.40234375 0.24444444444444452
3 0.41953125 0.20277777777777786 0.4 0.20277777777777786 0.4 0.24444444444444452 0.41953125 0.24444444444444452
3 0.72421875 0.24861111111111128 0.7015625 0.24861111111111128 0.7015625 0.29861111111111127 0.72421875 0.29861111111111127
8 0.73828125 0.2500000000000001 0.503125 0.25000000000000006 0.503125 0.8541666666666669 0.73828125 0.854166666666667
8 0.5609375 0.16111111111111123 0.49609375 0.16111111111111123 0.49609375 0.263888888888889 0.5609375 0.26388888888888906
8 0.52109375 0.15416666666666676 0.42890625 0.15416666666666676 0.42890625 0.24305555555555564 0.52109375 0.24305555555555564
14 0.64921875 0.20138888888888903 0.58515625 0.20138888888888903 0.58515625 0.3111111111111113 0.64921875 0.3111111111111113
8 0.6828125 0.22222222222222238 0.646875 0.22222222222222238 0.646875 0.26388888888888906 0.6828125 0.26388888888888906