3 0.41875 0.688888888888889 0.3671875000000001 0.688888888888889 0.3671875000000001 0.8208333333333333 0.41875 0.8208333333333333
3 0.79609375 0.4069444444444446 0.77265625 0.4069444444444446 0.77265625 0.46527777777777796 0.79609375 0.46527777777777796
3 0.759375 0.4416666666666668 0.73125 0.4416666666666668 0.73125 0.515277777777778 0.759375 0.515277777777778
3 0.8421875 0.3791666666666668 0.8203125 0.3791666666666668 0.8203125 0.4333333333333335 0.8421875 0.4333333333333335
3 0.51015625 0.7472222222222222 0.46328125 0.7472222222222222 0.46328125 0.8791666666666667 0.51015625 0.8791666666666667
3 0.775 0.6708333333333335 0.73125 0.6708333333333335 0.73125 0.7805555555555559 0.775 0.7805555555555559
3 0.86015625 0.4555555555555557 0.83203125 0.4555555555555557 0.83203125 0.526388888888889 0.86015625 0.526388888888889
3 0.48203125 0.6444444444444446 0.4328125 0.6444444444444446 0.4328125 0.7555555555555555 0.48203125 0.7555555555555555
3 0.60546875 0.6680555555555557 0.5578125 0.6680555555555557 0.5578125 0.7875 0.60546875 0.7875
3 0.64609375 0.7041666666666668 0.6078125 0.7041666666666668 0.6078125 0.8083333333333333 0.64609375 0.8083333333333333
3 0.71328125 0.5444444444444446 0.68046875 0.5444444444444446 0.68046875 0.6305555555555558 0.71328125 0.6305555555555558
3 0.81328125 0.4833333333333335 0.7828125 0.4833333333333335 0.7828125 0.5583333333333335 0.81328125 0.5583333333333335
3 0.5734375 0.6416666666666668 0.52734375 0.6416666666666668 0.52734375 0.7555555555555555 0.5734375 0.7555555555555555
3 0.4328125 0.8805555555555555 0.3695312500000001 0.8805555555555555 0.3695312500000001 0.9847222222222223 0.4328125 0.9847222222222223
3 0.7984375 0.3694444444444446 0.78125 0.3694444444444446 0.78125 0.41388888888888903 0.7984375 0.41388888888888903
8 0.65703125 0.36388888888888904 0.61484375 0.36388888888888904 0.61484375 0.4291666666666668 0.65703125 0.4291666666666668
8 0.628125 0.5805555555555557 0.5515625 0.5805555555555557 0.5515625 0.7041666666666668 0.628125 0.7041666666666668
8 0.62734375 0.48055555555555574 0.56328125 0.48055555555555574 0.56328125 0.577777777777778 0.62734375 0.577777777777778
8 0.49609375 0.5236111111111112 0.41796875 0.5236111111111112 0.41796875 0.6500000000000001 0.49609375 0.6500000000000001
8 0.57109375 0.3805555555555557 0.51640625 0.3805555555555557 0.51640625 0.45416666666666683 0.57109375 0.45416666666666683
8 0.7140625 0.40277777777777796 0.66875 0.40277777777777796 0.66875 0.4722222222222224 0.7140625 0.4722222222222224
8 0.71484375 0.47916666666666685 0.659375 0.47916666666666685 0.659375 0.5611111111111112 0.71484375 0.5611111111111112
8 0.6140625 0.3458333333333335 0.575 0.3458333333333335 0.575 0.40416666666666684 0.6140625 0.40416666666666684
8 0.70625 0.3458333333333335 0.67109375 0.3458333333333335 0.67109375 0.4055555555555557 0.70625 0.4055555555555557
8 0.040625000000000064 0.9138888888888889 6.295449951866863e-17 0.9138888888888889 6.592044098535362e-17 1 0.040625000000000064 1