8 0.2812500000000001 0.65 0.11875000000000005 0.65 0.11875000000000005 0.7902777777777777 0.2812500000000001 0.7902777777777777
3 0.4578125 0.7666666666666667 0.3742187500000001 0.7666666666666667 0.3742187500000001 0.9111111111111111 0.4578125 0.9111111111111111
3 0.5265625 0.502777777777778 0.48984375 0.502777777777778 0.48984375 0.6125000000000002 0.5265625 0.6125000000000002
3 0.5359375 0.5861111111111112 0.5046875 0.5861111111111112 0.5046875 0.6750000000000002 0.5359375 0.6750000000000002
3 0.57734375 0.6430555555555557 0.5390625 0.6430555555555557 0.5390625 0.7472222222222222 0.57734375 0.7472222222222222
3 0.578125 0.7694444444444445 0.5421875 0.7694444444444445 0.5421875 0.8944444444444445 0.578125 0.8944444444444445
3 0.62890625 0.6166666666666668 0.59375 0.6166666666666668 0.59375 0.7291666666666666 0.62890625 0.7291666666666666
3 0.64765625 0.540277777777778 0.61328125 0.540277777777778 0.61328125 0.6222222222222223 0.64765625 0.6222222222222223
3 0.68046875 0.5958333333333334 0.646875 0.5958333333333334 0.646875 0.7194444444444444 0.68046875 0.7194444444444444
3 0.70078125 0.5361111111111113 0.66484375 0.5361111111111113 0.66484375 0.6013888888888891 0.70078125 0.6013888888888891
3 0.67265625 0.4583333333333335 0.65546875 0.4583333333333335 0.65546875 0.5208333333333335 0.67265625 0.5208333333333335
3 0.69453125 0.46250000000000013 0.6734375 0.46250000000000013 0.6734375 0.5277777777777779 0.69453125 0.5277777777777779
3 0.7203125 0.4208333333333335 0.6953125 0.4208333333333335 0.6953125 0.48055555555555574 0.7203125 0.48055555555555574
3 0.75703125 0.4097222222222224 0.728125 0.4097222222222224 0.728125 0.4833333333333335 0.75703125 0.4833333333333335
3 0.76328125 0.3805555555555557 0.7375 0.3805555555555557 0.7375 0.44722222222222235 0.76328125 0.44722222222222235
3 0.8265625 0.44583333333333347 0.8078125 0.44583333333333347 0.8078125 0.501388888888889 0.8265625 0.501388888888889
3 0.77890625 0.38333333333333347 0.7671875 0.38333333333333347 0.7671875 0.44722222222222235 0.77890625 0.44722222222222235
3 0.81640625 0.40277777777777796 0.79453125 0.40277777777777796 0.79453125 0.45138888888888906 0.81640625 0.45138888888888906
3 0.85390625 0.3958333333333335 0.83046875 0.3958333333333335 0.83046875 0.4361111111111113 0.85390625 0.4361111111111113
3 0.85078125 0.42500000000000016 0.8328125 0.42500000000000016 0.8328125 0.4833333333333335 0.85078125 0.4833333333333335
3 0.878125 0.4708333333333335 0.84375 0.4708333333333335 0.84375 0.5375000000000002 0.878125 0.5375000000000002
3 0.84765625 0.4847222222222224 0.8203125 0.4847222222222224 0.8203125 0.5625000000000001 0.84765625 0.5625000000000001
3 0.65859375 0.8847222222222222 0.59140625 0.8847222222222222 0.59140625 1 0.65859375 1
8 0.65078125 0.3680555555555557 0.59765625 0.3680555555555557 0.59765625 0.4555555555555557 0.65078125 0.4555555555555557
8 0.97734375 0.551388888888889 0.83125 0.551388888888889 0.83125 0.7083333333333335 0.97734375 0.7083333333333335