3 0.62421875 0.4694444444444446 0.6 0.4694444444444446 0.6 0.5416666666666669 0.62421875 0.5416666666666669
3 0.846875 0.4222222222222224 0.8296875 0.4222222222222224 0.8296875 0.4916666666666668 0.846875 0.4916666666666668
3 0.76328125 0.4319444444444446 0.74375 0.4319444444444446 0.74375 0.4986111111111113 0.76328125 0.4986111111111113
3 0.81796875 0.42500000000000016 0.80078125 0.42500000000000016 0.80078125 0.48055555555555574 0.81796875 0.48055555555555574
3 0.815625 0.4930555555555557 0.7890625 0.4930555555555557 0.7890625 0.5750000000000002 0.815625 0.5750000000000002
3 0.43046875 0.5333333333333334 0.3921875 0.5333333333333334 0.3921875 0.640277777777778 0.43046875 0.640277777777778
3 0.16484375000000007 0.8180555555555555 0.09609375000000006 0.8180555555555555 0.09609375000000006 0.9777777777777777 0.1648437500000001 0.9777777777777777
3 0.56640625 0.4930555555555557 0.53828125 0.4930555555555557 0.53828125 0.5819444444444446 0.56640625 0.5819444444444446
3 0.49453125 0.5138888888888891 0.46171875 0.5138888888888891 0.46171875 0.6166666666666668 0.49453125 0.6166666666666668
3 0.7328125 0.42361111111111127 0.71328125 0.42361111111111127 0.71328125 0.48750000000000016 0.7328125 0.48750000000000016
3 0.8328125 0.3791666666666668 0.8125 0.3791666666666668 0.8125 0.4333333333333335 0.8328125 0.4333333333333335
3 0.78984375 0.44027777777777793 0.771875 0.44027777777777793 0.771875 0.5041666666666669 0.78984375 0.5041666666666669
3 0.71015625 0.4083333333333335 0.690625 0.4083333333333335 0.690625 0.4638888888888891 0.71015625 0.4638888888888891
3 0.72265625 0.3694444444444446 0.70234375 0.3694444444444446 0.70234375 0.42361111111111127 0.72265625 0.42361111111111127
3 0.80625 0.35416666666666685 0.7875 0.35416666666666685 0.7875 0.4055555555555557 0.80625 0.4055555555555557
3 0.846875 0.36388888888888904 0.8328125 0.36388888888888904 0.8328125 0.41111111111111126 0.846875 0.41111111111111126
3 0.79296875 0.3944444444444446 0.7734375 0.3944444444444446 0.7734375 0.4486111111111113 0.79296875 0.4486111111111113
3 0.59921875 0.6347222222222224 0.5625 0.6347222222222224 0.5625 0.7347222222222223 0.59921875 0.7347222222222223
3 0.78203125 0.35138888888888903 0.7671875 0.35138888888888903 0.7671875 0.40277777777777796 0.78203125 0.40277777777777796
3 0.7578125 0.3694444444444446 0.74140625 0.3694444444444446 0.74140625 0.4208333333333335 0.7578125 0.4208333333333335
8 0.79921875 0.7333333333333335 0.6953125 0.7333333333333333 0.6953125 0.9138888888888891 0.79921875 0.9138888888888892
8 0.43203125 0.6847222222222223 0.3265625000000001 0.6847222222222222 0.3265625000000001 0.85 0.43203125 0.85
8 0.59765625 0.43750000000000017 0.54765625 0.43750000000000017 0.54765625 0.515277777777778 0.59765625 0.515277777777778
8 0.60546875 0.7097222222222224 0.5109375 0.7097222222222224 0.5109375 0.8763888888888889 0.60546875 0.8763888888888889
8 0.71640625 0.46111111111111125 0.66328125 0.46111111111111125 0.66328125 0.5527777777777779 0.71640625 0.5527777777777779
8 0.56015625 0.8527777777777777 0.446875 0.8527777777777777 0.446875 0.9958333333333333 0.56015625 0.9958333333333333
8 0.7203125 0.6055555555555557 0.64921875 0.6055555555555557 0.64921875 0.7444444444444445 0.7203125 0.7444444444444445
8 0.64375 0.3666666666666668 0.60703125 0.3666666666666668 0.60703125 0.42500000000000016 0.64375 0.42500000000000016
8 0.68125 0.3388888888888891 0.646875 0.3388888888888891 0.646875 0.3930555555555557 0.68125 0.3930555555555557
8 0.63671875 0.540277777777778 0.578125 0.540277777777778 0.578125 0.6291666666666669 0.63671875 0.6291666666666669
8 0.59296875 0.36388888888888904 0.55859375 0.36388888888888904 0.55859375 0.4152777777777779 0.59296875 0.4152777777777779
3 0.6125 0.5666666666666669 0.584375 0.5666666666666669 0.584375 0.6625000000000002 0.6125 0.6625000000000002