8 0.71953125 0.22361111111111126 0.675 0.22361111111111126 0.675 0.26388888888888906 0.71953125 0.26388888888888906
8 0.71953125 0.20416666666666683 0.67890625 0.20416666666666683 0.67890625 0.22916666666666682 0.71953125 0.22916666666666682
8 0.7703125 0.20416666666666683 0.73671875 0.20416666666666683 0.73671875 0.23888888888888904 0.7703125 0.23888888888888904
8 0.75 0.1958333333333335 0.72109375 0.1958333333333335 0.72109375 0.2319444444444446 0.75 0.2319444444444446
8 0.6 0.31666666666666676 0.5109375 0.31666666666666676 0.5109375 0.5305555555555557 0.6 0.5305555555555557
8 0.23515625 0.19583333333333341 0.19375 0.19583333333333341 0.19375 0.27638888888888896 0.23515625 0.27638888888888896
8 0.35 0.15138888888888896 0.2328125 0.15138888888888893 0.2328125 0.24444444444444452 0.35 0.24444444444444452
8 0.12578125 0.16944444444444445 0.07109375000000002 0.16944444444444445 0.07109375000000002 0.2638888888888889 0.12578125 0.2638888888888889
8 0.1609375 0.15138888888888893 0.1296875 0.15138888888888893 0.1296875 0.20972222222222223 0.1609375 0.20972222222222223
14 0.68046875 0.22361111111111126 0.62578125 0.22361111111111126 0.62578125 0.3027777777777779 0.68046875 0.3027777777777779
8 0.39687500000000003 0.2291666666666667 0.13671875 0.22916666666666666 0.13671875000000006 0.9944444444444445 0.3968750000000001 0.9944444444444445
8 0.61953125 0.20277777777777795 0.54921875 0.20277777777777795 0.54921875 0.2902777777777779 0.61953125 0.2902777777777779