8 0.94609375 0.7638888888888892 0.7296875 0.7638888888888892 0.7296875 1.0000000000000002 0.94609375 1.0000000000000002
8 0.72578125 0.47500000000000014 0.6296875 0.47500000000000014 0.6296875 0.5972222222222224 0.72578125 0.5972222222222224
8 0.5890625 0.4083333333333335 0.5140625 0.4083333333333335 0.5140625 0.5430555555555557 0.5890625 0.5430555555555557
8 0.628125 0.32916666666666683 0.5765625 0.32916666666666683 0.5765625 0.41388888888888903 0.628125 0.41388888888888903
14 0.62890625 0.25138888888888905 0.58671875 0.25138888888888905 0.58671875 0.3305555555555557 0.62890625 0.3305555555555557
3 0.71640625 0.29166666666666685 0.6984375 0.29166666666666685 0.6984375 0.3458333333333335 0.71640625 0.3458333333333335
8 0.52265625 0.19305555555555565 0.4546875 0.19305555555555565 0.4546875 0.24027777777777787 0.52265625 0.24027777777777787
3 0.425 0.19583333333333341 0.40078125 0.19583333333333341 0.40078125 0.23750000000000007 0.425 0.23750000000000007
8 0.38828125 0.14861111111111117 0.26015625 0.14861111111111114 0.26015625 0.2472222222222223 0.38828125 0.2472222222222223
3 0.17031250000000003 0.28194444444444444 0.1515625 0.28194444444444444 0.15156250000000002 0.34305555555555556 0.17031250000000003 0.34305555555555556
3 0.215625 0.22916666666666674 0.1890625 0.22916666666666674 0.1890625 0.2750000000000001 0.215625 0.2750000000000001
14 0.74609375 0.16250000000000014 0.665625 0.16250000000000014 0.665625 0.24166666666666684 0.74609375 0.24166666666666684