8 0.88984375 0.6208333333333335 0.67578125 0.6208333333333335 0.67578125 0.9416666666666669 0.88984375 0.941666666666667
8 0.57578125 0.3791666666666668 0.496875 0.3791666666666668 0.496875 0.5180555555555557 0.57578125 0.5180555555555557
8 0.54140625 0.20277777777777786 0.48359375 0.20277777777777786 0.48359375 0.251388888888889 0.54140625 0.251388888888889
8 0.671875 0.24166666666666684 0.6265625 0.24166666666666684 0.6265625 0.29861111111111127 0.671875 0.29861111111111127
8 0.6203125 0.2555555555555557 0.5765625 0.2555555555555557 0.5765625 0.31250000000000017 0.6203125 0.31250000000000017
8 0.60703125 0.21527777777777793 0.55703125 0.21527777777777793 0.55703125 0.2694444444444446 0.60703125 0.2694444444444446
8 0.58828125 0.24027777777777792 0.54765625 0.24027777777777792 0.54765625 0.30000000000000016 0.58828125 0.30000000000000016
14 0.73359375 0.3680555555555557 0.6109375 0.3680555555555557 0.6109375 0.5902777777777779 0.73359375 0.5902777777777779
14 0.6171875 0.27916666666666684 0.5765625 0.27916666666666684 0.5765625 0.36388888888888904 0.6171875 0.36388888888888904
14 0.55078125 0.28750000000000014 0.49921875 0.2875000000000001 0.49921875 0.38888888888888906 0.55078125 0.38888888888888906
8 0.290625 0.23333333333333342 0.234375 0.23333333333333342 0.234375 0.3152777777777779 0.290625 0.3152777777777779