3 0.15390625000000008 0.8583333333333333 0.08906250000000007 0.8583333333333333 0.08906250000000007 1 0.15390625000000008 1
3 0.51328125 0.8680555555555556 0.44140625 0.8680555555555556 0.44140625 1 0.51328125 1
3 0.3515625 0.4027777777777778 0.33125 0.4027777777777778 0.33125 0.49444444444444446 0.3515625 0.49444444444444446
3 0.48671875 0.40416666666666684 0.46640625 0.40416666666666684 0.46640625 0.5083333333333335 0.48671875 0.5083333333333335
3 0.540625 0.4347222222222224 0.5171875 0.4347222222222224 0.5171875 0.5500000000000002 0.540625 0.5500000000000002
3 0.41875 0.33055555555555566 0.39921875 0.33055555555555566 0.39921875 0.41111111111111126 0.41875 0.41111111111111126
3 0.50234375 0.33194444444444454 0.48515625 0.33194444444444454 0.48515625 0.4152777777777779 0.50234375 0.4152777777777779
3 0.4390625 0.2472222222222223 0.42734375 0.2472222222222223 0.42734375 0.2944444444444445 0.4390625 0.2944444444444445
3 0.42734375 0.26527777777777783 0.41484375 0.26527777777777783 0.41484375 0.31944444444444453 0.42734375 0.31944444444444453
3 0.46015625 0.2347222222222223 0.4484375 0.2347222222222223 0.4484375 0.2861111111111112 0.46015625 0.2861111111111112
3 0.50234375 0.2527777777777779 0.4859375 0.2527777777777779 0.4859375 0.313888888888889 0.50234375 0.313888888888889
3 0.53828125 0.2930555555555556 0.5203125 0.2930555555555556 0.5203125 0.35555555555555574 0.53828125 0.35555555555555574
3 0.521875 0.27638888888888896 0.51015625 0.27638888888888896 0.51015625 0.3333333333333334 0.521875 0.3333333333333334
3 0.51875 0.23194444444444454 0.50546875 0.23194444444444454 0.50546875 0.27916666666666673 0.51875 0.27916666666666673
8 0.4890625 0.20416666666666675 0.46015625 0.20416666666666675 0.46015625 0.25416666666666676 0.4890625 0.25416666666666676