8 0.32656250000000003 0.6236111111111111 0.10468750000000004 0.6236111111111111 0.10468750000000007 1 0.3265625000000001 1
3 0.3046875 0.5069444444444444 0.2734375 0.5069444444444444 0.2734375 0.6333333333333333 0.3046875 0.6333333333333333
3 0.45859375 0.7583333333333333 0.41484375 0.7583333333333333 0.41484375 0.9375 0.45859375 0.9375
3 0.52890625 0.7152777777777778 0.4890625 0.7152777777777778 0.4890625 0.8972222222222223 0.52890625 0.8972222222222223
3 0.4 0.4222222222222224 0.37421875 0.4222222222222224 0.37421875 0.5361111111111113 0.4 0.5361111111111113
3 0.35625 0.45416666666666666 0.33515625 0.45416666666666666 0.33515625 0.5569444444444445 0.35625 0.5569444444444445
3 0.34375 0.39444444444444443 0.32578125 0.39444444444444443 0.32578125 0.475 0.34375 0.475
3 0.39921875 0.3347222222222223 0.37734375 0.3347222222222223 0.37734375 0.41388888888888903 0.39921875 0.41388888888888903
3 0.42578125 0.34166666666666673 0.40546875 0.34166666666666673 0.40546875 0.41805555555555574 0.42578125 0.41805555555555574
3 0.48515625 0.34583333333333344 0.46796875 0.34583333333333344 0.46796875 0.4333333333333335 0.48515625 0.4333333333333335
3 0.5296875 0.36388888888888904 0.5109375 0.36388888888888904 0.5109375 0.45972222222222237 0.5296875 0.45972222222222237
3 0.57890625 0.47638888888888903 0.553125 0.47638888888888903 0.553125 0.588888888888889 0.57890625 0.588888888888889
3 0.48515625 0.2805555555555556 0.4703125 0.2805555555555556 0.4703125 0.3430555555555556 0.48515625 0.3430555555555556
3 0.50625 0.2875000000000001 0.4921875 0.2875000000000001 0.4921875 0.3597222222222224 0.50625 0.3597222222222224
3 0.53359375 0.301388888888889 0.51875 0.301388888888889 0.51875 0.3583333333333335 0.53359375 0.3583333333333335