3 0.18515625000000002 0.3097222222222223 0.1484375 0.30972222222222223 0.14843750000000003 0.39861111111111114 0.18515625000000005 0.39861111111111114
3 0.1796875 0.225 0.16328125 0.225 0.16328125 0.27361111111111114 0.1796875 0.27361111111111114
3 0.4328125 0.20000000000000007 0.4046875 0.20000000000000007 0.4046875 0.2458333333333334 0.4328125 0.2458333333333334
3 0.27109375 0.18888888888888897 0.24921875 0.18888888888888897 0.24921875 0.22777777777777786 0.27109375 0.22777777777777786
3 0.9203125 0.5277777777777779 0.86953125 0.5277777777777779 0.86953125 0.6708333333333335 0.9203125 0.6708333333333335
3 0.79609375 0.40000000000000013 0.76015625 0.40000000000000013 0.76015625 0.48750000000000016 0.79609375 0.48750000000000016
8 0.57109375 0.39722222222222237 0.5015625 0.39722222222222237 0.5015625 0.501388888888889 0.57109375 0.501388888888889
8 0.6625 0.3041666666666668 0.57890625 0.3041666666666668 0.57890625 0.47361111111111126 0.6625 0.47361111111111126
14 0.66484375 0.18611111111111128 0.59921875 0.18611111111111128 0.59921875 0.24861111111111128 0.66484375 0.24861111111111128
3 0.715625 0.24722222222222237 0.69921875 0.24722222222222237 0.69921875 0.29861111111111127 0.715625 0.29861111111111127
3 0.74140625 0.23750000000000016 0.72734375 0.23750000000000016 0.72734375 0.2763888888888891 0.74140625 0.2763888888888891
3 0.70390625 0.23888888888888904 0.69375 0.23888888888888904 0.69375 0.27777777777777796 0.70390625 0.27777777777777796
8 0.7484375 0.21250000000000016 0.7109375 0.21250000000000016 0.7109375 0.2555555555555557 0.7484375 0.2555555555555557