8 0.56015625 0.22500000000000012 0.52109375 0.2250000000000001 0.52109375 0.3041666666666668 0.56015625 0.3041666666666668
8 0.4359375 0.46666666666666673 0.3109375 0.4666666666666667 0.31093750000000003 0.7305555555555555 0.4359375 0.7305555555555555
8 0.46875 0.288888888888889 0.3984375 0.288888888888889 0.3984375 0.41805555555555574 0.46875 0.41805555555555574
3 0.24921875 0.4597222222222222 0.2125 0.4597222222222222 0.2125 0.5861111111111111 0.24921875 0.5861111111111111
3 0.21015625 0.4152777777777778 0.16406250000000006 0.4152777777777778 0.16406250000000006 0.5388888888888889 0.21015625 0.5388888888888889
3 0.29765625 0.3861111111111111 0.2609375 0.3861111111111111 0.2609375 0.5041666666666667 0.29765625 0.5041666666666667
3 0.275 0.34166666666666673 0.25390625 0.34166666666666673 0.25390625 0.41805555555555557 0.275 0.41805555555555557
3 0.35859375 0.3819444444444444 0.31875 0.3819444444444444 0.31875 0.4888888888888889 0.35859375 0.4888888888888889
3 0.16250000000000003 0.5277777777777778 0.09687500000000004 0.5277777777777778 0.09687500000000004 0.6972222222222222 0.16250000000000003 0.6972222222222222
3 0.2132812500000001 0.6472222222222223 0.13828125000000005 0.6472222222222223 0.13828125000000005 0.8347222222222223 0.2132812500000001 0.8347222222222223
3 0.10078125000000004 0.35833333333333334 0.051562500000000025 0.35833333333333334 0.051562500000000025 0.43333333333333335 0.10078125000000004 0.43333333333333335
3 0.32109375 0.25416666666666676 0.296875 0.25416666666666676 0.296875 0.32777777777777783 0.32109375 0.32777777777777783
3 0.3390625 0.2750000000000001 0.31640625 0.2750000000000001 0.31640625 0.35555555555555557 0.3390625 0.35555555555555557
3 0.36953125 0.2611111111111112 0.35078125 0.2611111111111112 0.35078125 0.3444444444444445 0.36953125 0.3444444444444445
3 0.3921875 0.2458333333333334 0.3734375 0.2458333333333334 0.3734375 0.31666666666666676 0.3921875 0.31666666666666676
3 0.425 0.2347222222222223 0.3921875 0.2347222222222223 0.3921875 0.29027777777777786 0.425 0.29027777777777786
3 0.051562500000000046 0.5708333333333333 3.9322643316372043e-17 0.5708333333333333 4.664182145190115e-17 0.7833333333333333 0.051562500000000046 0.7833333333333333
3 0.9203125 0.5930555555555557 0.8640625 0.5930555555555557 0.8640625 0.7625000000000003 0.9203125 0.7625000000000003
8 0.4796875 0.1847222222222223 0.4421875 0.1847222222222223 0.4421875 0.2583333333333334 0.4796875 0.2583333333333334
3 0.36953125 0.2111111111111112 0.35546875 0.2111111111111112 0.35546875 0.2611111111111112 0.36953125 0.2611111111111112