3 0.22265625000000008 0.7291666666666666 0.17500000000000004 0.7291666666666666 0.17500000000000004 0.9236111111111112 0.22265625000000008 0.9236111111111112
3 0.06718750000000004 0.4777777777777778 3.2912382727085115e-17 0.4777777777777778 3.683507950560398e-17 0.5916666666666667 0.06718750000000004 0.5916666666666667
3 0.55 0.2708333333333334 0.5203125 0.2708333333333334 0.5203125 0.35000000000000014 0.55 0.35000000000000014
3 0.65 0.4083333333333335 0.62421875 0.4083333333333335 0.62421875 0.5222222222222224 0.65 0.5222222222222224
3 0.18437500000000004 0.6125 0.10000000000000005 0.6125 0.10000000000000005 0.7569444444444444 0.18437500000000004 0.7569444444444444
3 0.35234375 0.24305555555555564 0.3296875 0.24305555555555564 0.3296875 0.3236111111111112 0.35234375 0.3236111111111112
3 0.26250000000000007 0.6 0.22265625 0.6 0.22265625000000006 0.7763888888888889 0.26250000000000007 0.7763888888888889
3 0.51875 0.2750000000000001 0.4859375 0.2750000000000001 0.4859375 0.351388888888889 0.51875 0.351388888888889
3 0.68515625 0.5180555555555557 0.6515625 0.5180555555555557 0.6515625 0.6680555555555557 0.68515625 0.6680555555555557
3 0.36406250000000007 0.5527777777777778 0.33359375 0.5527777777777778 0.33359375 0.7069444444444445 0.36406250000000007 0.7069444444444446
3 0.61875 0.4305555555555557 0.59453125 0.4305555555555557 0.59453125 0.5500000000000002 0.61875 0.5500000000000002
3 0.7390625 0.3569444444444446 0.7 0.3569444444444446 0.7 0.4555555555555557 0.7390625 0.4555555555555557
3 0.6375 0.22500000000000014 0.62109375 0.22500000000000014 0.62109375 0.2902777777777779 0.6375 0.2902777777777779
3 0.19140625000000006 0.49166666666666664 0.10937500000000004 0.49166666666666664 0.10937500000000004 0.625 0.19140625000000006 0.625
3 0.6859375 0.41111111111111126 0.659375 0.41111111111111126 0.659375 0.5125000000000002 0.6859375 0.5125000000000002
3 0.16250000000000003 0.3236111111111111 0.10703125000000005 0.3236111111111111 0.10703125000000005 0.41805555555555557 0.16250000000000003 0.41805555555555557
3 0.59296875 0.22361111111111126 0.58046875 0.22361111111111126 0.58046875 0.2708333333333335 0.59296875 0.2708333333333335
3 0.44453125 0.24305555555555564 0.42890625 0.24305555555555564 0.42890625 0.3069444444444445 0.44453125 0.3069444444444445
3 0.4640625 0.23333333333333342 0.446875 0.23333333333333342 0.446875 0.31250000000000006 0.4640625 0.31250000000000006
3 0.928125 0.5694444444444446 0.89375 0.5694444444444446 0.89375 0.7180555555555559 0.928125 0.7180555555555559
3 0.94921875 0.4319444444444446 0.903125 0.4319444444444446 0.903125 0.5236111111111112 0.94921875 0.5236111111111112
3 0.3703125 0.20000000000000007 0.35546875 0.20000000000000007 0.35546875 0.2583333333333334 0.3703125 0.2583333333333334
8 0.41875 0.24027777777777787 0.3828125 0.24027777777777787 0.3828125 0.3208333333333334 0.41875 0.3208333333333334
8 0.653125 0.28750000000000014 0.57109375 0.28750000000000014 0.57109375 0.36111111111111127 0.653125 0.36111111111111127
3 0.4953125 0.26944444444444454 0.4828125 0.26944444444444454 0.4828125 0.3097222222222223 0.4953125 0.3097222222222223