8 0.24921875 0.1305555555555556 0.1734375 0.1305555555555556 0.1734375 0.23194444444444448 0.24921875 0.23194444444444454
8 0.64765625 0.2458333333333335 0.59296875 0.2458333333333335 0.59296875 0.3680555555555557 0.64765625 0.3680555555555557
8 0.634375 0.1819444444444446 0.575 0.1819444444444446 0.575 0.26666666666666683 0.634375 0.26666666666666683
8 0.7078125 0.21111111111111128 0.6359375 0.21111111111111128 0.6359375 0.29305555555555574 0.7078125 0.29305555555555574
8 0.75625 0.16388888888888906 0.67265625 0.16388888888888906 0.67265625 0.23611111111111127 0.75625 0.23611111111111127
8 0.31484375 0.2847222222222223 0.25546875 0.2847222222222223 0.25546875 0.4041666666666667 0.31484375 0.4041666666666667
8 0.16406250000000006 0.5319444444444444 0.006250000000000036 0.5319444444444444 0.0062500000000000454 0.8041666666666667 0.16406250000000006 0.8041666666666667
8 0.44609375 0.20555555555555563 0.390625 0.20555555555555563 0.390625 0.2597222222222223 0.44609375 0.2597222222222223
8 0.5734375 0.19444444444444456 0.5203125 0.19444444444444453 0.5203125 0.25555555555555565 0.5734375 0.2555555555555557
3 0.06718750000000004 0.4486111111111111 0.023437500000000035 0.4486111111111111 0.023437500000000035 0.5722222222222222 0.06718750000000004 0.5722222222222222
3 0.17656250000000004 0.3333333333333333 0.15078125000000003 0.3333333333333333 0.15078125000000003 0.42777777777777776 0.17656250000000004 0.42777777777777776
3 0.51015625 0.22777777777777786 0.4828125 0.22777777777777786 0.4828125 0.2708333333333334 0.51015625 0.2708333333333334
3 0.37109375 0.20416666666666675 0.34296875 0.20416666666666675 0.34296875 0.24444444444444452 0.37109375 0.24444444444444452
14 0.72578125 0.3944444444444446 0.61796875 0.3944444444444446 0.61796875 0.5791666666666668 0.72578125 0.5791666666666668