3 0.7625 0.5333333333333334 0.7265625 0.5333333333333334 0.7265625 0.676388888888889 0.7625 0.676388888888889
3 0.86484375 0.8444444444444448 0.80078125 0.8444444444444448 0.80078125 0.9944444444444448 0.86484375 0.9944444444444448
3 0.71328125 0.676388888888889 0.6703125 0.676388888888889 0.6703125 0.8347222222222223 0.71328125 0.8347222222222223
3 0.7421875 0.3444444444444446 0.71640625 0.3444444444444446 0.71640625 0.4416666666666668 0.7421875 0.4416666666666668
3 0.3648437500000001 0.6694444444444445 0.3265625000000001 0.6694444444444444 0.3265625000000001 0.8625 0.3648437500000001 0.8625
3 0.11484375000000005 0.4263888888888889 0.06562500000000002 0.4263888888888889 0.06562500000000003 0.5305555555555556 0.11484375000000005 0.5305555555555556
3 0.2046875 0.425 0.16406250000000006 0.425 0.16406250000000006 0.5361111111111111 0.2046875 0.5361111111111111
3 0.33125000000000004 0.525 0.3015625 0.525 0.30156250000000007 0.6819444444444445 0.3312500000000001 0.6819444444444445
3 0.6796875 0.29166666666666685 0.6578125 0.29166666666666685 0.6578125 0.3819444444444446 0.6796875 0.3819444444444446
3 0.2828125 0.43333333333333335 0.25078125 0.43333333333333335 0.25078125 0.5569444444444445 0.2828125 0.5569444444444445
3 0.9265625 0.5763888888888891 0.89140625 0.5763888888888891 0.89140625 0.7152777777777781 0.9265625 0.7152777777777781
3 0.63828125 0.2763888888888891 0.61484375 0.2763888888888891 0.61484375 0.3527777777777779 0.63828125 0.3527777777777779
3 0.7296875 0.577777777777778 0.6953125 0.577777777777778 0.6953125 0.7416666666666668 0.7296875 0.741666666666667
3 0.3625 0.38055555555555554 0.3359375 0.38055555555555554 0.3359375 0.49583333333333335 0.3625 0.49583333333333335
3 0.4359375 0.47500000000000014 0.40234375 0.47500000000000014 0.40234375 0.613888888888889 0.4359375 0.613888888888889
3 0.3078125 0.46944444444444444 0.2765625 0.46944444444444444 0.2765625 0.6 0.3078125 0.6
3 0.93203125 0.4194444444444446 0.86796875 0.4194444444444446 0.86796875 0.5069444444444446 0.93203125 0.5069444444444446
3 0.51015625 0.26388888888888895 0.4734375 0.26388888888888895 0.4734375 0.3347222222222223 0.51015625 0.3347222222222223
3 0.43984375 0.2222222222222223 0.4234375 0.2222222222222223 0.4234375 0.2750000000000001 0.43984375 0.2750000000000001
3 0.915625 0.5236111111111112 0.871875 0.5236111111111112 0.871875 0.626388888888889 0.915625 0.626388888888889
3 0.3734375 0.20555555555555563 0.36015625 0.20555555555555563 0.36015625 0.26388888888888895 0.3734375 0.26388888888888895
3 0.42734375 0.26944444444444454 0.39296875 0.26944444444444454 0.39296875 0.3430555555555556 0.42734375 0.3430555555555556
3 0.62265625 0.24027777777777792 0.6 0.24027777777777792 0.6 0.3027777777777779 0.62265625 0.3027777777777779
3 0.534375 0.18194444444444452 0.51875 0.18194444444444452 0.51875 0.24166666666666675 0.534375 0.24166666666666675
8 0.625 0.28750000000000014 0.51953125 0.2875000000000001 0.51953125 0.3666666666666668 0.625 0.3666666666666668
3 0.10468750000000002 0.32222222222222224 0.06015625000000002 0.32222222222222224 0.06015625000000002 0.39861111111111114 0.10468750000000004 0.39861111111111114