3 0.8515625 0.613888888888889 0.809375 0.613888888888889 0.809375 0.7805555555555559 0.8515625 0.7805555555555559
3 0.4296875 0.6305555555555558 0.37265625 0.6305555555555558 0.37265625 0.8013888888888889 0.4296875 0.8013888888888889
3 0.10312500000000005 0.3861111111111111 0.04296875000000002 0.3861111111111111 0.04296875000000003 0.4791666666666667 0.10312500000000005 0.4791666666666667
3 0.16796875000000006 0.7958333333333333 0.11484375000000005 0.7958333333333333 0.11484375000000006 0.9916666666666667 0.16796875000000008 0.9916666666666667
3 0.3484375 0.2458333333333334 0.3296875 0.2458333333333334 0.3296875 0.33055555555555566 0.3484375 0.33055555555555566
3 0.54140625 0.24305555555555564 0.52421875 0.24305555555555564 0.52421875 0.32638888888888895 0.54140625 0.32638888888888895
3 0.16796875000000006 0.3388888888888889 0.11640625000000004 0.3388888888888889 0.11640625000000004 0.4263888888888889 0.16796875000000006 0.4263888888888889
3 0.6078125 0.2708333333333335 0.5890625 0.2708333333333335 0.5890625 0.35416666666666685 0.6078125 0.35416666666666685
3 0.48984375 0.5708333333333335 0.43984375 0.5708333333333335 0.43984375 0.7180555555555556 0.48984375 0.7180555555555556
3 0.58203125 0.2708333333333335 0.56484375 0.2708333333333335 0.56484375 0.3569444444444446 0.58203125 0.3569444444444446
3 0.5890625 0.18750000000000017 0.571875 0.18750000000000017 0.571875 0.24027777777777792 0.5890625 0.24027777777777792
3 0.50859375 0.5208333333333335 0.4625 0.5208333333333335 0.4625 0.6569444444444446 0.50859375 0.6569444444444446
3 0.6515625 0.24305555555555572 0.63125 0.24305555555555572 0.63125 0.3180555555555557 0.6515625 0.3180555555555557
3 0.45 0.3000000000000001 0.41953125 0.3000000000000001 0.41953125 0.3861111111111113 0.45 0.3861111111111113
3 0.54140625 0.18888888888888897 0.52421875 0.18888888888888897 0.52421875 0.24027777777777787 0.54140625 0.24027777777777787
3 0.4296875 0.5097222222222224 0.3859375 0.5097222222222224 0.3859375 0.6416666666666668 0.4296875 0.6416666666666668
3 0.57265625 0.23750000000000016 0.5546875 0.23750000000000016 0.5546875 0.3041666666666668 0.57265625 0.3041666666666668
3 0.45390625 0.6069444444444446 0.40859375 0.6069444444444446 0.40859375 0.7638888888888888 0.45390625 0.7638888888888888
3 0.30234375 0.2736111111111112 0.27734375 0.2736111111111112 0.27734375 0.35833333333333334 0.30234375 0.35833333333333334
3 0.4109375 0.4583333333333335 0.3765625 0.4583333333333335 0.3765625 0.5805555555555557 0.4109375 0.5805555555555557
8 0.4890625 0.44027777777777793 0.3953125 0.44027777777777793 0.3953125 0.5763888888888891 0.4890625 0.5763888888888891
8 0.35 0.36944444444444446 0.284375 0.36944444444444446 0.284375 0.4777777777777778 0.35 0.4777777777777778
8 0.33906250000000004 0.46944444444444444 0.2453125 0.46944444444444444 0.24531250000000004 0.7125 0.3390625000000001 0.7125
8 0.40703125 0.22638888888888897 0.36796875 0.22638888888888897 0.36796875 0.3083333333333334 0.40703125 0.3083333333333334