8 0.8734375 0.6847222222222223 0.6921875 0.6847222222222223 0.6921875 0.9333333333333335 0.8734375 0.9333333333333337
3 0.83046875 0.3791666666666668 0.80703125 0.3791666666666668 0.80703125 0.4847222222222224 0.83046875 0.4847222222222224
14 0.73125 0.38472222222222235 0.625 0.38472222222222235 0.625 0.5847222222222224 0.73125 0.5847222222222224
8 0.6765625 0.4486111111111113 0.52578125 0.4486111111111113 0.52578125 0.8472222222222222 0.6765625 0.8472222222222222
3 0.46796875 0.2750000000000001 0.44453125 0.2750000000000001 0.44453125 0.3333333333333334 0.46796875 0.3333333333333334
3 0.41953125 0.20000000000000007 0.39453125 0.20000000000000007 0.39453125 0.24166666666666675 0.41953125 0.24166666666666675
8 0.26796875 0.12777777777777782 0.1515625 0.12777777777777782 0.1515625 0.24583333333333338 0.26796875 0.2458333333333334
8 0.57734375 0.1916666666666668 0.50078125 0.19166666666666674 0.50078125 0.47638888888888903 0.57734375 0.47638888888888903
14 0.63828125 0.2833333333333335 0.58671875 0.2833333333333335 0.58671875 0.39722222222222237 0.63828125 0.39722222222222237
8 0.66328125 0.24722222222222237 0.6265625 0.24722222222222237 0.6265625 0.28750000000000014 0.66328125 0.28750000000000014
3 0.72578125 0.3069444444444446 0.7078125 0.3069444444444446 0.7078125 0.38333333333333347 0.72578125 0.38333333333333347
3 0.715625 0.2569444444444446 0.7 0.2569444444444446 0.7 0.32222222222222235 0.715625 0.32222222222222235
3 0.353125 0.1972222222222223 0.32890625 0.1972222222222223 0.32890625 0.23888888888888896 0.353125 0.23888888888888896