8 0.3375 0.2208333333333334 0.29140625 0.2208333333333334 0.29140625 0.3611111111111111 0.3375 0.3611111111111111
8 0.63515625 0.2333333333333335 0.5703125 0.2333333333333335 0.5703125 0.3680555555555557 0.63515625 0.3680555555555557
8 0.640625 0.17222222222222236 0.5703125 0.17222222222222233 0.5703125 0.2458333333333335 0.640625 0.2458333333333335
8 0.603125 0.44722222222222235 0.50390625 0.44722222222222235 0.50390625 0.6041666666666669 0.603125 0.6041666666666669
8 0.7125 0.43888888888888905 0.60859375 0.43888888888888905 0.60859375 0.5527777777777779 0.7125 0.5527777777777779
8 0.71875 0.7666666666666667 0.54609375 0.7666666666666667 0.54609375 0.9986111111111111 0.71875 0.9986111111111111
8 0.9859375 0.7527777777777781 0.734375 0.7527777777777781 0.734375 0.9986111111111114 0.9859375 0.9986111111111114
8 0.55078125 0.3333333333333334 0.5015625 0.3333333333333334 0.5015625 0.41388888888888903 0.55078125 0.41388888888888903
8 0.65703125 0.3527777777777779 0.58671875 0.3527777777777779 0.58671875 0.45138888888888906 0.65703125 0.45138888888888906
8 0.54453125 0.2861111111111112 0.49921875 0.2861111111111112 0.49921875 0.338888888888889 0.54453125 0.3388888888888891
8 0.57109375 0.23055555555555568 0.534375 0.23055555555555562 0.534375 0.28750000000000014 0.57109375 0.28750000000000014
8 0.38125 0.1833333333333334 0.3234375 0.1833333333333334 0.3234375 0.23888888888888896 0.38125 0.23888888888888896
8 0.665625 0.22361111111111126 0.6265625 0.22361111111111126 0.6265625 0.27222222222222237 0.665625 0.27222222222222237
8 0.71484375 0.22638888888888906 0.68046875 0.22638888888888906 0.68046875 0.25972222222222235 0.71484375 0.25972222222222235