3 0.12343750000000006 0.8125 0.05703125000000007 0.8125 0.05703125000000007 0.9847222222222223 0.12343750000000009 0.9847222222222223
3 0.83046875 0.7097222222222224 0.78125 0.7097222222222224 0.78125 0.9097222222222225 0.83046875 0.9097222222222225
3 0.92265625 0.8444444444444448 0.8625 0.8444444444444448 0.8625 0.9944444444444448 0.92265625 0.9944444444444448
3 0.7828125 0.5000000000000001 0.7515625 0.5000000000000001 0.7515625 0.627777777777778 0.7828125 0.627777777777778
3 1 0.7375000000000003 0.9328125 0.7375000000000003 0.9328125 0.9013888888888892 1 0.9013888888888892
3 0.59375 0.42500000000000016 0.53984375 0.42500000000000016 0.53984375 0.5305555555555557 0.59375 0.5305555555555557
3 0.3421875 0.37916666666666665 0.315625 0.37916666666666665 0.315625 0.49444444444444446 0.3421875 0.49444444444444446
3 0.82109375 0.5097222222222224 0.7890625 0.5097222222222224 0.7890625 0.6375000000000002 0.82109375 0.6375000000000002
3 0.6875 0.47361111111111126 0.65625 0.47361111111111126 0.65625 0.5930555555555557 0.6875 0.5930555555555557
3 0.28593750000000007 0.5194444444444445 0.25546875 0.5194444444444445 0.25546875 0.6625 0.28593750000000007 0.6625
3 0.275 0.6083333333333333 0.240625 0.6083333333333333 0.24062500000000003 0.7902777777777777 0.2750000000000001 0.7902777777777777
3 0.73359375 0.5500000000000002 0.6984375 0.5500000000000002 0.6984375 0.690277777777778 0.73359375 0.690277777777778
3 0.7109375 0.4222222222222224 0.6875 0.4222222222222224 0.6875 0.540277777777778 0.7109375 0.540277777777778
3 0.5328125 0.33194444444444454 0.5078125 0.33194444444444454 0.5078125 0.4305555555555557 0.5328125 0.4305555555555557
3 0.646875 0.3722222222222224 0.6203125 0.3722222222222224 0.6203125 0.4777777777777779 0.646875 0.4777777777777779
3 0.665625 0.4097222222222224 0.63984375 0.4097222222222224 0.63984375 0.5180555555555557 0.665625 0.5180555555555557
3 0.371875 0.4000000000000001 0.34296875 0.4 0.34296875 0.5055555555555556 0.371875 0.5055555555555558
3 0.315625 0.313888888888889 0.29140625 0.313888888888889 0.29140625 0.40555555555555556 0.315625 0.40555555555555556
3 0.41796875 0.3347222222222223 0.396875 0.3347222222222223 0.396875 0.40416666666666684 0.41796875 0.40416666666666684
3 0.55859375 0.3875000000000002 0.521875 0.3875000000000002 0.521875 0.4847222222222224 0.55859375 0.4847222222222224
3 0.44765625 0.3375000000000001 0.42890625 0.3375000000000001 0.42890625 0.40277777777777796 0.44765625 0.40277777777777796
3 0.57265625 0.2708333333333335 0.553125 0.2708333333333335 0.553125 0.3388888888888891 0.57265625 0.3388888888888891
3 0.3828125 0.4597222222222223 0.35859375 0.4597222222222222 0.35859375 0.5847222222222223 0.3828125 0.5847222222222224
8 0.671875 0.7166666666666667 0.55625 0.7166666666666667 0.55625 0.9666666666666667 0.671875 0.9666666666666667
8 0.28046875 0.3430555555555556 0.15156250000000004 0.34305555555555556 0.15156250000000004 0.45 0.28046875 0.45
8 0.4203125 0.21527777777777785 0.38515625 0.21527777777777785 0.38515625 0.29027777777777786 0.4203125 0.29027777777777786
8 0.53515625 0.18750000000000008 0.50234375 0.18750000000000008 0.50234375 0.24166666666666675 0.53515625 0.24166666666666675
8 0.59921875 0.32777777777777795 0.55078125 0.32777777777777795 0.55078125 0.44027777777777793 0.59921875 0.44027777777777793
8 0.4875 0.20694444444444451 0.42421875 0.20694444444444451 0.42421875 0.3666666666666668 0.4875 0.3666666666666668
8 0.471875 0.39722222222222237 0.36328125 0.39722222222222237 0.36328125000000006 0.7013888888888891 0.471875 0.7013888888888891