3 0.06406250000000004 0.47638888888888886 0.020312500000000032 0.47638888888888886 0.020312500000000035 0.5972222222222222 0.06406250000000005 0.5972222222222222
8 0.31328125 0.2472222222222223 0.25859375 0.2472222222222223 0.25859375 0.3236111111111112 0.31328125 0.3236111111111112
8 0.63671875 0.29166666666666685 0.58125 0.29166666666666685 0.58125 0.38472222222222235 0.63671875 0.38472222222222235
8 0.628125 0.24027777777777792 0.5921875 0.24027777777777792 0.5921875 0.2805555555555557 0.628125 0.2805555555555557
8 0.23515625 0.1972222222222223 0.196875 0.1972222222222223 0.196875 0.2597222222222223 0.23515625 0.2597222222222223
8 0.18125 0.16944444444444448 0.14609375 0.16944444444444448 0.14609375 0.2388888888888889 0.18125 0.2388888888888889
8 0.55390625 0.24861111111111123 0.4953125 0.2486111111111112 0.4953125 0.39027777777777795 0.55390625 0.39027777777777795
8 0.6328125 0.18611111111111128 0.56328125 0.18611111111111128 0.56328125 0.26527777777777795 0.6328125 0.26527777777777795
8 0.6890625 0.2166666666666668 0.62890625 0.2166666666666668 0.62890625 0.2680555555555557 0.6890625 0.2680555555555557
3 0.87109375 0.4777777777777779 0.825 0.4777777777777779 0.825 0.6152777777777779 0.87109375 0.6152777777777779
3 0.728125 0.24027777777777792 0.709375 0.24027777777777792 0.709375 0.2902777777777779 0.728125 0.2902777777777779
3 0.403125 0.1972222222222223 0.3734375 0.1972222222222223 0.3734375 0.24305555555555564 0.403125 0.24305555555555564
3 0.334375 0.19583333333333341 0.31328125 0.19583333333333341 0.31328125 0.24027777777777787 0.334375 0.24027777777777787