3 0.14062500000000006 0.42916666666666664 0.10390625000000005 0.42916666666666664 0.10390625000000005 0.5583333333333333 0.14062500000000006 0.5583333333333333
3 0.07968750000000004 0.41944444444444445 0.048437500000000036 0.41944444444444445 0.048437500000000036 0.5402777777777777 0.07968750000000005 0.5402777777777777
3 0.75859375 0.3472222222222224 0.73671875 0.3472222222222224 0.73671875 0.4319444444444446 0.75859375 0.4319444444444446
8 0.6515625 0.24861111111111128 0.6125 0.24861111111111128 0.6125 0.3111111111111113 0.6515625 0.3111111111111113
8 0.66640625 0.21527777777777793 0.6296875 0.21527777777777793 0.6296875 0.26388888888888906 0.66640625 0.26388888888888906
8 0.5453125 0.19305555555555567 0.4859375 0.19305555555555565 0.4859375 0.24583333333333346 0.5453125 0.2458333333333335
3 0.5796875 0.2305555555555557 0.55 0.2305555555555557 0.55 0.26527777777777795 0.5796875 0.26527777777777795
3 0.43828125 0.20277777777777786 0.415625 0.20277777777777786 0.415625 0.23888888888888896 0.43828125 0.23888888888888896
8 0.3703125 0.16805555555555562 0.3 0.16805555555555562 0.3 0.24305555555555564 0.3703125 0.24305555555555564
3 0.25625 0.18750000000000008 0.23515625 0.18750000000000008 0.23515625 0.22777777777777786 0.25625 0.22777777777777786
8 0.1921875 0.1916666666666667 0.1703125 0.19166666666666668 0.1703125 0.22777777777777783 0.1921875 0.22777777777777786
3 0.1546875 0.225 0.128125 0.225 0.128125 0.2875 0.1546875 0.2875
3 0.2921875 0.19861111111111118 0.26640625 0.19861111111111118 0.26640625 0.23750000000000007 0.2921875 0.23750000000000007
8 0.71875 0.21111111111111128 0.6671875 0.21111111111111128 0.6671875 0.27500000000000013 0.71875 0.27500000000000013