3 0.60546875 0.6750000000000002 0.5578125 0.6750000000000002 0.5578125 0.8083333333333333 0.60546875 0.8083333333333333
3 0.82265625 0.4222222222222224 0.80859375 0.4222222222222224 0.80859375 0.47500000000000014 0.82265625 0.47500000000000014
3 0.77265625 0.4680555555555557 0.75390625 0.4680555555555557 0.75390625 0.5416666666666669 0.77265625 0.5416666666666669
3 0.79453125 0.4291666666666668 0.778125 0.4291666666666668 0.778125 0.4902777777777779 0.79453125 0.4902777777777779
3 0.76640625 0.4208333333333335 0.74296875 0.4208333333333335 0.74296875 0.47638888888888903 0.76640625 0.47638888888888903
3 0.8546875 0.3875000000000002 0.8390625 0.3875000000000002 0.8390625 0.4416666666666668 0.8546875 0.4416666666666668
3 0.73359375 0.3694444444444446 0.71953125 0.3694444444444446 0.71953125 0.4222222222222224 0.73359375 0.4222222222222224
3 0.63984375 0.5736111111111113 0.61640625 0.5736111111111113 0.61640625 0.6680555555555557 0.63984375 0.6680555555555557
3 0.70078125 0.4319444444444446 0.67734375 0.4319444444444446 0.67734375 0.4958333333333335 0.70078125 0.4958333333333335
3 0.65078125 0.526388888888889 0.62734375 0.526388888888889 0.62734375 0.5986111111111113 0.65078125 0.5986111111111113
3 0.74765625 0.4694444444444446 0.72265625 0.4694444444444446 0.72265625 0.5430555555555557 0.74765625 0.5430555555555557
3 0.66875 0.4708333333333335 0.64375 0.4708333333333335 0.64375 0.5388888888888891 0.66875 0.5388888888888891
3 0.55859375 0.626388888888889 0.51328125 0.626388888888889 0.51328125 0.7513888888888889 0.55859375 0.7513888888888889
3 0.72890625 0.5388888888888891 0.70625 0.5388888888888891 0.70625 0.6319444444444446 0.72890625 0.6319444444444446
3 0.7203125 0.4583333333333335 0.70078125 0.4583333333333335 0.70078125 0.5180555555555557 0.7203125 0.5180555555555557
3 0.875 0.3569444444444446 0.859375 0.3569444444444446 0.859375 0.41250000000000014 0.875 0.41250000000000014
3 0.8015625 0.3944444444444446 0.78203125 0.3944444444444446 0.78203125 0.44583333333333347 0.8015625 0.44583333333333347
3 0.68359375 0.42638888888888904 0.65546875 0.42638888888888904 0.65546875 0.4958333333333335 0.68359375 0.4958333333333335
3 0.7125 0.5069444444444446 0.69453125 0.5069444444444446 0.69453125 0.5736111111111113 0.7125 0.5736111111111113
3 0.83125 0.3819444444444446 0.8109375 0.3819444444444446 0.8109375 0.4305555555555557 0.83125 0.4305555555555557
3 0.7734375 0.3791666666666668 0.753125 0.3791666666666668 0.753125 0.4319444444444446 0.7734375 0.4319444444444446
3 0.84375 0.34027777777777796 0.82421875 0.34027777777777796 0.82421875 0.3875000000000002 0.84375 0.3875000000000002
8 0.4140625 0.5458333333333334 0.2953125 0.5458333333333333 0.29531250000000003 0.6875000000000001 0.4140625 0.6875000000000001
8 0.16875000000000004 0.6236111111111111 0.009375000000000041 0.6236111111111111 0.009375000000000046 0.7805555555555556 0.16875000000000004 0.7805555555555556
8 0.546875 0.4083333333333335 0.49296875 0.4083333333333335 0.49296875 0.4833333333333335 0.546875 0.4833333333333335
8 0.64609375 0.36250000000000016 0.6125 0.36250000000000016 0.6125 0.40277777777777796 0.64609375 0.40277777777777796
8 0.72578125 0.3444444444444446 0.69140625 0.3444444444444446 0.69140625 0.3930555555555557 0.72578125 0.3930555555555557