3 0.15937500000000004 0.525 0.10390625000000005 0.525 0.10390625000000005 0.7 0.15937500000000004 0.7
3 0.271875 0.39305555555555555 0.22265625 0.39305555555555555 0.22265625 0.5236111111111111 0.271875 0.5236111111111111
3 0.3265625 0.2944444444444445 0.28203125 0.2944444444444445 0.28203125 0.42083333333333334 0.3265625 0.42083333333333334
3 0.36328125 0.2583333333333334 0.33046875 0.2583333333333334 0.33046875 0.351388888888889 0.36328125 0.351388888888889
3 0.37421875 0.21805555555555564 0.35234375 0.21805555555555564 0.35234375 0.2958333333333334 0.37421875 0.2958333333333334
3 0.39140625 0.24027777777777787 0.3703125 0.24027777777777787 0.3703125 0.31666666666666676 0.39140625 0.31666666666666676
3 0.78828125 0.3472222222222224 0.75703125 0.3472222222222224 0.75703125 0.44027777777777793 0.78828125 0.44027777777777793
3 0.88359375 0.4972222222222224 0.8328125 0.4972222222222224 0.8328125 0.6777777777777779 0.88359375 0.6777777777777779
3 0.70234375 0.23888888888888904 0.6765625 0.23888888888888904 0.6765625 0.31527777777777793 0.70234375 0.31527777777777793
14 0.6453125 0.20000000000000012 0.54296875 0.20000000000000007 0.54296875 0.4013888888888891 0.6453125 0.4013888888888891
8 0.465625 0.2111111111111112 0.41796875 0.2111111111111112 0.41796875 0.30555555555555564 0.465625 0.30555555555555564
8 0.54375 0.18055555555555564 0.5015625 0.18055555555555564 0.5015625 0.2486111111111112 0.54375 0.2486111111111112
3 0.23828125 0.33888888888888896 0.19062500000000004 0.33888888888888896 0.19062500000000004 0.45 0.23828125 0.45
3 0.11640625000000004 0.35 0.04140625000000002 0.35 0.041406250000000026 0.45 0.11640625000000004 0.45
3 0.2328125 0.25416666666666676 0.184375 0.25416666666666676 0.184375 0.31111111111111117 0.2328125 0.31111111111111117
3 0.2984375 0.5902777777777778 0.2375 0.5902777777777778 0.23750000000000004 0.8 0.2984375000000001 0.8
3 0.25703125000000004 0.525 0.21640625 0.525 0.21640625000000005 0.6513888888888889 0.2570312500000001 0.6513888888888889
3 0.3359375 0.2250000000000001 0.315625 0.2250000000000001 0.315625 0.31250000000000006 0.3359375 0.31250000000000006
3 0.39453125 0.15555555555555564 0.3796875 0.15555555555555564 0.3796875 0.2222222222222223 0.39453125 0.2222222222222223
3 0.36875 0.15694444444444453 0.3546875 0.15694444444444453 0.3546875 0.2097222222222223 0.36875 0.2097222222222223
3 0.4078125 0.16666666666666674 0.3953125 0.16666666666666674 0.3953125 0.2208333333333334 0.4078125 0.2208333333333334