3 0.3632812500000001 0.8180555555555555 0.3070312500000001 0.8180555555555555 0.3070312500000001 0.9694444444444444 0.3632812500000001 0.9694444444444444
3 0.4515625 0.7458333333333333 0.41015625 0.7458333333333333 0.41015625 0.9 0.4515625 0.9
3 0.35234375000000007 0.7333333333333333 0.3148437500000001 0.7333333333333333 0.3148437500000001 0.8291666666666667 0.35234375000000007 0.8291666666666667
3 0.5640625 0.7402777777777778 0.53125 0.7402777777777778 0.53125 0.8847222222222222 0.5640625 0.8847222222222222
3 0.5328125 0.6666666666666669 0.49765625 0.6666666666666669 0.49765625 0.7875 0.5328125 0.7875
3 0.4953125 0.6125000000000002 0.465625 0.6125000000000002 0.465625 0.7194444444444444 0.4953125 0.7194444444444444
3 0.5609375 0.5972222222222224 0.534375 0.5972222222222224 0.534375 0.7000000000000002 0.5609375 0.7000000000000002
3 0.61640625 0.5763888888888891 0.596875 0.5763888888888891 0.596875 0.6611111111111113 0.61640625 0.6611111111111113
3 0.63828125 0.6291666666666669 0.61484375 0.6291666666666669 0.61484375 0.7416666666666667 0.63828125 0.7416666666666667
3 0.7484375 0.6541666666666668 0.7203125 0.6541666666666668 0.7203125 0.7638888888888891 0.7484375 0.7638888888888892
3 0.76484375 0.5763888888888891 0.7421875 0.5763888888888891 0.7421875 0.6569444444444446 0.76484375 0.6569444444444446
3 0.69296875 0.5597222222222223 0.67109375 0.5597222222222223 0.67109375 0.6458333333333335 0.69296875 0.6458333333333335
3 0.903125 0.5375000000000002 0.86484375 0.5375000000000002 0.86484375 0.613888888888889 0.903125 0.613888888888889
3 0.90234375 0.4208333333333335 0.8859375 0.4208333333333335 0.8859375 0.47916666666666685 0.90234375 0.47916666666666685
3 0.83671875 0.42500000000000016 0.82265625 0.42500000000000016 0.82265625 0.4847222222222224 0.83671875 0.4847222222222224
3 0.79609375 0.4291666666666668 0.78125 0.4291666666666668 0.78125 0.48888888888888904 0.79609375 0.48888888888888904
3 0.765625 0.42500000000000016 0.753125 0.42500000000000016 0.753125 0.47361111111111126 0.765625 0.47361111111111126
3 0.7234375 0.4347222222222224 0.7078125 0.4347222222222224 0.7078125 0.4902777777777779 0.7234375 0.4902777777777779
3 0.67890625 0.46111111111111125 0.66484375 0.46111111111111125 0.66484375 0.5194444444444446 0.67890625 0.5194444444444446
3 0.75546875 0.43888888888888905 0.74140625 0.43888888888888905 0.74140625 0.4833333333333335 0.75546875 0.4833333333333335
3 0.85859375 0.3722222222222224 0.84609375 0.3722222222222224 0.84609375 0.42361111111111127 0.85859375 0.42361111111111127
3 0.83203125 0.3875000000000002 0.81875 0.3875000000000002 0.81875 0.4333333333333335 0.83203125 0.4333333333333335
3 0.7265625 0.37500000000000017 0.7109375 0.37500000000000017 0.7109375 0.4277777777777779 0.7265625 0.4277777777777779
3 0.7515625 0.3680555555555557 0.74140625 0.3680555555555557 0.74140625 0.40416666666666684 0.7515625 0.40416666666666684
3 0.759375 0.35138888888888903 0.75 0.35138888888888903 0.75 0.38472222222222235 0.759375 0.38472222222222235
3 0.80546875 0.3569444444444446 0.79375 0.3569444444444446 0.79375 0.3930555555555557 0.80546875 0.3930555555555557
3 0.80546875 0.33750000000000013 0.79765625 0.33750000000000013 0.79765625 0.36111111111111127 0.80546875 0.36111111111111127
3 0.76953125 0.3236111111111113 0.75859375 0.3236111111111113 0.75859375 0.35555555555555574 0.76953125 0.35555555555555574
3 0.784375 0.3194444444444446 0.77734375 0.3194444444444446 0.77734375 0.3527777777777779 0.784375 0.3527777777777779
3 0.84765625 0.3305555555555557 0.8359375 0.3305555555555557 0.8359375 0.3819444444444446 0.84765625 0.3819444444444446
3 0.8375 0.29861111111111127 0.83125 0.29861111111111127 0.83125 0.3305555555555557 0.8375 0.3305555555555557
3 0.83046875 0.32222222222222235 0.82109375 0.32222222222222235 0.82109375 0.35555555555555574 0.83046875 0.35555555555555574
3 0.81875 0.3055555555555557 0.81171875 0.3055555555555557 0.81171875 0.33750000000000013 0.81875 0.33750000000000013
3 0.80625 0.3041666666666668 0.79765625 0.3041666666666668 0.79765625 0.33472222222222237 0.80625 0.33472222222222237
3 0.75390625 0.29305555555555574 0.7453125 0.29305555555555574 0.7453125 0.32222222222222235 0.75390625 0.32222222222222235
3 0.7921875 0.2805555555555557 0.78515625 0.2805555555555557 0.78515625 0.3069444444444446 0.7921875 0.3069444444444446
14 0.47578125 0.4472222222222223 0.24140625 0.44722222222222224 0.24140625000000004 0.7125 0.47578125 0.7125
8 0.66796875 0.3305555555555557 0.6453125 0.3305555555555557 0.6453125 0.3708333333333335 0.66796875 0.3708333333333335
8 0.60859375 0.35555555555555574 0.57578125 0.35555555555555574 0.57578125 0.40277777777777796 0.60859375 0.40277777777777796
8 0.690625 0.29166666666666685 0.671875 0.29166666666666685 0.671875 0.33472222222222237 0.690625 0.33472222222222237
8 0.79921875 0.4916666666666668 0.7109375 0.4916666666666668 0.7109375 0.6000000000000002 0.79921875 0.6000000000000002