3 0.72578125 0.515277777777778 0.65859375 0.515277777777778 0.65859375 0.6333333333333335 0.72578125 0.6333333333333335
3 0.66484375 0.5541666666666668 0.59296875 0.5541666666666668 0.59296875 0.6791666666666668 0.66484375 0.6791666666666668
3 0.3625 0.4986111111111111 0.2828125 0.4986111111111111 0.2828125 0.6194444444444445 0.3625 0.6194444444444445
3 0.46015625 0.45138888888888906 0.3875 0.45138888888888906 0.3875 0.5625000000000001 0.46015625 0.5625000000000001
3 0.10000000000000005 0.3861111111111111 0.03281250000000002 0.3861111111111111 0.03281250000000003 0.4875 0.10000000000000005 0.4875
3 0.403125 0.638888888888889 0.3078125 0.6388888888888888 0.30781250000000004 0.7861111111111111 0.403125 0.7861111111111111
3 0.5234375 0.2861111111111112 0.5 0.2861111111111112 0.5 0.3652777777777779 0.5234375 0.3652777777777779
3 0.61171875 0.2611111111111113 0.59296875 0.2611111111111113 0.59296875 0.33750000000000013 0.61171875 0.33750000000000013
3 0.325 0.2583333333333334 0.30390625 0.2583333333333334 0.30390625 0.3333333333333334 0.325 0.3333333333333334
3 0.5046875 0.4013888888888891 0.453125 0.4013888888888891 0.453125 0.4958333333333335 0.5046875 0.4958333333333335
3 0.65625 0.4291666666666668 0.6015625 0.4291666666666668 0.6015625 0.5194444444444446 0.65625 0.5194444444444446
3 0.20625 0.3597222222222222 0.14531250000000004 0.3597222222222222 0.14531250000000004 0.4513888888888889 0.20625 0.4513888888888889
3 0.5734375 0.2819444444444446 0.5546875 0.2819444444444446 0.5546875 0.3458333333333335 0.5734375 0.3458333333333335
3 0.4390625 0.2722222222222223 0.42109375 0.2722222222222223 0.42109375 0.33194444444444454 0.4390625 0.33194444444444454
3 0.5515625 0.23194444444444456 0.534375 0.23194444444444454 0.534375 0.3027777777777779 0.5515625 0.3027777777777779
3 0.33359375 0.3500000000000001 0.2671875 0.3500000000000001 0.2671875 0.44305555555555554 0.33359375 0.44305555555555554
3 0.534375 0.37777777777777793 0.4859375 0.37777777777777793 0.4859375 0.4708333333333335 0.534375 0.4708333333333335
3 0.61796875 0.39027777777777795 0.5609375 0.39027777777777795 0.5609375 0.47638888888888903 0.61796875 0.47638888888888903
3 0.3796875 0.32777777777777783 0.34375 0.32777777777777783 0.34375 0.40138888888888896 0.3796875 0.4013888888888891
3 0.3578125 0.25000000000000006 0.334375 0.25000000000000006 0.334375 0.32500000000000007 0.3578125 0.32500000000000007
3 0.95 0.4333333333333335 0.8859375 0.4333333333333335 0.8859375 0.5180555555555557 0.95 0.5180555555555557
3 0.45390625 0.37777777777777793 0.4109375 0.37777777777777793 0.4109375 0.4722222222222224 0.45390625 0.4722222222222224
3 0.4875 0.32500000000000007 0.453125 0.32500000000000007 0.453125 0.40000000000000013 0.4875 0.40000000000000013
3 0.3984375 0.41666666666666674 0.34609375 0.4166666666666667 0.34609375 0.5097222222222223 0.3984375 0.5097222222222224
3 0.30390625 0.2986111111111112 0.2765625 0.2986111111111112 0.2765625 0.375 0.30390625 0.375
3 0.565625 0.21111111111111128 0.55078125 0.21111111111111128 0.55078125 0.2708333333333335 0.565625 0.2708333333333335
8 0.41953125 0.2458333333333334 0.38125 0.2458333333333334 0.38125 0.31944444444444453 0.41953125 0.31944444444444453
8 0.13515625000000003 0.5652777777777778 3.8939941191638495e-17 0.5652777777777778 4.635479485835099e-17 0.7805555555555556 0.13515625000000003 0.7805555555555556
8 0.6078125 0.2055555555555557 0.5734375 0.2055555555555557 0.5734375 0.25833333333333347 0.6078125 0.25833333333333347
8 0.039062500000000035 0.42916666666666664 2.956373913566657e-17 0.42916666666666664 3.281670719590173e-17 0.5236111111111111 0.039062500000000035 0.5236111111111111
3 0.16250000000000003 0.3416666666666667 0.12734375000000003 0.3416666666666667 0.12734375000000003 0.4125 0.16250000000000003 0.4125
3 0.409375 0.37500000000000017 0.3765625 0.37500000000000017 0.3765625 0.45138888888888906 0.409375 0.45138888888888906
3 0.40234375 0.3152777777777779 0.3828125 0.3152777777777779 0.3828125 0.36388888888888904 0.40234375 0.36388888888888904
3 0.4640625 0.26388888888888895 0.45 0.26388888888888895 0.45 0.3208333333333334 0.4640625 0.3208333333333334
3 0.4890625 0.25416666666666676 0.47734375 0.25416666666666676 0.47734375 0.31666666666666676 0.4890625 0.31666666666666676