3 0.61171875 0.4638888888888891 0.584375 0.4638888888888891 0.584375 0.5444444444444446 0.61171875 0.5444444444444446
3 0.78359375 0.5291666666666668 0.75546875 0.5291666666666668 0.75546875 0.6180555555555557 0.78359375 0.6180555555555557
3 0.88203125 0.4430555555555557 0.8578125 0.4430555555555557 0.8578125 0.5111111111111113 0.88203125 0.5111111111111113
3 0.76484375 0.45416666666666683 0.74140625 0.45416666666666683 0.74140625 0.526388888888889 0.76484375 0.526388888888889
3 0.18125000000000005 0.7319444444444444 0.11093750000000005 0.7319444444444444 0.11093750000000005 0.8916666666666667 0.18125000000000005 0.8916666666666667
3 0.853125 0.4680555555555557 0.8296875 0.4680555555555557 0.8296875 0.5375000000000002 0.853125 0.5375000000000002
3 0.871875 0.5277777777777779 0.840625 0.5277777777777779 0.840625 0.6180555555555557 0.871875 0.6180555555555557
3 0.77109375 0.39027777777777795 0.74921875 0.39027777777777795 0.74921875 0.4486111111111113 0.77109375 0.4486111111111113
3 0.81328125 0.48888888888888904 0.790625 0.48888888888888904 0.790625 0.5583333333333335 0.81328125 0.5583333333333335
3 0.09296875000000006 0.7416666666666667 0.028125000000000056 0.7416666666666667 0.028125000000000056 0.8847222222222222 0.09296875000000007 0.8847222222222222
3 0.78984375 0.44583333333333347 0.76875 0.44583333333333347 0.76875 0.515277777777778 0.78984375 0.515277777777778
3 0.69140625 0.4708333333333335 0.678125 0.4708333333333335 0.678125 0.5333333333333334 0.69140625 0.5333333333333334
3 0.59375 0.4277777777777779 0.57265625 0.4277777777777779 0.57265625 0.4944444444444446 0.59375 0.4944444444444446
3 0.72890625 0.47361111111111126 0.709375 0.47361111111111126 0.709375 0.5347222222222224 0.72890625 0.5347222222222224
3 0.6703125 0.4208333333333335 0.65390625 0.4208333333333335 0.65390625 0.47916666666666685 0.6703125 0.47916666666666685
3 0.81875 0.5500000000000002 0.7875 0.5500000000000002 0.7875 0.651388888888889 0.81875 0.651388888888889
3 0.2929687500000001 0.8319444444444445 0.2531250000000001 0.8319444444444445 0.2531250000000001 0.9666666666666667 0.2929687500000001 0.9666666666666667
3 0.8125 0.43750000000000017 0.79296875 0.43750000000000017 0.79296875 0.4986111111111113 0.8125 0.4986111111111113
3 0.2906250000000001 0.6944444444444444 0.2351562500000001 0.6944444444444444 0.2351562500000001 0.8125 0.2906250000000001 0.8125
3 0.8421875 0.4305555555555557 0.82109375 0.4305555555555557 0.82109375 0.48888888888888904 0.8421875 0.48888888888888904
3 0.38906250000000003 0.5958333333333334 0.35703125 0.5958333333333333 0.35703125 0.6902777777777779 0.3890625000000001 0.690277777777778
3 0.734375 0.35416666666666685 0.715625 0.35416666666666685 0.715625 0.40416666666666684 0.734375 0.40416666666666684
3 0.83125 0.3861111111111113 0.81171875 0.3861111111111113 0.81171875 0.4416666666666668 0.83125 0.4416666666666668
3 0.65546875 0.44722222222222235 0.63359375 0.44722222222222235 0.63359375 0.5138888888888891 0.65546875 0.5138888888888891
3 0.80546875 0.38888888888888906 0.78515625 0.38888888888888906 0.78515625 0.44722222222222235 0.80546875 0.44722222222222235
3 0.8609375 0.35555555555555574 0.84375 0.35555555555555574 0.84375 0.40416666666666684 0.8609375 0.40416666666666684
3 0.2414062500000001 0.8152777777777778 0.19375000000000003 0.8152777777777778 0.19375000000000003 0.9541666666666667 0.2414062500000001 0.9541666666666667
8 0.6328125 0.6819444444444446 0.5421875 0.6819444444444446 0.5421875 0.8527777777777777 0.6328125 0.8527777777777777
8 0.51484375 0.48888888888888904 0.44296875 0.48888888888888904 0.44296875 0.6000000000000002 0.51484375 0.6000000000000002
8 0.65546875 0.551388888888889 0.58203125 0.551388888888889 0.58203125 0.6750000000000002 0.65546875 0.6750000000000002
8 0.60625 0.3597222222222224 0.57109375 0.3597222222222224 0.57109375 0.41250000000000014 0.60625 0.41250000000000014
8 0.56953125 0.37638888888888905 0.525 0.37638888888888905 0.525 0.43888888888888905 0.56953125 0.43888888888888905
8 0.71171875 0.38888888888888906 0.671875 0.38888888888888906 0.671875 0.4500000000000002 0.71171875 0.4500000000000002
8 0.68359375 0.5000000000000001 0.63515625 0.5000000000000001 0.63515625 0.5916666666666668 0.68359375 0.5916666666666668
8 0.48984375 0.6625000000000002 0.3765625000000001 0.6625000000000002 0.3765625000000001 0.8805555555555555 0.48984375 0.8805555555555555
8 0.73984375 0.4305555555555557 0.70390625 0.4305555555555557 0.70390625 0.4972222222222224 0.73984375 0.4972222222222224
8 0.65625 0.3819444444444446 0.625 0.3819444444444446 0.625 0.4319444444444446 0.65625 0.4319444444444446
8 0.67578125 0.3458333333333335 0.646875 0.3458333333333335 0.646875 0.3958333333333335 0.67578125 0.3958333333333335
8 0.66875 0.8333333333333334 0.55625 0.8333333333333334 0.55625 0.9819444444444444 0.66875 0.9819444444444444
14 0.48984375 0.6625000000000002 0.3765625000000001 0.6625000000000002 0.3765625000000001 0.8805555555555555 0.48984375 0.8805555555555555
3 0.678125 0.45416666666666683 0.66484375 0.45416666666666683 0.66484375 0.5166666666666668 0.678125 0.5166666666666668
3 0.7171875 0.45416666666666683 0.69765625 0.45416666666666683 0.69765625 0.515277777777778 0.7171875 0.515277777777778
3 0.25468750000000007 0.7694444444444445 0.2171875000000001 0.7694444444444445 0.2171875000000001 0.8416666666666667 0.25468750000000007 0.8416666666666667
8 0.453125 0.6222222222222223 0.3671875 0.6222222222222223 0.36718750000000006 0.7111111111111111 0.453125 0.7111111111111111