3 0.81640625 0.41388888888888903 0.78046875 0.41388888888888903 0.78046875 0.5097222222222224 0.81640625 0.5097222222222224
3 0.184375 0.2416666666666667 0.1609375 0.24166666666666667 0.1609375 0.2972222222222223 0.184375 0.2972222222222223
3 0.1359375 0.21388888888888888 0.11484375 0.21388888888888888 0.11484375 0.26666666666666666 0.1359375 0.26666666666666666
8 0.78671875 0.6777777777777779 0.64375 0.6777777777777779 0.64375 0.940277777777778 0.78671875 0.9402777777777781
8 0.7015625 0.41111111111111126 0.6046875 0.41111111111111126 0.6046875 0.5680555555555558 0.7015625 0.5680555555555558
8 0.63203125 0.32222222222222235 0.58203125 0.32222222222222235 0.58203125 0.4083333333333335 0.63203125 0.4083333333333335
8 0.6703125 0.21111111111111128 0.63046875 0.21111111111111128 0.63046875 0.2611111111111113 0.6703125 0.2611111111111113
8 0.65 0.24166666666666684 0.61875 0.24166666666666684 0.61875 0.28750000000000014 0.65 0.28750000000000014
14 0.63046875 0.24722222222222237 0.578125 0.24722222222222237 0.578125 0.34027777777777796 0.63046875 0.34027777777777796
8 0.40078125 0.26388888888888895 0.296875 0.26388888888888895 0.296875 0.5569444444444446 0.40078125 0.5569444444444446
8 0.56171875 0.1666666666666668 0.49296875 0.1666666666666668 0.49296875 0.2930555555555557 0.56171875 0.29305555555555574