3 0.46953125 0.8416666666666667 0.41875 0.8416666666666667 0.41875 1 0.46953125 1
3 0.2039062500000001 0.8569444444444444 0.14531250000000004 0.8569444444444444 0.14531250000000007 1 0.2039062500000001 1
3 0.3546875 0.4861111111111111 0.3234375 0.4861111111111111 0.3234375 0.6208333333333333 0.3546875 0.6208333333333333
3 0.29296875 0.49166666666666664 0.265625 0.49166666666666664 0.265625 0.6208333333333333 0.29296875 0.6208333333333333
3 0.5359375 0.6500000000000001 0.4953125 0.6500000000000001 0.4953125 0.8125 0.5359375 0.8125
8 0.50859375 0.2958333333333334 0.4609375 0.2958333333333334 0.4609375 0.3930555555555557 0.50859375 0.3930555555555557
3 0.51015625 0.37777777777777793 0.48984375 0.37777777777777793 0.48984375 0.45416666666666683 0.51015625 0.45416666666666683
3 0.55703125 0.4069444444444446 0.53828125 0.4069444444444446 0.53828125 0.5041666666666669 0.55703125 0.5041666666666669
3 0.3984375 0.31111111111111117 0.3796875 0.31111111111111117 0.3796875 0.3958333333333335 0.3984375 0.3958333333333335
3 0.44375 0.23333333333333342 0.43203125 0.23333333333333342 0.43203125 0.27916666666666673 0.44375 0.27916666666666673
3 0.5375 0.23888888888888896 0.525 0.23888888888888896 0.525 0.29027777777777786 0.5375 0.29027777777777786
3 0.5046875 0.2597222222222223 0.48984375 0.2597222222222223 0.48984375 0.301388888888889 0.5046875 0.301388888888889