8 0.653125 0.5902777777777779 0.525 0.5902777777777779 0.525 0.8361111111111111 0.653125 0.8361111111111111
8 0.565625 0.32222222222222235 0.5 0.3222222222222223 0.5 0.4069444444444446 0.565625 0.4069444444444446
8 0.68203125 0.39861111111111125 0.60703125 0.39861111111111125 0.60703125 0.5291666666666668 0.68203125 0.5291666666666668
8 0.5765625 0.27500000000000013 0.5234375 0.2750000000000001 0.5234375 0.3472222222222223 0.5765625 0.3472222222222224
8 0.63359375 0.3236111111111113 0.58046875 0.3236111111111113 0.58046875 0.40416666666666684 0.63359375 0.40416666666666684
8 0.58984375 0.3708333333333335 0.50703125 0.3708333333333335 0.50703125 0.5291666666666668 0.58984375 0.5291666666666668
8 0.665625 0.2305555555555557 0.625 0.2305555555555557 0.625 0.2833333333333335 0.665625 0.2833333333333335
8 0.44609375 0.19583333333333341 0.38984375 0.19583333333333341 0.38984375 0.2486111111111112 0.44609375 0.2486111111111112
8 0.6359375 0.2680555555555557 0.5921875 0.2680555555555557 0.5921875 0.3305555555555557 0.6359375 0.3305555555555557
8 0.56484375 0.23750000000000013 0.51875 0.23750000000000007 0.51875 0.2986111111111112 0.56484375 0.29861111111111127
14 0.99921875 0.6194444444444446 0.709375 0.6194444444444446 0.709375 0.9986111111111112 0.99921875 0.9986111111111114
14 0.78046875 0.18055555555555572 0.66015625 0.18055555555555572 0.66015625 0.27777777777777796 0.78046875 0.27777777777777796