3 0.534375 0.7763888888888889 0.4828125 0.7763888888888889 0.4828125 0.9291666666666667 0.534375 0.9291666666666667
3 0.29765625000000007 0.85 0.2234375000000001 0.85 0.2234375000000001 1 0.29765625000000007 1
3 0.653125 0.8305555555555556 0.59765625 0.8305555555555556 0.59765625 0.9833333333333333 0.653125 0.9833333333333333
3 0.584375 0.5527777777777779 0.54921875 0.5527777777777779 0.54921875 0.6500000000000001 0.584375 0.6500000000000001
3 0.6953125 0.4944444444444446 0.66875 0.4944444444444446 0.66875 0.5708333333333335 0.6953125 0.5708333333333335
3 0.74921875 0.48611111111111127 0.7265625 0.48611111111111127 0.7265625 0.5541666666666668 0.74921875 0.5541666666666668
3 0.784375 0.5125000000000002 0.75546875 0.5125000000000002 0.75546875 0.588888888888889 0.784375 0.588888888888889
3 0.678125 0.41250000000000014 0.6515625 0.41250000000000014 0.6515625 0.4819444444444446 0.678125 0.4819444444444446
3 0.62734375 0.4208333333333335 0.6 0.4208333333333335 0.6 0.48888888888888904 0.62734375 0.48888888888888904
3 0.66640625 0.613888888888889 0.6328125 0.613888888888889 0.6328125 0.7305555555555555 0.66640625 0.7305555555555555
3 0.81640625 0.4680555555555557 0.790625 0.4680555555555557 0.790625 0.5388888888888891 0.81640625 0.5388888888888891
3 0.84140625 0.4347222222222224 0.81796875 0.4347222222222224 0.81796875 0.4944444444444446 0.84140625 0.4944444444444446
3 0.7609375 0.5666666666666669 0.72421875 0.5666666666666669 0.72421875 0.665277777777778 0.7609375 0.665277777777778
3 0.7734375 0.46250000000000013 0.75078125 0.46250000000000013 0.75078125 0.5250000000000001 0.7734375 0.5250000000000001
3 0.7203125 0.5500000000000002 0.68984375 0.5500000000000002 0.68984375 0.6347222222222224 0.7203125 0.6347222222222224
3 0.771875 0.4069444444444446 0.75078125 0.4069444444444446 0.75078125 0.46111111111111125 0.771875 0.46111111111111125
3 0.72265625 0.3944444444444446 0.7015625 0.3944444444444446 0.7015625 0.44722222222222235 0.72265625 0.44722222222222235
3 0.81640625 0.38472222222222235 0.7984375 0.38472222222222235 0.7984375 0.4361111111111113 0.81640625 0.4361111111111113
3 0.71875 0.501388888888889 0.696875 0.501388888888889 0.696875 0.5625000000000001 0.71875 0.5625000000000001
3 0.74609375 0.3944444444444446 0.72578125 0.3944444444444446 0.72578125 0.44722222222222235 0.74609375 0.44722222222222235
3 0.79765625 0.3944444444444446 0.77734375 0.3944444444444446 0.77734375 0.45277777777777795 0.79765625 0.45277777777777795
3 0.85703125 0.4833333333333335 0.8265625 0.4833333333333335 0.8265625 0.5597222222222223 0.85703125 0.5597222222222223
3 0.6265625 0.4847222222222224 0.59296875 0.4847222222222224 0.59296875 0.5736111111111113 0.6265625 0.5736111111111113
3 0.8640625 0.3930555555555557 0.84140625 0.3930555555555557 0.84140625 0.44722222222222235 0.8640625 0.44722222222222235
3 0.75390625 0.3736111111111113 0.7375 0.3736111111111113 0.7375 0.4194444444444446 0.75390625 0.4194444444444446
3 0.834375 0.38333333333333347 0.81875 0.38333333333333347 0.81875 0.4347222222222224 0.834375 0.4347222222222224
3 0.79453125 0.36250000000000016 0.7765625 0.36250000000000016 0.7765625 0.4055555555555557 0.79453125 0.4055555555555557
8 0.73125 0.44583333333333347 0.684375 0.44583333333333347 0.684375 0.515277777777778 0.73125 0.515277777777778
8 0.73046875 0.3597222222222224 0.696875 0.3597222222222224 0.696875 0.4083333333333335 0.73046875 0.4083333333333335