8 0.575 0.19861111111111124 0.50546875 0.19861111111111118 0.50546875 0.39166666666666683 0.575 0.39166666666666683
8 0.19921875 0.13888888888888892 0.15625 0.13888888888888892 0.15625 0.23333333333333336 0.19921875 0.23333333333333342
8 0.5890625 0.4444444444444446 0.50390625 0.4444444444444446 0.50390625 0.5750000000000002 0.5890625 0.5750000000000002
8 0.71796875 0.43750000000000017 0.6296875 0.43750000000000017 0.6296875 0.5555555555555557 0.71796875 0.5555555555555557
3 0.72421875 0.3194444444444446 0.7046875 0.3194444444444446 0.7046875 0.3944444444444446 0.72421875 0.3944444444444446
3 0.303125 0.19166666666666674 0.28046875 0.19166666666666674 0.28046875 0.22777777777777786 0.303125 0.22777777777777786
3 0.32578125 0.19166666666666674 0.30625 0.19166666666666674 0.30625 0.22916666666666674 0.32578125 0.22916666666666674
3 0.36328125 0.19583333333333341 0.34375 0.19583333333333341 0.34375 0.23333333333333342 0.36328125 0.23333333333333342
3 0.4421875 0.20138888888888898 0.41953125 0.20138888888888898 0.41953125 0.23333333333333342 0.4421875 0.23333333333333342
3 0.45625 0.20277777777777786 0.43515625 0.20277777777777786 0.43515625 0.24166666666666675 0.45625 0.24166666666666675
3 0.465625 0.26250000000000007 0.4484375 0.26250000000000007 0.4484375 0.3152777777777779 0.465625 0.3152777777777779
14 0.646875 0.24166666666666684 0.5875 0.24166666666666684 0.5875 0.38333333333333347 0.646875 0.38333333333333347