3 0.43828125 0.3680555555555557 0.41640625 0.3680555555555557 0.41640625 0.45277777777777795 0.43828125 0.45277777777777795
8 0.62734375 0.4819444444444446 0.51484375 0.4819444444444446 0.51484375 0.6930555555555558 0.62734375 0.6930555555555558
8 0.62265625 0.3083333333333335 0.5703125 0.3083333333333335 0.5703125 0.39722222222222237 0.62265625 0.39722222222222237
8 0.8703125 0.6166666666666668 0.66953125 0.6166666666666668 0.66953125 0.9166666666666669 0.8703125 0.916666666666667
8 0.6921875 0.4361111111111113 0.60625 0.4361111111111113 0.60625 0.5680555555555558 0.6921875 0.5680555555555558
8 0.5390625 0.27777777777777785 0.49375 0.27777777777777785 0.49375 0.3472222222222223 0.5390625 0.3472222222222223
8 0.54921875 0.338888888888889 0.48984375 0.33888888888888896 0.48984375 0.4416666666666668 0.54921875 0.4416666666666668
8 0.63203125 0.25000000000000017 0.59140625 0.25000000000000017 0.59140625 0.3069444444444446 0.63203125 0.3069444444444446
8 0.67265625 0.22500000000000014 0.63359375 0.22500000000000014 0.63359375 0.2805555555555557 0.67265625 0.2805555555555557
8 0.36015625 0.38333333333333336 0.296875 0.38333333333333336 0.296875 0.5083333333333333 0.36015625 0.5083333333333333
8 0.584375 0.22638888888888906 0.5453125 0.22638888888888906 0.5453125 0.27777777777777796 0.584375 0.27777777777777796
8 0.36171875 0.29166666666666674 0.31640625 0.29166666666666674 0.31640625 0.35277777777777786 0.36171875 0.35277777777777786
8 0.62578125 0.15972222222222235 0.521875 0.15972222222222235 0.521875 0.24444444444444458 0.62578125 0.2444444444444446