3 0.534375 0.5388888888888891 0.50078125 0.5388888888888891 0.50078125 0.6791666666666668 0.534375 0.6791666666666668
3 0.35703125 0.4263888888888889 0.32734375 0.4263888888888889 0.32734375 0.5486111111111112 0.35703125 0.5486111111111112
3 0.40859375 0.36111111111111127 0.39140625 0.36111111111111127 0.39140625 0.44722222222222235 0.40859375 0.44722222222222235
3 0.378125 0.33888888888888896 0.3625 0.33888888888888896 0.3625 0.4180555555555556 0.378125 0.41805555555555574
3 0.41796875 0.26944444444444454 0.403125 0.26944444444444454 0.403125 0.3347222222222223 0.41796875 0.3347222222222223
8 0.471875 0.251388888888889 0.42578125 0.251388888888889 0.42578125 0.34583333333333344 0.471875 0.34583333333333344
3 0.5109375 0.2958333333333334 0.49375 0.2958333333333334 0.49375 0.3652777777777779 0.5109375 0.3652777777777779
3 0.5375 0.2750000000000001 0.52109375 0.2750000000000001 0.52109375 0.34166666666666673 0.5375 0.34166666666666673
3 0.5015625 0.23750000000000007 0.48828125 0.23750000000000007 0.48828125 0.2847222222222223 0.5015625 0.2847222222222223
3 0.51796875 0.22638888888888897 0.50703125 0.22638888888888897 0.50703125 0.2750000000000001 0.51796875 0.2750000000000001
3 0.53671875 0.22916666666666674 0.5234375 0.22916666666666674 0.5234375 0.27638888888888896 0.53671875 0.27638888888888896