3 0.41484375 0.8541666666666666 0.3570312500000001 0.8541666666666666 0.3570312500000001 0.9888888888888889 0.41484375 0.9888888888888889
3 0.3101562500000001 0.8361111111111111 0.2445312500000001 0.8361111111111111 0.2445312500000001 0.9763888888888889 0.3101562500000001 0.9763888888888889
3 0.51171875 0.665277777777778 0.4640625 0.665277777777778 0.4640625 0.7875 0.51171875 0.7875
3 0.6140625 0.5666666666666669 0.57734375 0.5666666666666669 0.57734375 0.6666666666666669 0.6140625 0.6666666666666669
3 0.4984375 0.5569444444444446 0.4609375 0.5569444444444446 0.4609375 0.651388888888889 0.4984375 0.651388888888889
3 0.86328125 0.8236111111111114 0.81640625 0.8236111111111114 0.81640625 0.9597222222222226 0.86328125 0.9597222222222226
3 0.65390625 0.4305555555555557 0.6296875 0.4305555555555557 0.6296875 0.4958333333333335 0.65390625 0.4958333333333335
3 0.75234375 0.540277777777778 0.7234375 0.540277777777778 0.7234375 0.6111111111111113 0.75234375 0.6111111111111113
3 0.64921875 0.5166666666666668 0.61875 0.5166666666666668 0.61875 0.6055555555555557 0.64921875 0.6055555555555557
3 0.84296875 0.6611111111111113 0.8046875 0.6611111111111113 0.8046875 0.7666666666666669 0.84296875 0.7666666666666669
3 0.6859375 0.42361111111111127 0.66328125 0.42361111111111127 0.66328125 0.48055555555555574 0.6859375 0.48055555555555574
3 0.80703125 0.6000000000000002 0.775 0.6000000000000002 0.775 0.690277777777778 0.80703125 0.690277777777778
3 0.7625 0.6000000000000002 0.72890625 0.6000000000000002 0.72890625 0.688888888888889 0.7625 0.688888888888889
3 0.7734375 0.48611111111111127 0.746875 0.48611111111111127 0.746875 0.5583333333333335 0.7734375 0.5583333333333335
3 0.74609375 0.6791666666666668 0.71328125 0.6791666666666668 0.71328125 0.7736111111111112 0.74609375 0.7736111111111115
3 0.72734375 0.5222222222222224 0.6984375 0.5222222222222224 0.6984375 0.5986111111111113 0.72734375 0.5986111111111113
3 0.72265625 0.3944444444444446 0.7015625 0.3944444444444446 0.7015625 0.4500000000000002 0.72265625 0.4500000000000002
3 0.746875 0.44583333333333347 0.721875 0.44583333333333347 0.721875 0.5125000000000002 0.746875 0.5125000000000002
3 0.70234375 0.7763888888888889 0.66484375 0.7763888888888889 0.66484375 0.8986111111111111 0.70234375 0.8986111111111111
3 0.740625 0.3819444444444446 0.71875 0.3819444444444446 0.71875 0.43750000000000017 0.740625 0.43750000000000017
3 0.53125 0.9 0.46015625 0.9 0.46015625 0.9958333333333333 0.53125 0.9958333333333333
3 0.88359375 0.4430555555555557 0.85390625 0.4430555555555557 0.85390625 0.5166666666666668 0.88359375 0.5166666666666668
3 0.7796875 0.7194444444444448 0.74296875 0.7194444444444448 0.74296875 0.8236111111111114 0.7796875 0.8236111111111114
3 0.85546875 0.5819444444444446 0.821875 0.5819444444444446 0.821875 0.6750000000000002 0.85546875 0.6750000000000002
3 0.76015625 0.816666666666667 0.72578125 0.816666666666667 0.72578125 0.9125000000000003 0.76015625 0.9125000000000003
3 0.8296875 0.47916666666666685 0.80234375 0.47916666666666685 0.80234375 0.5527777777777779 0.8296875 0.5527777777777779
3 0.8328125 0.4305555555555557 0.8109375 0.4305555555555557 0.8109375 0.4902777777777779 0.8328125 0.4902777777777779
3 0.709375 0.4208333333333335 0.68828125 0.4208333333333335 0.68828125 0.48055555555555574 0.709375 0.48055555555555574
3 0.71015625 0.4986111111111113 0.68515625 0.4986111111111113 0.68515625 0.5680555555555558 0.71015625 0.5680555555555558
3 0.70078125 0.47638888888888903 0.67890625 0.47638888888888903 0.67890625 0.5361111111111113 0.70078125 0.5361111111111113
3 0.80546875 0.4986111111111113 0.77890625 0.4986111111111113 0.77890625 0.5666666666666669 0.80546875 0.5666666666666669
3 0.771875 0.4361111111111113 0.7515625 0.4361111111111113 0.7515625 0.4958333333333335 0.771875 0.4958333333333335
3 0.80234375 0.4347222222222224 0.78125 0.4347222222222224 0.78125 0.4930555555555557 0.80234375 0.4930555555555557
3 0.796875 0.4583333333333335 0.77421875 0.4583333333333335 0.77421875 0.5208333333333335 0.796875 0.5208333333333335
3 0.84375 0.40416666666666684 0.82265625 0.40416666666666684 0.82265625 0.46250000000000013 0.84375 0.46250000000000013
3 0.80625 0.5388888888888891 0.7796875 0.5388888888888891 0.7796875 0.6083333333333335 0.80625 0.6083333333333335
3 0.75703125 0.4097222222222224 0.73671875 0.4097222222222224 0.73671875 0.46666666666666684 0.75703125 0.46666666666666684
3 0.81171875 0.3958333333333335 0.79140625 0.3958333333333335 0.79140625 0.45277777777777795 0.81171875 0.45277777777777795
8 0.37890625 0.5097222222222223 0.284375 0.5097222222222222 0.284375 0.6138888888888889 0.37890625 0.613888888888889
8 0.14687500000000003 0.6597222222222222 0.0015625000000000452 0.6597222222222222 0.0015625000000000506 0.8166666666666667 0.14687500000000003 0.8166666666666667
8 0.35390625000000003 0.6208333333333333 0.2296875 0.6208333333333333 0.22968750000000004 0.7486111111111111 0.3539062500000001 0.7486111111111111
8 0.503125 0.4361111111111113 0.43828125 0.4361111111111113 0.43828125 0.5194444444444446 0.503125 0.5194444444444446
8 0.70234375 0.37777777777777793 0.6609375 0.37777777777777793 0.6609375 0.42638888888888904 0.70234375 0.42638888888888904