3 0.16796875000000006 0.725 0.11953125000000005 0.725 0.11953125000000005 0.9291666666666667 0.16796875000000006 0.9291666666666667
3 0.13828125000000005 0.4375 0.07031250000000003 0.4375 0.07031250000000003 0.5458333333333333 0.13828125000000005 0.5458333333333333
3 0.27421875 0.3875 0.21484375 0.3875 0.21484375 0.4888888888888889 0.27421875 0.4888888888888889
3 0.22421875000000005 0.5930555555555556 0.18281250000000004 0.5930555555555556 0.18281250000000004 0.7791666666666667 0.22421875000000008 0.7791666666666667
3 0.853125 0.7527777777777781 0.778125 0.7527777777777781 0.778125 0.9236111111111114 0.853125 0.9236111111111114
3 0.28828125000000004 0.6263888888888889 0.24921875 0.6263888888888889 0.24921875000000004 0.8083333333333333 0.2882812500000001 0.8083333333333333
3 0.10781250000000005 0.35138888888888886 0.051562500000000025 0.35138888888888886 0.051562500000000025 0.4361111111111111 0.10781250000000005 0.4361111111111111
3 0.56640625 0.42361111111111127 0.50625 0.42361111111111127 0.50625 0.5277777777777779 0.56640625 0.5277777777777779
3 0.63203125 0.28888888888888903 0.6109375 0.28888888888888903 0.6109375 0.3680555555555557 0.63203125 0.3680555555555557
3 0.4125 0.5805555555555557 0.36953125 0.5805555555555557 0.36953125000000003 0.7416666666666667 0.4125 0.7416666666666667
3 0.865625 0.4277777777777779 0.79921875 0.4277777777777779 0.79921875 0.5277777777777779 0.865625 0.5277777777777779
3 0.4296875 0.23888888888888896 0.41171875 0.23888888888888896 0.41171875 0.3000000000000001 0.4296875 0.3000000000000001
3 0.39296875 0.4847222222222223 0.35703125 0.4847222222222222 0.35703125 0.6055555555555556 0.39296875 0.6055555555555557
3 0.390625 0.23750000000000007 0.3734375 0.23750000000000007 0.3734375 0.30555555555555564 0.390625 0.30555555555555564
3 0.04453125000000005 0.6597222222222222 4.544587731210881e-17 0.6597222222222222 4.9320736325035983e-17 0.7722222222222223 0.04453125000000006 0.7722222222222223
3 0.371875 0.23194444444444454 0.3546875 0.23194444444444454 0.3546875 0.301388888888889 0.371875 0.301388888888889
3 0.15234375000000006 0.9152777777777777 0.10312500000000005 0.9152777777777777 0.10312500000000006 0.9986111111111111 0.15234375000000008 0.9986111111111111
3 0.061718750000000044 0.6236111111111111 4.2958313501340745e-17 0.6236111111111111 4.563722837447558e-17 0.7013888888888888 0.061718750000000044 0.7013888888888888
3 0.8171875 0.4013888888888891 0.76171875 0.4013888888888891 0.76171875 0.4819444444444446 0.8171875 0.4819444444444446
3 0.059375000000000046 0.5527777777777778 3.807886141098801e-17 0.5527777777777778 4.171453159595672e-17 0.6583333333333333 0.059375000000000046 0.6583333333333333
3 0.6375 0.22638888888888906 0.621875 0.22638888888888906 0.621875 0.28750000000000014 0.6375 0.28750000000000014
3 0.6109375 0.2347222222222224 0.58984375 0.2347222222222224 0.58984375 0.2944444444444446 0.6109375 0.2944444444444446
8 0.5375 0.29027777777777786 0.43203125 0.29027777777777786 0.43203125 0.39166666666666683 0.5375 0.39166666666666683
8 0.4421875 0.39305555555555566 0.32734375 0.39305555555555555 0.32734375 0.5361111111111112 0.4421875 0.5361111111111113
8 0.5640625 0.21944444444444455 0.5125 0.21944444444444453 0.5125 0.27361111111111125 0.5640625 0.27361111111111125
8 0.58984375 0.24861111111111123 0.5375 0.2486111111111112 0.5375 0.3541666666666668 0.58984375 0.35416666666666685
8 0.53125 0.1402777777777779 0.50234375 0.1402777777777779 0.50234375 0.19583333333333341 0.53125 0.19583333333333341
8 0.4703125 0.18888888888888897 0.440625 0.18888888888888897 0.440625 0.2472222222222223 0.4703125 0.2472222222222223
3 0.41171875 0.23750000000000007 0.39921875 0.23750000000000007 0.39921875 0.2972222222222223 0.41171875 0.2972222222222223