3 0.12890625000000006 0.35694444444444445 0.10546875000000004 0.35694444444444445 0.10546875000000004 0.4513888888888889 0.12890625000000006 0.4513888888888889
3 0.203125 0.28333333333333344 0.18359375 0.28333333333333344 0.18359375000000003 0.35833333333333334 0.203125 0.35833333333333334
3 0.70859375 0.32222222222222235 0.690625 0.32222222222222235 0.690625 0.3944444444444446 0.70859375 0.3944444444444446
3 0.7265625 0.31527777777777793 0.70859375 0.31527777777777793 0.70859375 0.38333333333333347 0.7265625 0.38333333333333347
8 0.56640625 0.3652777777777779 0.4984375 0.3652777777777779 0.4984375 0.4930555555555557 0.56640625 0.4930555555555557
8 0.553125 0.28194444444444455 0.49765625 0.2819444444444445 0.49765625 0.36250000000000016 0.553125 0.36250000000000016
8 0.31171875 0.3486111111111112 0.2484375 0.3486111111111112 0.2484375 0.4708333333333333 0.31171875 0.4708333333333333
8 0.37265625 0.26805555555555566 0.32734375 0.26805555555555566 0.32734375 0.3555555555555556 0.37265625 0.35555555555555574
8 0.67734375 0.4569444444444446 0.621875 0.4569444444444446 0.621875 0.563888888888889 0.67734375 0.563888888888889
14 0.5703125 0.16527777777777788 0.43046875 0.16527777777777786 0.43046875 0.26805555555555566 0.5703125 0.2680555555555557
8 0.67734375 0.4569444444444446 0.621875 0.4569444444444446 0.621875 0.563888888888889 0.67734375 0.563888888888889
8 1 0.46527777777777796 0.6609375 0.46527777777777796 0.6609375 1.0000000000000002 1 1.0000000000000002
8 0.6296875 0.25000000000000017 0.57890625 0.25000000000000017 0.57890625 0.3527777777777779 0.6296875 0.3527777777777779
8 0.6375 0.2305555555555557 0.596875 0.2305555555555557 0.596875 0.2694444444444446 0.6375 0.2694444444444446
8 0.6734375 0.21805555555555572 0.634375 0.21805555555555572 0.634375 0.2555555555555557 0.6734375 0.2555555555555557