3 0.6640625 0.6638888888888891 0.6 0.6638888888888891 0.6 0.8444444444444444 0.6640625 0.8444444444444444
3 0.753125 0.42500000000000016 0.7203125 0.42500000000000016 0.7203125 0.5555555555555557 0.753125 0.5555555555555557
3 0.73671875 0.30138888888888904 0.71015625 0.30138888888888904 0.71015625 0.3861111111111113 0.73671875 0.3861111111111113
3 0.57265625 0.3708333333333335 0.53984375 0.3708333333333335 0.53984375 0.4930555555555557 0.57265625 0.4930555555555557
3 0.18515625000000005 0.6055555555555555 0.13046875000000005 0.6055555555555555 0.13046875000000005 0.7847222222222222 0.18515625000000005 0.7847222222222222
3 0.10937500000000004 0.35833333333333334 0.04843750000000002 0.35833333333333334 0.04843750000000003 0.4388888888888889 0.10937500000000004 0.4388888888888889
3 0.22734375 0.2541666666666667 0.178125 0.25416666666666665 0.178125 0.31250000000000006 0.22734375 0.31250000000000006
14 0.45234375 0.22777777777777786 0.30078125 0.22777777777777786 0.30078125000000006 0.6680555555555556 0.45234375 0.6680555555555557
8 0.4484375 0.22638888888888897 0.30078125 0.22638888888888897 0.30078125000000006 0.6625000000000001 0.4484375 0.6625000000000002
3 0.2109375 0.3958333333333333 0.18281250000000004 0.3958333333333333 0.18281250000000004 0.5055555555555555 0.2109375 0.5055555555555555
3 0.2546875 0.4222222222222222 0.2125 0.4222222222222222 0.2125 0.5666666666666667 0.2546875 0.5666666666666667
3 0.28671875 0.35694444444444445 0.26328125 0.35694444444444445 0.26328125 0.43194444444444446 0.28671875 0.43194444444444446
3 0.275 0.301388888888889 0.253125 0.301388888888889 0.253125 0.3611111111111111 0.275 0.3611111111111111
3 0.6953125 0.23750000000000016 0.67109375 0.23750000000000016 0.67109375 0.3097222222222224 0.6953125 0.3097222222222224
3 0.615625 0.1666666666666668 0.584375 0.1666666666666668 0.584375 0.2347222222222224 0.615625 0.2347222222222224
3 0.56953125 0.21805555555555567 0.540625 0.21805555555555564 0.540625 0.31666666666666676 0.56953125 0.3166666666666668
3 0.31640625 0.26388888888888895 0.290625 0.26388888888888895 0.290625 0.3486111111111112 0.31640625 0.3486111111111112
3 0.3609375 0.21666666666666676 0.3421875 0.21666666666666676 0.3421875 0.2666666666666667 0.3609375 0.2666666666666667