3 0.44765625 0.6819444444444446 0.4 0.6819444444444446 0.4 0.8083333333333333 0.44765625 0.8083333333333333
3 0.56875 0.5930555555555557 0.5328125 0.5930555555555557 0.5328125 0.6944444444444446 0.56875 0.6944444444444446
3 0.74375 0.5055555555555558 0.71328125 0.5055555555555558 0.71328125 0.5930555555555557 0.74375 0.5930555555555557
3 0.4984375 0.8611111111111112 0.44609375 0.8611111111111112 0.44609375 0.9888888888888889 0.4984375 0.9888888888888889
3 0.6984375 0.4958333333333335 0.6703125 0.4958333333333335 0.6703125 0.577777777777778 0.6984375 0.577777777777778
3 0.7890625 0.45416666666666683 0.7625 0.45416666666666683 0.7625 0.5250000000000001 0.7890625 0.5250000000000001
3 0.7734375 0.577777777777778 0.75078125 0.577777777777778 0.75078125 0.6777777777777779 0.7734375 0.6777777777777779
3 0.3687500000000001 0.7944444444444444 0.31328125000000007 0.7944444444444444 0.31328125000000007 0.9402777777777778 0.3687500000000001 0.9402777777777778
3 0.64375 0.48888888888888904 0.61328125 0.48888888888888904 0.61328125 0.5736111111111113 0.64375 0.5736111111111113
3 0.821875 0.4986111111111113 0.7953125 0.4986111111111113 0.7953125 0.5694444444444446 0.821875 0.5694444444444446
3 0.43515625 0.8597222222222223 0.36406250000000007 0.8597222222222223 0.36406250000000007 0.9902777777777778 0.43515625 0.9902777777777778
3 0.88046875 0.5666666666666669 0.85390625 0.5666666666666669 0.85390625 0.6708333333333335 0.88046875 0.6708333333333335
3 0.771875 0.4097222222222224 0.75390625 0.4097222222222224 0.75390625 0.4722222222222224 0.771875 0.4722222222222224
3 0.3226562500000001 0.8847222222222222 0.2617187500000001 0.8847222222222222 0.2617187500000001 0.9888888888888889 0.3226562500000001 0.9888888888888889
3 0.75625 0.4847222222222224 0.73125 0.4847222222222224 0.73125 0.5555555555555557 0.75625 0.5555555555555557
3 0.8015625 0.5569444444444446 0.77265625 0.5569444444444446 0.77265625 0.6472222222222224 0.8015625 0.6472222222222224
3 0.72734375 0.35555555555555574 0.7109375 0.35555555555555574 0.7109375 0.41250000000000014 0.72734375 0.41250000000000014
3 0.5015625 0.7236111111111111 0.4546875 0.7236111111111111 0.4546875 0.8472222222222222 0.5015625 0.8472222222222222
3 0.84765625 0.5222222222222224 0.825 0.5222222222222224 0.825 0.6069444444444446 0.84765625 0.6069444444444446
3 0.80078125 0.3791666666666668 0.78515625 0.3791666666666668 0.78515625 0.4277777777777779 0.80078125 0.4277777777777779
3 0.8578125 0.39722222222222237 0.8421875 0.39722222222222237 0.8421875 0.4486111111111113 0.8578125 0.4486111111111113
3 0.86875 0.35555555555555574 0.85703125 0.35555555555555574 0.85703125 0.4097222222222224 0.86875 0.4097222222222224
3 0.7453125 0.36388888888888904 0.72578125 0.36388888888888904 0.72578125 0.4152777777777779 0.7453125 0.4152777777777779
3 0.765625 0.35416666666666685 0.74609375 0.35416666666666685 0.74609375 0.4055555555555557 0.765625 0.4055555555555557
3 0.84375 0.4083333333333335 0.828125 0.4083333333333335 0.828125 0.4583333333333335 0.84375 0.4583333333333335
8 0.64453125 0.613888888888889 0.56328125 0.613888888888889 0.56328125 0.7569444444444444 0.64453125 0.7569444444444444
8 0.609375 0.5347222222222224 0.53984375 0.5347222222222224 0.53984375 0.6388888888888891 0.609375 0.6388888888888891
8 0.4578125 0.44722222222222235 0.38828125 0.44722222222222235 0.38828125 0.5375000000000002 0.4578125 0.5375000000000002
8 0.62421875 0.7652777777777777 0.51953125 0.7652777777777777 0.51953125 0.9680555555555556 0.62421875 0.9680555555555556
8 0.52890625 0.4847222222222224 0.4609375 0.4847222222222224 0.4609375 0.5763888888888891 0.52890625 0.5763888888888891
8 0.70859375 0.4500000000000002 0.65546875 0.4500000000000002 0.65546875 0.5305555555555557 0.70859375 0.5305555555555557
8 0.60859375 0.35416666666666685 0.56640625 0.35416666666666685 0.56640625 0.41250000000000014 0.60859375 0.41250000000000014
8 0.31562500000000004 0.6319444444444444 0.18906250000000005 0.6319444444444444 0.18906250000000005 0.7597222222222222 0.3156250000000001 0.7597222222222222
8 0.5453125 0.40416666666666684 0.49453125 0.40416666666666684 0.49453125 0.4722222222222224 0.5453125 0.4722222222222224
8 0.6546875 0.35416666666666685 0.61953125 0.35416666666666685 0.61953125 0.40416666666666684 0.6546875 0.40416666666666684
8 0.61796875 0.42361111111111127 0.56328125 0.42361111111111127 0.56328125 0.5083333333333335 0.61796875 0.5083333333333335
8 0.634375 0.31388888888888905 0.60390625 0.31388888888888905 0.60390625 0.3597222222222224 0.634375 0.3597222222222224
8 0.68515625 0.39166666666666683 0.64453125 0.39166666666666683 0.64453125 0.4569444444444446 0.68515625 0.4569444444444446