3 0.1625 0.225 0.140625 0.225 0.140625 0.28888888888888886 0.1625 0.28888888888888886
8 0.91328125 0.6819444444444446 0.71953125 0.6819444444444446 0.71953125 0.9625000000000001 0.91328125 0.9625000000000004
8 0.7265625 0.46666666666666684 0.6203125 0.46666666666666684 0.6203125 0.627777777777778 0.7265625 0.627777777777778
8 0.615625 0.3444444444444446 0.55859375 0.3444444444444446 0.55859375 0.44722222222222235 0.615625 0.44722222222222235
8 0.603125 0.2708333333333335 0.5546875 0.2708333333333335 0.5546875 0.34861111111111126 0.603125 0.34861111111111126
8 0.7390625 0.8861111111111113 0.565625 0.8861111111111111 0.565625 0.988888888888889 0.7390625 0.9888888888888892
8 0.740625 0.21388888888888904 0.703125 0.21388888888888904 0.703125 0.2625000000000002 0.740625 0.2625000000000002
14 0.52890625 0.16666666666666677 0.39921875 0.16666666666666674 0.39921875 0.2666666666666667 0.52890625 0.2666666666666667
14 0.68984375 0.21805555555555572 0.64140625 0.21805555555555572 0.64140625 0.2833333333333335 0.68984375 0.2833333333333335
14 0.60625 0.22500000000000014 0.55625 0.22500000000000014 0.55625 0.31250000000000017 0.60625 0.31250000000000017
8 0.55859375 0.22361111111111123 0.50859375 0.22361111111111118 0.50859375 0.3111111111111112 0.55859375 0.3111111111111113