3 0.75625 0.36111111111111127 0.73359375 0.36111111111111127 0.73359375 0.4583333333333335 0.75625 0.4583333333333335
3 0.36875 0.2361111111111112 0.35625 0.2361111111111112 0.35625 0.2875000000000001 0.36875 0.2875000000000001
3 0.38671875 0.19583333333333341 0.37421875 0.19583333333333341 0.37421875 0.251388888888889 0.38671875 0.251388888888889
3 0.33125 0.288888888888889 0.31171875 0.288888888888889 0.31171875 0.36527777777777776 0.33125 0.36527777777777776
3 0.7203125 0.26527777777777795 0.70390625 0.26527777777777795 0.70390625 0.3305555555555557 0.7203125 0.3305555555555557
8 0.4390625 0.1833333333333334 0.41015625 0.1833333333333334 0.41015625 0.24027777777777787 0.4390625 0.24027777777777787
8 0.634375 0.2680555555555557 0.5921875 0.2680555555555557 0.5921875 0.35416666666666685 0.634375 0.35416666666666685
8 0.6984375 0.35555555555555574 0.625 0.35555555555555574 0.625 0.4500000000000002 0.6984375 0.4500000000000002
8 0.7125 0.44722222222222235 0.55625 0.44722222222222235 0.55625 0.8 0.7125 0.8
8 0.4265625 0.3500000000000001 0.26484375 0.3500000000000001 0.26484375000000004 0.8041666666666667 0.4265625 0.8041666666666667
8 0.57109375 0.16527777777777788 0.5171875 0.16527777777777788 0.5171875 0.29444444444444456 0.57109375 0.2944444444444446
8 0.60625 0.29583333333333345 0.52421875 0.2958333333333334 0.52421875 0.46250000000000013 0.60625 0.46250000000000013
8 0.6 0.22222222222222238 0.56796875 0.22222222222222238 0.56796875 0.2805555555555557 0.6 0.2805555555555557