3 0.5671875 0.7888888888888889 0.5203125 0.7888888888888889 0.5203125 0.9444444444444444 0.5671875 0.9444444444444444
3 0.66640625 0.5680555555555558 0.6375 0.5680555555555558 0.6375 0.6638888888888891 0.66640625 0.6638888888888891
3 0.7296875 0.6222222222222223 0.6984375 0.6222222222222223 0.6984375 0.7236111111111113 0.7296875 0.7236111111111114
3 0.65234375 0.41805555555555574 0.63125 0.41805555555555574 0.63125 0.4833333333333335 0.65234375 0.4833333333333335
3 0.46328125 0.7680555555555556 0.42109375 0.7680555555555556 0.42109375 0.9083333333333333 0.46328125 0.9083333333333333
3 0.6875 0.4194444444444446 0.6671875 0.4194444444444446 0.6671875 0.48750000000000016 0.6875 0.48750000000000016
3 0.85703125 0.44583333333333347 0.834375 0.44583333333333347 0.834375 0.5111111111111113 0.85703125 0.5111111111111113
3 0.7875 0.4986111111111113 0.76328125 0.4986111111111113 0.76328125 0.5736111111111113 0.7875 0.5736111111111113
3 0.7046875 0.4097222222222224 0.68984375 0.4097222222222224 0.68984375 0.4638888888888891 0.7046875 0.4638888888888891
3 0.5671875 0.6375000000000002 0.53359375 0.6375000000000002 0.53359375 0.7375 0.5671875 0.7375
3 0.72421875 0.4208333333333335 0.70625 0.4208333333333335 0.70625 0.4777777777777779 0.72421875 0.4777777777777779
3 0.76640625 0.4694444444444446 0.74296875 0.4694444444444446 0.74296875 0.5430555555555557 0.76640625 0.5430555555555557
3 0.82578125 0.45416666666666683 0.803125 0.45416666666666683 0.803125 0.5236111111111112 0.82578125 0.5236111111111112
3 0.775 0.5930555555555557 0.7421875 0.5930555555555557 0.7421875 0.6986111111111113 0.775 0.6986111111111113
3 0.79609375 0.45972222222222237 0.77578125 0.45972222222222237 0.77578125 0.5208333333333335 0.79609375 0.5208333333333335
3 0.71953125 0.5555555555555557 0.690625 0.5555555555555557 0.690625 0.6416666666666668 0.71953125 0.6416666666666668
3 0.25078125000000007 0.7902777777777777 0.19218750000000004 0.7902777777777777 0.19218750000000004 0.9208333333333333 0.25078125000000007 0.9208333333333333
3 0.75546875 0.41111111111111126 0.7375 0.41111111111111126 0.7375 0.4638888888888891 0.75546875 0.4638888888888891
3 0.8421875 0.42500000000000016 0.82734375 0.42500000000000016 0.82734375 0.4819444444444446 0.8421875 0.4819444444444446
3 0.68046875 0.6430555555555557 0.64765625 0.6430555555555557 0.64765625 0.7583333333333333 0.68046875 0.7583333333333333
3 0.80703125 0.41250000000000014 0.78984375 0.41250000000000014 0.78984375 0.46527777777777796 0.80703125 0.46527777777777796
3 0.54765625 0.702777777777778 0.5109375 0.702777777777778 0.5109375 0.8152777777777778 0.54765625 0.8152777777777778
3 0.4375 0.7041666666666668 0.40234375 0.7041666666666668 0.40234375 0.8305555555555556 0.4375 0.8305555555555556
3 0.87890625 0.4097222222222224 0.8578125 0.4097222222222224 0.8578125 0.4722222222222224 0.87890625 0.4722222222222224
3 0.81953125 0.6083333333333335 0.790625 0.6083333333333335 0.790625 0.7125000000000004 0.81953125 0.7125000000000004
3 0.74453125 0.3861111111111113 0.728125 0.3861111111111113 0.728125 0.4347222222222224 0.74453125 0.4347222222222224
3 0.72265625 0.45972222222222237 0.69921875 0.45972222222222237 0.69921875 0.5333333333333334 0.72265625 0.5333333333333334
3 0.77890625 0.4333333333333335 0.76015625 0.4333333333333335 0.76015625 0.48888888888888904 0.77890625 0.48888888888888904
3 0.7625 0.3666666666666668 0.74375 0.3666666666666668 0.74375 0.41805555555555574 0.7625 0.41805555555555574
3 0.79296875 0.39861111111111125 0.775 0.39861111111111125 0.775 0.4500000000000002 0.79296875 0.4500000000000002
3 0.86953125 0.3666666666666668 0.8515625 0.3666666666666668 0.8515625 0.41805555555555574 0.86953125 0.41805555555555574
3 0.82578125 0.3958333333333335 0.809375 0.3958333333333335 0.809375 0.44722222222222235 0.82578125 0.44722222222222235
3 0.84765625 0.3861111111111113 0.83125 0.3861111111111113 0.83125 0.4361111111111113 0.84765625 0.4361111111111113
3 0.71953125 0.3861111111111113 0.7046875 0.3861111111111113 0.7046875 0.4333333333333335 0.71953125 0.4333333333333335
3 0.80859375 0.3708333333333335 0.7921875 0.3708333333333335 0.7921875 0.4208333333333335 0.80859375 0.4208333333333335
3 0.86328125 0.40277777777777796 0.846875 0.40277777777777796 0.846875 0.45277777777777795 0.86328125 0.45277777777777795
8 0.15000000000000005 0.6430555555555556 0.015625000000000045 0.6430555555555556 0.01562500000000005 0.7805555555555556 0.15000000000000005 0.7805555555555556
8 0.5921875 0.41250000000000014 0.54140625 0.41250000000000014 0.54140625 0.48750000000000016 0.5921875 0.48750000000000016
8 0.63671875 0.5486111111111113 0.571875 0.5486111111111113 0.571875 0.6444444444444446 0.63671875 0.6444444444444446
8 0.91484375 0.5444444444444446 0.8078125 0.5444444444444446 0.8078125 0.6555555555555557 0.91484375 0.6555555555555557
8 0.6078125 0.34861111111111126 0.575 0.34861111111111126 0.575 0.40416666666666684 0.6078125 0.40416666666666684
14 0.49921875 0.4486111111111112 0.2984375 0.4486111111111111 0.2984375 0.6777777777777778 0.49921875 0.6777777777777779
14 0.665625 0.34166666666666684 0.62578125 0.34166666666666684 0.62578125 0.4152777777777779 0.665625 0.4152777777777779
14 0.7203125 0.3444444444444446 0.6859375 0.3444444444444446 0.6859375 0.40416666666666684 0.7203125 0.40416666666666684