3 0.46484375 0.7388888888888889 0.4171875 0.7388888888888889 0.4171875 0.8833333333333333 0.46484375 0.8833333333333333
3 0.6890625 0.4555555555555557 0.66328125 0.4555555555555557 0.66328125 0.5319444444444446 0.6890625 0.5319444444444446
3 0.6109375 0.4680555555555557 0.58359375 0.4680555555555557 0.58359375 0.5486111111111113 0.6109375 0.5486111111111113
3 0.834375 0.3569444444444446 0.81640625 0.3569444444444446 0.81640625 0.4055555555555557 0.834375 0.4055555555555557
3 0.765625 0.5305555555555557 0.73828125 0.5305555555555557 0.73828125 0.6180555555555557 0.765625 0.6180555555555557
3 0.78984375 0.45277777777777795 0.765625 0.45277777777777795 0.765625 0.5250000000000001 0.78984375 0.5250000000000001
3 0.83828125 0.8597222222222225 0.79296875 0.8597222222222225 0.79296875 0.9861111111111114 0.83828125 0.9861111111111114
3 0.55 0.551388888888889 0.51484375 0.551388888888889 0.51484375 0.6541666666666668 0.55 0.6541666666666668
3 0.73984375 0.4972222222222224 0.715625 0.4972222222222224 0.715625 0.5736111111111113 0.73984375 0.5736111111111113
3 0.62578125 0.8583333333333333 0.5859375 0.8583333333333333 0.5859375 0.9847222222222223 0.62578125 0.9847222222222223
3 0.71640625 0.5708333333333335 0.6828125 0.5708333333333335 0.6828125 0.6680555555555557 0.71640625 0.6680555555555557
3 0.84921875 0.48055555555555574 0.82421875 0.48055555555555574 0.82421875 0.5583333333333335 0.84921875 0.5583333333333335
3 0.725 0.7416666666666667 0.68515625 0.7416666666666667 0.68515625 0.8777777777777778 0.725 0.8777777777777778
3 0.771875 0.3819444444444446 0.7546875 0.3819444444444446 0.7546875 0.43750000000000017 0.771875 0.43750000000000017
3 0.66953125 0.5791666666666668 0.63828125 0.5791666666666668 0.63828125 0.6777777777777779 0.66953125 0.6777777777777779
3 0.72890625 0.4194444444444446 0.709375 0.4194444444444446 0.709375 0.4819444444444446 0.72890625 0.4819444444444446
3 0.84609375 0.3180555555555557 0.8296875 0.3180555555555557 0.8296875 0.36250000000000016 0.84609375 0.36250000000000016
3 0.7515625 0.4083333333333335 0.7328125 0.4083333333333335 0.7328125 0.4708333333333335 0.7515625 0.4708333333333335
3 0.68046875 0.8125 0.640625 0.8125 0.640625 0.9541666666666667 0.68046875 0.9541666666666667
3 0.79921875 0.3958333333333335 0.7796875 0.3958333333333335 0.7796875 0.44583333333333347 0.79921875 0.44583333333333347
3 0.82265625 0.42361111111111127 0.803125 0.42361111111111127 0.803125 0.4833333333333335 0.82265625 0.4833333333333335
3 0.79296875 0.3583333333333335 0.7765625 0.3583333333333335 0.7765625 0.40277777777777796 0.79296875 0.40277777777777796
3 0.82421875 0.7472222222222226 0.78203125 0.7472222222222226 0.78203125 0.879166666666667 0.82421875 0.879166666666667
3 0.85 0.602777777777778 0.815625 0.602777777777778 0.815625 0.7055555555555557 0.85 0.7055555555555557
3 0.7890625 0.8861111111111114 0.7359375 0.8861111111111114 0.7359375 0.991666666666667 0.7890625 0.991666666666667
3 0.8125 0.29305555555555574 0.79921875 0.29305555555555574 0.79921875 0.3319444444444446 0.8125 0.3319444444444446
3 0.853125 0.4333333333333335 0.83203125 0.4333333333333335 0.83203125 0.4958333333333335 0.853125 0.4958333333333335
3 0.70546875 0.4152777777777779 0.68515625 0.4152777777777779 0.68515625 0.47916666666666685 0.70546875 0.47916666666666685
3 0.79765625 0.3069444444444446 0.7828125 0.3069444444444446 0.7828125 0.35000000000000014 0.79765625 0.35000000000000014
3 0.76484375 0.29861111111111127 0.75 0.29861111111111127 0.75 0.3430555555555557 0.76484375 0.3430555555555557
3 0.78359375 0.27777777777777796 0.77109375 0.27777777777777796 0.77109375 0.31527777777777793 0.78359375 0.31527777777777793
8 0.628125 0.3305555555555557 0.5953125 0.3305555555555557 0.5953125 0.38472222222222235 0.628125 0.38472222222222235