3 0.37109375 0.2722222222222223 0.35078125 0.2722222222222223 0.35078125 0.35277777777777786 0.37109375 0.35277777777777786
3 0.415625 0.16805555555555562 0.40390625 0.16805555555555562 0.40390625 0.21944444444444453 0.415625 0.21944444444444453
3 0.6265625 0.25277777777777793 0.61328125 0.25277777777777793 0.61328125 0.31250000000000017 0.6265625 0.31250000000000017
3 0.6671875 0.2763888888888891 0.653125 0.2763888888888891 0.653125 0.34027777777777796 0.6671875 0.34027777777777796
3 0.05937500000000003 0.41944444444444445 0.026562500000000034 0.41944444444444445 0.026562500000000034 0.5111111111111111 0.059375000000000046 0.5111111111111111
3 0.65 0.25138888888888905 0.63515625 0.25138888888888905 0.63515625 0.31388888888888905 0.65 0.31388888888888905
8 0.23203125 0.3402777777777778 0.10859375000000004 0.3402777777777778 0.10859375000000004 0.5597222222222222 0.23203125 0.5597222222222222
8 0.6234375 0.3541666666666668 0.540625 0.35416666666666674 0.540625 0.5458333333333335 0.6234375 0.5458333333333335
8 0.58984375 0.18888888888888905 0.55625 0.18888888888888905 0.55625 0.2625000000000002 0.58984375 0.2625000000000002
8 0.53984375 0.16944444444444456 0.50234375 0.16944444444444456 0.50234375 0.2583333333333334 0.53984375 0.2583333333333334
14 0.23046875 0.34166666666666673 0.10703125000000005 0.3416666666666667 0.10703125000000005 0.5611111111111111 0.23046875 0.5611111111111111