3 0.81171875 0.3819444444444446 0.78984375 0.3819444444444446 0.78984375 0.4361111111111113 0.81171875 0.4361111111111113
3 0.571875 0.6694444444444446 0.52734375 0.6694444444444446 0.52734375 0.7875 0.571875 0.7875
3 0.8 0.5555555555555557 0.7671875 0.5555555555555557 0.7671875 0.6500000000000001 0.8 0.6500000000000001
3 0.30546875000000007 0.8763888888888889 0.23593750000000008 0.8763888888888889 0.23593750000000008 0.9930555555555556 0.30546875000000007 0.9930555555555556
3 0.41640625 0.7347222222222223 0.3593750000000001 0.7347222222222223 0.3593750000000001 0.8819444444444444 0.41640625 0.8819444444444444
3 0.878125 0.5277777777777779 0.84609375 0.5277777777777779 0.84609375 0.6180555555555557 0.878125 0.6180555555555557
3 0.88125 0.4333333333333335 0.85703125 0.4333333333333335 0.85703125 0.4986111111111113 0.88125 0.4986111111111113
3 0.85234375 0.47500000000000014 0.82734375 0.47500000000000014 0.82734375 0.5444444444444446 0.85234375 0.5444444444444446
3 0.15000000000000008 0.8777777777777778 0.07812500000000007 0.8777777777777778 0.07812500000000007 0.9916666666666667 0.15000000000000008 0.9916666666666667
3 0.66796875 0.4847222222222224 0.63984375 0.4847222222222224 0.63984375 0.5625000000000001 0.66796875 0.5625000000000001
3 0.71015625 0.6055555555555557 0.6734375 0.6055555555555557 0.6734375 0.7055555555555557 0.71015625 0.7055555555555557
3 0.71875 0.5000000000000001 0.7 0.5000000000000001 0.7 0.5666666666666669 0.71875 0.5666666666666669
3 0.68828125 0.6666666666666669 0.646875 0.6666666666666669 0.646875 0.7819444444444444 0.68828125 0.7819444444444444
3 0.84453125 0.4305555555555557 0.82265625 0.4305555555555557 0.82265625 0.4902777777777779 0.84453125 0.4902777777777779
3 0.98359375 0.7875000000000003 0.9328125 0.7875000000000003 0.9328125 0.9736111111111114 0.98359375 0.9736111111111114
3 0.67265625 0.4194444444444446 0.64609375 0.4194444444444446 0.64609375 0.4833333333333335 0.67265625 0.4833333333333335
3 0.62578125 0.5166666666666668 0.6015625 0.5166666666666668 0.6015625 0.5861111111111112 0.62578125 0.5861111111111112
3 0.61015625 0.5791666666666668 0.57421875 0.5791666666666668 0.57421875 0.6819444444444446 0.61015625 0.6819444444444446
3 0.85625 0.6569444444444446 0.8171875 0.6569444444444446 0.8171875 0.7722222222222226 0.85625 0.7722222222222226
3 0.74609375 0.5486111111111113 0.71484375 0.5486111111111113 0.71484375 0.6361111111111113 0.74609375 0.6361111111111113
3 0.64765625 0.8875 0.58984375 0.8875 0.58984375 0.9847222222222223 0.64765625 0.9847222222222223
3 0.81484375 0.45972222222222237 0.78984375 0.45972222222222237 0.78984375 0.5333333333333334 0.81484375 0.5333333333333334
3 0.64921875 0.540277777777778 0.61640625 0.540277777777778 0.61640625 0.6347222222222224 0.64921875 0.6347222222222224
3 0.74453125 0.48055555555555574 0.72109375 0.48055555555555574 0.72109375 0.5541666666666668 0.74453125 0.5541666666666668
3 0.78671875 0.7861111111111114 0.7453125 0.7861111111111114 0.7453125 0.9222222222222225 0.78671875 0.9222222222222225
3 0.71953125 0.4277777777777779 0.7046875 0.4277777777777779 0.7046875 0.4722222222222224 0.71953125 0.4722222222222224
3 0.5125 0.5583333333333335 0.471875 0.5583333333333335 0.471875 0.6680555555555557 0.5125 0.6680555555555557
3 0.8375 0.5819444444444446 0.80390625 0.5819444444444446 0.80390625 0.6736111111111113 0.8375 0.6736111111111113
3 0.85390625 0.3666666666666668 0.83359375 0.3666666666666668 0.83359375 0.41666666666666685 0.85390625 0.41666666666666685
3 0.75859375 0.33750000000000013 0.74609375 0.33750000000000013 0.74609375 0.38472222222222235 0.75859375 0.38472222222222235
3 0.8296875 0.754166666666667 0.79140625 0.754166666666667 0.79140625 0.8708333333333337 0.8296875 0.8708333333333337
3 0.778125 0.48888888888888904 0.7546875 0.48888888888888904 0.7546875 0.5611111111111112 0.778125 0.5611111111111112
3 0.76484375 0.47361111111111126 0.74296875 0.47361111111111126 0.74296875 0.5375000000000002 0.76484375 0.5375000000000002
3 0.79375 0.34027777777777796 0.78203125 0.34027777777777796 0.78203125 0.38472222222222235 0.79375 0.38472222222222235
3 0.77890625 0.43750000000000017 0.75546875 0.43750000000000017 0.75546875 0.4972222222222224 0.77890625 0.4972222222222224
3 0.81875 0.4361111111111113 0.796875 0.4361111111111113 0.796875 0.4930555555555557 0.81875 0.4930555555555557
3 0.8421875 0.3166666666666668 0.8265625 0.3166666666666668 0.8265625 0.3583333333333335 0.8421875 0.3583333333333335
3 0.80625 0.32916666666666683 0.790625 0.32916666666666683 0.790625 0.3708333333333335 0.80625 0.3708333333333335
8 0.36718750000000006 0.5986111111111112 0.23359375 0.5986111111111111 0.23359375000000004 0.7402777777777778 0.3671875000000001 0.7402777777777778
8 0.43515625 0.46527777777777796 0.3671875 0.46527777777777796 0.3671875 0.5458333333333335 0.43515625 0.5458333333333335
8 0.475 0.5208333333333335 0.3921875 0.5208333333333335 0.3921875 0.6222222222222223 0.475 0.6222222222222223
8 0.5875 0.4500000000000002 0.53046875 0.4500000000000002 0.53046875 0.5361111111111113 0.5875 0.5361111111111113
8 0.65859375 0.3527777777777779 0.62421875 0.3527777777777779 0.62421875 0.40416666666666684 0.65859375 0.40416666666666684
8 0.60625 0.37777777777777793 0.559375 0.37777777777777793 0.559375 0.44027777777777793 0.60625 0.44027777777777793
8 0.70078125 0.3666666666666668 0.66328125 0.3666666666666668 0.66328125 0.4222222222222224 0.70078125 0.4222222222222224
8 0.68125 0.31527777777777793 0.65234375 0.31527777777777793 0.65234375 0.3583333333333335 0.68125 0.3583333333333335
8 0.584375 0.3694444444444446 0.546875 0.3694444444444446 0.546875 0.41805555555555574 0.584375 0.41805555555555574
3 0.71875 0.4583333333333335 0.6984375 0.4583333333333335 0.6984375 0.4972222222222224 0.71875 0.4972222222222224
3 0.628125 0.4777777777777779 0.6078125 0.4777777777777779 0.6078125 0.5194444444444446 0.628125 0.5194444444444446