8 0.7296875 0.5166666666666668 0.5703125 0.5166666666666668 0.5703125 0.765277777777778 0.7296875 0.7652777777777781
8 0.60078125 0.3319444444444446 0.54453125 0.3319444444444446 0.54453125 0.44583333333333347 0.60078125 0.44583333333333347
3 0.6625 0.3055555555555557 0.6421875 0.3055555555555557 0.6421875 0.39166666666666683 0.6625 0.39166666666666683
3 0.36640625 0.36805555555555564 0.334375 0.3680555555555556 0.334375 0.47083333333333344 0.36640625 0.4708333333333335
3 0.41015625 0.2986111111111112 0.384375 0.2986111111111112 0.384375 0.38472222222222235 0.41015625 0.38472222222222235
3 0.3296875 0.33888888888888896 0.290625 0.33888888888888896 0.290625 0.4777777777777778 0.3296875 0.4777777777777778
3 0.290625 0.39305555555555555 0.2546875 0.39305555555555555 0.2546875 0.5097222222222222 0.290625 0.5097222222222222
3 0.17265625000000004 0.6486111111111111 0.12421875000000004 0.6486111111111111 0.12421875000000004 0.7847222222222222 0.17265625000000004 0.7847222222222222
3 0.06875000000000006 0.6847222222222222 0.003906250000000047 0.6847222222222222 0.003906250000000053 0.8388888888888889 0.06875000000000006 0.8388888888888889
3 0.10312500000000005 0.37916666666666665 0.051562500000000025 0.37916666666666665 0.051562500000000025 0.41805555555555557 0.10312500000000005 0.41805555555555557
3 0.3171875 0.2805555555555556 0.29296875 0.2805555555555556 0.29296875 0.3430555555555556 0.3171875 0.3430555555555556
3 0.3828125 0.2736111111111112 0.3578125 0.2736111111111112 0.3578125 0.3583333333333334 0.3828125 0.3583333333333335
3 0.41875 0.20694444444444451 0.39609375 0.20694444444444451 0.39609375 0.2847222222222223 0.41875 0.2847222222222223
3 0.35625 0.20277777777777786 0.3375 0.20277777777777786 0.3375 0.26388888888888895 0.35625 0.26388888888888895
3 0.37109375 0.21388888888888896 0.35234375 0.21388888888888896 0.35234375 0.26805555555555566 0.37109375 0.26805555555555566
3 0.390625 0.21250000000000008 0.37421875 0.21250000000000008 0.37421875 0.26527777777777783 0.390625 0.26527777777777783