3 0.7640625 0.4222222222222224 0.74375 0.4222222222222224 0.74375 0.47916666666666685 0.7640625 0.47916666666666685
3 0.3820312500000001 0.6944444444444445 0.3281250000000001 0.6944444444444444 0.3281250000000001 0.8166666666666667 0.3820312500000001 0.8166666666666667
3 0.74140625 0.4722222222222224 0.71640625 0.4722222222222224 0.71640625 0.540277777777778 0.74140625 0.540277777777778
3 0.56484375 0.7083333333333335 0.51953125 0.7083333333333335 0.51953125 0.8319444444444445 0.56484375 0.8319444444444445
3 0.69375 0.4708333333333335 0.66796875 0.4708333333333335 0.66796875 0.5430555555555557 0.69375 0.5430555555555557
3 0.796875 0.5416666666666669 0.76875 0.5416666666666669 0.76875 0.6111111111111113 0.796875 0.6111111111111113
3 0.6390625 0.47361111111111126 0.61484375 0.47361111111111126 0.61484375 0.5416666666666669 0.6390625 0.5416666666666669
3 0.4671875 0.6930555555555558 0.41484375 0.6930555555555558 0.41484375 0.8236111111111111 0.4671875 0.8236111111111111
3 0.73046875 0.3680555555555557 0.71328125 0.3680555555555557 0.71328125 0.41388888888888903 0.73046875 0.41388888888888903
3 0.84921875 0.41111111111111126 0.82734375 0.41111111111111126 0.82734375 0.46666666666666684 0.84921875 0.46666666666666684
3 0.77734375 0.38333333333333347 0.76015625 0.38333333333333347 0.76015625 0.4319444444444446 0.77734375 0.4319444444444446
3 0.8296875 0.48611111111111127 0.80390625 0.48611111111111127 0.80390625 0.5527777777777779 0.8296875 0.5527777777777779
3 0.803125 0.4097222222222224 0.784375 0.4097222222222224 0.784375 0.45972222222222237 0.803125 0.45972222222222237
3 0.69765625 0.5847222222222224 0.66484375 0.5847222222222224 0.66484375 0.6805555555555557 0.69765625 0.6805555555555557
3 0.740625 0.39861111111111125 0.7203125 0.39861111111111125 0.7203125 0.45416666666666683 0.740625 0.45416666666666683
3 0.80859375 0.602777777777778 0.771875 0.602777777777778 0.771875 0.6930555555555558 0.80859375 0.6930555555555558
3 0.67890625 0.37638888888888905 0.6578125 0.37638888888888905 0.6578125 0.4319444444444446 0.67890625 0.4319444444444446
3 0.39765625000000004 0.6402777777777778 0.35703125 0.6402777777777777 0.35703125 0.7375 0.3976562500000001 0.7375
3 0.80546875 0.3583333333333335 0.79140625 0.3583333333333335 0.79140625 0.39861111111111125 0.80546875 0.39861111111111125
3 0.87265625 0.37777777777777793 0.8546875 0.37777777777777793 0.8546875 0.4291666666666668 0.87265625 0.4291666666666668
3 0.83203125 0.3819444444444446 0.81484375 0.3819444444444446 0.81484375 0.42638888888888904 0.83203125 0.42638888888888904
3 0.7578125 0.33472222222222237 0.74375 0.33472222222222237 0.74375 0.3722222222222224 0.7578125 0.3722222222222224
3 0.81640625 0.4638888888888891 0.7953125 0.4638888888888891 0.7953125 0.5166666666666668 0.81640625 0.5166666666666668
3 0.11562500000000006 0.8666666666666667 0.033593750000000054 0.8666666666666667 0.03359375000000006 1 0.11562500000000009 1
3 0.76796875 0.36111111111111127 0.75390625 0.36111111111111127 0.75390625 0.4013888888888891 0.76796875 0.4013888888888891
3 0.7140625 0.5583333333333335 0.6859375 0.5583333333333335 0.6859375 0.6416666666666668 0.7140625 0.6416666666666668
3 0.83984375 0.3597222222222224 0.825 0.3597222222222224 0.825 0.40000000000000013 0.83984375 0.40000000000000013
3 0.71875 0.5041666666666669 0.69609375 0.5041666666666669 0.69609375 0.5666666666666669 0.71875 0.5666666666666669
3 0.79375 0.37500000000000017 0.778125 0.37500000000000017 0.778125 0.41805555555555574 0.79375 0.41805555555555574
3 0.9140625 0.5444444444444446 0.87421875 0.5444444444444446 0.87421875 0.626388888888889 0.9140625 0.626388888888889
3 0.8515625 0.3305555555555557 0.8390625 0.3305555555555557 0.8390625 0.3680555555555557 0.8515625 0.3680555555555557
8 0.68125 0.30138888888888904 0.65390625 0.30138888888888904 0.65390625 0.3444444444444446 0.68125 0.3444444444444446
8 0.25234375000000003 0.5680555555555555 0.051562500000000046 0.5680555555555555 0.051562500000000046 0.7513888888888889 0.2523437500000001 0.7513888888888889
8 0.6578125 0.34027777777777796 0.628125 0.34027777777777796 0.628125 0.38472222222222235 0.6578125 0.38472222222222235
8 0.6140625 0.3458333333333335 0.57734375 0.3458333333333335 0.57734375 0.3930555555555557 0.6140625 0.3930555555555557
8 0.63984375 0.3041666666666668 0.61328125 0.3041666666666668 0.61328125 0.3444444444444446 0.63984375 0.3444444444444446
8 0.73515625 0.3194444444444446 0.7078125 0.3194444444444446 0.7078125 0.36250000000000016 0.73515625 0.36250000000000016
8 0.559375 0.45277777777777795 0.49453125 0.45277777777777795 0.49453125 0.5291666666666668 0.559375 0.5291666666666668
14 0.43671875 0.42916666666666675 0.28671875 0.42916666666666664 0.28671875 0.6083333333333334 0.43671875 0.6083333333333335
14 0.5921875 0.3666666666666668 0.54140625 0.3666666666666668 0.54140625 0.4416666666666668 0.5921875 0.4416666666666668