8 0.69375 0.4833333333333335 0.584375 0.4833333333333335 0.584375 0.6972222222222224 0.69375 0.6972222222222224
3 0.56953125 0.3277777777777779 0.5390625 0.32777777777777783 0.5390625 0.40000000000000013 0.56953125 0.40000000000000013
3 0.3453125 0.3472222222222223 0.31015625 0.3472222222222223 0.31015625 0.4625 0.3453125 0.4625
3 0.28828125000000004 0.4638888888888889 0.2359375 0.4638888888888889 0.23593750000000005 0.6611111111111111 0.2882812500000001 0.6611111111111111
3 0.11484375000000005 0.35833333333333334 0.03906250000000002 0.35833333333333334 0.03906250000000003 0.43333333333333335 0.11484375000000005 0.43333333333333335
3 0.3375 0.26388888888888895 0.309375 0.26388888888888895 0.309375 0.3500000000000001 0.3375 0.3500000000000001
3 0.35546875 0.2472222222222223 0.33515625 0.2472222222222223 0.33515625 0.3444444444444445 0.35546875 0.3444444444444445
3 0.37265625 0.26527777777777783 0.346875 0.26527777777777783 0.346875 0.3347222222222223 0.37265625 0.3347222222222223
8 0.4828125 0.2111111111111112 0.43671875 0.2111111111111112 0.43671875 0.2875000000000001 0.4828125 0.2875000000000001
3 0.38671875 0.22361111111111118 0.36875 0.22361111111111118 0.36875 0.29027777777777786 0.38671875 0.29027777777777786
3 0.40234375 0.20555555555555563 0.38671875 0.20555555555555563 0.38671875 0.2666666666666667 0.40234375 0.2666666666666667
3 0.43203125 0.19027777777777785 0.41484375 0.19027777777777785 0.41484375 0.2527777777777779 0.43203125 0.2527777777777779
3 0.3578125 0.19583333333333341 0.34296875 0.19583333333333341 0.34296875 0.2458333333333334 0.3578125 0.2458333333333334