3 0.5296875 0.7000000000000002 0.478125 0.7000000000000002 0.478125 0.8430555555555556 0.5296875 0.8430555555555556
3 0.45078125 0.7166666666666667 0.4 0.7166666666666667 0.4 0.85 0.45078125 0.85
3 0.68203125 0.4722222222222224 0.65625 0.4722222222222224 0.65625 0.5430555555555557 0.68203125 0.5430555555555557
3 0.90234375 0.841666666666667 0.85625 0.841666666666667 0.85625 0.9763888888888892 0.90234375 0.9763888888888892
3 0.49453125 0.577777777777778 0.4546875 0.577777777777778 0.4546875 0.688888888888889 0.49453125 0.688888888888889
3 0.3265625000000001 0.7472222222222222 0.2632812500000001 0.7472222222222222 0.2632812500000001 0.9013888888888889 0.3265625000000001 0.9013888888888889
3 0.8 0.6208333333333335 0.765625 0.6208333333333335 0.765625 0.729166666666667 0.8 0.729166666666667
3 0.7109375 0.4416666666666668 0.69140625 0.4416666666666668 0.69140625 0.5055555555555558 0.7109375 0.5055555555555558
3 0.8 0.5097222222222224 0.77265625 0.5097222222222224 0.77265625 0.588888888888889 0.8 0.588888888888889
3 0.91015625 0.613888888888889 0.8828125 0.613888888888889 0.8828125 0.7319444444444447 0.91015625 0.7319444444444447
3 0.8453125 0.4958333333333335 0.825 0.4958333333333335 0.825 0.563888888888889 0.8453125 0.563888888888889
3 0.77890625 0.44583333333333347 0.75703125 0.44583333333333347 0.75703125 0.5083333333333335 0.77890625 0.5083333333333335
3 0.7375 0.6472222222222224 0.7015625 0.6472222222222224 0.7015625 0.7541666666666669 0.7375 0.754166666666667
3 0.7515625 0.5138888888888891 0.7296875 0.5138888888888891 0.7296875 0.5875000000000001 0.7515625 0.5875000000000001
3 0.565625 0.4972222222222224 0.540625 0.4972222222222224 0.540625 0.5722222222222224 0.565625 0.5722222222222224
3 0.81796875 0.45972222222222237 0.79453125 0.45972222222222237 0.79453125 0.526388888888889 0.81796875 0.526388888888889
3 0.74765625 0.7333333333333335 0.70625 0.7333333333333333 0.70625 0.863888888888889 0.74765625 0.8638888888888892
3 0.66171875 0.4208333333333335 0.640625 0.4208333333333335 0.640625 0.4819444444444446 0.66171875 0.4819444444444446
3 0.72421875 0.46250000000000013 0.70234375 0.46250000000000013 0.70234375 0.5319444444444446 0.72421875 0.5319444444444446
3 0.85703125 0.6972222222222224 0.815625 0.6972222222222224 0.815625 0.8194444444444448 0.85703125 0.8194444444444448
3 0.8578125 0.5958333333333334 0.82421875 0.5958333333333334 0.82421875 0.6875000000000001 0.8578125 0.6875000000000001
3 0.859375 0.5236111111111112 0.83359375 0.5236111111111112 0.83359375 0.5958333333333334 0.859375 0.5958333333333334
3 0.57578125 0.5430555555555557 0.54296875 0.5430555555555557 0.54296875 0.6388888888888891 0.57578125 0.6388888888888891
3 0.88515625 0.45972222222222237 0.86796875 0.45972222222222237 0.86796875 0.5319444444444446 0.88515625 0.5319444444444446
3 0.74140625 0.47638888888888903 0.721875 0.47638888888888903 0.721875 0.5388888888888891 0.74140625 0.5388888888888891
3 0.6859375 0.40000000000000013 0.67421875 0.40000000000000013 0.67421875 0.4555555555555557 0.6859375 0.4555555555555557
3 0.8796875 0.5680555555555558 0.85078125 0.5680555555555558 0.85078125 0.6611111111111113 0.8796875 0.6611111111111113
3 0.67890625 0.4361111111111113 0.65625 0.4361111111111113 0.65625 0.4944444444444446 0.67890625 0.4944444444444446
3 0.8921875 0.3791666666666668 0.878125 0.3791666666666668 0.878125 0.4347222222222224 0.8921875 0.4347222222222224
3 0.63828125 0.4416666666666668 0.61953125 0.4416666666666668 0.61953125 0.502777777777778 0.63828125 0.502777777777778
3 0.69453125 0.3652777777777779 0.67890625 0.3652777777777779 0.67890625 0.4208333333333335 0.69453125 0.4208333333333335
3 0.7953125 0.4777777777777779 0.7734375 0.4777777777777779 0.7734375 0.5375000000000002 0.7953125 0.5375000000000002
3 0.8046875 0.4222222222222224 0.78359375 0.4222222222222224 0.78359375 0.4847222222222224 0.8046875 0.4847222222222224
3 0.653125 0.5430555555555557 0.62734375 0.5430555555555557 0.62734375 0.6388888888888891 0.653125 0.6388888888888891
3 0.82578125 0.4347222222222224 0.80625 0.4347222222222224 0.80625 0.4972222222222224 0.82578125 0.4972222222222224
3 0.78671875 0.3958333333333335 0.76640625 0.3958333333333335 0.76640625 0.45277777777777795 0.78671875 0.45277777777777795
3 0.74921875 0.4444444444444446 0.72890625 0.4444444444444446 0.72890625 0.5069444444444446 0.74921875 0.5069444444444446
3 0.84296875 0.4333333333333335 0.825 0.4333333333333335 0.825 0.4944444444444446 0.84296875 0.4944444444444446
3 0.81875 0.3944444444444446 0.8 0.3944444444444446 0.8 0.45277777777777795 0.81875 0.45277777777777795
8 0.19218750000000004 0.6208333333333333 0.06328125000000004 0.6208333333333333 0.06328125000000004 0.7513888888888889 0.19218750000000004 0.7513888888888889
8 0.40390625 0.5069444444444445 0.31796875 0.5069444444444444 0.31796875 0.6111111111111112 0.40390625 0.6111111111111113
8 0.31640625000000006 0.6236111111111111 0.18750000000000006 0.6236111111111111 0.18750000000000006 0.7722222222222223 0.3164062500000001 0.7722222222222223
8 0.62109375 0.613888888888889 0.5484375 0.613888888888889 0.5484375 0.7277777777777777 0.62109375 0.7277777777777777
8 0.75 0.3708333333333335 0.70703125 0.3708333333333335 0.70703125 0.43888888888888905 0.75 0.43888888888888905
8 0.65234375 0.5055555555555558 0.60078125 0.5055555555555558 0.60078125 0.613888888888889 0.65234375 0.613888888888889
8 0.6484375 0.3597222222222224 0.61171875 0.3597222222222224 0.61171875 0.4194444444444446 0.6484375 0.4194444444444446
3 0.8734375 0.4083333333333335 0.859375 0.4083333333333335 0.859375 0.4638888888888891 0.8734375 0.4638888888888891
3 0.8640625 0.3805555555555557 0.85 0.3805555555555557 0.85 0.4361111111111113 0.8640625 0.4361111111111113
3 0.7671875 0.3958333333333335 0.753125 0.3958333333333335 0.753125 0.43888888888888905 0.7671875 0.43888888888888905
3 0.8671875 0.4430555555555557 0.85 0.4430555555555557 0.85 0.515277777777778 0.8671875 0.515277777777778