8 0.7265625 0.3569444444444446 0.61171875 0.3569444444444446 0.61171875 0.5527777777777779 0.7265625 0.5527777777777779
3 0.8015625 0.3930555555555557 0.77265625 0.3930555555555557 0.77265625 0.47916666666666685 0.8015625 0.47916666666666685
3 0.71953125 0.31388888888888905 0.70078125 0.31388888888888905 0.70078125 0.38333333333333347 0.71953125 0.38333333333333347
8 0.76640625 0.8347222222222224 0.57109375 0.8347222222222223 0.57109375 1.0000000000000002 0.76640625 1.0000000000000002
8 0.61328125 0.5180555555555557 0.4953125 0.5180555555555557 0.4953125 0.7236111111111111 0.61328125 0.7236111111111111
8 0.5453125 0.26944444444444454 0.50625 0.26944444444444454 0.50625 0.33611111111111125 0.5453125 0.33611111111111125
8 0.615625 0.27222222222222237 0.57421875 0.27222222222222237 0.57421875 0.3333333333333335 0.615625 0.3333333333333335
8 0.58046875 0.2402777777777779 0.53671875 0.24027777777777787 0.53671875 0.3027777777777779 0.58046875 0.3027777777777779
8 0.66640625 0.25277777777777793 0.63125 0.25277777777777793 0.63125 0.2902777777777779 0.66640625 0.2902777777777779
14 0.30703125 0.1569444444444445 0.20625 0.1569444444444445 0.20625 0.24027777777777787 0.30703125 0.24027777777777787
14 0.6625 0.18472222222222237 0.5953125 0.18472222222222237 0.5953125 0.26388888888888906 0.6625 0.26388888888888906
14 0.7171875 0.2055555555555557 0.66875 0.2055555555555557 0.66875 0.27777777777777796 0.7171875 0.27777777777777796