14 0.6359375 0.28055555555555567 0.496875 0.2805555555555556 0.496875 0.6569444444444446 0.6359375 0.6569444444444446
8 0.9125 0.6930555555555558 0.71328125 0.6930555555555558 0.71328125 0.9805555555555557 0.9125 0.9805555555555558
8 0.49140625 0.20000000000000007 0.43515625 0.20000000000000007 0.43515625 0.251388888888889 0.49140625 0.251388888888889
8 0.53125 0.20833333333333343 0.4828125 0.20833333333333343 0.4828125 0.24444444444444452 0.53125 0.24444444444444452
8 0.625 0.26388888888888906 0.5859375 0.26388888888888906 0.5859375 0.3180555555555557 0.625 0.3180555555555557
8 0.7125 0.4430555555555557 0.6359375 0.4430555555555557 0.6359375 0.565277777777778 0.7125 0.565277777777778
8 0.6734375 0.24027777777777792 0.63046875 0.24027777777777792 0.63046875 0.2944444444444446 0.6734375 0.2944444444444446
8 0.7375 0.2208333333333335 0.69765625 0.2208333333333335 0.69765625 0.2680555555555557 0.7375 0.2680555555555557
8 0.6796875 0.20416666666666683 0.62734375 0.20416666666666683 0.62734375 0.2458333333333335 0.6796875 0.2458333333333335
14 0.11328125 0.18333333333333332 0.07656250000000002 0.18333333333333332 0.07656250000000002 0.24444444444444444 0.11328125 0.24444444444444444
8 0.26484375 0.23888888888888896 0.2203125 0.23888888888888896 0.2203125 0.29166666666666674 0.26484375 0.29166666666666674
3 0.59921875 0.2208333333333335 0.57421875 0.2208333333333335 0.57421875 0.2541666666666668 0.59921875 0.2541666666666668
3 0.71640625 0.25138888888888905 0.7015625 0.25138888888888905 0.7015625 0.3083333333333335 0.71640625 0.3083333333333335