3 0.34140625 0.21944444444444453 0.3203125 0.21944444444444453 0.3203125 0.2875000000000001 0.34140625 0.2875000000000001
3 0.71875 0.28750000000000014 0.6953125 0.28750000000000014 0.6953125 0.36111111111111127 0.71875 0.36111111111111127
3 0.684375 0.2208333333333335 0.665625 0.2208333333333335 0.665625 0.2819444444444446 0.684375 0.2819444444444446
3 0.38046875 0.16944444444444454 0.3640625 0.16944444444444454 0.3640625 0.21944444444444453 0.38046875 0.21944444444444453
3 0.534375 0.1250000000000001 0.51875 0.1250000000000001 0.51875 0.16805555555555568 0.534375 0.16805555555555568
14 0.996875 0.40416666666666684 0.6671875 0.40416666666666684 0.6671875 1.0000000000000002 0.996875 1.0000000000000002
8 0.64765625 0.3069444444444446 0.5578125 0.3069444444444446 0.5578125 0.5319444444444446 0.64765625 0.5319444444444446
8 0.65390625 0.15694444444444458 0.59453125 0.15694444444444455 0.59453125 0.2819444444444446 0.65390625 0.2819444444444446
8 0.59453125 0.1916666666666668 0.534375 0.19166666666666674 0.534375 0.31805555555555565 0.59453125 0.3180555555555557
8 0.47109375 0.13194444444444453 0.40625 0.13194444444444453 0.40625 0.36111111111111127 0.47109375 0.36111111111111127
8 0.584375 0.29583333333333345 0.534375 0.2958333333333334 0.534375 0.3805555555555557 0.584375 0.3805555555555557
8 0.73046875 0.3472222222222224 0.6609375 0.3472222222222224 0.6609375 0.46666666666666684 0.73046875 0.46666666666666684