3 0.721875 0.40000000000000013 0.709375 0.40000000000000013 0.709375 0.4486111111111113 0.721875 0.4486111111111113
3 0.88046875 0.4486111111111113 0.8625 0.4486111111111113 0.8625 0.5180555555555557 0.88046875 0.5180555555555557
3 0.80546875 0.4097222222222224 0.790625 0.4097222222222224 0.790625 0.4694444444444446 0.80546875 0.4694444444444446
3 0.83203125 0.44027777777777793 0.8140625 0.44027777777777793 0.8140625 0.5097222222222224 0.83203125 0.5097222222222224
3 0.7828125 0.4444444444444446 0.76640625 0.4444444444444446 0.76640625 0.501388888888889 0.7828125 0.501388888888889
3 0.6875 0.41805555555555574 0.66796875 0.41805555555555574 0.66796875 0.4847222222222224 0.6875 0.4847222222222224
3 0.62578125 0.48611111111111127 0.60546875 0.48611111111111127 0.60546875 0.5611111111111112 0.62578125 0.5611111111111112
3 0.67421875 0.5319444444444446 0.64921875 0.5319444444444446 0.64921875 0.6388888888888891 0.67421875 0.6388888888888891
3 0.75078125 0.48611111111111127 0.73203125 0.48611111111111127 0.73203125 0.5694444444444446 0.75078125 0.5694444444444446
3 0.5 0.5694444444444446 0.46484375 0.5694444444444446 0.46484375 0.6819444444444446 0.5 0.6819444444444446
3 0.57890625 0.565277777777778 0.54765625 0.565277777777778 0.54765625 0.6777777777777779 0.57890625 0.6777777777777779
3 0.865625 0.5055555555555558 0.84609375 0.5055555555555558 0.84609375 0.5930555555555557 0.865625 0.5930555555555557
3 0.521875 0.8083333333333333 0.47265625 0.8083333333333333 0.47265625 0.9875 0.521875 0.9875
3 0.6859375 0.7763888888888889 0.6421875 0.7763888888888889 0.6421875 0.95 0.6859375 0.95
3 0.2867187500000001 0.7763888888888889 0.2234375000000001 0.7763888888888889 0.2234375000000001 0.9555555555555556 0.2867187500000001 0.9555555555555556
8 0.4484375 0.5277777777777779 0.35546875 0.5277777777777778 0.35546875 0.6402777777777778 0.4484375 0.640277777777778
3 0.44453125 0.7722222222222223 0.3898437500000001 0.7722222222222223 0.3898437500000001 0.9444444444444444 0.44453125 0.9444444444444444
3 0.17968750000000006 0.7944444444444444 0.11562500000000005 0.7944444444444444 0.11562500000000006 0.9680555555555556 0.17968750000000008 0.9680555555555556
3 0.63046875 0.44722222222222235 0.6109375 0.44722222222222235 0.6109375 0.502777777777778 0.63046875 0.502777777777778
3 0.70234375 0.4569444444444446 0.6859375 0.4569444444444446 0.6859375 0.5222222222222224 0.70234375 0.5222222222222224
3 0.7015625 0.4013888888888891 0.68671875 0.4013888888888891 0.68671875 0.4583333333333335 0.7015625 0.4583333333333335
3 0.74453125 0.42361111111111127 0.728125 0.42361111111111127 0.728125 0.4819444444444446 0.74453125 0.4819444444444446
3 0.74765625 0.37777777777777793 0.73203125 0.37777777777777793 0.73203125 0.4208333333333335 0.74765625 0.4208333333333335
3 0.77265625 0.3819444444444446 0.76015625 0.3819444444444446 0.76015625 0.4333333333333335 0.77265625 0.4333333333333335
3 0.8515625 0.40416666666666684 0.83515625 0.40416666666666684 0.83515625 0.46250000000000013 0.8515625 0.46250000000000013
3 0.815625 0.3861111111111113 0.80078125 0.3861111111111113 0.80078125 0.44583333333333347 0.815625 0.44583333333333347
8 0.62265625 0.3819444444444446 0.5859375 0.3819444444444446 0.5859375 0.44027777777777793 0.62265625 0.44027777777777793