3 0.17890625000000002 0.26666666666666666 0.1578125 0.26666666666666666 0.15781250000000002 0.3277777777777778 0.17890625000000004 0.3277777777777778
3 0.1609375 0.22777777777777777 0.1390625 0.22777777777777777 0.1390625 0.2875 0.1609375 0.2875
8 0.678125 0.6611111111111113 0.5421875 0.6611111111111113 0.5421875 0.9291666666666667 0.678125 0.9291666666666667
8 0.575 0.3722222222222224 0.496875 0.3722222222222224 0.496875 0.5236111111111112 0.575 0.5236111111111112
8 0.646875 0.36111111111111127 0.57578125 0.36111111111111127 0.57578125 0.4819444444444446 0.646875 0.4819444444444446
8 0.65703125 0.24027777777777792 0.6125 0.24027777777777792 0.6125 0.2944444444444446 0.65703125 0.2944444444444446
8 0.86171875 0.5847222222222224 0.67890625 0.5847222222222224 0.67890625 0.8708333333333335 0.86171875 0.8708333333333337
8 0.55546875 0.2402777777777779 0.509375 0.24027777777777787 0.509375 0.3041666666666668 0.55546875 0.3041666666666668
14 0.69609375 0.1819444444444446 0.6375 0.1819444444444446 0.6375 0.24305555555555572 0.69609375 0.24305555555555572
8 0.5578125 0.2902777777777779 0.51953125 0.29027777777777786 0.51953125 0.36250000000000016 0.5578125 0.36250000000000016
8 0.62578125 0.3055555555555557 0.5828125 0.3055555555555557 0.5828125 0.3805555555555557 0.62578125 0.3805555555555557
8 0.74375 0.17916666666666684 0.69375 0.17916666666666684 0.69375 0.2541666666666668 0.74375 0.2541666666666668