3 0.11406250000000004 0.35694444444444445 0.047656250000000025 0.35694444444444445 0.047656250000000025 0.43194444444444446 0.11406250000000004 0.43194444444444446
3 0.23046875 0.2569444444444445 0.18046875 0.2569444444444444 0.18046875 0.31111111111111117 0.23046875 0.31111111111111117
3 0.58125 0.45972222222222237 0.54296875 0.45972222222222237 0.54296875 0.5861111111111112 0.58125 0.5861111111111112
8 0.78203125 0.4708333333333335 0.6515625 0.4708333333333335 0.6515625 0.6625000000000002 0.78203125 0.6625000000000002
8 0.42734375 0.2805555555555556 0.007031250000000019 0.28055555555555556 0.007031250000000044 0.9986111111111111 0.42734375 0.9986111111111111
3 0.33984375 0.24166666666666675 0.30546875 0.24166666666666675 0.30546875 0.2861111111111112 0.33984375 0.2861111111111112
3 0.3765625 0.22361111111111118 0.353125 0.22361111111111118 0.353125 0.2805555555555556 0.3765625 0.2805555555555556
3 0.4109375 0.25000000000000006 0.38984375 0.25000000000000006 0.38984375 0.30416666666666675 0.4109375 0.30416666666666675
3 0.39296875 0.17916666666666675 0.38046875 0.17916666666666675 0.38046875 0.2250000000000001 0.39296875 0.2250000000000001
3 0.6671875 0.21527777777777793 0.65234375 0.21527777777777793 0.65234375 0.27222222222222237 0.6671875 0.27222222222222237
3 0.6515625 0.21805555555555572 0.6375 0.21805555555555572 0.6375 0.2819444444444446 0.6515625 0.2819444444444446
3 0.4234375 0.21388888888888896 0.4015625 0.21388888888888896 0.4015625 0.2722222222222223 0.4234375 0.2722222222222223