3 0.7296875 0.37638888888888905 0.6984375 0.37638888888888905 0.6984375 0.47638888888888903 0.7296875 0.47638888888888903
3 0.39296875000000003 0.5319444444444446 0.35 0.5319444444444444 0.35000000000000003 0.6944444444444445 0.3929687500000001 0.6944444444444446
3 0.29921875 0.4305555555555556 0.26640625 0.4305555555555556 0.26640625 0.5375 0.29921875 0.5375
3 0.30078125000000006 0.5402777777777777 0.25078125 0.5402777777777777 0.25078125000000007 0.7180555555555556 0.3007812500000001 0.7180555555555556
3 0.20156250000000003 0.5805555555555556 0.12968750000000004 0.5805555555555556 0.12968750000000004 0.7666666666666667 0.2015625000000001 0.7666666666666667
3 0.23828125 0.4236111111111111 0.2078125 0.4236111111111111 0.2078125 0.5125 0.23828125 0.5125
3 0.340625 0.3611111111111111 0.3078125 0.3611111111111111 0.3078125 0.4625 0.340625 0.4625
3 0.4046875 0.37638888888888905 0.371875 0.37638888888888905 0.371875 0.43750000000000017 0.4046875 0.43750000000000017
3 0.40546875 0.32638888888888895 0.378125 0.32638888888888895 0.378125 0.3861111111111113 0.40546875 0.3861111111111113
3 0.3546875 0.2972222222222223 0.334375 0.2972222222222223 0.334375 0.3638888888888889 0.3546875 0.3638888888888889
3 0.36484375 0.2486111111111112 0.3484375 0.2486111111111112 0.3484375 0.3083333333333334 0.36484375 0.3083333333333334
3 0.42265625 0.2250000000000001 0.4078125 0.2250000000000001 0.4078125 0.288888888888889 0.42265625 0.288888888888889
8 0.55 0.1902777777777779 0.50703125 0.19027777777777785 0.50703125 0.25416666666666676 0.55 0.2541666666666668
3 0.4015625 0.21527777777777785 0.3859375 0.21527777777777785 0.3859375 0.2722222222222223 0.4015625 0.2722222222222223