3 0.521875 0.6194444444444446 0.48203125 0.6194444444444446 0.48203125 0.7972222222222223 0.521875 0.7972222222222223
3 0.54453125 0.4902777777777779 0.51953125 0.4902777777777779 0.51953125 0.6166666666666668 0.54453125 0.6166666666666668
3 0.484375 0.4208333333333335 0.459375 0.4208333333333335 0.459375 0.5375000000000002 0.484375 0.5375000000000002
8 0.4109375 0.4722222222222223 0.005468750000000032 0.4722222222222222 0.005468750000000051 1 0.4109375 1
3 0.3359375 0.41805555555555557 0.31640625 0.41805555555555557 0.31640625 0.49027777777777776 0.3359375 0.49027777777777776
3 0.3859375 0.31944444444444453 0.36953125 0.31944444444444453 0.36953125 0.39861111111111125 0.3859375 0.39861111111111125
3 0.503125 0.3152777777777779 0.4859375 0.3152777777777779 0.4859375 0.39166666666666683 0.503125 0.39166666666666683
3 0.5140625 0.3722222222222224 0.49765625 0.3722222222222224 0.49765625 0.45416666666666683 0.5140625 0.45416666666666683
3 0.5125 0.26527777777777783 0.49765625 0.26527777777777783 0.49765625 0.33055555555555566 0.5125 0.33055555555555566
3 0.5453125 0.251388888888889 0.52890625 0.251388888888889 0.52890625 0.31666666666666676 0.5453125 0.3166666666666668
8 0.478125 0.23333333333333342 0.44140625 0.23333333333333342 0.44140625 0.3083333333333334 0.478125 0.3083333333333334