8 0.590625 0.23750000000000013 0.528125 0.23750000000000007 0.528125 0.3541666666666668 0.590625 0.35416666666666685
3 0.5234375 0.24166666666666675 0.50859375 0.24166666666666675 0.50859375 0.3097222222222223 0.5234375 0.3097222222222223
3 0.49375 0.24027777777777787 0.46015625 0.24027777777777787 0.46015625 0.30416666666666675 0.49375 0.30416666666666675
3 0.30625 0.301388888888889 0.284375 0.301388888888889 0.284375 0.39305555555555555 0.30625 0.39305555555555555
3 0.10390625000000005 0.35694444444444445 0.05078125000000002 0.35694444444444445 0.05078125000000002 0.4388888888888889 0.10390625000000005 0.4388888888888889
3 0.23828125 0.25833333333333336 0.1796875 0.25833333333333336 0.17968750000000003 0.3236111111111111 0.23828125 0.3236111111111112
3 0.94375 0.5736111111111113 0.87265625 0.5736111111111113 0.87265625 0.7361111111111114 0.94375 0.7361111111111114
3 0.703125 0.2833333333333335 0.684375 0.2833333333333335 0.684375 0.3458333333333335 0.703125 0.3458333333333335
3 0.6703125 0.27361111111111125 0.65234375 0.27361111111111125 0.65234375 0.33750000000000013 0.6703125 0.33750000000000013
3 0.6546875 0.29166666666666685 0.6296875 0.29166666666666685 0.6296875 0.3444444444444446 0.6546875 0.3444444444444446
3 0.61875 0.2555555555555557 0.603125 0.2555555555555557 0.603125 0.3069444444444446 0.61875 0.3069444444444446
3 0.64609375 0.25138888888888905 0.62265625 0.25138888888888905 0.62265625 0.29305555555555574 0.64609375 0.29305555555555574
3 0.6046875 0.24722222222222237 0.5859375 0.24722222222222237 0.5859375 0.2958333333333335 0.6046875 0.2958333333333335
3 0.3203125 0.26944444444444454 0.2984375 0.26944444444444454 0.2984375 0.34027777777777785 0.3203125 0.34027777777777785