3 0.57265625 0.6222222222222223 0.5375 0.6222222222222223 0.5375 0.7305555555555555 0.57265625 0.7305555555555555
3 0.62578125 0.7055555555555557 0.59375 0.7055555555555557 0.59375 0.8361111111111111 0.62578125 0.8361111111111111
3 0.6109375 0.6291666666666669 0.5828125 0.6291666666666669 0.5828125 0.7375 0.6109375 0.7375
3 0.5875 0.5555555555555557 0.56640625 0.5555555555555557 0.56640625 0.6361111111111113 0.5875 0.6361111111111113
3 0.59296875 0.47500000000000014 0.57109375 0.47500000000000014 0.57109375 0.551388888888889 0.59296875 0.551388888888889
3 0.65546875 0.4958333333333335 0.6375 0.4958333333333335 0.6375 0.5763888888888891 0.65546875 0.5763888888888891
3 0.696875 0.613888888888889 0.66171875 0.613888888888889 0.66171875 0.7152777777777778 0.696875 0.7152777777777778
3 0.84140625 0.688888888888889 0.8015625 0.688888888888889 0.8015625 0.8138888888888892 0.84140625 0.8138888888888892
3 0.7859375 0.5736111111111113 0.76328125 0.5736111111111113 0.76328125 0.6777777777777779 0.7859375 0.6777777777777779
3 0.7515625 0.551388888888889 0.728125 0.551388888888889 0.728125 0.6444444444444446 0.7515625 0.6444444444444446
3 0.7140625 0.47916666666666685 0.69375 0.47916666666666685 0.69375 0.5555555555555557 0.7140625 0.5555555555555557
3 0.7234375 0.5250000000000001 0.70546875 0.5250000000000001 0.70546875 0.6111111111111113 0.7234375 0.6111111111111113
3 0.7875 0.4902777777777779 0.76484375 0.4902777777777779 0.76484375 0.5694444444444446 0.7875 0.5694444444444446
3 0.840625 0.4902777777777779 0.81796875 0.4902777777777779 0.81796875 0.5763888888888891 0.840625 0.5763888888888891
3 0.80703125 0.42638888888888904 0.7921875 0.42638888888888904 0.7921875 0.4847222222222224 0.80703125 0.4847222222222224
3 0.71484375 0.4194444444444446 0.6984375 0.4194444444444446 0.6984375 0.47500000000000014 0.71484375 0.47500000000000014
3 0.7453125 0.41388888888888903 0.73046875 0.41388888888888903 0.73046875 0.4680555555555557 0.7453125 0.4680555555555557
3 0.7328125 0.3694444444444446 0.71640625 0.3694444444444446 0.71640625 0.4208333333333335 0.7328125 0.4208333333333335
3 0.7828125 0.3930555555555557 0.76796875 0.3930555555555557 0.76796875 0.44722222222222235 0.7828125 0.44722222222222235
3 0.7734375 0.46111111111111125 0.7578125 0.46111111111111125 0.7578125 0.5180555555555557 0.7734375 0.5180555555555557
3 0.82265625 0.37638888888888905 0.809375 0.37638888888888905 0.809375 0.4194444444444446 0.82265625 0.4194444444444446
3 0.8515625 0.35138888888888903 0.83515625 0.35138888888888903 0.83515625 0.4208333333333335 0.8515625 0.4208333333333335
3 0.8125 0.35138888888888903 0.8 0.35138888888888903 0.8 0.39166666666666683 0.8125 0.39166666666666683
3 0.796875 0.3666666666666668 0.7859375 0.3666666666666668 0.7859375 0.41250000000000014 0.796875 0.41250000000000014
3 0.7671875 0.39027777777777795 0.75546875 0.39027777777777795 0.75546875 0.4333333333333335 0.7671875 0.4333333333333335
3 0.7578125 0.3583333333333335 0.74609375 0.3583333333333335 0.74609375 0.38888888888888906 0.7578125 0.38888888888888906
3 0.7546875 0.3819444444444446 0.7453125 0.3819444444444446 0.7453125 0.4319444444444446 0.7546875 0.4319444444444446
3 0.75625 0.2958333333333335 0.746875 0.2958333333333335 0.746875 0.3250000000000002 0.75625 0.3250000000000002
3 0.7984375 0.31388888888888905 0.78515625 0.31388888888888905 0.78515625 0.35000000000000014 0.7984375 0.35000000000000014
3 0.81640625 0.2944444444444446 0.809375 0.2944444444444446 0.809375 0.32083333333333347 0.81640625 0.32083333333333347
3 0.6953125 0.45416666666666683 0.675 0.45416666666666683 0.675 0.5180555555555557 0.6953125 0.5180555555555557
14 0.678125 0.2555555555555557 0.65078125 0.2555555555555557 0.65078125 0.3305555555555557 0.678125 0.3305555555555557
8 0.3625 0.5416666666666666 0.27109375 0.5416666666666666 0.27109375 0.6361111111111111 0.3625 0.6361111111111111
8 0.60234375 0.40000000000000013 0.5625 0.40000000000000013 0.5625 0.46111111111111125 0.60234375 0.46111111111111125
8 0.6453125 0.36111111111111127 0.60703125 0.36111111111111127 0.60703125 0.4152777777777779 0.6453125 0.4152777777777779
8 0.60859375 0.3583333333333335 0.5828125 0.3583333333333335 0.5828125 0.40277777777777796 0.60859375 0.40277777777777796
8 0.640625 0.3180555555555557 0.61875 0.3180555555555557 0.61875 0.36111111111111127 0.640625 0.36111111111111127
8 0.71953125 0.32083333333333347 0.69375 0.32083333333333347 0.69375 0.36250000000000016 0.71953125 0.36250000000000016