3 0.55546875 0.3125000000000001 0.52890625 0.31250000000000006 0.52890625 0.40000000000000013 0.55546875 0.40000000000000013
3 0.6796875 0.28750000000000014 0.65625 0.28750000000000014 0.65625 0.36250000000000016 0.6796875 0.36250000000000016
3 0.76328125 0.3569444444444446 0.72578125 0.3569444444444446 0.72578125 0.4583333333333335 0.76328125 0.4583333333333335
3 0.77265625 0.30000000000000016 0.740625 0.30000000000000016 0.740625 0.3694444444444446 0.77265625 0.3694444444444446
3 0.88671875 0.5305555555555557 0.8265625 0.5305555555555557 0.8265625 0.7138888888888892 0.88671875 0.7138888888888892
3 0.5609375 0.22638888888888906 0.5453125 0.22638888888888906 0.5453125 0.2847222222222224 0.5609375 0.2847222222222224
3 0.63828125 0.17500000000000013 0.61875 0.17500000000000013 0.61875 0.22361111111111126 0.63828125 0.22361111111111126
3 0.6578125 0.18611111111111128 0.63828125 0.18611111111111128 0.63828125 0.22916666666666682 0.6578125 0.22916666666666682
8 0.4234375 0.26250000000000007 0.09765625000000003 0.2625 0.09765625000000004 1 0.4234375 1
8 0.446875 0.16944444444444454 0.3703125 0.16944444444444454 0.3703125 0.2819444444444445 0.446875 0.2819444444444445
8 0.56953125 0.14861111111111122 0.5046875 0.14861111111111122 0.5046875 0.2291666666666668 0.56953125 0.22916666666666682
3 0.49921875 0.2208333333333334 0.46640625 0.2208333333333334 0.46640625 0.288888888888889 0.49921875 0.288888888888889