3 0.91640625 0.665277777777778 0.85390625 0.665277777777778 0.85390625 0.8458333333333337 0.91640625 0.8458333333333337
3 0.8234375 0.42361111111111127 0.79140625 0.42361111111111127 0.79140625 0.5305555555555557 0.8234375 0.5305555555555557
3 0.64453125 0.18750000000000017 0.62421875 0.18750000000000017 0.62421875 0.24027777777777792 0.64453125 0.24027777777777792
3 0.8859375 0.43750000000000017 0.853125 0.43750000000000017 0.853125 0.5430555555555557 0.8859375 0.5430555555555557
3 0.8703125 0.5083333333333335 0.82734375 0.5083333333333335 0.82734375 0.6416666666666668 0.8703125 0.6416666666666668
3 0.43125 0.15555555555555564 0.4140625 0.15555555555555564 0.4140625 0.20833333333333343 0.43125 0.20833333333333343
3 0.65703125 0.18888888888888905 0.64296875 0.18888888888888905 0.64296875 0.23888888888888904 0.65703125 0.23888888888888904
3 0.684375 0.22777777777777794 0.665625 0.22777777777777794 0.665625 0.2819444444444446 0.684375 0.2819444444444446
3 0.6125 0.16250000000000012 0.59609375 0.16250000000000012 0.59609375 0.20416666666666683 0.6125 0.20416666666666683
8 0.715625 0.7319444444444444 0.55390625 0.7319444444444444 0.55390625 1 0.715625 1
8 0.665625 0.4500000000000002 0.55390625 0.4500000000000002 0.55390625 0.6416666666666668 0.665625 0.6416666666666668
8 0.64921875 0.23750000000000016 0.6078125 0.23750000000000016 0.6078125 0.3027777777777779 0.64921875 0.3027777777777779
8 0.5828125 0.3027777777777779 0.5203125 0.30277777777777787 0.5203125 0.4055555555555557 0.5828125 0.4055555555555557
8 0.60625 0.17222222222222233 0.57109375 0.17222222222222233 0.57109375 0.2305555555555557 0.60625 0.2305555555555557
8 0.575 0.15138888888888902 0.52265625 0.15138888888888902 0.52265625 0.27361111111111125 0.575 0.27361111111111125
14 0.7765625 0.25000000000000017 0.6515625 0.25000000000000017 0.6515625 0.5055555555555558 0.7765625 0.5055555555555558