3 0.3156250000000001 0.6875 0.2367187500000001 0.6875 0.2367187500000001 0.8513888888888889 0.3156250000000001 0.8513888888888889
3 0.18750000000000006 0.39166666666666666 0.12890625000000006 0.39166666666666666 0.12890625000000006 0.4861111111111111 0.18750000000000006 0.4861111111111111
3 0.7484375 0.5916666666666668 0.69453125 0.5916666666666668 0.69453125 0.7555555555555558 0.7484375 0.7555555555555559
3 0.38359375 0.2458333333333334 0.36015625 0.2458333333333334 0.36015625 0.31944444444444453 0.38359375 0.31944444444444453
3 0.20546875 0.49166666666666664 0.13046875000000005 0.49166666666666664 0.13046875000000005 0.6013888888888889 0.20546875 0.6013888888888889
3 0.09531250000000004 0.47638888888888886 0.022656250000000034 0.47638888888888886 0.022656250000000037 0.5930555555555556 0.09531250000000005 0.5930555555555556
3 0.3140625 0.5375 0.28359375 0.5375 0.28359375000000003 0.6930555555555555 0.3140625000000001 0.6930555555555555
3 0.08671875000000004 0.3902777777777778 0.025781250000000023 0.3902777777777778 0.025781250000000026 0.4888888888888889 0.08671875000000004 0.4888888888888889
3 0.8609375 0.5930555555555557 0.81953125 0.5930555555555557 0.81953125 0.729166666666667 0.8609375 0.729166666666667
3 0.27734375 0.43472222222222223 0.21796875 0.43472222222222223 0.21796875 0.5430555555555555 0.27734375 0.5430555555555555
3 0.3234375 0.28333333333333344 0.29765625 0.28333333333333344 0.29765625 0.37083333333333335 0.3234375 0.37083333333333335
3 0.14609375000000005 0.7583333333333333 0.07656250000000005 0.7583333333333333 0.07656250000000006 0.9472222222222222 0.14609375000000005 0.9472222222222222
3 0.61484375 0.23611111111111127 0.5921875 0.23611111111111127 0.5921875 0.3097222222222224 0.61484375 0.3097222222222224
3 0.8046875 0.665277777777778 0.74765625 0.665277777777778 0.74765625 0.8194444444444448 0.8046875 0.8194444444444448
3 0.89296875 0.46250000000000013 0.84765625 0.46250000000000013 0.84765625 0.5750000000000002 0.89296875 0.5750000000000002
3 0.029687500000000033 0.43472222222222223 2.9946441260400125e-17 0.43472222222222223 3.300805825826851e-17 0.5236111111111111 0.029687500000000033 0.5236111111111111
3 0.94765625 0.6250000000000001 0.8890625 0.6250000000000001 0.8890625 0.7486111111111114 0.94765625 0.7486111111111114
3 0.036718750000000036 0.5416666666666666 3.731345716152092e-17 0.5416666666666666 4.1475342767998253e-17 0.6625 0.03671875000000004 0.6625
3 0.63359375 0.23750000000000016 0.6109375 0.23750000000000016 0.6109375 0.3069444444444446 0.63359375 0.3069444444444446
3 0.82421875 0.5291666666666668 0.79140625 0.5291666666666668 0.79140625 0.6500000000000001 0.82421875 0.6500000000000001
3 0.3218750000000001 0.8777777777777778 0.2796875000000001 0.8777777777777778 0.2796875000000001 0.9958333333333333 0.3218750000000001 0.9958333333333333
3 0.87578125 0.5444444444444446 0.83203125 0.5444444444444446 0.83203125 0.6611111111111113 0.87578125 0.6611111111111113
8 0.6078125 0.4194444444444446 0.53671875 0.4194444444444446 0.53671875 0.5680555555555558 0.6078125 0.5680555555555558
8 0.2484375000000001 0.8263888888888888 0.08593750000000007 0.8263888888888888 0.08593750000000007 0.9916666666666667 0.2484375000000001 0.9916666666666667
8 0.58125 0.2305555555555557 0.5484375 0.2305555555555557 0.5484375 0.28750000000000014 0.58125 0.28750000000000014
14 0.4140625 0.1722222222222223 0.37578125 0.1722222222222223 0.37578125 0.2583333333333334 0.4140625 0.2583333333333334
8 0.79375 0.3694444444444446 0.63203125 0.3694444444444446 0.63203125 0.6458333333333335 0.79375 0.6458333333333335
8 0.503125 0.31805555555555565 0.34765625 0.31805555555555565 0.34765625000000006 0.7513888888888889 0.503125 0.7513888888888889
8 0.475 0.20138888888888898 0.43359375 0.20138888888888898 0.43359375 0.3069444444444445 0.475 0.3069444444444445
8 0.975 0.7444444444444448 0.7828125 0.7444444444444448 0.7828125 1.0000000000000002 0.975 1.0000000000000002
8 0.4140625 0.1722222222222223 0.37578125 0.1722222222222223 0.37578125 0.2583333333333334 0.4140625 0.2583333333333334