3 0.7015625 0.5833333333333335 0.66484375 0.5833333333333335 0.66484375 0.6833333333333335 0.7015625 0.6833333333333335
3 0.70546875 0.4055555555555557 0.6796875 0.4055555555555557 0.6796875 0.46527777777777796 0.70546875 0.46527777777777796
3 0.8390625 0.47916666666666685 0.81015625 0.47916666666666685 0.81015625 0.5569444444444446 0.8390625 0.5569444444444446
3 0.84296875 0.8180555555555559 0.79140625 0.8180555555555559 0.79140625 0.9708333333333337 0.84296875 0.9708333333333337
3 0.74609375 0.6069444444444446 0.71015625 0.6069444444444446 0.71015625 0.713888888888889 0.74609375 0.7138888888888892
3 0.80859375 0.6486111111111112 0.77265625 0.6486111111111112 0.77265625 0.7527777777777781 0.80859375 0.7527777777777781
3 0.53359375 0.8208333333333333 0.48203125 0.8208333333333333 0.48203125 0.9694444444444444 0.53359375 0.9694444444444444
3 0.77734375 0.7444444444444448 0.73203125 0.7444444444444448 0.73203125 0.8777777777777781 0.77734375 0.8777777777777781
3 0.6953125 0.44722222222222235 0.66875 0.44722222222222235 0.66875 0.5166666666666668 0.6953125 0.5166666666666668
3 0.76484375 0.47638888888888903 0.74140625 0.47638888888888903 0.74140625 0.5416666666666669 0.76484375 0.5416666666666669
3 0.45859375 0.588888888888889 0.4171875 0.588888888888889 0.4171875 0.7041666666666668 0.45859375 0.7041666666666668
3 0.80234375 0.3583333333333335 0.78359375 0.3583333333333335 0.78359375 0.4055555555555557 0.80234375 0.4055555555555557
3 0.7421875 0.5194444444444446 0.7140625 0.5194444444444446 0.7140625 0.5972222222222224 0.7421875 0.5972222222222224
3 0.43359375 0.725 0.3804687500000001 0.725 0.3804687500000001 0.8666666666666667 0.43359375 0.8666666666666667
3 0.7953125 0.39861111111111125 0.77421875 0.39861111111111125 0.77421875 0.4555555555555557 0.7953125 0.4555555555555557
3 0.840625 0.4333333333333335 0.8171875 0.4333333333333335 0.8171875 0.4944444444444446 0.840625 0.4944444444444446
3 0.6609375 0.6194444444444446 0.62265625 0.6194444444444446 0.62265625 0.7319444444444444 0.6609375 0.7319444444444444
3 0.6296875 0.4555555555555557 0.60078125 0.4555555555555557 0.60078125 0.5361111111111113 0.6296875 0.5361111111111113
3 0.815625 0.4305555555555557 0.79453125 0.4305555555555557 0.79453125 0.4944444444444446 0.815625 0.4944444444444446
3 0.83203125 0.3569444444444446 0.81328125 0.3569444444444446 0.81328125 0.4097222222222224 0.83203125 0.4097222222222224
3 0.74453125 0.3875000000000002 0.72109375 0.3875000000000002 0.72109375 0.44722222222222235 0.74453125 0.44722222222222235
3 0.7453125 0.46111111111111125 0.72109375 0.46111111111111125 0.72109375 0.526388888888889 0.7453125 0.526388888888889
3 0.7578125 0.4347222222222224 0.74609375 0.4347222222222224 0.74609375 0.4819444444444446 0.7578125 0.4819444444444446
3 0.7875 0.5375000000000002 0.75625 0.5375000000000002 0.75625 0.6208333333333335 0.7875 0.6208333333333335
3 0.30937500000000007 0.8972222222222223 0.2406250000000001 0.8972222222222223 0.2406250000000001 0.9944444444444445 0.30937500000000007 0.9944444444444445
3 0.75859375 0.3444444444444446 0.73828125 0.3444444444444446 0.73828125 0.39722222222222237 0.75859375 0.39722222222222237
3 0.85390625 0.3388888888888891 0.8359375 0.3388888888888891 0.8359375 0.3861111111111113 0.85390625 0.3861111111111113
3 0.78515625 0.33472222222222237 0.7703125 0.33472222222222237 0.7703125 0.3805555555555557 0.78515625 0.3805555555555557
8 0.6671875 0.33750000000000013 0.63125 0.33750000000000013 0.63125 0.39027777777777795 0.6671875 0.39027777777777795
3 0.76796875 0.41666666666666685 0.75625 0.41666666666666685 0.75625 0.4638888888888891 0.76796875 0.4638888888888891