3 0.3484375 0.24166666666666675 0.325 0.24166666666666675 0.325 0.32500000000000007 0.3484375 0.32500000000000007
3 0.234375 0.2527777777777778 0.18125 0.25277777777777777 0.18125 0.31388888888888894 0.234375 0.313888888888889
3 0.11484375000000005 0.3597222222222222 0.051562500000000025 0.3597222222222222 0.051562500000000025 0.4444444444444444 0.11484375000000005 0.4444444444444444
3 0.53515625 0.29166666666666674 0.5171875 0.29166666666666674 0.5171875 0.35416666666666674 0.53515625 0.35416666666666674
3 0.5265625 0.251388888888889 0.5109375 0.251388888888889 0.5109375 0.3097222222222223 0.5265625 0.3097222222222223
8 0.58984375 0.24166666666666678 0.53203125 0.24166666666666675 0.53203125 0.338888888888889 0.58984375 0.3388888888888891
3 0.603125 0.24027777777777792 0.58515625 0.24027777777777792 0.58515625 0.3027777777777779 0.603125 0.3027777777777779
3 0.62734375 0.24166666666666684 0.6046875 0.24166666666666684 0.6046875 0.3027777777777779 0.62734375 0.3027777777777779
3 0.64453125 0.24722222222222237 0.6265625 0.24722222222222237 0.6265625 0.32222222222222235 0.64453125 0.32222222222222235
3 0.6703125 0.26388888888888906 0.6484375 0.26388888888888906 0.6484375 0.3236111111111113 0.6703125 0.3236111111111113
3 0.71015625 0.2708333333333335 0.68828125 0.2708333333333335 0.68828125 0.34861111111111126 0.71015625 0.34861111111111126
3 0.68828125 0.2555555555555557 0.67109375 0.2555555555555557 0.67109375 0.32083333333333347 0.68828125 0.32083333333333347
3 0.3296875 0.23055555555555562 0.3203125 0.23055555555555562 0.3203125 0.301388888888889 0.3296875 0.301388888888889