3 0.10859375000000004 0.3680555555555556 0.04843750000000002 0.3680555555555556 0.04843750000000003 0.4388888888888889 0.10859375000000004 0.4388888888888889
3 0.23828125 0.25138888888888894 0.17890625 0.2513888888888889 0.17890625 0.30138888888888893 0.23828125 0.301388888888889
3 0.32578125 0.23888888888888896 0.3015625 0.23888888888888896 0.3015625 0.33055555555555566 0.32578125 0.33055555555555566
3 0.39375 0.26944444444444454 0.3671875 0.26944444444444454 0.3671875 0.35277777777777786 0.39375 0.35277777777777786
8 0.58828125 0.24166666666666678 0.52734375 0.24166666666666675 0.52734375 0.34583333333333344 0.58828125 0.3458333333333335
3 0.71015625 0.2805555555555557 0.6890625 0.2805555555555557 0.6890625 0.3722222222222224 0.71015625 0.3722222222222224
3 0.6703125 0.2708333333333335 0.65390625 0.2708333333333335 0.65390625 0.3444444444444446 0.6703125 0.3444444444444446
3 0.7 0.2555555555555557 0.6765625 0.2555555555555557 0.6765625 0.31250000000000017 0.7 0.31250000000000017
3 0.6625 0.2166666666666668 0.64765625 0.2166666666666668 0.64765625 0.3083333333333335 0.6625 0.3083333333333335
3 0.6234375 0.22500000000000014 0.60078125 0.22500000000000014 0.60078125 0.3180555555555557 0.6234375 0.3180555555555557
3 0.646875 0.2319444444444446 0.62421875 0.2319444444444446 0.62421875 0.3041666666666668 0.646875 0.3041666666666668
3 0.3984375 0.18055555555555564 0.38046875 0.18055555555555564 0.38046875 0.2527777777777779 0.3984375 0.2527777777777779
3 0.4765625 0.22638888888888897 0.45234375 0.22638888888888897 0.45234375 0.2958333333333334 0.4765625 0.2958333333333334