3 0.2695312500000001 0.7888888888888889 0.2023437500000001 0.7888888888888889 0.2023437500000001 0.9472222222222222 0.2695312500000001 0.9472222222222222
3 0.815625 0.8777777777777781 0.76328125 0.8777777777777781 0.76328125 0.9902777777777781 0.815625 0.9902777777777781
3 0.771875 0.4069444444444446 0.74765625 0.4069444444444446 0.74765625 0.46527777777777796 0.771875 0.46527777777777796
3 0.884375 0.8138888888888892 0.840625 0.8138888888888892 0.840625 0.9486111111111114 0.884375 0.9486111111111114
3 0.84375 0.4819444444444446 0.81640625 0.4819444444444446 0.81640625 0.5541666666666668 0.84375 0.5541666666666668
3 0.85703125 0.3819444444444446 0.8359375 0.3819444444444446 0.8359375 0.4333333333333335 0.85703125 0.4333333333333335
3 0.71328125 0.501388888888889 0.68046875 0.501388888888889 0.68046875 0.588888888888889 0.71328125 0.588888888888889
3 0.825 0.4319444444444446 0.80234375 0.4319444444444446 0.80234375 0.4930555555555557 0.825 0.4930555555555557
3 0.75546875 0.35555555555555574 0.73359375 0.35555555555555574 0.73359375 0.4083333333333335 0.75546875 0.4083333333333335
3 0.80546875 0.4819444444444446 0.7765625 0.4819444444444446 0.7765625 0.5597222222222223 0.80546875 0.5597222222222223
3 0.75234375 0.4722222222222224 0.71796875 0.4722222222222224 0.71796875 0.5597222222222223 0.75234375 0.5597222222222223
3 0.48125 0.5736111111111113 0.43203125 0.5736111111111113 0.43203125 0.6805555555555557 0.48125 0.6805555555555557
3 0.8421875 0.4194444444444446 0.8203125 0.4194444444444446 0.8203125 0.47500000000000014 0.8421875 0.47500000000000014
3 0.66953125 0.5472222222222224 0.6328125 0.5472222222222224 0.6328125 0.6250000000000001 0.66953125 0.6250000000000001
3 0.8 0.3722222222222224 0.78125 0.3722222222222224 0.78125 0.4222222222222224 0.8 0.4222222222222224
3 0.81796875 0.3944444444444446 0.79921875 0.3944444444444446 0.79921875 0.44583333333333347 0.81796875 0.44583333333333347
3 0.8375 0.35416666666666685 0.8203125 0.35416666666666685 0.8203125 0.40000000000000013 0.8375 0.40000000000000013
8 0.2078125000000001 0.6680555555555555 0.04843750000000004 0.6680555555555555 0.04843750000000005 0.8097222222222222 0.2078125000000001 0.8097222222222222
8 0.47109375 0.6250000000000001 0.3640625 0.6250000000000001 0.36406250000000007 0.7986111111111112 0.47109375 0.7986111111111112
8 0.684375 0.6041666666666669 0.6 0.6041666666666669 0.6 0.7388888888888889 0.684375 0.7388888888888889
8 0.43203125 0.47777777777777786 0.3546875 0.4777777777777778 0.3546875 0.5847222222222223 0.43203125 0.5847222222222224
8 0.9765625 0.5527777777777779 0.834375 0.5527777777777779 0.834375 0.6861111111111112 0.9765625 0.6861111111111112
8 0.67421875 0.7902777777777777 0.56640625 0.7902777777777777 0.56640625 0.9930555555555556 0.67421875 0.9930555555555556
8 0.65234375 0.4097222222222224 0.603125 0.4097222222222224 0.603125 0.4833333333333335 0.65234375 0.4833333333333335
8 0.53515625 0.4291666666666668 0.471875 0.4291666666666668 0.471875 0.5166666666666668 0.53515625 0.5166666666666668
8 0.6859375 0.45972222222222237 0.63984375 0.45972222222222237 0.63984375 0.5361111111111113 0.6859375 0.5361111111111113
8 0.68125 0.3569444444444446 0.64453125 0.3569444444444446 0.64453125 0.41250000000000014 0.68125 0.41250000000000014
8 0.6265625 0.3388888888888891 0.596875 0.3388888888888891 0.596875 0.3819444444444446 0.6265625 0.3819444444444446