1 0.4453125 0.28125000000000006 0.2109375 0.28125 0.21093750000000006 0.5265625 0.4453125 0.5265625
1 0.8109375 0.2921875000000001 0.6671875 0.2921875000000001 0.6671875 0.5734375 0.8109375 0.5734375000000002
1 0.5765625000000002 0.7546875 0.3453125000000001 0.7546875 0.3453125000000001 0.9921875 0.5765625000000002 0.9921875
1 0.775 0.1671875000000001 0.70625 0.1671875000000001 0.70625 0.2593750000000001 0.775 0.2593750000000001
1 0.1515625000000001 0.5953125 0.001562500000000073 0.5953125 0.0015625000000000974 1 0.15156250000000013 1
1 0.99375 0.6859375000000002 0.7625 0.6859375000000002 0.7625000000000001 1 0.99375 1
1 0.7078125 0.10312500000000009 0.6390625 0.10312500000000009 0.6390625 0.17343750000000008 0.7078125 0.17343750000000008
1 0.875 0.10781250000000009 0.8234375 0.10781250000000009 0.8234375 0.18750000000000008 0.875 0.18750000000000008
1 0.7734375 0.08906250000000009 0.73125 0.08906250000000009 0.73125 0.1375000000000001 0.7734375 0.1375000000000001
1 0.7328125 0.09687500000000009 0.6984375 0.09687500000000009 0.6984375 0.1468750000000001 0.7328125 0.1468750000000001
1 0.9984375 0.19062500000000013 0.959375 0.19062500000000013 0.959375 0.2734375000000001 0.9984375 0.2734375000000001
1 0.940625 0.08906250000000011 0.9078125 0.08906250000000011 0.9078125 0.12500000000000014 0.940625 0.12500000000000014