1 0.4046875 0.23593750000000005 0.17968750000000006 0.2359375 0.17968750000000006 0.465625 0.4046875 0.465625
1 0.825 0.36406250000000007 0.6671875 0.36406250000000007 0.6671875 0.6453125000000001 0.825 0.6453125000000002
1 0.671875 0.2593750000000001 0.471875 0.2593750000000001 0.471875 0.540625 0.671875 0.540625
1 0.4875 0.15468750000000003 0.378125 0.15468750000000003 0.378125 0.2718750000000001 0.4875 0.2718750000000001
1 0.7484375 0.2468750000000001 0.65625 0.2468750000000001 0.65625 0.4140625000000001 0.7484375 0.41406250000000017
1 0.8171875 0.1906250000000001 0.6625 0.1906250000000001 0.6625 0.3125000000000001 0.8171875 0.3125000000000001
1 0.578125 0.2593750000000001 0.4625 0.2593750000000001 0.4625 0.39531250000000007 0.578125 0.39531250000000007
1 0.7484375 0.11875000000000009 0.678125 0.11875000000000009 0.678125 0.17968750000000008 0.7484375 0.17968750000000008
1 0.715625 0.0906250000000001 0.6546875 0.0906250000000001 0.6546875 0.1531250000000001 0.715625 0.1531250000000001
1 0.8640625 0.0750000000000001 0.80625 0.0750000000000001 0.80625 0.11093750000000009 0.8640625 0.11093750000000009
1 0.765625 0.0828125000000001 0.725 0.0828125000000001 0.725 0.13281250000000008 0.765625 0.13281250000000008
1 0.8421875 0.15000000000000008 0.796875 0.15000000000000008 0.796875 0.2250000000000001 0.8421875 0.2250000000000001
1 0.8140625 0.1531250000000001 0.746875 0.1531250000000001 0.746875 0.2234375000000001 0.8140625 0.2234375000000001
3 0.34375 0.18750000000000006 0.309375 0.18750000000000006 0.309375 0.23125 0.34375 0.23125