1 0.9984375 0.6875000000000001 0.7046875 0.6875 0.7046875000000001 0.9984375 0.9984375 0.9984375
1 0.6546875 0.3203125000000001 0.4734375 0.3203125000000001 0.4734375 0.5671875 0.6546875 0.5671875
1 0.4875 0.15156250000000004 0.375 0.15156250000000004 0.375 0.2687500000000001 0.4875 0.2687500000000001
1 0.546875 0.2468750000000001 0.3640625 0.2468750000000001 0.36406250000000007 0.459375 0.546875 0.459375
1 0.7765625 0.1453125000000001 0.715625 0.1453125000000001 0.715625 0.2171875000000001 0.7765625 0.2171875000000001
1 0.7140625 0.09531250000000009 0.653125 0.09531250000000009 0.653125 0.1671875000000001 0.7140625 0.1671875000000001
1 0.6421875 0.12656250000000008 0.5734375 0.12656250000000008 0.5734375 0.2000000000000001 0.6421875 0.2000000000000001
1 0.7640625 0.08906250000000009 0.7203125 0.08906250000000009 0.7203125 0.1359375000000001 0.7640625 0.1359375000000001
1 0.875 0.2250000000000001 0.7796875 0.2250000000000001 0.7796875 0.4000000000000002 0.875 0.4000000000000002
1 0.403125 0.24843750000000003 0.2578125 0.2484375 0.25781250000000006 0.43125 0.403125 0.43125
1 0.8046875 0.0750000000000001 0.7546875 0.0750000000000001 0.7546875 0.10468750000000009 0.8046875 0.10468750000000009
1 0.875 0.20468750000000008 0.7875 0.20468750000000008 0.7875 0.2828125000000001 0.875 0.2828125000000001
1 0.4828125000000001 0.4203125 0.09218750000000005 0.4203125 0.09218750000000007 0.93125 0.4828125000000002 0.93125