1 0.39687500000000003 0.22656250000000006 0.18593750000000003 0.2265625 0.18593750000000003 0.471875 0.3968750000000001 0.471875
1 0.828125 0.3671875000000001 0.671875 0.3671875000000001 0.671875 0.64375 0.828125 0.6437500000000002
1 0.66875 0.2593750000000001 0.4671875 0.2593750000000001 0.4671875 0.54375 0.66875 0.54375
1 0.4921875 0.15312500000000004 0.38125 0.15312500000000004 0.38125 0.2718750000000001 0.4921875 0.2718750000000001
1 0.6421875 0.1281250000000001 0.571875 0.1281250000000001 0.571875 0.2015625000000001 0.6421875 0.2015625000000001
1 0.7515625 0.19687500000000008 0.584375 0.19687500000000008 0.584375 0.27812500000000007 0.7515625 0.27812500000000007
1 0.565625 0.2640625000000001 0.446875 0.2640625000000001 0.446875 0.4078125 0.565625 0.4078125
1 0.753125 0.24375000000000008 0.653125 0.24375000000000008 0.653125 0.4140625000000001 0.753125 0.41406250000000017
1 0.7171875 0.1390625000000001 0.64375 0.1390625000000001 0.64375 0.20312500000000008 0.7171875 0.20312500000000008
1 0.7109375 0.0906250000000001 0.6546875 0.0906250000000001 0.6546875 0.1468750000000001 0.7109375 0.1468750000000001
1 0.76875 0.08593750000000008 0.721875 0.08593750000000008 0.721875 0.13437500000000008 0.76875 0.13437500000000008
3 0.340625 0.19218750000000004 0.303125 0.19218750000000004 0.303125 0.2390625 0.340625 0.2390625
1 0.8078125 0.06406250000000009 0.7578125 0.06406250000000009 0.7578125 0.10156250000000008 0.8078125 0.10156250000000008
1 0.8359375 0.18125000000000008 0.7578125 0.18125000000000008 0.7578125 0.29375000000000007 0.8359375 0.29375000000000007
1 0.8328125 0.1625000000000001 0.7765625 0.1625000000000001 0.7765625 0.2000000000000001 0.8328125 0.2000000000000001