1 0.2828125000000001 0.4703125 5.759666977239896e-17 0.4703125 7.950636641339456e-17 0.828125 0.2828125000000001 0.828125
1 0.546875 0.13281250000000006 0.4375 0.13281250000000006 0.4375 0.2515625000000001 0.546875 0.2515625000000001
1 0.6765625000000002 0.7296875 0.3593750000000001 0.7296875 0.3593750000000001 1 0.6765625000000002 1
1 0.646875 0.3468750000000001 0.4671875 0.3468750000000001 0.4671875 0.603125 0.646875 0.603125
1 0.640625 0.2640625000000001 0.4875 0.2640625000000001 0.4875 0.3968750000000001 0.640625 0.3968750000000001
1 0.65625 0.1703125000000001 0.553125 0.1703125000000001 0.553125 0.2812500000000001 0.65625 0.2812500000000001
2 0.840625 0.2953125000000001 0.6890625 0.2953125000000001 0.6890625 0.5546875000000001 0.840625 0.5546875000000002
0 0.7453125 0.12031250000000009 0.6546875 0.12031250000000009 0.6546875 0.2484375000000001 0.7453125 0.2484375000000001
1 0.7890625 0.2218750000000001 0.7078125 0.2218750000000001 0.7078125 0.3421875000000001 0.7890625 0.3421875000000001
1 0.65 0.1140625000000001 0.5640625 0.1140625000000001 0.5640625 0.1843750000000001 0.65 0.1843750000000001
1 0.7984375 0.1859375000000001 0.721875 0.1859375000000001 0.721875 0.2609375000000001 0.7984375 0.2609375000000001
1 0.8484375 0.1468750000000001 0.7953125 0.1468750000000001 0.7953125 0.2171875000000001 0.8484375 0.2171875000000001
1 0.9375 0.20468750000000008 0.846875 0.20468750000000008 0.846875 0.3187500000000001 0.9375 0.3187500000000001
1 0.940625 0.10312500000000013 0.9109375 0.10312500000000013 0.9109375 0.13750000000000012 0.940625 0.13750000000000012
1 0.78125 0.14218750000000008 0.7453125 0.14218750000000008 0.7453125 0.18906250000000008 0.78125 0.18906250000000008
1 1 0.8203125 0.8890625 0.8203125 0.8890625 1 1 1
1 0.74375 0.09687500000000009 0.6921875 0.09687500000000009 0.6921875 0.12343750000000009 0.74375 0.12343750000000009
1 0.6734375 0.1281250000000001 0.6125 0.1281250000000001 0.6125 0.17187500000000008 0.6734375 0.17187500000000008
1 0.7734375 0.08125000000000009 0.7375 0.08125000000000009 0.7375 0.11718750000000008 0.7734375 0.11718750000000008
1 0.9984375 0.2000000000000001 0.946875 0.2000000000000001 0.946875 0.2765625000000001 0.9984375 0.2765625000000001
1 0.7984375 0.07031250000000008 0.75625 0.07031250000000008 0.75625 0.0906250000000001 0.7984375 0.0906250000000001