1 0.8265625 0.3656250000000001 0.6703125 0.3656250000000001 0.6703125 0.6421875000000001 0.8265625 0.6421875000000001
1 0.6578125 0.2765625000000001 0.440625 0.2765625000000001 0.440625 0.575 0.6578125 0.575
1 0.39687500000000003 0.24062500000000003 0.16250000000000003 0.240625 0.16250000000000003 0.4671875 0.3968750000000001 0.4671875
1 0.540625 0.2765625000000001 0.409375 0.2765625000000001 0.409375 0.4390625 0.540625 0.4390625
1 0.6421875 0.12656250000000008 0.571875 0.12656250000000008 0.571875 0.2000000000000001 0.6421875 0.2000000000000001
1 0.490625 0.15312500000000004 0.3828125 0.15312500000000004 0.3828125 0.2531250000000001 0.490625 0.2531250000000001
1 0.734375 0.2609375000000001 0.6328125 0.2609375000000001 0.6328125 0.4359375000000001 0.734375 0.4359375000000002
1 0.53125 0.2156250000000001 0.39375 0.2156250000000001 0.39375 0.3234375000000001 0.53125 0.3234375000000001
1 0.7046875 0.19687500000000008 0.54375 0.19687500000000005 0.54375 0.2875000000000001 0.7046875 0.2875000000000001
1 0.765625 0.0828125000000001 0.721875 0.0828125000000001 0.721875 0.1312500000000001 0.765625 0.1312500000000001
1 0.7109375 0.09218750000000009 0.6515625 0.09218750000000009 0.6515625 0.16406250000000008 0.7109375 0.16406250000000008
1 0.8625 0.10468750000000009 0.821875 0.10468750000000009 0.821875 0.14843750000000008 0.8625 0.14843750000000008
1 0.865625 0.1937500000000001 0.771875 0.1937500000000001 0.771875 0.27812500000000007 0.865625 0.27812500000000007
1 0.9328125 0.08906250000000011 0.90625 0.08906250000000011 0.90625 0.12343750000000012 0.9328125 0.12343750000000013