1 0.48125 0.10416666666666675 0.47109375 0.10416666666666675 0.47109375 0.1270833333333334 0.48125 0.1270833333333334
2 0.4828125 0.1281250000000001 0.47734375 0.1281250000000001 0.47734375 0.1510416666666667 0.4828125 0.1510416666666667
2 0.49296875 0.11875000000000009 0.48671875 0.11875000000000009 0.48671875 0.14270833333333338 0.49296875 0.14270833333333338
1 0.49375 0.1062500000000001 0.4828125 0.1062500000000001 0.4828125 0.13020833333333343 0.49375 0.13020833333333343
1 0.49375 0.09270833333333342 0.48515625 0.09270833333333342 0.48515625 0.10312500000000009 0.49375 0.10312500000000009
0 0.49296875 0.15000000000000005 0.45703125 0.15000000000000005 0.45703125 0.24062500000000006 0.49296875 0.24062500000000006
1 0.5046875 0.1489583333333334 0.4875 0.1489583333333334 0.4875 0.1927083333333334 0.5046875 0.1927083333333334
1 0.54375 0.16979166666666673 0.50234375 0.16979166666666673 0.50234375 0.2395833333333334 0.54375 0.2395833333333334
3 0.5203125 0.20625000000000007 0.46796875 0.20625000000000007 0.46796875 0.32187500000000013 0.5203125 0.32187500000000013
1 0.5671875 0.2218750000000001 0.52265625 0.22187500000000007 0.52265625 0.32708333333333345 0.5671875 0.32708333333333345
3 0.53984375 0.28958333333333347 0.48046875 0.28958333333333347 0.48046875 0.4197916666666668 0.53984375 0.4197916666666668
3 0.6328125 0.35000000000000014 0.553125 0.35000000000000014 0.553125 0.5625 0.6328125 0.5625
3 0.60078125 0.30104166666666676 0.54375 0.30104166666666676 0.54375 0.38437500000000013 0.60078125 0.38437500000000013
3 0.5609375 0.39270833333333344 0.48828125 0.39270833333333344 0.48828125 0.6239583333333333 0.5609375 0.6239583333333333
1 0.73515625 0.5135416666666668 0.66953125 0.5135416666666668 0.66953125 0.6708333333333335 0.73515625 0.6708333333333336
1 0.653125 0.5322916666666668 0.57421875 0.5322916666666668 0.57421875 0.7135416666666666 0.653125 0.7135416666666666
1 0.59296875 0.6291666666666667 0.50234375 0.6291666666666667 0.50234375 0.896875 0.59296875 0.896875
1 0.72578125 0.6510416666666667 0.62890625 0.6510416666666666 0.62890625 0.9052083333333335 0.72578125 0.9052083333333336
1 0.7281250000000001 0.8197916666666668 0.6171875 0.8197916666666667 0.6171875000000001 1.0000000000000002 0.7281250000000001 1.0000000000000002
1 0.6093750000000001 0.88125 0.5109375 0.88125 0.5109375 1 0.6093750000000002 1
2 0.8375 0.8708333333333336 0.80625 0.8708333333333336 0.80625 1.0000000000000002 0.8375 1.0000000000000002
1 0.90703125 0.9697916666666669 0.83359375 0.9697916666666669 0.83359375 0.9979166666666669 0.90703125 0.9979166666666669
2 0.7671875000000001 0.9010416666666669 0.7328125 0.9010416666666669 0.7328125000000001 1.0000000000000002 0.7671875000000001 1.0000000000000002
2 0.88671875 0.8229166666666669 0.85625 0.8229166666666669 0.85625 0.9614583333333335 0.88671875 0.9614583333333335
2 0.92734375 0.8250000000000003 0.88828125 0.8250000000000003 0.88828125 0.9302083333333335 0.92734375 0.9302083333333335
2 0.91953125 0.9166666666666669 0.8890625 0.9166666666666669 0.8890625 0.9958333333333336 0.91953125 0.9958333333333336
2 0.971875 0.9135416666666669 0.9390625 0.9135416666666669 0.9390625 1.0000000000000002 0.971875 1.0000000000000002
2 0.7929687500000001 0.8385416666666669 0.7578125 0.8385416666666669 0.7578125000000001 1.0000000000000002 0.7929687500000002 1.0000000000000002
2 0.76875 0.7427083333333335 0.72890625 0.7427083333333335 0.72890625 0.8958333333333336 0.76875 0.8958333333333336
2 0.8046875 0.7479166666666669 0.77421875 0.7479166666666669 0.77421875 0.8927083333333335 0.8046875 0.8927083333333335
2 0.83984375 0.8250000000000003 0.8109375 0.8250000000000003 0.8109375 0.8958333333333336 0.83984375 0.8958333333333336
2 0.84375 0.7708333333333336 0.8109375 0.7708333333333336 0.8109375 0.8500000000000002 0.84375 0.8500000000000002
2 0.82421875 0.7125000000000002 0.8 0.7125000000000002 0.8 0.7947916666666669 0.82421875 0.7947916666666669
2 0.8015625 0.6510416666666669 0.76640625 0.6510416666666669 0.76640625 0.7791666666666669 0.8015625 0.7791666666666669
2 0.7640625 0.6041666666666669 0.74375 0.6041666666666669 0.74375 0.6927083333333336 0.7640625 0.6927083333333336
2 0.715625 0.615625 0.6921875 0.615625 0.6921875 0.7395833333333334 0.715625 0.7395833333333334
2 0.7390625 0.6677083333333335 0.7203125 0.6677083333333333 0.7203125 0.7447916666666667 0.7390625 0.7447916666666669
2 0.7578125 0.6656250000000002 0.74296875 0.6656250000000002 0.74296875 0.7552083333333336 0.7578125 0.7552083333333336
2 0.66015625 0.5416666666666666 0.6421875 0.5416666666666666 0.6421875 0.6416666666666667 0.66015625 0.6416666666666667
2 0.6828125 0.5947916666666667 0.6609375 0.5947916666666667 0.6609375 0.6583333333333333 0.6828125 0.6583333333333333
2 0.73203125 0.4968750000000001 0.7109375 0.4968750000000001 0.7109375 0.5802083333333334 0.73203125 0.5802083333333335
2 0.6671875 0.4843750000000001 0.6546875 0.4843750000000001 0.6546875 0.5729166666666666 0.6671875 0.5729166666666666
2 0.6890625 0.48020833333333346 0.6765625 0.48020833333333346 0.6765625 0.5208333333333335 0.6890625 0.5208333333333335
2 0.6984375 0.45729166666666676 0.678125 0.45729166666666676 0.678125 0.5166666666666668 0.6984375 0.5166666666666668
2 0.64375 0.46145833333333347 0.6265625 0.46145833333333347 0.6265625 0.5385416666666667 0.64375 0.5385416666666667
2 0.653125 0.4385416666666668 0.6359375 0.4385416666666668 0.6359375 0.5052083333333335 0.653125 0.5052083333333335
2 0.63125 0.3385416666666668 0.61875 0.3385416666666668 0.61875 0.4062500000000001 0.63125 0.4062500000000001
2 0.503125 0.14687500000000006 0.49765625 0.14687500000000006 0.49765625 0.1677083333333334 0.503125 0.1677083333333334
2 0.51875 0.15729166666666672 0.51328125 0.15729166666666672 0.51328125 0.1708333333333334 0.51875 0.1708333333333334
2 0.4609375 0.1770833333333334 0.45390625 0.1770833333333334 0.45390625 0.2145833333333334 0.4609375 0.2145833333333334
2 0.50546875 0.12395833333333342 0.49921875 0.12395833333333342 0.49921875 0.14375000000000007 0.50546875 0.14375000000000007
2 0.50234375 0.10416666666666675 0.4984375 0.10416666666666675 0.4984375 0.11979166666666675 0.50234375 0.11979166666666675
2 0.515625 0.09791666666666675 0.5078125 0.09791666666666675 0.5078125 0.11354166666666675 0.515625 0.11354166666666675
2 0.515625 0.1395833333333334 0.50859375 0.1395833333333334 0.50859375 0.16354166666666672 0.515625 0.16354166666666672
2 0.509375 0.08958333333333342 0.50390625 0.08958333333333342 0.50390625 0.10520833333333342 0.509375 0.10520833333333342