2 0.16015625000000008 0.9145833333333333 0.10546875000000008 0.9145833333333333 0.10546875000000008 1 0.16015625000000008 1
2 0.36406250000000007 0.8 0.3203125000000001 0.8 0.3203125000000001 0.9822916666666667 0.36406250000000007 0.9822916666666667
2 0.38750000000000007 0.7260416666666667 0.3539062500000001 0.7260416666666667 0.3539062500000001 0.8677083333333333 0.38750000000000007 0.8677083333333333
2 0.3437500000000001 0.6447916666666667 0.3039062500000001 0.6447916666666667 0.3039062500000001 0.7739583333333333 0.3437500000000001 0.7739583333333333
2 0.49765625 0.5427083333333333 0.4671875 0.5427083333333333 0.4671875 0.6645833333333333 0.49765625 0.6645833333333333
2 0.40859375 0.3562500000000001 0.3890625 0.3562500000000001 0.3890625 0.4270833333333334 0.40859375 0.4270833333333334
2 0.378125 0.35520833333333346 0.36328125 0.35520833333333346 0.36328125 0.4187500000000001 0.378125 0.4187500000000001
2 0.41796875 0.29895833333333344 0.40234375 0.29895833333333344 0.40234375 0.35208333333333347 0.41796875 0.35208333333333347
2 0.43125 0.26250000000000007 0.4234375 0.26250000000000007 0.4234375 0.3104166666666668 0.43125 0.3104166666666668
1 0.4875 0.23541666666666672 0.45234375 0.23541666666666672 0.45234375 0.29270833333333346 0.4875 0.29270833333333346
2 0.4546875 0.23125000000000007 0.44375 0.23125000000000007 0.44375 0.27187500000000014 0.4546875 0.27187500000000014
2 0.45625 0.24375000000000005 0.44765625 0.24375000000000005 0.44765625 0.2822916666666668 0.45625 0.2822916666666668
2 0.44140625 0.2395833333333334 0.43125 0.2395833333333334 0.43125 0.28541666666666676 0.44140625 0.28541666666666676
2 0.52734375 0.23437500000000006 0.515625 0.23437500000000006 0.515625 0.2781250000000001 0.52734375 0.2781250000000001
2 0.51484375 0.23125000000000007 0.50390625 0.23125000000000007 0.50390625 0.2687500000000001 0.51484375 0.2687500000000001
2 0.50390625 0.21875000000000006 0.4921875 0.21875000000000006 0.4921875 0.2593750000000001 0.50390625 0.2593750000000001
2 0.48046875 0.2114583333333334 0.47109375 0.2114583333333334 0.47109375 0.24062500000000006 0.48046875 0.24062500000000006
1 0.53046875 0.19687500000000005 0.503125 0.19687500000000005 0.503125 0.2427083333333334 0.53046875 0.2427083333333334
2 0.534375 0.1770833333333334 0.52265625 0.1770833333333334 0.52265625 0.20937500000000006 0.534375 0.20937500000000006
2 0.5171875 0.18541666666666673 0.50859375 0.18541666666666673 0.50859375 0.20937500000000006 0.5171875 0.20937500000000006
1 0.5015625 0.18125000000000005 0.48125 0.18125000000000005 0.48125 0.2270833333333334 0.5015625 0.2270833333333334
2 0.4765625 0.16979166666666673 0.47109375 0.16979166666666673 0.47109375 0.2020833333333334 0.4765625 0.2020833333333334
2 0.50546875 0.1666666666666667 0.49453125 0.1666666666666667 0.49453125 0.18750000000000006 0.50546875 0.18750000000000006
2 0.4890625 0.1645833333333334 0.478125 0.1645833333333334 0.478125 0.1864583333333334 0.4890625 0.1864583333333334
2 0.503125 0.1510416666666667 0.49609375 0.1510416666666667 0.49609375 0.1708333333333334 0.503125 0.1708333333333334
2 0.49140625 0.15312500000000007 0.48203125 0.15312500000000007 0.48203125 0.16875000000000007 0.49140625 0.16875000000000007
2 0.51796875 0.14166666666666672 0.51171875 0.14166666666666672 0.51171875 0.15937500000000007 0.51796875 0.15937500000000007
2 0.5140625 0.13750000000000007 0.50625 0.13750000000000007 0.50625 0.15416666666666673 0.5140625 0.15416666666666673
2 0.49609375 0.13750000000000007 0.49140625 0.13750000000000007 0.49140625 0.1614583333333334 0.49609375 0.1614583333333334
1 0.53515625 0.10937500000000008 0.521875 0.10937500000000008 0.521875 0.13750000000000007 0.53515625 0.13750000000000007
2 0.51328125 0.12291666666666676 0.50625 0.12291666666666676 0.50625 0.14062500000000006 0.51328125 0.14062500000000006
2 0.50234375 0.11875000000000009 0.496875 0.11875000000000009 0.496875 0.13750000000000007 0.50234375 0.13750000000000007
1 0.5296875 0.09791666666666675 0.52109375 0.09791666666666675 0.52109375 0.11562500000000009 0.5296875 0.11562500000000009
1 0.52265625 0.10520833333333342 0.5109375 0.10520833333333342 0.5109375 0.11979166666666675 0.52265625 0.11979166666666675
3 0.5125 0.08541666666666675 0.50390625 0.08541666666666675 0.50390625 0.11250000000000009 0.5125 0.11250000000000009
2 0.50625 0.10729166666666676 0.49921875 0.10729166666666676 0.49921875 0.11666666666666675 0.50625 0.11666666666666675
2 0.49765625 0.10520833333333342 0.49609375 0.10520833333333342 0.49609375 0.10937500000000008 0.49765625 0.10937500000000008
1 0.3203125000000001 0.5354166666666667 0.19921875000000006 0.5354166666666667 0.19921875000000006 0.7572916666666667 0.3203125000000001 0.7572916666666667
1 0.46328125 0.38333333333333347 0.415625 0.38333333333333347 0.415625 0.4875000000000001 0.46328125 0.4875000000000001
1 0.37421875000000004 0.39791666666666675 0.3171875 0.39791666666666664 0.31718750000000007 0.5145833333333334 0.3742187500000001 0.5145833333333335
1 0.4828125 0.3020833333333334 0.43671875 0.3020833333333334 0.43671875 0.3750000000000001 0.4828125 0.3750000000000001
3 0.534375 0.2760416666666668 0.49140625 0.2760416666666668 0.49140625 0.37708333333333344 0.534375 0.37708333333333344
1 0.5015625 0.08750000000000009 0.49375 0.08750000000000009 0.49375 0.10000000000000009 0.5015625 0.10000000000000009
1 0.490625 0.08541666666666675 0.4796875 0.08541666666666675 0.4796875 0.10104166666666675 0.490625 0.10104166666666675