2 0.36640625 0.3677083333333334 0.35703125 0.36770833333333336 0.35703125 0.4083333333333334 0.36640625 0.40833333333333344
2 0.3781250000000001 0.9260416666666667 0.3343750000000001 0.9260416666666667 0.3343750000000001 1 0.3781250000000001 1
2 0.02031250000000008 0.7760416666666666 7.127827073162329e-17 0.7760416666666666 7.92671775854361e-17 0.95 0.020312500000000087 0.95
2 0.06796875000000009 0.9541666666666667 0.025000000000000088 0.9541666666666667 0.025000000000000088 1 0.06796875000000009 1
2 0.21640625000000008 0.93125 0.1789062500000001 0.93125 0.1789062500000001 1 0.21640625000000008 1
2 0.13437500000000008 0.9385416666666667 0.08359375000000009 0.9385416666666667 0.08359375000000009 1 0.13437500000000008 1
2 0.1781250000000001 0.928125 0.1320312500000001 0.928125 0.1320312500000001 1 0.1781250000000001 1
2 0.1710937500000001 0.8666666666666667 0.13437500000000008 0.8666666666666667 0.13437500000000008 0.9677083333333333 0.1710937500000001 0.9677083333333333
2 0.15156250000000007 0.715625 0.11484375000000005 0.715625 0.11484375000000006 0.8333333333333334 0.1515625000000001 0.8333333333333334
2 0.1726562500000001 0.7354166666666667 0.1375000000000001 0.7354166666666667 0.1375000000000001 0.8666666666666667 0.1726562500000001 0.8666666666666667
2 0.1593750000000001 0.8114583333333333 0.11093750000000009 0.8114583333333333 0.11093750000000009 0.953125 0.1593750000000001 0.953125
2 0.20078125000000008 0.6854166666666667 0.16718750000000004 0.6854166666666667 0.16718750000000007 0.796875 0.20078125000000008 0.796875
2 0.2218750000000001 0.6354166666666666 0.19375000000000003 0.6354166666666666 0.19375000000000003 0.7083333333333334 0.2218750000000001 0.7083333333333334
2 0.37578125000000007 0.5145833333333334 0.3453125000000001 0.5145833333333333 0.3453125000000001 0.6083333333333333 0.37578125000000007 0.6083333333333333
2 0.2414062500000001 0.5947916666666667 0.21875000000000008 0.5947916666666667 0.21875000000000008 0.6583333333333333 0.2414062500000001 0.6583333333333333
2 0.2554687500000001 0.6104166666666667 0.23828125000000008 0.6104166666666667 0.23828125000000008 0.6416666666666667 0.2554687500000001 0.6416666666666667
2 0.3085937500000001 0.4864583333333333 0.2867187500000001 0.4864583333333333 0.2867187500000001 0.565625 0.3085937500000001 0.565625
2 0.3531250000000001 0.546875 0.3265625000000001 0.546875 0.3265625000000001 0.6395833333333333 0.3531250000000001 0.6395833333333333
2 0.3375000000000001 0.5302083333333333 0.30937500000000007 0.5302083333333333 0.30937500000000007 0.609375 0.3375000000000001 0.609375
2 0.3281250000000001 0.5864583333333333 0.3000000000000001 0.5864583333333333 0.3000000000000001 0.6947916666666667 0.3281250000000001 0.6947916666666667
2 0.3031250000000001 0.5625 0.2750000000000001 0.5625 0.2750000000000001 0.6833333333333333 0.3031250000000001 0.6833333333333333
2 0.2804687500000001 0.5385416666666667 0.2570312500000001 0.5385416666666667 0.2570312500000001 0.5833333333333334 0.2804687500000001 0.5833333333333334
2 0.2835937500000001 0.5572916666666666 0.2453125000000001 0.5572916666666666 0.2453125000000001 0.6364583333333333 0.2835937500000001 0.6364583333333333
2 0.33359375 0.45416666666666666 0.3109375 0.45416666666666666 0.31093750000000003 0.5302083333333333 0.3335937500000001 0.5302083333333333
2 0.321875 0.4354166666666667 0.3078125 0.4354166666666667 0.30781250000000004 0.4979166666666667 0.3218750000000001 0.4979166666666667
2 0.34609375000000003 0.43020833333333336 0.33046875 0.43020833333333336 0.33046875000000003 0.49895833333333334 0.3460937500000001 0.49895833333333334
2 0.35859375 0.3697916666666667 0.3484375 0.3697916666666667 0.3484375 0.434375 0.35859375 0.434375
2 0.34765625 0.3958333333333333 0.33671875 0.3958333333333333 0.33671875 0.43020833333333336 0.34765625 0.43020833333333336
2 0.34140625 0.4083333333333333 0.32734375 0.4083333333333333 0.32734375 0.45208333333333334 0.34140625 0.45208333333333334
2 0.40625 0.3916666666666668 0.39296875 0.3916666666666668 0.39296875 0.45520833333333344 0.40625 0.45520833333333344
2 0.41953125 0.37916666666666676 0.403125 0.37916666666666676 0.403125 0.4354166666666668 0.41953125 0.4354166666666668
2 0.42734375 0.3604166666666668 0.41484375 0.3604166666666668 0.41484375 0.4041666666666668 0.42734375 0.4041666666666668
2 0.54140625 0.21875000000000006 0.53125 0.21875000000000006 0.53125 0.23854166666666674 0.54140625 0.23854166666666674
2 0.53203125 0.2968750000000001 0.51796875 0.2968750000000001 0.51796875 0.34583333333333344 0.53203125 0.34583333333333344
2 0.528125 0.2812500000000001 0.51640625 0.2812500000000001 0.51640625 0.30833333333333346 0.528125 0.30833333333333346
2 0.5359375 0.2781250000000001 0.525 0.2781250000000001 0.525 0.31875000000000014 0.5359375 0.31875000000000014
2 0.53828125 0.24375000000000005 0.5265625 0.24375000000000005 0.5265625 0.28750000000000014 0.53828125 0.28750000000000014
2 0.53984375 0.23125000000000007 0.53203125 0.23125000000000007 0.53203125 0.2583333333333334 0.53984375 0.2583333333333334
2 0.52578125 0.23125000000000007 0.51484375 0.23125000000000007 0.51484375 0.2489583333333334 0.52578125 0.2489583333333334
2 0.48359375 0.3572916666666668 0.47578125 0.3572916666666668 0.47578125 0.3875000000000001 0.48359375 0.3875000000000001
2 0.4453125 0.2729166666666668 0.43359375 0.2729166666666668 0.43359375 0.29270833333333346 0.4453125 0.29270833333333346
2 0.4296875 0.27500000000000013 0.41875 0.27500000000000013 0.41875 0.2947916666666668 0.4296875 0.2947916666666668
2 0.4109375 0.27395833333333347 0.403125 0.27395833333333347 0.403125 0.2937500000000001 0.4109375 0.2937500000000001
2 0.4 0.28958333333333347 0.38828125 0.28958333333333347 0.38828125 0.33020833333333344 0.4 0.33020833333333344
2 0.51484375 0.1822916666666667 0.5078125 0.1822916666666667 0.5078125 0.20520833333333338 0.51484375 0.20520833333333338
2 0.521875 0.19375000000000006 0.5140625 0.19375000000000006 0.5140625 0.21250000000000005 0.521875 0.21250000000000005
2 0.51328125 0.20520833333333338 0.50703125 0.20520833333333338 0.50703125 0.2333333333333334 0.51328125 0.2333333333333334
2 0.50625 0.2145833333333334 0.5 0.2145833333333334 0.5 0.23645833333333338 0.50625 0.23645833333333338
2 0.4984375 0.22187500000000007 0.4890625 0.22187500000000007 0.4890625 0.24375000000000005 0.4984375 0.24375000000000005
2 0.5109375 0.23541666666666672 0.50078125 0.23541666666666672 0.50078125 0.2666666666666668 0.5109375 0.2666666666666668
2 0.50078125 0.2427083333333334 0.4890625 0.2427083333333334 0.4890625 0.27395833333333347 0.50078125 0.27395833333333347
2 0.50625 0.2687500000000001 0.496875 0.2687500000000001 0.496875 0.28958333333333347 0.50625 0.28958333333333347
2 0.4953125 0.2760416666666668 0.48984375 0.2760416666666668 0.48984375 0.3093750000000001 0.4953125 0.3093750000000001
2 0.4875 0.23541666666666672 0.4828125 0.23541666666666672 0.4828125 0.2583333333333334 0.4875 0.2583333333333334
2 0.48828125 0.2666666666666668 0.48359375 0.2666666666666668 0.48359375 0.28020833333333345 0.48828125 0.28020833333333345
2 0.4890625 0.3197916666666668 0.48046875 0.3197916666666668 0.48046875 0.3562500000000001 0.4890625 0.3562500000000001
2 0.47890625 0.32708333333333345 0.47421875 0.32708333333333345 0.47421875 0.35520833333333346 0.47890625 0.35520833333333346
2 0.38828125 0.30312500000000014 0.3796875 0.30312500000000014 0.3796875 0.33229166666666676 0.38828125 0.33229166666666676
2 0.38125 0.3177083333333334 0.3734375 0.3177083333333334 0.3734375 0.3489583333333334 0.38125 0.3489583333333334
2 0.371875 0.3322916666666667 0.35703125 0.33229166666666665 0.35703125 0.3791666666666667 0.371875 0.37916666666666676
2 0.396875 0.33020833333333344 0.38671875 0.33020833333333344 0.38671875 0.35000000000000014 0.396875 0.35000000000000014
2 0.384375 0.33437500000000014 0.371875 0.33437500000000014 0.371875 0.3572916666666668 0.384375 0.3572916666666668
2 0.40859375 0.29583333333333345 0.39921875 0.29583333333333345 0.39921875 0.33229166666666676 0.40859375 0.33229166666666676
2 0.4625 0.2489583333333334 0.45390625 0.2489583333333334 0.45390625 0.2843750000000001 0.4625 0.2843750000000001
2 0.4515625 0.2427083333333334 0.44453125 0.2427083333333334 0.44453125 0.28020833333333345 0.4515625 0.28020833333333345
2 0.43984375 0.23645833333333338 0.43359375 0.23645833333333338 0.43359375 0.26979166666666676 0.43984375 0.26979166666666676
2 0.43125 0.24687500000000007 0.4265625 0.24687500000000007 0.4265625 0.2687500000000001 0.43125 0.2687500000000001
2 0.42578125 0.2458333333333334 0.41953125 0.2458333333333334 0.41953125 0.2645833333333334 0.42578125 0.2645833333333334
2 0.41796875 0.2541666666666667 0.41328125 0.2541666666666667 0.41328125 0.27708333333333346 0.41796875 0.27708333333333346
2 0.45859375 0.2864583333333334 0.45234375 0.2864583333333334 0.45234375 0.3072916666666668 0.45859375 0.3072916666666668
2 0.45 0.29062500000000013 0.440625 0.29062500000000013 0.440625 0.31666666666666676 0.45 0.31666666666666676
2 0.52890625 0.1354166666666667 0.52578125 0.1354166666666667 0.52578125 0.1458333333333334 0.52890625 0.1458333333333334
2 0.52890625 0.14687500000000006 0.5234375 0.14687500000000006 0.5234375 0.16041666666666674 0.52890625 0.16041666666666674
2 0.5296875 0.15833333333333338 0.5234375 0.15833333333333338 0.5234375 0.1770833333333334 0.5296875 0.1770833333333334
2 0.52734375 0.1770833333333334 0.52265625 0.1770833333333334 0.52265625 0.19375000000000006 0.52734375 0.19375000000000006
2 0.52265625 0.20520833333333338 0.5140625 0.20520833333333338 0.5140625 0.22812500000000005 0.52265625 0.22812500000000005
2 0.5109375 0.10833333333333342 0.509375 0.10833333333333342 0.509375 0.11770833333333343 0.5109375 0.11770833333333343
2 0.4921875 0.1062500000000001 0.4890625 0.1062500000000001 0.4890625 0.11666666666666675 0.4921875 0.11666666666666675
2 0.51328125 0.11875000000000009 0.509375 0.11875000000000009 0.509375 0.1312500000000001 0.51328125 0.1312500000000001
2 0.51171875 0.13020833333333343 0.50703125 0.13020833333333343 0.50703125 0.14375000000000007 0.51171875 0.14375000000000007
2 0.50703125 0.14479166666666674 0.503125 0.14479166666666674 0.503125 0.15833333333333338 0.50703125 0.15833333333333338
2 0.50703125 0.1552083333333334 0.5015625 0.1552083333333334 0.5015625 0.17812500000000006 0.50703125 0.17812500000000006
2 0.5078125 0.11041666666666676 0.503125 0.11041666666666676 0.503125 0.11979166666666675 0.5078125 0.11979166666666675
2 0.12343750000000009 0.88125 0.08125000000000009 0.88125 0.08125000000000009 0.9979166666666667 0.12343750000000009 0.9979166666666667
2 0.5171875 0.28541666666666676 0.50625 0.28541666666666676 0.50625 0.3041666666666668 0.5171875 0.3041666666666668
2 0.50234375 0.2885416666666668 0.49140625 0.2885416666666668 0.49140625 0.3260416666666668 0.50234375 0.3260416666666668
2 0.4484375 0.20937500000000006 0.43984375 0.20937500000000006 0.43984375 0.2447916666666667 0.4484375 0.2447916666666667
2 0.43515625 0.22604166666666672 0.4265625 0.22604166666666672 0.4265625 0.25729166666666675 0.43515625 0.25729166666666675
2 0.41953125 0.28020833333333345 0.4078125 0.28020833333333345 0.4078125 0.30312500000000014 0.41953125 0.30312500000000014
2 0.42578125 0.2593750000000001 0.41640625 0.2593750000000001 0.41640625 0.2822916666666668 0.42578125 0.2822916666666668
2 0.43671875 0.25625000000000003 0.42578125 0.25625000000000003 0.42578125 0.29062500000000013 0.43671875 0.29062500000000013
2 0.46015625 0.21562500000000007 0.44765625 0.21562500000000007 0.44765625 0.24687500000000007 0.46015625 0.24687500000000007
2 0.47109375 0.19166666666666674 0.4640625 0.19166666666666674 0.4640625 0.2145833333333334 0.47109375 0.2145833333333334
2 0.4625 0.19375000000000006 0.45390625 0.19375000000000006 0.45390625 0.22187500000000007 0.4625 0.22187500000000007
2 0.45390625 0.20312500000000006 0.4484375 0.20312500000000006 0.4484375 0.22187500000000007 0.45390625 0.22187500000000007
2 0.434375 0.34791666666666676 0.4265625 0.34791666666666676 0.4265625 0.3760416666666668 0.434375 0.3760416666666668
2 0.509375 0.11979166666666675 0.5046875 0.11979166666666675 0.5046875 0.13020833333333343 0.509375 0.13020833333333343
2 0.503125 0.12395833333333342 0.496875 0.12395833333333342 0.496875 0.1395833333333334 0.503125 0.1395833333333334
2 0.5078125 0.13020833333333343 0.50234375 0.13020833333333343 0.50234375 0.14375000000000007 0.5078125 0.14375000000000007
2 0.496875 0.10104166666666675 0.4921875 0.10104166666666675 0.4921875 0.11354166666666675 0.496875 0.11354166666666675
2 0.5015625 0.10937500000000008 0.49765625 0.10937500000000008 0.49765625 0.12395833333333342 0.5015625 0.12395833333333342
2 0.496875 0.11562500000000009 0.4921875 0.11562500000000009 0.4921875 0.12604166666666675 0.496875 0.12604166666666675
2 0.49609375 0.12604166666666675 0.4921875 0.12604166666666675 0.4921875 0.14062500000000006 0.49609375 0.14062500000000006
2 0.4921875 0.13229166666666675 0.48828125 0.13229166666666675 0.48828125 0.15000000000000005 0.4921875 0.15000000000000005
2 0.4875 0.14166666666666672 0.48203125 0.14166666666666672 0.48203125 0.1520833333333334 0.4875 0.1520833333333334
2 0.50390625 0.1458333333333334 0.49765625 0.1458333333333334 0.49765625 0.15625000000000006 0.50390625 0.15625000000000006
2 0.49765625 0.1458333333333334 0.49140625 0.1458333333333334 0.49140625 0.15416666666666673 0.49765625 0.15416666666666673
2 0.5015625 0.15729166666666672 0.49765625 0.15729166666666672 0.49765625 0.17291666666666672 0.5015625 0.17291666666666672
2 0.4828125 0.18541666666666673 0.47109375 0.18541666666666673 0.47109375 0.20625000000000007 0.4828125 0.20625000000000007
1 0.2875000000000001 0.6322916666666667 0.16640625000000003 0.6322916666666667 0.16640625000000006 0.8666666666666667 0.2875000000000001 0.8666666666666667
1 0.35234375000000007 0.80625 0.22265625000000008 0.80625 0.22265625000000008 1 0.35234375000000007 1
1 0.4875000000000001 0.7520833333333333 0.37968750000000007 0.7520833333333333 0.37968750000000007 1 0.48750000000000016 1
1 0.3773437500000001 0.6385416666666667 0.2835937500000001 0.6385416666666667 0.2835937500000001 0.8479166666666667 0.3773437500000001 0.8479166666666667
1 0.50390625 0.6135416666666667 0.41015625 0.6135416666666667 0.41015625 0.8104166666666667 0.50390625 0.8104166666666667
1 0.50546875 0.5031250000000002 0.434375 0.5031250000000002 0.434375 0.6510416666666666 0.50546875 0.6510416666666666
1 0.5078125 0.4385416666666668 0.45234375 0.4385416666666668 0.45234375 0.5447916666666667 0.5078125 0.5447916666666667
1 0.42109375 0.5239583333333334 0.3429687500000001 0.5239583333333333 0.3429687500000001 0.703125 0.42109375 0.703125
1 0.39843750000000006 0.40416666666666673 0.33671875 0.4041666666666667 0.33671875000000007 0.5312500000000001 0.3984375000000001 0.5312500000000001
1 0.4390625 0.4583333333333334 0.38203125 0.4583333333333334 0.38203125000000004 0.56875 0.4390625 0.56875
1 0.4546875 0.40833333333333344 0.40234375 0.40833333333333344 0.40234375 0.5041666666666668 0.4546875 0.5041666666666668
1 0.51953125 0.38125000000000014 0.46875 0.38125000000000014 0.46875 0.47500000000000014 0.51953125 0.47500000000000014
1 0.521875 0.3354166666666668 0.4765625 0.3354166666666668 0.4765625 0.40208333333333346 0.521875 0.40208333333333346
1 0.4703125 0.3593750000000001 0.42109375 0.3593750000000001 0.42109375 0.43958333333333344 0.4703125 0.43958333333333344
1 0.41171875 0.3458333333333334 0.36171875 0.3458333333333333 0.36171875 0.41875000000000007 0.41171875 0.4187500000000001
1 0.44375 0.29583333333333345 0.39765625 0.29583333333333345 0.39765625 0.3625000000000001 0.44375 0.3625000000000001
1 0.47734375 0.3125000000000001 0.43515625 0.3125000000000001 0.43515625 0.37395833333333345 0.47734375 0.37395833333333345
1 0.52421875 0.3041666666666668 0.49296875 0.3041666666666668 0.49296875 0.3718750000000001 0.52421875 0.3718750000000001
1 0.53046875 0.24791666666666673 0.5015625 0.24791666666666673 0.5015625 0.2937500000000001 0.53046875 0.2937500000000001
1 0.4875 0.29062500000000013 0.4546875 0.29062500000000013 0.4546875 0.33645833333333347 0.4875 0.33645833333333347
1 0.49140625 0.26979166666666676 0.46015625 0.26979166666666676 0.46015625 0.30625000000000013 0.49140625 0.30625000000000013
1 0.48828125 0.24375000000000005 0.4578125 0.24375000000000005 0.4578125 0.2812500000000001 0.48828125 0.2812500000000001
1 0.50546875 0.2020833333333334 0.4828125 0.2020833333333334 0.4828125 0.2270833333333334 0.50546875 0.2270833333333334
1 0.48046875 0.21875000000000006 0.4546875 0.21875000000000006 0.4546875 0.25000000000000006 0.48046875 0.25000000000000006
1 0.5015625 0.17395833333333338 0.48046875 0.17395833333333338 0.48046875 0.20416666666666672 0.5015625 0.20416666666666672
1 0.521875 0.16875000000000007 0.5078125 0.16875000000000007 0.5078125 0.1927083333333334 0.521875 0.1927083333333334
1 0.54296875 0.1979166666666667 0.52265625 0.1979166666666667 0.52265625 0.22604166666666672 0.54296875 0.22604166666666672
1 0.54296875 0.17500000000000007 0.52578125 0.17500000000000007 0.52578125 0.19687500000000005 0.54296875 0.19687500000000005
1 0.521875 0.1489583333333334 0.50859375 0.1489583333333334 0.50859375 0.1708333333333334 0.521875 0.1708333333333334
1 0.4953125 0.15416666666666673 0.48046875 0.15416666666666673 0.48046875 0.17291666666666672 0.4953125 0.17291666666666672
1 0.54609375 0.16666666666666677 0.53203125 0.1666666666666667 0.53203125 0.19270833333333343 0.54609375 0.19270833333333345
1 0.54453125 0.15000000000000008 0.53046875 0.15000000000000005 0.53046875 0.17083333333333342 0.54453125 0.17083333333333345
1 0.5203125 0.14166666666666672 0.509375 0.14166666666666672 0.509375 0.15000000000000005 0.5203125 0.15000000000000005
1 0.50390625 0.13750000000000007 0.49140625 0.13750000000000007 0.49140625 0.15312500000000007 0.50390625 0.15312500000000007
1 0.54375 0.13437500000000005 0.53203125 0.13437500000000005 0.53203125 0.15000000000000005 0.54375 0.15000000000000005
1 0.53984375 0.12083333333333342 0.52734375 0.12083333333333342 0.52734375 0.1364583333333334 0.53984375 0.1364583333333334
1 0.52578125 0.11979166666666675 0.51484375 0.11979166666666675 0.51484375 0.1281250000000001 0.52578125 0.1281250000000001
1 0.53203125 0.11458333333333343 0.52421875 0.11458333333333343 0.52421875 0.11979166666666675 0.53203125 0.11979166666666675
1 0.51015625 0.10104166666666675 0.50390625 0.10104166666666675 0.50390625 0.10729166666666676 0.51015625 0.10729166666666676
2 0.521875 0.13020833333333343 0.5125 0.13020833333333343 0.5125 0.14062500000000006 0.521875 0.14062500000000006
1 0.48359375 0.20520833333333338 0.4640625 0.20520833333333338 0.4640625 0.2239583333333334 0.48359375 0.2239583333333334
2 0.53125 0.22604166666666672 0.525 0.22604166666666672 0.525 0.24166666666666672 0.53125 0.24166666666666672
2 0.45546875 0.26041666666666674 0.44453125 0.26041666666666674 0.44453125 0.2979166666666668 0.45546875 0.2979166666666668
2 0.43984375 0.21979166666666672 0.4328125 0.21979166666666672 0.4328125 0.23750000000000007 0.43984375 0.23750000000000007
2 0.3109375000000001 0.5322916666666667 0.2921875000000001 0.5322916666666667 0.2921875000000001 0.615625 0.3109375000000001 0.615625
2 0.478125 0.1708333333333334 0.471875 0.1708333333333334 0.471875 0.18437500000000007 0.478125 0.18437500000000007
2 0.52109375 0.10937500000000008 0.5140625 0.10937500000000008 0.5140625 0.11875000000000009 0.52109375 0.11875000000000009
2 0.490625 0.22083333333333338 0.48203125 0.22083333333333338 0.48203125 0.24062500000000006 0.490625 0.24062500000000006