1 0.4445312500000001 0.9552083333333333 0.3515625000000001 0.9552083333333333 0.3515625000000001 1 0.44453125000000016 1
1 0.3234375000000001 0.8354166666666667 0.19921875000000008 0.8354166666666667 0.19921875000000008 1 0.3234375000000001 1
1 0.27812500000000007 0.6739583333333333 0.15546875000000004 0.6739583333333333 0.15546875000000007 0.9072916666666667 0.27812500000000007 0.9072916666666667
1 0.5 0.6270833333333333 0.409375 0.6270833333333333 0.409375 0.871875 0.5 0.871875
1 0.33593750000000006 0.48125 0.290625 0.48125 0.290625 0.590625 0.3359375000000001 0.590625
1 0.5265625 0.46770833333333345 0.43671875 0.46770833333333345 0.43671875 0.5739583333333333 0.5265625 0.5739583333333333
1 0.5203125 0.4510416666666668 0.4390625 0.4510416666666668 0.4390625 0.5739583333333333 0.5203125 0.5739583333333333
1 0.525 0.37916666666666676 0.46953125 0.37916666666666676 0.46953125 0.4541666666666668 0.525 0.4541666666666668
1 0.4625 0.3416666666666668 0.4328125 0.3416666666666668 0.4328125 0.41250000000000014 0.4625 0.41250000000000014
1 0.44921875 0.2916666666666668 0.40703125 0.2916666666666668 0.40703125 0.3468750000000001 0.44921875 0.3468750000000001
1 0.48046875 0.28020833333333345 0.43984375 0.28020833333333345 0.43984375 0.33437500000000014 0.48046875 0.33437500000000014
1 0.52421875 0.29895833333333344 0.4890625 0.29895833333333344 0.4890625 0.3625000000000001 0.52421875 0.3625000000000001
1 0.528125 0.26250000000000007 0.50078125 0.26250000000000007 0.50078125 0.3093750000000001 0.528125 0.3093750000000001
1 0.5140625 0.23645833333333338 0.49375 0.23645833333333338 0.49375 0.28958333333333347 0.5140625 0.28958333333333347
1 0.49296875 0.25625000000000003 0.46328125 0.25625000000000003 0.46328125 0.2885416666666668 0.49296875 0.2885416666666668
1 0.5390625 0.21250000000000005 0.51484375 0.21250000000000005 0.51484375 0.2510416666666667 0.5390625 0.2510416666666667
1 0.534375 0.19062500000000007 0.50546875 0.19062500000000007 0.50546875 0.22291666666666674 0.534375 0.22291666666666674
1 0.54140625 0.16875000000000007 0.51796875 0.16875000000000007 0.51796875 0.21562500000000007 0.54140625 0.21562500000000007
1 0.5125 0.15937500000000007 0.490625 0.15937500000000007 0.490625 0.19687500000000005 0.5125 0.19687500000000005
1 0.515625 0.1510416666666667 0.5015625 0.1510416666666667 0.5015625 0.19479166666666672 0.515625 0.19479166666666672
3 0.3968750000000001 0.5260416666666667 0.2726562500000001 0.5260416666666666 0.2726562500000001 0.85625 0.3968750000000001 0.85625
3 0.4265625 0.4229166666666668 0.36328125 0.4229166666666668 0.36328125000000006 0.5677083333333334 0.4265625 0.5677083333333334
3 0.44765625 0.3729166666666668 0.396875 0.3729166666666668 0.396875 0.4427083333333334 0.44765625 0.4427083333333334
3 0.4515625 0.19687500000000005 0.40234375 0.19687500000000005 0.40234375 0.2760416666666668 0.4515625 0.2760416666666668
3 0.540625 0.13020833333333343 0.51640625 0.13020833333333343 0.51640625 0.1770833333333334 0.540625 0.1770833333333334
3 0.48359375 0.17812500000000006 0.453125 0.17812500000000006 0.453125 0.26562500000000006 0.48359375 0.26562500000000006
2 0.44375 0.8802083333333334 0.4140625 0.8802083333333334 0.4140625 0.9645833333333333 0.44375 0.9645833333333333
2 0.3851562500000001 0.890625 0.3453125000000001 0.890625 0.3453125000000001 1 0.3851562500000001 1
2 0.39921875000000007 0.7854166666666667 0.3656250000000001 0.7854166666666667 0.3656250000000001 0.9125 0.39921875000000007 0.9125
2 0.2039062500000001 0.8958333333333334 0.1632812500000001 0.8958333333333334 0.1632812500000001 1 0.2039062500000001 1
2 0.12265625000000009 0.9364583333333333 0.09218750000000009 0.9364583333333333 0.09218750000000009 0.9989583333333333 0.12265625000000009 0.9989583333333333
2 0.0867187500000001 0.9354166666666667 0.05625000000000009 0.9354166666666667 0.05625000000000009 1 0.0867187500000001 1
2 0.02343750000000009 0.9572916666666667 8.792581315753263e-17 0.9572916666666667 8.988716154679206e-17 1 0.023437500000000094 1
2 0.14609375000000008 0.959375 0.10781250000000009 0.959375 0.10781250000000009 1 0.14609375000000008 1
2 0.15234375000000008 0.8489583333333334 0.10703125000000009 0.8489583333333334 0.10703125000000009 0.9729166666666667 0.15234375000000008 0.9729166666666667
2 0.11640625000000009 0.7927083333333333 0.04843750000000008 0.7927083333333333 0.048437500000000085 0.9364583333333333 0.11640625000000009 0.9364583333333333
2 0.09218750000000007 0.74375 0.014062500000000066 0.74375 0.014062500000000075 0.8802083333333334 0.09218750000000009 0.8802083333333334
2 0.1687500000000001 0.7322916666666667 0.1351562500000001 0.7322916666666667 0.1351562500000001 0.8479166666666667 0.1687500000000001 0.8479166666666667
2 0.19531250000000006 0.6510416666666666 0.15937500000000004 0.6510416666666666 0.15937500000000007 0.728125 0.19531250000000008 0.728125
2 0.2312500000000001 0.621875 0.21640625000000008 0.621875 0.21640625000000008 0.70625 0.2312500000000001 0.70625
2 0.27031250000000007 0.6114583333333333 0.2390625000000001 0.6114583333333333 0.2390625000000001 0.6635416666666667 0.27031250000000007 0.6635416666666667
2 0.2828125000000001 0.5635416666666667 0.2453125000000001 0.5635416666666667 0.2453125000000001 0.6104166666666667 0.2828125000000001 0.6104166666666667
2 0.27031250000000007 0.5239583333333333 0.2375000000000001 0.5239583333333333 0.2375000000000001 0.5708333333333333 0.27031250000000007 0.5708333333333333
2 0.28984375000000007 0.5041666666666667 0.2750000000000001 0.5041666666666667 0.2750000000000001 0.5677083333333334 0.28984375000000007 0.5677083333333334
2 0.30234375 0.4510416666666667 0.26953125 0.4510416666666667 0.26953125000000006 0.525 0.3023437500000001 0.525
2 0.34687500000000004 0.4552083333333333 0.32109375 0.4552083333333333 0.32109375000000007 0.496875 0.3468750000000001 0.496875
2 0.33828125 0.4125 0.31484375 0.4125 0.31484375 0.471875 0.33828125 0.471875
2 0.35625 0.4125 0.33125 0.4125 0.33125 0.46145833333333336 0.35625 0.46145833333333336
2 0.37421875 0.39687500000000003 0.35859375 0.396875 0.35859375 0.4364583333333334 0.37421875 0.43645833333333345
2 0.3703125 0.37187500000000007 0.34375 0.371875 0.34375 0.41145833333333337 0.3703125 0.4114583333333334
2 0.38203125 0.3572916666666668 0.365625 0.3572916666666668 0.365625 0.3979166666666668 0.38203125 0.3979166666666668
2 0.3890625 0.33541666666666675 0.36015625 0.33541666666666664 0.36015625 0.3677083333333334 0.3890625 0.36770833333333347
2 0.40546875 0.35520833333333346 0.3796875 0.35520833333333346 0.3796875 0.3958333333333334 0.40546875 0.3958333333333334
2 0.459375 0.2145833333333334 0.440625 0.2145833333333334 0.440625 0.2593750000000001 0.459375 0.2593750000000001
2 0.47265625 0.3260416666666668 0.453125 0.3260416666666668 0.453125 0.3562500000000001 0.47265625 0.3562500000000001
2 0.48515625 0.32395833333333346 0.46171875 0.32395833333333346 0.46171875 0.3760416666666668 0.48515625 0.3760416666666668
2 0.48515625 0.30104166666666676 0.46796875 0.30104166666666676 0.46796875 0.3416666666666668 0.48515625 0.3416666666666668
2 0.46640625 0.42395833333333344 0.440625 0.42395833333333344 0.440625 0.4718750000000001 0.46640625 0.4718750000000001
2 0.45546875 0.46458333333333346 0.42578125 0.46458333333333346 0.42578125 0.5239583333333334 0.45546875 0.5239583333333334
2 0.4375 0.60625 0.40703125 0.60625 0.40703125 0.6875 0.4375 0.6875
2 0.50234375 0.58125 0.47734375 0.58125 0.47734375 0.6510416666666666 0.50234375 0.6510416666666666
2 0.49453125 0.5447916666666667 0.45703125 0.5447916666666667 0.45703125 0.6302083333333334 0.49453125 0.6302083333333334
2 0.49921875 0.2135416666666667 0.48125 0.2135416666666667 0.48125 0.26250000000000007 0.49921875 0.26250000000000007
2 0.490625 0.16875000000000007 0.47734375 0.16875000000000007 0.47734375 0.2020833333333334 0.490625 0.2020833333333334
2 0.4953125 0.14687500000000006 0.471875 0.14687500000000006 0.471875 0.1770833333333334 0.4953125 0.1770833333333334
2 0.5109375 0.1395833333333334 0.4921875 0.1395833333333334 0.4921875 0.1552083333333334 0.5109375 0.1552083333333334
2 0.503125 0.12604166666666675 0.4859375 0.12604166666666675 0.4859375 0.14062500000000006 0.503125 0.14062500000000006
2 0.51640625 0.1218750000000001 0.5015625 0.1218750000000001 0.5015625 0.15000000000000005 0.51640625 0.15000000000000005
2 0.496875 0.10104166666666675 0.4875 0.10104166666666675 0.4875 0.12083333333333342 0.496875 0.12083333333333342
2 0.509375 0.09375000000000008 0.49453125 0.09375000000000008 0.49453125 0.11875000000000009 0.509375 0.11875000000000009
2 0.52421875 0.10937500000000008 0.5125 0.10937500000000008 0.5125 0.12604166666666675 0.52421875 0.12604166666666675
2 0.5328125 0.10729166666666676 0.52109375 0.10729166666666676 0.52109375 0.13020833333333343 0.5328125 0.13020833333333343