1 0.6640625 0.5072916666666668 0.5796875 0.5072916666666668 0.5796875 0.7125 0.6640625 0.7125
1 0.5078125 0.22083333333333338 0.47265625 0.22083333333333338 0.47265625 0.2781250000000001 0.5078125 0.2781250000000001
2 0.8203125 0.6760416666666669 0.76875 0.6760416666666669 0.76875 0.8197916666666669 0.8203125 0.8197916666666669
2 0.75234375 0.5354166666666668 0.69453125 0.5354166666666667 0.69453125 0.6531250000000001 0.75234375 0.6531250000000003
2 0.584375 0.48854166666666676 0.53828125 0.48854166666666676 0.53828125 0.6302083333333334 0.584375 0.6302083333333334
2 0.53671875 0.45208333333333345 0.5 0.45208333333333345 0.5 0.540625 0.53671875 0.540625
2 0.58984375 0.43125000000000013 0.5703125 0.43125000000000013 0.5703125 0.5020833333333334 0.58984375 0.5020833333333334
2 0.54375 0.3593750000000001 0.50703125 0.3593750000000001 0.50703125 0.4375000000000001 0.54375 0.4375000000000001
2 0.5828125 0.3406250000000001 0.5390625 0.3406250000000001 0.5390625 0.4447916666666668 0.5828125 0.4447916666666668
2 0.61640625 0.3281250000000001 0.58984375 0.3281250000000001 0.58984375 0.42083333333333345 0.61640625 0.42083333333333345
2 0.52734375 0.18437500000000007 0.4921875 0.18437500000000007 0.4921875 0.2520833333333334 0.52734375 0.2520833333333334
2 0.52421875 0.2020833333333334 0.5171875 0.2020833333333334 0.5171875 0.2729166666666668 0.52421875 0.2729166666666668
2 0.509375 0.15000000000000005 0.4453125 0.15000000000000005 0.4453125 0.19062500000000007 0.509375 0.19062500000000007
2 0.48515625 0.11875000000000009 0.45859375 0.11875000000000009 0.45859375 0.1489583333333334 0.48515625 0.1489583333333334
2 0.51015625 0.0906250000000001 0.4953125 0.0906250000000001 0.4953125 0.1645833333333334 0.51015625 0.1645833333333334
2 0.50703125 0.11354166666666675 0.48359375 0.11354166666666675 0.48359375 0.1614583333333334 0.50703125 0.1614583333333334