1 0.8484375 0.8343750000000001 0.703125 0.834375 0.7031250000000001 1.0000000000000002 0.8484375 1.0000000000000002
1 0.5890625 0.6458333333333334 0.496875 0.6458333333333334 0.496875 0.878125 0.5890625 0.878125
1 0.74765625 0.6541666666666668 0.64453125 0.6541666666666667 0.64453125 0.8802083333333335 0.74765625 0.8802083333333336
1 0.65859375 0.5239583333333334 0.5875 0.5239583333333334 0.5875 0.6677083333333333 0.65859375 0.6677083333333333
1 0.54921875 0.4635416666666668 0.49765625 0.4635416666666668 0.49765625 0.6010416666666667 0.54921875 0.6010416666666667
1 0.625 0.42395833333333344 0.5515625 0.42395833333333344 0.5515625 0.5302083333333335 0.625 0.5302083333333335
1 0.60625 0.2864583333333334 0.553125 0.2864583333333334 0.553125 0.38437500000000013 0.60625 0.38437500000000013
1 0.5046875 0.08958333333333342 0.4921875 0.08958333333333342 0.4921875 0.1062500000000001 0.5046875 0.1062500000000001
0 0.48359375 0.08437500000000009 0.46796875 0.08437500000000009 0.46796875 0.1218750000000001 0.48359375 0.1218750000000001
2 0.86953125 0.9479166666666669 0.83515625 0.9479166666666669 0.83515625 0.9979166666666669 0.86953125 0.9979166666666669
2 0.90234375 0.9166666666666669 0.85625 0.9166666666666669 0.85625 1.0000000000000002 0.90234375 1.0000000000000002
2 0.9515625 0.9041666666666669 0.896875 0.9041666666666669 0.896875 1.0000000000000002 0.9515625 1.0000000000000002
2 1 0.9291666666666669 0.971875 0.9291666666666669 0.971875 1.0000000000000002 1 1.0000000000000002
2 0.915625 0.8208333333333335 0.85234375 0.8208333333333335 0.85234375 0.9281250000000002 0.915625 0.9281250000000002
2 0.85390625 0.8114583333333336 0.809375 0.8114583333333336 0.809375 0.9572916666666669 0.85390625 0.9572916666666669
2 0.85 0.7677083333333335 0.796875 0.7677083333333335 0.796875 0.8593750000000002 0.85 0.8593750000000002
2 0.86015625 0.6822916666666669 0.8078125 0.6822916666666669 0.8078125 0.8177083333333336 0.86015625 0.8177083333333336
2 0.89453125 0.6614583333333336 0.83984375 0.6614583333333336 0.83984375 0.7875000000000002 0.89453125 0.7875000000000002
2 0.80625 0.7000000000000003 0.75859375 0.7000000000000003 0.75859375 0.8187500000000002 0.80625 0.8187500000000002
2 0.7625 0.6697916666666668 0.721875 0.6697916666666667 0.721875 0.7958333333333335 0.7625 0.7958333333333336
2 0.78984375 0.6416666666666669 0.75234375 0.6416666666666669 0.75234375 0.7302083333333336 0.78984375 0.7302083333333336
2 0.72109375 0.6427083333333333 0.696875 0.6427083333333333 0.696875 0.7177083333333333 0.72109375 0.7177083333333333
2 0.75234375 0.6083333333333335 0.7171875 0.6083333333333333 0.7171875 0.7041666666666668 0.75234375 0.7041666666666669
2 0.771875 0.5739583333333336 0.7390625 0.5739583333333336 0.7390625 0.6562500000000002 0.771875 0.6562500000000002
2 0.71015625 0.5895833333333333 0.6734375 0.5895833333333333 0.6734375 0.6677083333333333 0.71015625 0.6677083333333333
2 0.69296875 0.5322916666666668 0.66171875 0.5322916666666668 0.66171875 0.6104166666666667 0.69296875 0.6104166666666667
2 0.7265625 0.5125000000000001 0.68984375 0.5125000000000001 0.68984375 0.5958333333333334 0.7265625 0.5958333333333335
2 0.6640625 0.5000000000000001 0.6375 0.5000000000000001 0.6375 0.5895833333333333 0.6640625 0.5895833333333333
2 0.7171875 0.4635416666666668 0.67734375 0.4635416666666668 0.67734375 0.5291666666666668 0.7171875 0.5291666666666668
2 0.6625 0.4718750000000001 0.62734375 0.4718750000000001 0.62734375 0.5302083333333335 0.6625 0.5302083333333335
2 0.6625 0.3979166666666668 0.63359375 0.3979166666666668 0.63359375 0.4604166666666668 0.6625 0.4604166666666668
2 0.63984375 0.7208333333333333 0.6 0.7208333333333333 0.6 0.8458333333333333 0.63984375 0.8458333333333333
2 0.6828125 0.828125 0.6484375 0.828125 0.6484375 0.9625 0.6828125 0.9625
2 0.6203125 0.8197916666666667 0.590625 0.8197916666666667 0.590625 0.9364583333333333 0.6203125 0.9364583333333333
2 0.6453125000000001 0.8958333333333334 0.61171875 0.8958333333333334 0.6117187500000001 0.9875 0.6453125000000002 0.9875
2 0.7265625000000001 0.9552083333333334 0.684375 0.9552083333333333 0.6843750000000001 1.0000000000000002 0.7265625000000002 1.0000000000000002
2 0.5875000000000001 0.9520833333333333 0.5515625 0.9520833333333333 0.5515625000000001 1 0.5875000000000001 1
2 0.54609375 0.8875 0.490625 0.8875 0.4906250000000001 1 0.5460937500000002 1
2 0.6078125 0.8458333333333333 0.55625 0.8458333333333333 0.55625 0.9635416666666666 0.6078125 0.9635416666666666
2 0.5859375 0.2635416666666668 0.55625 0.2635416666666668 0.55625 0.30520833333333347 0.5859375 0.30520833333333347
2 0.55546875 0.24270833333333341 0.5265625 0.2427083333333334 0.5265625 0.32083333333333347 0.55546875 0.32083333333333347
2 0.559375 0.21145833333333341 0.540625 0.2114583333333334 0.540625 0.2510416666666668 0.559375 0.2510416666666668
2 0.53671875 0.15937500000000007 0.51796875 0.15937500000000007 0.51796875 0.2020833333333334 0.53671875 0.2020833333333334
2 0.515625 0.16250000000000006 0.5 0.16250000000000006 0.5 0.19687500000000005 0.515625 0.19687500000000005
2 0.496875 0.14062500000000006 0.48046875 0.14062500000000006 0.48046875 0.17395833333333338 0.496875 0.17395833333333338
2 0.521875 0.1489583333333334 0.509375 0.1489583333333334 0.509375 0.1770833333333334 0.521875 0.1770833333333334
2 0.5078125 0.1364583333333334 0.49296875 0.1364583333333334 0.49296875 0.16354166666666672 0.5078125 0.16354166666666672
2 0.50703125 0.10937500000000008 0.4984375 0.10937500000000008 0.4984375 0.1270833333333334 0.50703125 0.1270833333333334
2 0.49765625 0.10729166666666676 0.4890625 0.10729166666666676 0.4890625 0.13020833333333343 0.49765625 0.13020833333333343
2 0.51171875 0.09270833333333342 0.5046875 0.09270833333333342 0.5046875 0.1062500000000001 0.51171875 0.1062500000000001
2 0.50859375 0.10104166666666675 0.5015625 0.10104166666666675 0.5015625 0.11354166666666675 0.50859375 0.11354166666666675
2 0.4921875 0.09479166666666676 0.4859375 0.09479166666666676 0.4859375 0.10937500000000008 0.4921875 0.10937500000000008