3 0.490625 0.5697916666666667 0.3664062500000001 0.5697916666666667 0.3664062500000001 0.953125 0.490625 0.953125
3 0.45390625 0.2822916666666668 0.36875 0.2822916666666668 0.36875 0.4697916666666668 0.45390625 0.4697916666666668
3 0.54453125 0.16770833333333343 0.515625 0.1677083333333334 0.515625 0.22604166666666675 0.54453125 0.22604166666666678
3 0.50625 0.17291666666666672 0.48046875 0.17291666666666672 0.48046875 0.2239583333333334 0.50625 0.2239583333333334
3 0.471875 0.27708333333333346 0.40078125 0.27708333333333346 0.40078125 0.3958333333333334 0.471875 0.3958333333333334
1 0.4335937500000001 0.9375 0.3437500000000001 0.9375 0.3437500000000001 1 0.43359375000000017 1
1 0.3218750000000001 0.5666666666666667 0.25078125000000007 0.5666666666666667 0.25078125000000007 0.7104166666666667 0.3218750000000001 0.7104166666666667
1 0.4 0.5364583333333334 0.3296875000000001 0.5364583333333334 0.3296875000000001 0.6875 0.4 0.6875
1 0.5046875 0.5093750000000001 0.44375 0.5093750000000001 0.44375 0.6208333333333333 0.5046875 0.6208333333333333
1 0.42109375 0.4645833333333334 0.36171875 0.46458333333333335 0.36171875000000003 0.559375 0.42109375 0.559375
1 0.35390625000000003 0.43854166666666666 0.2921875 0.43854166666666666 0.29218750000000004 0.5677083333333334 0.3539062500000001 0.5677083333333334
1 0.5203125 0.3354166666666668 0.46796875 0.3354166666666668 0.46796875 0.41770833333333346 0.5203125 0.41770833333333346
1 0.46796875 0.25520833333333337 0.44375 0.25520833333333337 0.44375 0.2968750000000001 0.46796875 0.2968750000000001
1 0.49453125 0.23125000000000007 0.46640625 0.23125000000000007 0.46640625 0.28333333333333344 0.49453125 0.28333333333333344
1 0.5296875 0.23125000000000007 0.50859375 0.23125000000000007 0.50859375 0.26354166666666673 0.5296875 0.26354166666666673
1 0.49140625 0.21666666666666673 0.471875 0.21666666666666673 0.471875 0.2489583333333334 0.49140625 0.2489583333333334
1 0.46796875 0.21666666666666673 0.4453125 0.21666666666666673 0.4453125 0.24687500000000007 0.46796875 0.24687500000000007
1 0.5375 0.10937500000000008 0.521875 0.10937500000000008 0.521875 0.1281250000000001 0.5375 0.1281250000000001
2 0.33281250000000007 0.9322916666666666 0.2953125000000001 0.9322916666666666 0.2953125000000001 0.9989583333333333 0.33281250000000007 0.9989583333333333
2 0.2671875000000001 0.9510416666666667 0.2453125000000001 0.9510416666666667 0.2453125000000001 1 0.2671875000000001 1
2 0.25468750000000007 0.8979166666666667 0.21640625000000008 0.8979166666666667 0.21640625000000008 1 0.25468750000000007 1
2 0.2054687500000001 0.9197916666666667 0.1492187500000001 0.9197916666666667 0.1492187500000001 1 0.2054687500000001 1
2 0.1320312500000001 0.90625 0.09531250000000009 0.90625 0.09531250000000009 1 0.1320312500000001 1
2 0.05234375000000009 0.9052083333333333 8.314203659836328e-17 0.9052083333333333 8.749527326720739e-17 1 0.05234375000000009 1
2 0.12031250000000009 0.853125 0.05546875000000009 0.853125 0.05546875000000009 1 0.12031250000000009 1
2 0.1945312500000001 0.8479166666666667 0.14609375000000008 0.8479166666666667 0.14609375000000008 0.9447916666666667 0.1945312500000001 0.9447916666666667
2 0.18359375000000006 0.675 0.12500000000000006 0.675 0.12500000000000006 0.79375 0.18359375000000008 0.79375
2 0.3148437500000001 0.7979166666666667 0.2640625000000001 0.7979166666666667 0.2640625000000001 0.9583333333333334 0.3148437500000001 0.9583333333333334
2 0.3609375000000001 0.7604166666666666 0.3226562500000001 0.7604166666666666 0.3226562500000001 0.8958333333333334 0.3609375000000001 0.8958333333333334
2 0.2914062500000001 0.7354166666666667 0.2593750000000001 0.7354166666666667 0.2593750000000001 0.8864583333333333 0.2914062500000001 0.8864583333333333
2 0.24375000000000008 0.7916666666666666 0.19531250000000008 0.7916666666666666 0.19531250000000008 0.909375 0.24375000000000008 0.909375
2 0.18906250000000008 0.7552083333333334 0.1546875000000001 0.7552083333333334 0.1546875000000001 0.9052083333333333 0.18906250000000008 0.9052083333333333
2 0.1765625000000001 0.75625 0.13828125000000008 0.75625 0.13828125000000008 0.88125 0.1765625000000001 0.88125
2 0.2140625000000001 0.6635416666666667 0.17734375000000005 0.6635416666666667 0.17734375000000008 0.7708333333333334 0.2140625000000001 0.7708333333333334
2 0.2289062500000001 0.6979166666666666 0.18437500000000004 0.6979166666666666 0.18437500000000007 0.7927083333333333 0.2289062500000001 0.7927083333333333
2 0.2632812500000001 0.690625 0.20859375000000008 0.690625 0.20859375000000008 0.8083333333333333 0.2632812500000001 0.8083333333333333
2 0.3023437500000001 0.671875 0.25468750000000007 0.671875 0.25468750000000007 0.7677083333333333 0.3023437500000001 0.7677083333333333
2 0.24765625000000008 0.7447916666666666 0.1937500000000001 0.7447916666666666 0.1937500000000001 0.8510416666666667 0.24765625000000008 0.8510416666666667
2 0.3851562500000001 0.6729166666666667 0.33671875000000007 0.6729166666666667 0.33671875000000007 0.8104166666666667 0.3851562500000001 0.8104166666666667
2 0.2726562500000001 0.5666666666666667 0.23203125000000008 0.5666666666666667 0.23203125000000008 0.653125 0.2726562500000001 0.653125
2 0.2804687500000001 0.5197916666666667 0.25078125000000007 0.5197916666666667 0.25078125000000007 0.5958333333333333 0.2804687500000001 0.5958333333333333
2 0.30703125000000003 0.46875 0.278125 0.46875 0.27812500000000007 0.5510416666666667 0.3070312500000001 0.5510416666666667
2 0.32109375000000007 0.4375 0.2921875 0.4375 0.29218750000000004 0.49166666666666664 0.32109375000000007 0.49166666666666664
2 0.36796875000000007 0.43750000000000006 0.340625 0.4375 0.34062500000000007 0.509375 0.36796875000000007 0.5093750000000001
2 0.3296875 0.4114583333333333 0.296875 0.4114583333333333 0.296875 0.44895833333333335 0.3296875 0.44895833333333335
2 0.353125 0.434375 0.33984375 0.434375 0.33984375 0.46770833333333334 0.353125 0.46770833333333334
2 0.3421875 0.4322916666666667 0.33125 0.4322916666666667 0.33125 0.4635416666666667 0.3421875 0.4635416666666667
2 0.375 0.4000000000000001 0.35625 0.4 0.35625 0.4260416666666667 0.375 0.42604166666666676
2 0.37578125 0.4208333333333334 0.3625 0.42083333333333334 0.3625 0.4697916666666667 0.37578125 0.4697916666666668
2 0.34921875 0.4 0.321875 0.4 0.321875 0.4395833333333333 0.34921875 0.4395833333333333
2 0.35625 0.41875 0.33515625 0.41875 0.33515625 0.45416666666666666 0.35625 0.45416666666666666
2 0.35546875 0.365625 0.3421875 0.365625 0.3421875 0.415625 0.35546875 0.415625
2 0.3421875 0.378125 0.32578125 0.378125 0.32578125 0.434375 0.3421875 0.434375
2 0.37578125 0.3739583333333334 0.3578125 0.37395833333333334 0.3578125 0.40625000000000006 0.37578125 0.4062500000000001
2 0.36796875 0.34687500000000004 0.346875 0.346875 0.346875 0.3760416666666667 0.36796875 0.3760416666666668
2 0.37890625 0.34583333333333344 0.36328125 0.34583333333333344 0.36328125 0.38437500000000013 0.37890625 0.38437500000000013
2 0.38125 0.3208333333333334 0.3578125 0.32083333333333336 0.3578125 0.3520833333333334 0.38125 0.35208333333333347
2 0.390625 0.2968750000000001 0.37265625 0.2968750000000001 0.37265625 0.3260416666666668 0.390625 0.3260416666666668
2 0.52734375 0.31875000000000014 0.50625 0.31875000000000014 0.50625 0.3625000000000001 0.52734375 0.3625000000000001
2 0.40625 0.2583333333333334 0.3875 0.2583333333333334 0.3875 0.30104166666666676 0.40625 0.30104166666666676
2 0.53046875 0.2916666666666668 0.51953125 0.2916666666666668 0.51953125 0.3260416666666668 0.53046875 0.3260416666666668
2 0.52890625 0.30520833333333347 0.515625 0.30520833333333347 0.515625 0.3541666666666668 0.52890625 0.3541666666666668
2 0.515625 0.2916666666666668 0.49921875 0.2916666666666668 0.49921875 0.32708333333333345 0.515625 0.32708333333333345
2 0.5015625 0.29062500000000013 0.490625 0.29062500000000013 0.490625 0.33229166666666676 0.5015625 0.33229166666666676
2 0.4890625 0.2968750000000001 0.4703125 0.2968750000000001 0.4703125 0.3416666666666668 0.4890625 0.3416666666666668
2 0.52734375 0.2593750000000001 0.50390625 0.2593750000000001 0.50390625 0.29583333333333345 0.52734375 0.29583333333333345
2 0.42109375 0.2645833333333334 0.40546875 0.2645833333333334 0.40546875 0.29895833333333344 0.42109375 0.29895833333333344
2 0.428125 0.2614583333333334 0.41640625 0.2614583333333334 0.41640625 0.29583333333333345 0.428125 0.29583333333333345
2 0.4375 0.26041666666666674 0.42734375 0.26041666666666674 0.42734375 0.28750000000000014 0.4375 0.28750000000000014
2 0.44921875 0.25520833333333337 0.43515625 0.25520833333333337 0.43515625 0.28750000000000014 0.44921875 0.28750000000000014
2 0.4109375 0.25000000000000006 0.39453125 0.25000000000000006 0.39453125 0.27708333333333346 0.4109375 0.27708333333333346
2 0.4234375 0.2489583333333334 0.40859375 0.2489583333333334 0.40859375 0.27187500000000014 0.4234375 0.27187500000000014
2 0.4328125 0.24687500000000007 0.41875 0.24687500000000007 0.41875 0.27500000000000013 0.4328125 0.27500000000000013
2 0.45078125 0.2427083333333334 0.43515625 0.2427083333333334 0.43515625 0.26354166666666673 0.45078125 0.26354166666666673
2 0.43984375 0.23645833333333338 0.428125 0.23645833333333338 0.428125 0.26354166666666673 0.43984375 0.26354166666666673
2 0.43203125 0.23125000000000007 0.41796875 0.23125000000000007 0.41796875 0.25000000000000006 0.43203125 0.25000000000000006
2 0.44453125 0.22604166666666672 0.43515625 0.22604166666666672 0.43515625 0.24791666666666673 0.44453125 0.24791666666666673
2 0.509375 0.2239583333333334 0.49296875 0.2239583333333334 0.49296875 0.26041666666666674 0.509375 0.26041666666666674
2 0.44453125 0.2135416666666667 0.43046875 0.2135416666666667 0.43046875 0.23229166666666673 0.44453125 0.23229166666666673
2 0.4546875 0.19166666666666674 0.434375 0.19166666666666674 0.434375 0.21666666666666673 0.4546875 0.21666666666666673
2 0.46796875 0.2020833333333334 0.4421875 0.2020833333333334 0.4421875 0.22500000000000006 0.46796875 0.22500000000000006
2 0.46875 0.19375000000000006 0.446875 0.19375000000000006 0.446875 0.2135416666666667 0.46875 0.2135416666666667
2 0.46875 0.1833333333333334 0.446875 0.1833333333333334 0.446875 0.20104166666666673 0.46875 0.20104166666666673
2 0.48359375 0.1666666666666667 0.46328125 0.1666666666666667 0.46328125 0.1958333333333334 0.48359375 0.1958333333333334
2 0.51953125 0.1666666666666667 0.50234375 0.1666666666666667 0.50234375 0.1979166666666667 0.51953125 0.1979166666666667
2 0.503125 0.15416666666666673 0.490625 0.15416666666666673 0.490625 0.1770833333333334 0.503125 0.1770833333333334
2 0.49140625 0.14270833333333338 0.48203125 0.14270833333333338 0.48203125 0.16354166666666672 0.49140625 0.16354166666666672
2 0.51875 0.15000000000000005 0.50703125 0.15000000000000005 0.50703125 0.1708333333333334 0.51875 0.1708333333333334
2 0.52890625 0.1510416666666667 0.51796875 0.1510416666666667 0.51796875 0.1708333333333334 0.52890625 0.1708333333333334
2 0.53984375 0.1489583333333334 0.528125 0.1489583333333334 0.528125 0.1708333333333334 0.53984375 0.1708333333333334
2 0.496875 0.1312500000000001 0.48203125 0.1312500000000001 0.48203125 0.1510416666666667 0.496875 0.1510416666666667
2 0.50703125 0.13229166666666675 0.49375 0.13229166666666675 0.49375 0.15312500000000007 0.50703125 0.15312500000000007
2 0.51328125 0.13854166666666673 0.49921875 0.13854166666666673 0.49921875 0.15729166666666672 0.51328125 0.15729166666666672
2 0.53359375 0.1364583333333334 0.5171875 0.1364583333333334 0.5171875 0.15312500000000007 0.53359375 0.15312500000000007
2 0.53671875 0.12604166666666675 0.52421875 0.12604166666666675 0.52421875 0.1395833333333334 0.53671875 0.1395833333333334
2 0.5 0.12083333333333342 0.48828125 0.12083333333333342 0.48828125 0.13437500000000005 0.5 0.13437500000000005
2 0.5046875 0.10833333333333342 0.49375 0.10833333333333342 0.49375 0.12395833333333342 0.5046875 0.12395833333333342
2 0.51328125 0.10104166666666675 0.5015625 0.10104166666666675 0.5015625 0.11562500000000009 0.51328125 0.11562500000000009
2 0.4984375 0.09583333333333342 0.49296875 0.09583333333333342 0.49296875 0.10729166666666676 0.4984375 0.10729166666666676
2 0.5125 0.08958333333333342 0.5078125 0.08958333333333342 0.5078125 0.09895833333333343 0.5125 0.09895833333333343
2 0.50625 0.09166666666666676 0.50390625 0.09166666666666676 0.50390625 0.10520833333333342 0.50625 0.10520833333333342
2 0.50078125 0.08854166666666675 0.496875 0.08854166666666675 0.496875 0.09687500000000009 0.50078125 0.09687500000000009
2 0.4953125 0.08750000000000009 0.48984375 0.08750000000000009 0.48984375 0.09791666666666675 0.4953125 0.09791666666666675