1 0.7906250000000001 0.7958333333333335 0.6359375 0.7958333333333333 0.6359375 1.0000000000000002 0.7906250000000001 1.0000000000000002
1 0.6304687500000001 0.790625 0.55625 0.790625 0.5562500000000001 1 0.6304687500000001 1
1 0.75703125 0.5927083333333335 0.67578125 0.5927083333333333 0.67578125 0.8166666666666668 0.75703125 0.8166666666666669
1 0.58515625 0.4895833333333334 0.5 0.4895833333333334 0.5 0.7072916666666667 0.58515625 0.7072916666666667
1 0.7171875 0.5229166666666668 0.6515625 0.5229166666666668 0.6515625 0.671875 0.7171875 0.671875
1 0.64609375 0.48645833333333344 0.578125 0.48645833333333344 0.578125 0.65625 0.64609375 0.65625
1 0.51640625 0.3958333333333334 0.4796875 0.3958333333333334 0.4796875 0.47500000000000014 0.51640625 0.47500000000000014
1 0.6125 0.39270833333333344 0.5484375 0.39270833333333344 0.5484375 0.5427083333333333 0.6125 0.5427083333333333
1 0.5375 0.33229166666666676 0.48046875 0.33229166666666676 0.48046875 0.45520833333333344 0.5375 0.45520833333333344
1 0.61484375 0.32187500000000013 0.57734375 0.32187500000000013 0.57734375 0.3916666666666668 0.61484375 0.3916666666666668
2 0.51328125 0.44895833333333346 0.48984375 0.44895833333333346 0.48984375 0.5385416666666667 0.51328125 0.5385416666666667
2 0.5234375 0.4250000000000001 0.50078125 0.4250000000000001 0.50078125 0.4812500000000001 0.5234375 0.4812500000000001
2 0.55078125 0.43020833333333347 0.5234375 0.43020833333333347 0.5234375 0.5010416666666668 0.55078125 0.5010416666666668
2 0.54765625 0.3875000000000001 0.52265625 0.3875000000000001 0.52265625 0.44375000000000014 0.54765625 0.44375000000000014
2 0.5515625 0.3625000000000001 0.52265625 0.3625000000000001 0.52265625 0.41250000000000014 0.5515625 0.41250000000000014
2 0.5375 0.3260416666666668 0.515625 0.3260416666666668 0.515625 0.3916666666666668 0.5375 0.3916666666666668
2 0.5328125 0.30104166666666676 0.51640625 0.30104166666666676 0.51640625 0.3593750000000001 0.5328125 0.3593750000000001
1 0.55390625 0.26041666666666674 0.53125 0.26041666666666674 0.53125 0.3541666666666668 0.55390625 0.3541666666666668
1 0.603125 0.2708333333333334 0.56796875 0.2708333333333334 0.56796875 0.3572916666666668 0.603125 0.3572916666666668
3 0.51875 0.24166666666666672 0.459375 0.24166666666666672 0.459375 0.35833333333333345 0.51875 0.35833333333333345
1 0.48515625 0.1979166666666667 0.45234375 0.1979166666666667 0.45234375 0.2666666666666668 0.48515625 0.2666666666666668
1 0.5390625 0.2177083333333334 0.5015625 0.2177083333333334 0.5015625 0.28020833333333345 0.5390625 0.28020833333333345
1 0.565625 0.22916666666666677 0.53515625 0.2291666666666667 0.53515625 0.2760416666666668 0.565625 0.2760416666666668
1 0.46953125 0.18125000000000005 0.4546875 0.18125000000000005 0.4546875 0.21875000000000006 0.46953125 0.21875000000000006
1 0.5078125 0.15729166666666672 0.4796875 0.15729166666666672 0.4796875 0.21875000000000006 0.5078125 0.21875000000000006
1 0.5265625 0.1927083333333334 0.50078125 0.1927083333333334 0.50078125 0.23229166666666673 0.5265625 0.23229166666666673
1 0.5546875 0.19270833333333343 0.52890625 0.1927083333333334 0.52890625 0.24479166666666677 0.5546875 0.2447916666666668
1 0.47578125 0.14791666666666672 0.453125 0.14791666666666672 0.453125 0.20000000000000007 0.47578125 0.20000000000000007
1 0.46875 0.1239583333333334 0.45078125 0.12395833333333339 0.45078125 0.17291666666666672 0.46875 0.17291666666666672
1 0.49140625 0.11770833333333343 0.4734375 0.11770833333333343 0.4734375 0.16562500000000005 0.49140625 0.16562500000000005
1 0.49609375 0.1333333333333334 0.475 0.1333333333333334 0.475 0.17187500000000006 0.49609375 0.17187500000000006
1 0.5140625 0.13020833333333343 0.49609375 0.13020833333333343 0.49609375 0.1708333333333334 0.5140625 0.1708333333333334
1 0.4765625 0.09479166666666676 0.45625 0.09479166666666676 0.45625 0.14166666666666672 0.4765625 0.14166666666666672
1 0.4953125 0.08645833333333343 0.471875 0.08645833333333343 0.471875 0.1312500000000001 0.4953125 0.1312500000000001
1 0.52109375 0.08125000000000009 0.48984375 0.08125000000000009 0.48984375 0.1270833333333334 0.52109375 0.1270833333333334
2 0.5265625 0.10000000000000009 0.509375 0.10000000000000009 0.509375 0.13229166666666675 0.5265625 0.13229166666666675
2 0.54140625 0.16875000000000007 0.5234375 0.16875000000000007 0.5234375 0.1864583333333334 0.54140625 0.1864583333333334
2 0.52890625 0.1520833333333334 0.51640625 0.1520833333333334 0.51640625 0.17604166666666674 0.52890625 0.17604166666666674
2 0.565625 0.24687500000000012 0.55078125 0.24687500000000012 0.55078125 0.28958333333333347 0.565625 0.28958333333333347
2 0.5734375 0.2281250000000001 0.55703125 0.2281250000000001 0.55703125 0.25833333333333347 0.5734375 0.25833333333333347
2 0.5625 0.20416666666666677 0.5515625 0.20416666666666677 0.5515625 0.23333333333333345 0.5625 0.23333333333333345
2 0.5796875 0.48333333333333345 0.53984375 0.48333333333333345 0.53984375 0.5760416666666667 0.5796875 0.5760416666666667
2 0.725 0.4656250000000001 0.70390625 0.4656250000000001 0.70390625 0.5625 0.725 0.5625
2 0.74609375 0.5375000000000001 0.71796875 0.5375 0.71796875 0.6552083333333335 0.74609375 0.6552083333333336
2 0.7875 0.5458333333333335 0.7125 0.5458333333333333 0.7125 0.5989583333333335 0.7875 0.5989583333333336
2 0.6140625 0.6583333333333333 0.5375 0.6583333333333333 0.5375 0.7854166666666667 0.6140625 0.7854166666666667
2 0.78125 0.6468750000000002 0.74765625 0.6468750000000002 0.74765625 0.7250000000000002 0.78125 0.7250000000000002
2 0.78828125 0.5927083333333336 0.7484375 0.5927083333333336 0.7484375 0.6802083333333335 0.78828125 0.6802083333333335
2 0.8046875 0.7364583333333335 0.7578125 0.7364583333333335 0.7578125 0.8645833333333336 0.8046875 0.8645833333333336
2 0.828125 0.7260416666666669 0.7765625 0.7260416666666669 0.7765625 0.8406250000000003 0.828125 0.8406250000000003
2 0.83203125 0.6770833333333336 0.790625 0.6770833333333336 0.790625 0.7864583333333336 0.83203125 0.7864583333333336
2 0.78828125 0.7906250000000001 0.72421875 0.790625 0.72421875 0.9302083333333334 0.78828125 0.9302083333333335
2 0.5375 0.7927083333333333 0.50078125 0.7927083333333333 0.50078125 0.9135416666666667 0.5375 0.9135416666666667
2 0.5320312500000001 0.89375 0.48828125 0.89375 0.4882812500000001 1 0.5320312500000002 1
2 0.8015625 0.8697916666666669 0.76796875 0.8697916666666669 0.7679687500000001 1.0000000000000002 0.8015625 1.0000000000000002
2 0.8640625 0.9062500000000002 0.81484375 0.9062500000000002 0.81484375 1.0000000000000002 0.8640625 1.0000000000000002
2 0.84921875 0.7958333333333336 0.8109375 0.7958333333333336 0.8109375 0.9187500000000003 0.84921875 0.9187500000000003
2 0.86328125 0.7625000000000003 0.834375 0.7625000000000003 0.834375 0.8843750000000002 0.86328125 0.8843750000000002
2 0.88359375 0.8760416666666669 0.8421875 0.8760416666666669 0.8421875 0.9916666666666669 0.88359375 0.9916666666666669
2 0.91328125 0.8614583333333335 0.8796875 0.8614583333333335 0.8796875 0.9802083333333336 0.91328125 0.9802083333333336
2 0.940625 0.8125000000000002 0.890625 0.8125000000000002 0.890625 0.9375000000000002 0.940625 0.9375000000000002
2 1 0.8218750000000002 0.96640625 0.8218750000000002 0.96640625 0.9666666666666669 1 0.9666666666666669
2 0.97734375 0.9416666666666669 0.92890625 0.9416666666666669 0.92890625 1.0000000000000002 0.97734375 1.0000000000000002
2 0.94453125 0.9447916666666669 0.89140625 0.9447916666666669 0.89140625 1.0000000000000002 0.94453125 1.0000000000000002
0 0.70625 0.33020833333333344 0.61953125 0.33020833333333344 0.61953125 0.5510416666666667 0.70625 0.5510416666666667