1 0.58203125 0.5458333333333333 0.53515625 0.5458333333333333 0.53515625 0.68125 0.58203125 0.68125
1 0.70703125 0.6864583333333333 0.62578125 0.6864583333333333 0.62578125 0.8791666666666667 0.70703125 0.8791666666666667
3 0.5328125 0.2458333333333334 0.48671875 0.2458333333333334 0.48671875 0.4041666666666668 0.5328125 0.4041666666666668
3 0.659375 0.7333333333333333 0.5328125 0.7333333333333333 0.5328125000000001 1 0.6593750000000002 1
1 0.58203125 0.6645833333333333 0.525 0.6645833333333333 0.525 0.7708333333333334 0.58203125 0.7708333333333334
1 0.8203125 0.8479166666666668 0.72421875 0.8479166666666667 0.7242187500000001 1.0000000000000002 0.8203125 1.0000000000000002
1 0.6625 0.5520833333333334 0.6125 0.5520833333333334 0.6125 0.6739583333333333 0.6625 0.6739583333333333
1 0.71484375 0.4666666666666668 0.6546875 0.4666666666666668 0.6546875 0.6072916666666667 0.71484375 0.6072916666666667
1 0.63828125 0.4718750000000001 0.58828125 0.4718750000000001 0.58828125 0.575 0.63828125 0.575
1 0.6296875 0.3979166666666668 0.584375 0.3979166666666668 0.584375 0.4822916666666668 0.6296875 0.4822916666666668
1 0.55390625 0.4062500000000001 0.4984375 0.4062500000000001 0.4984375 0.534375 0.55390625 0.534375
1 0.590625 0.3562500000000001 0.5640625 0.3562500000000001 0.5640625 0.43020833333333347 0.590625 0.43020833333333347
3 0.5796875 0.2583333333333334 0.5421875 0.2583333333333334 0.5421875 0.36562500000000014 0.5796875 0.36562500000000014
1 0.625 0.3156250000000001 0.590625 0.3156250000000001 0.590625 0.3822916666666668 0.625 0.3822916666666668
3 0.49296875 0.20729166666666674 0.465625 0.20729166666666674 0.465625 0.3072916666666668 0.49296875 0.3072916666666668
3 0.53984375 0.21979166666666672 0.52109375 0.21979166666666672 0.52109375 0.2614583333333334 0.53984375 0.2614583333333334
1 0.5609375 0.21562500000000012 0.54453125 0.21562500000000012 0.54453125 0.2552083333333334 0.5609375 0.2552083333333334
1 0.47109375 0.21979166666666672 0.4625 0.21979166666666672 0.4625 0.2645833333333334 0.47109375 0.2645833333333334
2 0.465625 0.20000000000000007 0.4578125 0.20000000000000007 0.4578125 0.2333333333333334 0.465625 0.2333333333333334
1 0.484375 0.18854166666666672 0.46875 0.18854166666666672 0.46875 0.2020833333333334 0.484375 0.2020833333333334
1 0.478125 0.16979166666666673 0.46640625 0.16979166666666673 0.46640625 0.18854166666666672 0.478125 0.18854166666666672
3 0.47265625 0.09687500000000007 0.45234375 0.09687500000000006 0.45234375 0.16250000000000006 0.47265625 0.16250000000000006
1 0.50703125 0.16979166666666673 0.49140625 0.16979166666666673 0.49140625 0.20416666666666672 0.50703125 0.20416666666666672
2 0.4859375 0.1354166666666667 0.4796875 0.1354166666666667 0.4796875 0.15833333333333338 0.4859375 0.15833333333333338
2 0.49140625 0.13437500000000005 0.4859375 0.13437500000000005 0.4859375 0.1552083333333334 0.49140625 0.1552083333333334
2 0.49765625 0.1395833333333334 0.49140625 0.1395833333333334 0.49140625 0.1614583333333334 0.49765625 0.1614583333333334
1 0.51328125 0.13854166666666673 0.5015625 0.13854166666666673 0.5015625 0.16354166666666672 0.51328125 0.16354166666666672
1 0.5203125 0.14375000000000007 0.5078125 0.14375000000000007 0.5078125 0.18125000000000005 0.5203125 0.18125000000000005
2 0.9515625 0.9031250000000003 0.9171875 0.9031250000000003 0.9171875 1.0000000000000002 0.9515625 1.0000000000000002
2 0.8734375 0.9458333333333335 0.85 0.9458333333333335 0.85 1.0000000000000002 0.8734375 1.0000000000000002
2 0.9015625 0.9104166666666669 0.871875 0.9104166666666669 0.871875 1.0000000000000002 0.9015625 1.0000000000000002
2 0.9421875 0.9614583333333335 0.915625 0.9614583333333335 0.915625 1.0000000000000002 0.9421875 1.0000000000000002
2 0.9078125 0.8270833333333336 0.8703125 0.8270833333333336 0.8703125 0.9583333333333336 0.9078125 0.9583333333333336
2 0.884375 0.7333333333333336 0.8515625 0.7333333333333336 0.8515625 0.8697916666666669 0.884375 0.8697916666666669
2 0.86015625 0.8114583333333336 0.828125 0.8114583333333336 0.828125 0.9354166666666669 0.86015625 0.9354166666666669
2 0.83203125 0.8531250000000002 0.81015625 0.8531250000000002 0.81015625 0.9458333333333335 0.83203125 0.9458333333333335
2 0.771875 0.7937500000000003 0.74375 0.7937500000000003 0.74375 0.8697916666666669 0.771875 0.8697916666666669
2 0.803125 0.7729166666666669 0.771875 0.7729166666666669 0.771875 0.8760416666666669 0.803125 0.8760416666666669
2 0.821875 0.7500000000000002 0.79921875 0.7500000000000002 0.79921875 0.8458333333333335 0.821875 0.8458333333333335
2 0.8296875 0.7083333333333336 0.80546875 0.7083333333333336 0.80546875 0.8145833333333335 0.8296875 0.8145833333333335
2 0.77890625 0.6927083333333336 0.75390625 0.6927083333333336 0.75390625 0.7906250000000002 0.77890625 0.7906250000000002
2 0.7828125 0.6510416666666669 0.75625 0.6510416666666669 0.75625 0.7291666666666669 0.7828125 0.7291666666666669
2 0.740625 0.7072916666666668 0.71640625 0.7072916666666667 0.71640625 0.8312500000000002 0.740625 0.8312500000000003
2 0.7328125 0.6260416666666668 0.715625 0.6260416666666667 0.715625 0.7083333333333335 0.7328125 0.7083333333333336
2 0.71484375 0.6375 0.696875 0.6375 0.696875 0.7614583333333333 0.71484375 0.7614583333333333
2 0.67890625 0.6270833333333333 0.65703125 0.6270833333333333 0.65703125 0.7052083333333333 0.67890625 0.7052083333333333
2 0.703125 0.5729166666666666 0.68203125 0.5729166666666666 0.68203125 0.6677083333333333 0.703125 0.6677083333333333
2 0.72265625 0.4354166666666668 0.69609375 0.4354166666666668 0.69609375 0.5104166666666667 0.72265625 0.5104166666666667
2 0.66015625 0.44375000000000014 0.64609375 0.44375000000000014 0.64609375 0.5239583333333334 0.66015625 0.5239583333333334
2 0.65859375 0.38645833333333346 0.64296875 0.38645833333333346 0.64296875 0.4447916666666668 0.65859375 0.4447916666666668
2 0.6515625 0.42395833333333344 0.63828125 0.42395833333333344 0.63828125 0.48854166666666676 0.6515625 0.48854166666666676
2 0.64140625 0.4031250000000001 0.6265625 0.4031250000000001 0.6265625 0.4604166666666668 0.64140625 0.4604166666666668
2 0.62734375 0.3750000000000001 0.61640625 0.3750000000000001 0.61640625 0.4218750000000001 0.62734375 0.4218750000000001
2 0.61328125 0.3562500000000001 0.60390625 0.3562500000000001 0.60390625 0.4072916666666668 0.61328125 0.4072916666666668
2 0.58828125 0.2979166666666668 0.57890625 0.2979166666666668 0.57890625 0.35000000000000014 0.58828125 0.35000000000000014
2 0.58828125 0.2781250000000001 0.58125 0.2781250000000001 0.58125 0.31145833333333345 0.58828125 0.31145833333333345
2 0.6 0.2791666666666668 0.5890625 0.2791666666666668 0.5890625 0.3177083333333334 0.6 0.3177083333333334
2 0.60703125 0.29270833333333346 0.59765625 0.29270833333333346 0.59765625 0.32083333333333347 0.60703125 0.32083333333333347
2 0.57265625 0.2500000000000001 0.565625 0.2500000000000001 0.565625 0.2812500000000001 0.57265625 0.2812500000000001
2 0.58125 0.2531250000000001 0.57265625 0.2531250000000001 0.57265625 0.2864583333333334 0.58125 0.2864583333333334
2 0.58984375 0.2656250000000001 0.58203125 0.2656250000000001 0.58203125 0.2937500000000001 0.58984375 0.2937500000000001
2 0.6 0.2666666666666668 0.5921875 0.2666666666666668 0.5921875 0.2947916666666668 0.6 0.2947916666666668
2 0.5625 0.2437500000000001 0.55625 0.2437500000000001 0.55625 0.2708333333333334 0.5625 0.2708333333333334
2 0.4703125 0.14062500000000006 0.4640625 0.14062500000000006 0.4640625 0.1770833333333334 0.4703125 0.1770833333333334
2 0.48359375 0.10416666666666675 0.47890625 0.10416666666666675 0.47890625 0.12395833333333342 0.48359375 0.12395833333333342
1 0.49140625 0.1218750000000001 0.48203125 0.1218750000000001 0.48203125 0.14270833333333338 0.49140625 0.14270833333333338
2 0.49140625 0.11145833333333342 0.48671875 0.11145833333333342 0.48671875 0.1270833333333334 0.49140625 0.1270833333333334
2 0.5015625 0.11875000000000009 0.49609375 0.11875000000000009 0.49609375 0.1364583333333334 0.5015625 0.1364583333333334
2 0.49765625 0.11145833333333342 0.49375 0.11145833333333342 0.49375 0.12604166666666675 0.49765625 0.12604166666666675
2 0.49296875 0.10520833333333342 0.4890625 0.10520833333333342 0.4890625 0.11979166666666675 0.49296875 0.11979166666666675
2 0.503125 0.1062500000000001 0.49921875 0.1062500000000001 0.49921875 0.11979166666666675 0.503125 0.11979166666666675
2 0.50859375 0.09583333333333342 0.503125 0.09583333333333342 0.503125 0.11250000000000009 0.50859375 0.11250000000000009
1 0.49375 0.1552083333333334 0.48359375 0.1552083333333334 0.48359375 0.1802083333333334 0.49375 0.1802083333333334
2 0.5015625 0.1312500000000001 0.496875 0.1312500000000001 0.496875 0.1520833333333334 0.5015625 0.1520833333333334
2 0.50703125 0.11770833333333343 0.5015625 0.11770833333333343 0.5015625 0.13750000000000007 0.50703125 0.13750000000000007
2 0.5046875 0.1927083333333334 0.4984375 0.1927083333333334 0.4984375 0.22083333333333338 0.5046875 0.22083333333333338
2 0.5171875 0.16875000000000007 0.5109375 0.16875000000000007 0.5109375 0.1989583333333334 0.5171875 0.1989583333333334
2 0.54765625 0.18750000000000008 0.53984375 0.18750000000000006 0.53984375 0.2218750000000001 0.54765625 0.22187500000000013
2 0.5328125 0.16979166666666673 0.5265625 0.16979166666666673 0.5265625 0.20416666666666672 0.5328125 0.20416666666666672
2 0.53984375 0.1708333333333334 0.534375 0.1708333333333334 0.534375 0.2020833333333334 0.53984375 0.2020833333333334
2 0.5796875 0.48020833333333346 0.5640625 0.48020833333333346 0.5640625 0.5322916666666668 0.5796875 0.5322916666666668
2 0.5859375 0.5072916666666668 0.5703125 0.5072916666666668 0.5703125 0.5822916666666667 0.5859375 0.5822916666666667
2 0.71796875 0.91875 0.69140625 0.91875 0.6914062500000001 1 0.7179687500000002 1
2 0.51328125 0.1979166666666667 0.5046875 0.1979166666666667 0.5046875 0.2270833333333334 0.51328125 0.2270833333333334
2 0.528125 0.15312500000000007 0.521875 0.15312500000000007 0.521875 0.1833333333333334 0.528125 0.1833333333333334