3 0.2890625000000001 0.5875 0.11640625000000004 0.5875 0.11640625000000007 0.9020833333333333 0.2890625000000001 0.9020833333333333
2 0.3687500000000001 0.6479166666666667 0.3281250000000001 0.6479166666666667 0.3281250000000001 0.8083333333333333 0.3687500000000001 0.8083333333333333
2 0.3375 0.42083333333333334 0.31796875 0.42083333333333334 0.31796875 0.50625 0.3375000000000001 0.50625
2 0.415625 0.3104166666666668 0.39609375 0.3104166666666668 0.39609375 0.3916666666666668 0.415625 0.3916666666666668
2 0.4828125 0.2781250000000001 0.46640625 0.2781250000000001 0.46640625 0.33020833333333344 0.4828125 0.33020833333333344
2 0.45703125 0.2781250000000001 0.43984375 0.2781250000000001 0.43984375 0.3250000000000001 0.45703125 0.3250000000000001
2 0.4125 0.28750000000000014 0.3953125 0.28750000000000014 0.3953125 0.33437500000000014 0.4125 0.33437500000000014
2 0.44140625 0.26250000000000007 0.4234375 0.26250000000000007 0.4234375 0.31666666666666676 0.44140625 0.31666666666666676
2 0.5140625 0.2489583333333334 0.49765625 0.2489583333333334 0.49765625 0.30520833333333347 0.5140625 0.30520833333333347
2 0.4546875 0.2427083333333334 0.44296875 0.2427083333333334 0.44296875 0.2812500000000001 0.4546875 0.2812500000000001
2 0.5109375 0.18541666666666673 0.49765625 0.18541666666666673 0.49765625 0.22291666666666674 0.5109375 0.22291666666666674
2 0.5078125 0.13854166666666673 0.4984375 0.13854166666666673 0.4984375 0.1645833333333334 0.5078125 0.1645833333333334
2 0.5171875 0.11875000000000009 0.5109375 0.11875000000000009 0.5109375 0.1395833333333334 0.5171875 0.1395833333333334
2 0.5125 0.10104166666666675 0.509375 0.10104166666666675 0.509375 0.11562500000000009 0.5125 0.11562500000000009
2 0.5078125 0.10416666666666675 0.50546875 0.10416666666666675 0.50546875 0.11770833333333343 0.5078125 0.11770833333333343
2 0.515625 0.09479166666666676 0.5125 0.09479166666666676 0.5125 0.10833333333333342 0.515625 0.10833333333333342
1 0.50078125 0.09166666666666676 0.4921875 0.09166666666666676 0.4921875 0.10729166666666676 0.50078125 0.10729166666666676
1 0.49765625 0.08229166666666675 0.49140625 0.08229166666666675 0.49140625 0.09375000000000008 0.49765625 0.09375000000000008
1 0.48125 0.33958333333333346 0.4265625 0.33958333333333346 0.4265625 0.4500000000000001 0.48125 0.4500000000000001