2 0.7085937500000001 0.8583333333333333 0.6515625 0.8583333333333333 0.6515625 1 0.7085937500000001 1
2 0.61875 0.7083333333333334 0.57890625 0.7083333333333334 0.57890625 0.8291666666666667 0.61875 0.8291666666666667
1 0.85859375 0.8062500000000001 0.72421875 0.80625 0.7242187500000001 1.0000000000000002 0.85859375 1.0000000000000002
2 0.834375 0.7833333333333335 0.8015625 0.7833333333333335 0.8015625 0.8937500000000003 0.834375 0.8937500000000003
2 0.928125 0.8645833333333336 0.87265625 0.8645833333333336 0.87265625 1.0000000000000002 0.928125 1.0000000000000002
2 0.759375 0.5812500000000003 0.72578125 0.5812500000000003 0.72578125 0.6833333333333336 0.759375 0.6833333333333336
2 0.6078125 0.28020833333333345 0.58515625 0.28020833333333345 0.58515625 0.33750000000000013 0.6078125 0.33750000000000013
2 0.553125 0.2583333333333334 0.53671875 0.2583333333333334 0.53671875 0.3135416666666668 0.553125 0.3135416666666668
2 0.53359375 0.20104166666666673 0.51953125 0.20104166666666673 0.51953125 0.23645833333333338 0.53359375 0.23645833333333338
2 0.53984375 0.1770833333333334 0.528125 0.1770833333333334 0.528125 0.20416666666666672 0.53984375 0.20416666666666672
2 0.54375 0.1989583333333334 0.53046875 0.1989583333333334 0.53046875 0.23125000000000007 0.54375 0.23125000000000007
1 0.5125 0.19062500000000007 0.49140625 0.19062500000000007 0.49140625 0.23854166666666674 0.5125 0.23854166666666674
2 0.5203125 0.17916666666666672 0.51015625 0.17916666666666672 0.51015625 0.21250000000000005 0.5203125 0.21250000000000005
1 0.51171875 0.1510416666666667 0.490625 0.1510416666666667 0.490625 0.1833333333333334 0.51171875 0.1833333333333334
2 0.5171875 0.14166666666666672 0.509375 0.14166666666666672 0.509375 0.17291666666666672 0.5171875 0.17291666666666672
1 0.49375 0.16562500000000005 0.475 0.16562500000000005 0.475 0.21041666666666672 0.49375 0.21041666666666672
2 0.4890625 0.14270833333333338 0.478125 0.14270833333333338 0.478125 0.1708333333333334 0.4890625 0.1708333333333334
2 0.49375 0.14062500000000006 0.4890625 0.14062500000000006 0.4890625 0.16250000000000006 0.49375 0.16250000000000006
2 0.4828125 0.12291666666666676 0.475 0.12291666666666676 0.475 0.1395833333333334 0.4828125 0.1395833333333334
2 0.490625 0.11666666666666675 0.48515625 0.11666666666666675 0.48515625 0.1354166666666667 0.490625 0.1354166666666667
2 0.4765625 0.10416666666666675 0.46875 0.10416666666666675 0.46875 0.12291666666666676 0.4765625 0.12291666666666676
2 0.484375 0.11041666666666676 0.47890625 0.11041666666666676 0.47890625 0.12500000000000008 0.484375 0.12500000000000008
2 0.503125 0.10729166666666676 0.4984375 0.10729166666666676 0.4984375 0.1270833333333334 0.503125 0.1270833333333334
1 0.496875 0.09270833333333342 0.48515625 0.09270833333333342 0.48515625 0.11666666666666675 0.496875 0.11666666666666675
2 0.50078125 0.08750000000000009 0.49609375 0.08750000000000009 0.49609375 0.10104166666666675 0.50078125 0.10104166666666675
1 0.6312500000000001 0.8 0.5234375 0.8 0.5234375000000001 1 0.6312500000000002 1
1 0.65625 0.5489583333333333 0.57890625 0.5489583333333333 0.57890625 0.6958333333333333 0.65625 0.6958333333333333
1 0.61015625 0.4218750000000001 0.55 0.4218750000000001 0.55 0.5312500000000001 0.61015625 0.5312500000000001
1 0.60859375 0.32708333333333345 0.5546875 0.32708333333333345 0.5546875 0.4187500000000001 0.60859375 0.4187500000000001
1 0.5203125 0.29270833333333346 0.48203125 0.29270833333333346 0.48203125 0.3645833333333334 0.5203125 0.3645833333333334
1 0.48984375 0.21562500000000007 0.46328125 0.21562500000000007 0.46328125 0.26354166666666673 0.48984375 0.26354166666666673
1 0.5140625 0.08541666666666675 0.503125 0.08541666666666675 0.503125 0.10000000000000009 0.5140625 0.10000000000000009