1 0.81015625 0.8864583333333335 0.715625 0.8864583333333333 0.7156250000000001 1.0000000000000002 0.81015625 1.0000000000000002
1 0.5937500000000001 0.8010416666666667 0.52265625 0.8010416666666667 0.52265625 1 0.5937500000000002 1
1 0.7921875 0.6625000000000001 0.690625 0.6625 0.690625 0.8937500000000002 0.7921875 0.8937500000000003
1 0.66328125 0.628125 0.57734375 0.628125 0.57734375 0.8145833333333333 0.66328125 0.8145833333333333
1 0.56484375 0.5989583333333334 0.51015625 0.5989583333333334 0.51015625 0.7854166666666667 0.56484375 0.7854166666666667
1 0.746875 0.5614583333333335 0.66796875 0.5614583333333333 0.66796875 0.7145833333333335 0.746875 0.7145833333333336
1 0.54765625 0.46458333333333346 0.490625 0.46458333333333346 0.490625 0.5802083333333333 0.54765625 0.5802083333333333
1 0.584375 0.41250000000000014 0.53984375 0.41250000000000014 0.53984375 0.5187500000000002 0.584375 0.5187500000000002
1 0.62578125 0.36562500000000014 0.56953125 0.36562500000000014 0.56953125 0.46458333333333346 0.62578125 0.46458333333333346
1 0.56640625 0.37708333333333344 0.52890625 0.37708333333333344 0.52890625 0.44375000000000014 0.56640625 0.44375000000000014
1 0.5671875 0.32395833333333346 0.525 0.32395833333333346 0.525 0.3979166666666668 0.5671875 0.3979166666666668
1 0.61171875 0.31666666666666676 0.57109375 0.31666666666666676 0.57109375 0.38958333333333345 0.61171875 0.38958333333333345
1 0.59921875 0.28750000000000014 0.5671875 0.28750000000000014 0.5671875 0.34791666666666676 0.59921875 0.34791666666666676
1 0.59140625 0.26458333333333345 0.5515625 0.26458333333333345 0.5515625 0.31145833333333345 0.59140625 0.31145833333333345
1 0.50703125 0.3041666666666668 0.471875 0.3041666666666668 0.471875 0.3906250000000001 0.50703125 0.3906250000000001
1 0.5046875 0.27187500000000014 0.4703125 0.27187500000000014 0.4703125 0.33437500000000014 0.5046875 0.33437500000000014
3 0.50078125 0.18541666666666673 0.45078125 0.18541666666666673 0.45078125 0.2864583333333334 0.50078125 0.2864583333333334
1 0.4921875 0.24375000000000005 0.46328125 0.24375000000000005 0.46328125 0.29583333333333345 0.4921875 0.29583333333333345
3 0.56328125 0.23958333333333343 0.5015625 0.2395833333333334 0.5015625 0.34270833333333345 0.56328125 0.34270833333333345
1 0.571875 0.24791666666666676 0.53984375 0.24791666666666673 0.53984375 0.2937500000000001 0.571875 0.2937500000000001
1 0.5609375 0.21770833333333342 0.53125 0.2177083333333334 0.53125 0.26458333333333345 0.5609375 0.26458333333333345
1 0.52421875 0.2145833333333334 0.50078125 0.2145833333333334 0.50078125 0.26562500000000006 0.52421875 0.26562500000000006
1 0.55078125 0.18020833333333341 0.52421875 0.1802083333333334 0.52421875 0.22708333333333341 0.55078125 0.22708333333333344
1 0.51328125 0.20000000000000007 0.49609375 0.20000000000000007 0.49609375 0.2427083333333334 0.51328125 0.2427083333333334
1 0.5109375 0.18958333333333338 0.49140625 0.18958333333333338 0.49140625 0.22187500000000007 0.5109375 0.22187500000000007
1 0.53046875 0.1552083333333334 0.50078125 0.1552083333333334 0.50078125 0.20104166666666673 0.53046875 0.20104166666666673
1 0.50078125 0.17187500000000006 0.48203125 0.17187500000000006 0.48203125 0.1958333333333334 0.50078125 0.1958333333333334
1 0.46640625 0.1458333333333334 0.453125 0.1458333333333334 0.453125 0.17604166666666674 0.46640625 0.17604166666666674
1 0.4796875 0.1510416666666667 0.46796875 0.1510416666666667 0.46796875 0.1770833333333334 0.4796875 0.1770833333333334
1 0.4875 0.14687500000000006 0.4734375 0.14687500000000006 0.4734375 0.1770833333333334 0.4875 0.1770833333333334
1 0.5046875 0.14062500000000006 0.4875 0.14062500000000006 0.4875 0.16979166666666673 0.5046875 0.16979166666666673
1 0.51328125 0.12500000000000008 0.49921875 0.12500000000000008 0.49921875 0.1552083333333334 0.51328125 0.1552083333333334
1 0.49140625 0.11770833333333343 0.47734375 0.11770833333333343 0.47734375 0.1520833333333334 0.49140625 0.1520833333333334
1 0.49453125 0.12500000000000008 0.484375 0.12500000000000008 0.484375 0.14687500000000006 0.49453125 0.14687500000000006
1 0.4640625 0.12083333333333342 0.45390625 0.12083333333333342 0.45390625 0.15416666666666673 0.4640625 0.15416666666666673
1 0.4671875 0.13229166666666675 0.45703125 0.13229166666666675 0.45703125 0.15416666666666673 0.4671875 0.15416666666666673
0 0.47109375 0.10000000000000009 0.4625 0.10000000000000009 0.4625 0.14062500000000006 0.47109375 0.14062500000000006
1 0.47578125 0.12500000000000008 0.4640625 0.12500000000000008 0.4640625 0.14687500000000006 0.47578125 0.14687500000000006
1 0.490625 0.10833333333333342 0.47890625 0.10833333333333342 0.47890625 0.1281250000000001 0.490625 0.1281250000000001
1 0.4890625 0.09895833333333343 0.48125 0.09895833333333343 0.48125 0.11562500000000009 0.4890625 0.11562500000000009
1 0.496875 0.10416666666666675 0.48671875 0.10416666666666675 0.48671875 0.12291666666666676 0.496875 0.12291666666666676
1 0.5046875 0.09375000000000008 0.49375 0.09375000000000008 0.49375 0.10520833333333342 0.5046875 0.10520833333333342
1 0.75234375 0.45937500000000014 0.6765625 0.45937500000000014 0.6765625 0.6239583333333335 0.75234375 0.6239583333333336
2 0.9046875 0.8645833333333336 0.84765625 0.8645833333333336 0.84765625 1.0000000000000002 0.9046875 1.0000000000000002
2 0.8671875 0.9322916666666669 0.8390625 0.9322916666666669 0.8390625 1.0000000000000002 0.8671875 1.0000000000000002
2 0.6539062500000001 0.8645833333333334 0.61640625 0.8645833333333334 0.61640625 0.996875 0.6539062500000001 0.996875
2 0.6562500000000001 0.9614583333333333 0.63671875 0.9614583333333333 0.6367187500000001 1 0.6562500000000002 1
2 0.6921875000000001 0.9197916666666667 0.6625 0.9197916666666667 0.6625000000000001 1 0.6921875000000002 1
2 0.69140625 0.8229166666666666 0.65859375 0.8229166666666666 0.65859375 0.9572916666666667 0.69140625 0.9572916666666667
2 0.65859375 0.7697916666666667 0.61328125 0.7697916666666667 0.61328125 0.9020833333333333 0.65859375 0.9020833333333333
2 0.51953125 0.7125 0.4921875 0.7125 0.4921875 0.85 0.51953125 0.85
2 0.69140625 0.6197916666666666 0.6625 0.6197916666666666 0.6625 0.74375 0.69140625 0.74375
2 0.665625 0.58125 0.63828125 0.58125 0.63828125 0.6854166666666667 0.665625 0.6854166666666667
2 0.60234375 0.5677083333333334 0.5828125 0.5677083333333334 0.5828125 0.6520833333333333 0.60234375 0.6520833333333333
2 0.63203125 0.5322916666666668 0.60390625 0.5322916666666668 0.60390625 0.621875 0.63203125 0.621875
2 0.55625 0.5354166666666667 0.5390625 0.5354166666666667 0.5390625 0.625 0.55625 0.625
2 0.56875 0.5166666666666668 0.54765625 0.5166666666666668 0.54765625 0.621875 0.56875 0.621875
2 0.5984375 0.4875000000000001 0.57578125 0.4875000000000001 0.57578125 0.5833333333333334 0.5984375 0.5833333333333334
2 0.67734375 0.5166666666666668 0.6546875 0.5166666666666668 0.6546875 0.6135416666666667 0.67734375 0.6135416666666667
2 0.6625 0.4968750000000001 0.63828125 0.4968750000000001 0.63828125 0.5885416666666666 0.6625 0.5885416666666666
2 0.640625 0.5104166666666667 0.61328125 0.5104166666666667 0.61328125 0.6083333333333333 0.640625 0.6083333333333333
2 0.61875 0.44895833333333346 0.596875 0.44895833333333346 0.596875 0.5114583333333335 0.61875 0.5114583333333335
2 0.6265625 0.48333333333333345 0.609375 0.48333333333333345 0.609375 0.5364583333333334 0.6265625 0.5364583333333334
2 0.65078125 0.44166666666666676 0.63203125 0.44166666666666676 0.63203125 0.5000000000000001 0.65078125 0.5000000000000001
2 0.66953125 0.4604166666666668 0.65234375 0.4604166666666668 0.65234375 0.5187500000000002 0.66953125 0.5187500000000002
2 0.68671875 0.43020833333333347 0.6703125 0.43020833333333347 0.6703125 0.4822916666666668 0.68671875 0.4822916666666668
2 0.67890625 0.4062500000000001 0.65703125 0.4062500000000001 0.65703125 0.4666666666666668 0.67890625 0.4666666666666668
2 0.65546875 0.41458333333333347 0.6375 0.41458333333333347 0.6375 0.47083333333333344 0.65546875 0.47083333333333344
2 0.653125 0.3489583333333334 0.6375 0.3489583333333334 0.6375 0.43125000000000013 0.653125 0.43125000000000013
2 0.66796875 0.38437500000000013 0.6515625 0.38437500000000013 0.6515625 0.43333333333333346 0.66796875 0.43333333333333346
2 0.63984375 0.3885416666666668 0.621875 0.3885416666666668 0.621875 0.4500000000000001 0.63984375 0.4500000000000001
2 0.640625 0.3593750000000001 0.62109375 0.3593750000000001 0.62109375 0.42812500000000014 0.640625 0.42812500000000014
2 0.62109375 0.3406250000000001 0.6078125 0.3406250000000001 0.6078125 0.38958333333333345 0.62109375 0.38958333333333345
2 0.62890625 0.30104166666666676 0.60234375 0.30104166666666676 0.60234375 0.37708333333333344 0.62890625 0.37708333333333344
2 0.615625 0.3104166666666668 0.60078125 0.3104166666666668 0.60078125 0.37083333333333346 0.615625 0.37083333333333346
2 0.603125 0.2822916666666668 0.59140625 0.2822916666666668 0.59140625 0.31666666666666676 0.603125 0.31666666666666676
2 0.59609375 0.26770833333333344 0.57734375 0.26770833333333344 0.57734375 0.3020833333333334 0.59609375 0.3020833333333334
2 0.57578125 0.24062500000000012 0.56640625 0.24062500000000012 0.56640625 0.27500000000000013 0.57578125 0.27500000000000013
2 0.58515625 0.2510416666666668 0.56640625 0.2510416666666668 0.56640625 0.28333333333333344 0.58515625 0.28333333333333344
2 0.51875 0.3291666666666668 0.50234375 0.3291666666666668 0.50234375 0.37916666666666676 0.51875 0.37916666666666676
2 0.53359375 0.3572916666666668 0.51015625 0.3572916666666668 0.51015625 0.3906250000000001 0.53359375 0.3906250000000001
2 0.4984375 0.36145833333333344 0.47421875 0.36145833333333344 0.47421875 0.40208333333333346 0.4984375 0.40208333333333346
2 0.4921875 0.4114583333333334 0.48125 0.4114583333333334 0.48125 0.4875000000000001 0.4921875 0.4875000000000001
2 0.49609375 0.3854166666666668 0.48125 0.3854166666666668 0.48125 0.43125000000000013 0.49609375 0.43125000000000013
2 0.50234375 0.4072916666666668 0.4921875 0.4072916666666668 0.4921875 0.4510416666666668 0.50234375 0.4510416666666668
2 0.525 0.4010416666666668 0.49765625 0.4010416666666668 0.49765625 0.4604166666666668 0.525 0.4604166666666668
2 0.5015625 0.44166666666666676 0.48671875 0.44166666666666676 0.48671875 0.49375000000000013 0.5015625 0.49375000000000013
2 0.9875 0.8854166666666669 0.95390625 0.8854166666666669 0.95390625 0.9875000000000003 0.9875 0.9875000000000003
2 0.978125 0.7583333333333335 0.89921875 0.7583333333333335 0.89921875 0.9416666666666669 0.978125 0.9416666666666669