2 0.40703125 0.37708333333333344 0.39453125 0.37708333333333344 0.39453125 0.4479166666666668 0.40703125 0.4479166666666668
2 0.3828125 0.3697916666666668 0.36640625 0.3697916666666668 0.36640625 0.4218750000000001 0.3828125 0.4218750000000001
2 0.41171875 0.3416666666666668 0.4 0.3416666666666668 0.4 0.39895833333333347 0.41171875 0.39895833333333347
2 0.49375 0.22187500000000007 0.47890625 0.22187500000000007 0.47890625 0.25625000000000003 0.49375 0.25625000000000003
2 0.48828125 0.2020833333333334 0.48046875 0.2020833333333334 0.48046875 0.24062500000000006 0.48828125 0.24062500000000006
2 0.50390625 0.1520833333333334 0.49453125 0.1520833333333334 0.49453125 0.19062500000000007 0.50390625 0.19062500000000007
2 0.5171875 0.14375000000000007 0.50625 0.14375000000000007 0.50625 0.16562500000000005 0.5171875 0.16562500000000005
2 0.52578125 0.15625000000000006 0.51640625 0.15625000000000006 0.51640625 0.16979166666666673 0.52578125 0.16979166666666673
2 0.52578125 0.12395833333333342 0.51796875 0.12395833333333342 0.51796875 0.1520833333333334 0.52578125 0.1520833333333334
2 0.525 0.10937500000000008 0.52109375 0.10937500000000008 0.52109375 0.12291666666666676 0.525 0.12291666666666676
2 0.53671875 0.11250000000000009 0.53046875 0.11250000000000009 0.53046875 0.12604166666666675 0.53671875 0.12604166666666675
2 0.534375 0.09583333333333342 0.52890625 0.09583333333333342 0.52890625 0.11666666666666675 0.534375 0.11666666666666675
2 0.53359375 0.0906250000000001 0.52578125 0.0906250000000001 0.52578125 0.10833333333333342 0.53359375 0.10833333333333342
2 0.5359375 0.0750000000000001 0.5296875 0.0750000000000001 0.5296875 0.09375000000000008 0.5359375 0.09375000000000008
2 0.54765625 0.0750000000000001 0.540625 0.0750000000000001 0.540625 0.09270833333333342 0.54765625 0.09270833333333342
1 0.51015625 0.5479166666666667 0.434375 0.5479166666666667 0.434375 0.7083333333333334 0.51015625 0.7083333333333334
1 0.4296875 0.4697916666666668 0.36328125 0.4697916666666668 0.36328125000000006 0.6177083333333333 0.4296875 0.6177083333333333
1 0.39843750000000006 0.4156250000000001 0.34609375 0.415625 0.34609375000000003 0.509375 0.3984375000000001 0.5093750000000001
1 0.46796875 0.37083333333333346 0.40390625 0.37083333333333346 0.40390625 0.49375000000000013 0.46796875 0.49375000000000013
1 0.4875 0.26041666666666674 0.446875 0.26041666666666674 0.446875 0.3416666666666668 0.4875 0.3416666666666668
1 0.51953125 0.2291666666666667 0.49609375 0.2291666666666667 0.49609375 0.30104166666666676 0.51953125 0.30104166666666676
1 0.534375 0.17500000000000007 0.51015625 0.17500000000000007 0.51015625 0.22187500000000007 0.534375 0.22187500000000007
1 0.54375 0.13854166666666673 0.52734375 0.13854166666666673 0.52734375 0.17291666666666672 0.54375 0.17291666666666672
1 0.5484375 0.11666666666666675 0.534375 0.11666666666666675 0.534375 0.14166666666666675 0.5484375 0.14166666666666677
1 0.55 0.09895833333333343 0.53671875 0.09895833333333343 0.53671875 0.11458333333333343 0.55 0.11458333333333343
3 0.5546875 0.2406250000000001 0.5015625 0.24062500000000006 0.5015625 0.3875000000000001 0.5546875 0.3875000000000001
3 0.575 0.08229166666666675 0.56015625 0.08229166666666675 0.56015625 0.12604166666666675 0.575 0.12604166666666675
3 0.5609375 0.0750000000000001 0.553125 0.0750000000000001 0.553125 0.10312500000000009 0.5609375 0.10312500000000009
3 0.51484375 0.7 0.3414062500000001 0.7 0.3414062500000001 1 0.5148437500000002 1
3 0.3781250000000001 0.4885416666666667 0.04296875000000004 0.48854166666666665 0.04296875000000007 1 0.3781250000000001 1