0 0.51171875 0.09583333333333342 0.49609375 0.09583333333333342 0.49609375 0.14062500000000006 0.51171875 0.14062500000000006
3 0.475 0.16979166666666673 0.45703125 0.16979166666666673 0.45703125 0.21979166666666672 0.475 0.21979166666666672
3 0.5078125 0.22500000000000006 0.475 0.22500000000000006 0.475 0.3250000000000001 0.5078125 0.3250000000000001
3 0.60078125 0.2812500000000001 0.55390625 0.2812500000000001 0.55390625 0.39270833333333344 0.60078125 0.39270833333333344
3 0.55 0.41458333333333347 0.4921875 0.41458333333333347 0.4921875 0.615625 0.55 0.615625
3 0.47109375 0.09583333333333342 0.4578125 0.09583333333333342 0.4578125 0.1270833333333334 0.47109375 0.1270833333333334
1 0.61015625 0.44375000000000014 0.56796875 0.44375000000000014 0.56796875 0.571875 0.61015625 0.571875
1 0.590625 0.38437500000000013 0.55625 0.38437500000000013 0.55625 0.45729166666666676 0.590625 0.45729166666666676
1 0.66328125 0.65 0.59375 0.65 0.59375 0.875 0.66328125 0.875
1 0.85625 0.7979166666666669 0.7625 0.7979166666666669 0.7625000000000001 1.0000000000000002 0.85625 1.0000000000000002
1 0.75703125 0.8406250000000001 0.6671875 0.840625 0.6671875 1.0000000000000002 0.7570312500000002 1.0000000000000002
2 0.91171875 0.8864583333333336 0.86875 0.8864583333333336 0.86875 1.0000000000000002 0.91171875 1.0000000000000002
2 0.87734375 0.7822916666666669 0.84765625 0.7822916666666669 0.84765625 0.9010416666666669 0.87734375 0.9010416666666669
2 0.98203125 0.6416666666666669 0.95546875 0.6416666666666669 0.95546875 0.7781250000000003 0.98203125 0.7781250000000003
2 0.97421875 0.5739583333333336 0.95234375 0.5739583333333336 0.95234375 0.6593750000000003 0.97421875 0.6593750000000003
2 0.9640625 0.5156250000000001 0.94453125 0.5156250000000001 0.94453125 0.5906250000000003 0.9640625 0.5906250000000003
2 0.8203125 0.7322916666666669 0.78984375 0.7322916666666669 0.78984375 0.8125000000000002 0.8203125 0.8125000000000002
2 0.81875 0.6593750000000003 0.7828125 0.6593750000000003 0.7828125 0.7541666666666669 0.81875 0.7541666666666669
2 0.78125 0.7041666666666669 0.7453125 0.7041666666666669 0.7453125 0.8208333333333335 0.78125 0.8208333333333335
2 0.7234375 0.6729166666666667 0.69609375 0.6729166666666667 0.69609375 0.8125 0.7234375 0.8125
2 0.7375 0.6406250000000001 0.7125 0.640625 0.7125 0.7593750000000001 0.7375 0.7593750000000002
2 0.7453125 0.6041666666666667 0.7234375 0.6041666666666666 0.7234375 0.6958333333333334 0.7453125 0.6958333333333335
2 0.7625 0.5937500000000002 0.7421875 0.5937500000000002 0.7421875 0.6885416666666669 0.7625 0.6885416666666669
2 0.75546875 0.49895833333333345 0.73203125 0.49895833333333345 0.73203125 0.5854166666666669 0.75546875 0.5854166666666669
2 0.74453125 0.5489583333333334 0.7234375 0.5489583333333333 0.7234375 0.6250000000000001 0.74453125 0.6250000000000002
2 0.690625 0.6135416666666667 0.66484375 0.6135416666666667 0.66484375 0.7291666666666666 0.690625 0.7291666666666666
2 0.66171875 0.5833333333333334 0.63984375 0.5833333333333334 0.63984375 0.675 0.66171875 0.675
2 0.69296875 0.565625 0.67109375 0.565625 0.67109375 0.6510416666666666 0.69296875 0.6510416666666666
2 0.71875 0.565625 0.6921875 0.565625 0.6921875 0.653125 0.71875 0.653125
2 0.65703125 0.5395833333333333 0.634375 0.5395833333333333 0.634375 0.6208333333333333 0.65703125 0.6208333333333333
2 0.6796875 0.5104166666666667 0.66015625 0.5104166666666667 0.66015625 0.5916666666666667 0.6796875 0.5916666666666667
2 0.71171875 0.5104166666666667 0.690625 0.5104166666666667 0.690625 0.5864583333333333 0.71171875 0.5864583333333333
2 0.7015625 0.4760416666666668 0.67890625 0.4760416666666668 0.67890625 0.5552083333333333 0.7015625 0.5552083333333333
2 0.6390625 0.4822916666666668 0.6203125 0.4822916666666668 0.6203125 0.565625 0.6390625 0.565625
2 0.6640625 0.4968750000000001 0.64609375 0.4968750000000001 0.64609375 0.56875 0.6640625 0.56875
2 0.6609375 0.4531250000000001 0.64375 0.4531250000000001 0.64375 0.5166666666666668 0.6609375 0.5166666666666668
2 0.68671875 0.44583333333333347 0.671875 0.44583333333333347 0.671875 0.5208333333333335 0.68671875 0.5208333333333335
2 0.6359375 0.44583333333333347 0.61640625 0.44583333333333347 0.61640625 0.5041666666666668 0.6359375 0.5041666666666668
2 0.65859375 0.43020833333333347 0.6421875 0.43020833333333347 0.6421875 0.49062500000000014 0.65859375 0.49062500000000014
2 0.67578125 0.42812500000000014 0.6609375 0.42812500000000014 0.6609375 0.49895833333333345 0.67578125 0.49895833333333345
2 0.63671875 0.43125000000000013 0.6203125 0.43125000000000013 0.6203125 0.4812500000000001 0.63671875 0.4812500000000001
2 0.653125 0.4187500000000001 0.6390625 0.4187500000000001 0.6390625 0.4687500000000001 0.653125 0.4687500000000001
2 0.6671875 0.41458333333333347 0.65390625 0.41458333333333347 0.65390625 0.4604166666666668 0.6671875 0.4604166666666668
2 0.6625 0.3875000000000001 0.6515625 0.3875000000000001 0.6515625 0.4270833333333334 0.6625 0.4270833333333334
2 0.6484375 0.3781250000000001 0.63671875 0.3781250000000001 0.63671875 0.4270833333333334 0.6484375 0.4270833333333334
2 0.62265625 0.4072916666666668 0.61484375 0.4072916666666668 0.61484375 0.44895833333333346 0.62265625 0.44895833333333346
2 0.634375 0.39687500000000014 0.6234375 0.39687500000000014 0.6234375 0.43333333333333346 0.634375 0.43333333333333346
2 0.61953125 0.37916666666666676 0.6109375 0.37916666666666676 0.6109375 0.41562500000000013 0.61953125 0.41562500000000013
2 0.6125 0.3562500000000001 0.60390625 0.3562500000000001 0.60390625 0.40208333333333346 0.6125 0.40208333333333346
2 0.63125 0.3666666666666668 0.6203125 0.3666666666666668 0.6203125 0.40520833333333345 0.63125 0.40520833333333345
1 0.60859375 0.3125000000000001 0.59921875 0.3125000000000001 0.59921875 0.3625000000000001 0.60859375 0.3625000000000001
2 0.6140625 0.3281250000000001 0.60703125 0.3281250000000001 0.60703125 0.3718750000000001 0.6140625 0.3718750000000001
2 0.6296875 0.32708333333333345 0.6203125 0.32708333333333345 0.6203125 0.3645833333333334 0.6296875 0.3645833333333334
2 0.6421875 0.3385416666666668 0.63203125 0.3385416666666668 0.63203125 0.36562500000000014 0.6421875 0.36562500000000014
2 0.64765625 0.3593750000000001 0.63828125 0.3593750000000001 0.63828125 0.3885416666666668 0.64765625 0.3885416666666668
2 0.62109375 0.3385416666666668 0.6125 0.3385416666666668 0.6125 0.3729166666666668 0.62109375 0.3729166666666668
2 0.62421875 0.31875000000000014 0.61328125 0.31875000000000014 0.61328125 0.3437500000000001 0.62421875 0.3437500000000001
2 0.61640625 0.30625000000000013 0.6078125 0.30625000000000013 0.6078125 0.3312500000000001 0.61640625 0.3312500000000001
2 0.60625 0.2822916666666668 0.59609375 0.2822916666666668 0.59609375 0.31875000000000014 0.60625 0.31875000000000014
2 0.59765625 0.27395833333333347 0.59140625 0.27395833333333347 0.59140625 0.2968750000000001 0.59765625 0.2968750000000001
2 0.52421875 0.26770833333333344 0.51171875 0.26770833333333344 0.51171875 0.31875000000000014 0.52421875 0.31875000000000014
1 0.5171875 0.3385416666666668 0.4828125 0.3385416666666668 0.4828125 0.4250000000000001 0.5171875 0.4250000000000001
2 0.53125 0.3281250000000001 0.5203125 0.3281250000000001 0.5203125 0.38333333333333347 0.53125 0.38333333333333347
2 0.5390625 0.34270833333333345 0.53125 0.34270833333333345 0.53125 0.3885416666666668 0.5390625 0.3885416666666668
2 0.54296875 0.3750000000000001 0.528125 0.3750000000000001 0.528125 0.41458333333333347 0.54296875 0.41458333333333347
2 0.54375 0.6833333333333333 0.4984375 0.6833333333333333 0.4984375 0.8458333333333333 0.54375 0.8458333333333333
2 0.5632812500000001 0.865625 0.51875 0.865625 0.51875 1 0.5632812500000002 1
2 0.47265625 0.2489583333333334 0.46484375 0.2489583333333334 0.46484375 0.28750000000000014 0.47265625 0.28750000000000014
2 0.465625 0.2333333333333334 0.4578125 0.2333333333333334 0.4578125 0.2708333333333334 0.465625 0.2708333333333334
2 0.47265625 0.22604166666666672 0.4625 0.22604166666666672 0.4625 0.26041666666666674 0.47265625 0.26041666666666674
2 0.49140625 0.17604166666666674 0.48203125 0.17604166666666674 0.48203125 0.20729166666666674 0.49140625 0.20729166666666674
2 0.49921875 0.2083333333333334 0.49140625 0.2083333333333334 0.49140625 0.23229166666666673 0.49921875 0.23229166666666673
2 0.52890625 0.2510416666666667 0.51875 0.2510416666666667 0.51875 0.2822916666666668 0.52890625 0.2822916666666668
2 0.5171875 0.23854166666666674 0.51015625 0.23854166666666674 0.51015625 0.2687500000000001 0.5171875 0.2687500000000001
2 0.53984375 0.25729166666666675 0.5328125 0.25729166666666675 0.5328125 0.2843750000000001 0.53984375 0.2843750000000001
2 0.546875 0.26458333333333345 0.5421875 0.2645833333333334 0.5421875 0.2916666666666668 0.546875 0.2916666666666668
1 0.54375 0.2791666666666668 0.52421875 0.2791666666666668 0.52421875 0.3197916666666668 0.54375 0.3197916666666668
1 0.5578125 0.3093750000000001 0.53671875 0.3093750000000001 0.53671875 0.36562500000000014 0.5578125 0.36562500000000014
1 0.559375 0.24583333333333343 0.53828125 0.2458333333333334 0.53828125 0.28020833333333345 0.559375 0.28020833333333345
1 0.56171875 0.2156250000000001 0.540625 0.21562500000000007 0.540625 0.2510416666666668 0.56171875 0.2510416666666668
1 0.5296875 0.22604166666666672 0.5140625 0.22604166666666672 0.5140625 0.26562500000000006 0.5296875 0.26562500000000006
1 0.51953125 0.21562500000000007 0.50703125 0.21562500000000007 0.50703125 0.24375000000000005 0.51953125 0.24375000000000005
1 0.51328125 0.2020833333333334 0.4984375 0.2020833333333334 0.4984375 0.23125000000000007 0.51328125 0.23125000000000007
1 0.490625 0.15729166666666672 0.4765625 0.15729166666666672 0.4765625 0.17916666666666672 0.490625 0.17916666666666672
1 0.51015625 0.19375000000000006 0.49921875 0.19375000000000006 0.49921875 0.20937500000000006 0.51015625 0.20937500000000006
1 0.50625 0.1822916666666667 0.4953125 0.1822916666666667 0.4953125 0.20000000000000007 0.50625 0.20000000000000007
1 0.50234375 0.15729166666666672 0.4921875 0.15729166666666672 0.4921875 0.17500000000000007 0.50234375 0.17500000000000007
1 0.46171875 0.1333333333333334 0.453125 0.1333333333333334 0.453125 0.15312500000000007 0.46171875 0.15312500000000007
1 0.4671875 0.14687500000000006 0.45703125 0.14687500000000006 0.45703125 0.1666666666666667 0.4671875 0.1666666666666667
1 0.46796875 0.13750000000000007 0.45703125 0.13750000000000007 0.45703125 0.1520833333333334 0.46796875 0.1520833333333334
1 0.48203125 0.13750000000000007 0.47265625 0.13750000000000007 0.47265625 0.15729166666666672 0.48203125 0.15729166666666672
1 0.49453125 0.1458333333333334 0.4859375 0.1458333333333334 0.4859375 0.16041666666666674 0.49453125 0.16041666666666674
1 0.50234375 0.13229166666666675 0.49296875 0.13229166666666675 0.49296875 0.15625000000000006 0.50234375 0.15625000000000006
1 0.49140625 0.13854166666666673 0.4828125 0.13854166666666673 0.4828125 0.1520833333333334 0.49140625 0.1520833333333334
1 0.4734375 0.1218750000000001 0.459375 0.1218750000000001 0.459375 0.14375000000000007 0.4734375 0.14375000000000007
1 0.48828125 0.11458333333333343 0.478125 0.11458333333333343 0.478125 0.1312500000000001 0.48828125 0.1312500000000001
1 0.48203125 0.12916666666666676 0.47421875 0.12916666666666676 0.47421875 0.1395833333333334 0.48203125 0.1395833333333334
2 0.47734375 0.10416666666666675 0.4734375 0.10416666666666675 0.4734375 0.11666666666666675 0.47734375 0.11666666666666675
1 0.48671875 0.10520833333333342 0.48046875 0.10520833333333342 0.48046875 0.11458333333333343 0.48671875 0.11458333333333343
1 0.478125 0.09895833333333343 0.4734375 0.09895833333333343 0.4734375 0.10729166666666676 0.478125 0.10729166666666676
1 0.4828125 0.09375000000000008 0.478125 0.09375000000000008 0.478125 0.10312500000000009 0.4828125 0.10312500000000009
1 0.4890625 0.09687500000000009 0.4828125 0.09687500000000009 0.4828125 0.1062500000000001 0.4890625 0.1062500000000001
2 0.4953125 0.10208333333333343 0.490625 0.10208333333333343 0.490625 0.11979166666666675 0.4953125 0.11979166666666675
1 0.49453125 0.09479166666666676 0.48984375 0.09479166666666676 0.48984375 0.1062500000000001 0.49453125 0.1062500000000001
2 0.4921875 0.1312500000000001 0.4859375 0.1312500000000001 0.4859375 0.14166666666666672 0.4921875 0.14166666666666672
2 0.4921875 0.11562500000000009 0.48828125 0.11562500000000009 0.48828125 0.1333333333333334 0.4921875 0.1333333333333334
2 0.4953125 0.11458333333333343 0.49140625 0.11458333333333343 0.49140625 0.13229166666666675 0.4953125 0.13229166666666675
2 0.496875 0.08854166666666675 0.49453125 0.08854166666666675 0.49453125 0.10208333333333343 0.496875 0.10208333333333343
1 0.54609375 0.19687500000000008 0.53125 0.19687500000000005 0.53125 0.21770833333333342 0.54609375 0.21770833333333345
2 0.53671875 0.22291666666666674 0.53125 0.22291666666666674 0.53125 0.25520833333333337 0.53671875 0.25520833333333337
2 0.52578125 0.20729166666666674 0.5203125 0.20729166666666674 0.5203125 0.2291666666666667 0.52578125 0.2291666666666667
2 0.53125 0.21041666666666672 0.525 0.21041666666666672 0.525 0.23229166666666673 0.53125 0.23229166666666673
1 0.51171875 0.14375000000000007 0.50234375 0.14375000000000007 0.50234375 0.16562500000000005 0.51171875 0.16562500000000005
2 0.5125 0.15000000000000005 0.50625 0.15000000000000005 0.50625 0.17500000000000007 0.5125 0.17500000000000007
2 0.51796875 0.1489583333333334 0.51328125 0.1489583333333334 0.51328125 0.1708333333333334 0.51796875 0.1708333333333334
2 0.52265625 0.15000000000000005 0.5171875 0.15000000000000005 0.5171875 0.1677083333333334 0.52265625 0.1677083333333334
2 0.52109375 0.16562500000000005 0.515625 0.16562500000000005 0.515625 0.18958333333333338 0.52109375 0.18958333333333338
2 0.52734375 0.16562500000000005 0.52265625 0.16562500000000005 0.52265625 0.18750000000000006 0.52734375 0.18750000000000006
2 0.5328125 0.16979166666666673 0.528125 0.16979166666666673 0.528125 0.18958333333333338 0.5328125 0.18958333333333338
2 0.53984375 0.1677083333333334 0.534375 0.1677083333333334 0.534375 0.1864583333333334 0.53984375 0.1864583333333334
2 0.51875 0.19166666666666674 0.5125 0.19166666666666674 0.5125 0.2114583333333334 0.51875 0.2114583333333334
2 0.53828125 0.18541666666666673 0.53359375 0.18541666666666673 0.53359375 0.2020833333333334 0.53828125 0.2020833333333334
2 0.54765625 0.18541666666666676 0.54140625 0.18541666666666673 0.54140625 0.20208333333333342 0.54765625 0.20208333333333345
2 0.53125 0.19062500000000007 0.52578125 0.19062500000000007 0.52578125 0.21875000000000006 0.53125 0.21875000000000006
2 0.525 0.18958333333333338 0.5203125 0.18958333333333338 0.5203125 0.20937500000000006 0.525 0.20937500000000006
2 0.5734375 0.2447916666666668 0.565625 0.2447916666666668 0.565625 0.2791666666666668 0.5734375 0.2791666666666668
2 0.58515625 0.24687500000000012 0.578125 0.24687500000000012 0.578125 0.2791666666666668 0.58515625 0.2791666666666668
2 0.59296875 0.2687500000000001 0.5875 0.2687500000000001 0.5875 0.2864583333333334 0.59296875 0.2864583333333334
2 0.57734375 0.23750000000000013 0.57265625 0.23750000000000013 0.57265625 0.2687500000000001 0.57734375 0.2687500000000001
2 0.5671875 0.23020833333333346 0.56328125 0.23020833333333346 0.56328125 0.2572916666666668 0.5671875 0.2572916666666668
1 0.4984375 0.3260416666666668 0.47890625 0.3260416666666668 0.47890625 0.38958333333333345 0.4984375 0.38958333333333345