3 0.3851562500000001 0.7645833333333333 0.2312500000000001 0.7645833333333333 0.2312500000000001 1 0.3851562500000001 1
3 0.2335937500000001 0.7927083333333333 0.045312500000000075 0.7927083333333333 0.04531250000000008 1 0.2335937500000001 1
3 0.46328125 0.45312500000000006 0.29609375 0.453125 0.29609375000000004 0.89375 0.46328125 0.89375
3 0.39531250000000007 0.34687500000000004 0.33046875 0.346875 0.33046875000000003 0.4937500000000001 0.39531250000000007 0.49375000000000013
2 0.4828125000000001 0.8770833333333333 0.4296875 0.8770833333333333 0.4296875000000001 1 0.4828125000000002 1
1 0.2929687500000001 0.690625 0.19218750000000004 0.690625 0.19218750000000007 0.9427083333333334 0.2929687500000001 0.9427083333333334
2 0.2445312500000001 0.6760416666666667 0.2156250000000001 0.6760416666666667 0.2156250000000001 0.7760416666666666 0.2445312500000001 0.7760416666666666
2 0.1867187500000001 0.775 0.15390625000000008 0.775 0.15390625000000008 0.8197916666666667 0.1867187500000001 0.8197916666666667
2 0.15234375000000008 0.7541666666666667 0.12265625000000009 0.7541666666666667 0.12265625000000009 0.8239583333333333 0.15234375000000008 0.8239583333333333
2 0.20312500000000008 0.671875 0.16562500000000005 0.671875 0.16562500000000008 0.775 0.20312500000000008 0.775
2 0.5171875 0.5239583333333334 0.49453125 0.5239583333333334 0.49453125 0.621875 0.5171875 0.621875
2 0.31015625 0.45729166666666665 0.29375 0.45729166666666665 0.29375000000000007 0.54375 0.3101562500000001 0.54375
1 0.38906250000000003 0.46041666666666675 0.31796875 0.46041666666666664 0.31796875 0.5864583333333333 0.3890625000000001 0.5864583333333333
2 0.33203125000000006 0.4239583333333333 0.309375 0.4239583333333333 0.30937500000000007 0.496875 0.3320312500000001 0.496875
1 0.51328125 0.4510416666666668 0.4375 0.4510416666666668 0.4375 0.590625 0.51328125 0.590625
2 0.47578125 0.42812500000000014 0.4484375 0.42812500000000014 0.4484375 0.5010416666666668 0.47578125 0.5010416666666668
2 0.525 0.4250000000000001 0.50390625 0.4250000000000001 0.50390625 0.48645833333333344 0.525 0.48645833333333344
2 0.50390625 0.43020833333333347 0.49140625 0.43020833333333347 0.49140625 0.4697916666666668 0.50390625 0.4697916666666668
2 0.48125 0.39895833333333347 0.46484375 0.39895833333333347 0.46484375 0.4531250000000001 0.48125 0.4531250000000001
1 0.51796875 0.3354166666666668 0.47734375 0.3354166666666668 0.47734375 0.4187500000000001 0.51796875 0.4187500000000001
2 0.47109375 0.3447916666666668 0.45390625 0.3447916666666668 0.45390625 0.39895833333333347 0.47109375 0.39895833333333347
2 0.47734375 0.31666666666666676 0.45703125 0.31666666666666676 0.45703125 0.3572916666666668 0.47734375 0.3572916666666668
1 0.45078125 0.3854166666666668 0.39609375 0.3854166666666668 0.39609375 0.4666666666666668 0.45078125 0.4666666666666668
1 0.4515625 0.3197916666666668 0.403125 0.3197916666666668 0.403125 0.4166666666666668 0.4515625 0.4166666666666668
2 0.42734375 0.37916666666666676 0.40703125 0.37916666666666676 0.40703125 0.41250000000000014 0.42734375 0.41250000000000014
2 0.4328125 0.27500000000000013 0.4171875 0.27500000000000013 0.4171875 0.3260416666666668 0.4328125 0.3260416666666668
1 0.4765625 0.21875000000000006 0.4390625 0.21875000000000006 0.4390625 0.2864583333333334 0.4765625 0.2864583333333334
2 0.4265625 0.2593750000000001 0.41640625 0.2593750000000001 0.41640625 0.2916666666666668 0.4265625 0.2916666666666668
2 0.44375 0.2427083333333334 0.42890625 0.2427083333333334 0.42890625 0.2885416666666668 0.44375 0.2885416666666668
0 0.534375 0.1958333333333334 0.46953125 0.1958333333333334 0.46953125 0.3562500000000001 0.534375 0.3562500000000001
2 0.48671875 0.26041666666666674 0.46953125 0.26041666666666674 0.46953125 0.29895833333333344 0.48671875 0.29895833333333344
2 0.4359375 0.2395833333333334 0.428125 0.2395833333333334 0.428125 0.26562500000000006 0.4359375 0.26562500000000006
2 0.4125 0.2822916666666668 0.40234375 0.2822916666666668 0.40234375 0.32083333333333347 0.4125 0.32083333333333347
2 0.41015625 0.32187500000000013 0.403125 0.32187500000000013 0.403125 0.34791666666666676 0.41015625 0.34791666666666676
2 0.4015625 0.2885416666666668 0.3921875 0.2885416666666668 0.3921875 0.3312500000000001 0.4015625 0.3312500000000001
2 0.54296875 0.2812500000000001 0.52578125 0.2812500000000001 0.52578125 0.35208333333333347 0.54296875 0.35208333333333347
2 0.52734375 0.17395833333333338 0.51640625 0.17395833333333338 0.51640625 0.20104166666666673 0.52734375 0.20104166666666673
2 0.49453125 0.1979166666666667 0.48359375 0.1979166666666667 0.48359375 0.23437500000000006 0.49453125 0.23437500000000006
2 0.46640625 0.1864583333333334 0.459375 0.1864583333333334 0.459375 0.2145833333333334 0.46640625 0.2145833333333334
2 0.475 0.1802083333333334 0.4671875 0.1802083333333334 0.4671875 0.20625000000000007 0.475 0.20625000000000007
2 0.4796875 0.16562500000000005 0.47109375 0.16562500000000005 0.47109375 0.19062500000000007 0.4796875 0.19062500000000007
2 0.48515625 0.1520833333333334 0.47890625 0.1520833333333334 0.47890625 0.1708333333333334 0.48515625 0.1708333333333334
2 0.503125 0.14270833333333338 0.4984375 0.14270833333333338 0.4984375 0.1614583333333334 0.503125 0.1614583333333334
1 0.52265625 0.11458333333333343 0.50546875 0.11458333333333343 0.50546875 0.1489583333333334 0.52265625 0.1489583333333334
2 0.496875 0.1312500000000001 0.4921875 0.1312500000000001 0.4921875 0.14687500000000006 0.496875 0.14687500000000006
3 0.53828125 0.08125000000000009 0.515625 0.08125000000000009 0.515625 0.12500000000000008 0.53828125 0.12500000000000008
2 0.50234375 0.11562500000000009 0.496875 0.11562500000000009 0.496875 0.1281250000000001 0.50234375 0.1281250000000001
2 0.53828125 0.12500000000000008 0.52890625 0.12500000000000008 0.52890625 0.1520833333333334 0.53828125 0.1520833333333334
2 0.53203125 0.1270833333333334 0.5265625 0.1270833333333334 0.5265625 0.15312500000000007 0.53203125 0.15312500000000007
2 0.51484375 0.10208333333333343 0.5078125 0.10208333333333343 0.5078125 0.11875000000000009 0.51484375 0.11875000000000009
2 0.50546875 0.09895833333333343 0.50390625 0.09895833333333343 0.50390625 0.11770833333333343 0.50546875 0.11770833333333343
2 0.50546875 0.08541666666666675 0.50078125 0.08541666666666675 0.50078125 0.09895833333333343 0.50546875 0.09895833333333343
2 0.4984375 0.08333333333333343 0.49375 0.08333333333333343 0.49375 0.10000000000000009 0.4984375 0.10000000000000009
1 0.3421875000000001 0.5520833333333334 0.2765625000000001 0.5520833333333334 0.2765625000000001 0.728125 0.3421875000000001 0.728125