2 0.659375 0.9364583333333333 0.6171875 0.9364583333333333 0.6171875000000001 1 0.6593750000000002 1
2 0.81328125 0.7385416666666669 0.78125 0.7385416666666669 0.78125 0.8583333333333336 0.81328125 0.8583333333333336
2 0.90078125 0.8427083333333336 0.82734375 0.8427083333333336 0.82734375 1.0000000000000002 0.90078125 1.0000000000000002
2 0.77890625 0.6135416666666669 0.7390625 0.6135416666666669 0.7390625 0.7447916666666669 0.77890625 0.7447916666666669
2 0.74296875 0.5739583333333335 0.71171875 0.5739583333333333 0.71171875 0.6906250000000002 0.74296875 0.6906250000000003
1 0.725 0.5520833333333334 0.63125 0.5520833333333334 0.63125 0.7479166666666667 0.725 0.7479166666666667
2 0.709375 0.5114583333333335 0.6828125 0.5114583333333335 0.6828125 0.5947916666666667 0.709375 0.5947916666666667
1 0.640625 0.4229166666666668 0.584375 0.4229166666666668 0.584375 0.5354166666666667 0.640625 0.5354166666666667
2 0.67265625 0.46770833333333345 0.65 0.46770833333333345 0.65 0.5541666666666667 0.67265625 0.5541666666666667
2 0.66796875 0.41770833333333346 0.63671875 0.41770833333333346 0.63671875 0.5041666666666668 0.66796875 0.5041666666666668
1 0.59921875 0.4916666666666668 0.5265625 0.4916666666666668 0.5265625 0.66875 0.59921875 0.66875
2 0.584375 0.47083333333333344 0.5609375 0.47083333333333344 0.5609375 0.5218750000000001 0.584375 0.5218750000000001
1 0.6296875 0.6114583333333333 0.51171875 0.6114583333333333 0.51171875 0.8958333333333334 0.6296875 0.8958333333333334
1 0.7734375000000001 0.7270833333333334 0.63828125 0.7270833333333333 0.6382812500000001 1.0000000000000002 0.7734375000000002 1.0000000000000002
3 0.5484375 0.35833333333333345 0.4875 0.35833333333333345 0.4875 0.5333333333333333 0.5484375 0.5333333333333333
2 0.53671875 0.3260416666666668 0.51875 0.3260416666666668 0.51875 0.36875000000000013 0.53671875 0.36875000000000013
1 0.51953125 0.3354166666666668 0.48203125 0.3354166666666668 0.48203125 0.4250000000000001 0.51953125 0.4250000000000001
2 0.5265625 0.3041666666666668 0.51015625 0.3041666666666668 0.51015625 0.3416666666666668 0.5265625 0.3416666666666668
2 0.4796875 0.2614583333333334 0.46484375 0.2614583333333334 0.46484375 0.30520833333333347 0.4796875 0.30520833333333347
2 0.52734375 0.28333333333333344 0.50703125 0.28333333333333344 0.50703125 0.31875000000000014 0.52734375 0.31875000000000014
1 0.51015625 0.2916666666666668 0.47265625 0.2916666666666668 0.47265625 0.3604166666666668 0.51015625 0.3604166666666668
1 0.5078125 0.26562500000000006 0.4734375 0.26562500000000006 0.4734375 0.3000000000000001 0.5078125 0.3000000000000001
2 0.48671875 0.2510416666666667 0.47421875 0.2510416666666667 0.47421875 0.2843750000000001 0.48671875 0.2843750000000001
2 0.46953125 0.1645833333333334 0.45390625 0.1645833333333334 0.45390625 0.20416666666666672 0.46953125 0.20416666666666672
3 0.49765625 0.17187500000000006 0.46171875 0.17187500000000006 0.46171875 0.26770833333333344 0.49765625 0.26770833333333344
1 0.48828125 0.1677083333333334 0.46171875 0.1677083333333334 0.46171875 0.1989583333333334 0.48828125 0.1989583333333334
2 0.490625 0.1677083333333334 0.48203125 0.1677083333333334 0.48203125 0.19479166666666672 0.490625 0.19479166666666672
2 0.48984375 0.15416666666666673 0.47890625 0.15416666666666673 0.47890625 0.1770833333333334 0.48984375 0.1770833333333334
1 0.50546875 0.1552083333333334 0.48828125 0.1552083333333334 0.48828125 0.1927083333333334 0.50546875 0.1927083333333334
2 0.5015625 0.14479166666666674 0.48984375 0.14479166666666674 0.48984375 0.1645833333333334 0.5015625 0.1645833333333334
1 0.5078125 0.17812500000000006 0.4921875 0.17812500000000006 0.4921875 0.2177083333333334 0.5078125 0.2177083333333334
3 0.5390625 0.17187500000000006 0.50078125 0.17187500000000006 0.50078125 0.25625000000000003 0.5390625 0.25625000000000003
2 0.51640625 0.1458333333333334 0.50703125 0.1458333333333334 0.50703125 0.17395833333333338 0.51640625 0.17395833333333338
2 0.5109375 0.1458333333333334 0.5015625 0.1458333333333334 0.5015625 0.17500000000000007 0.5109375 0.17500000000000007
2 0.525 0.1520833333333334 0.51484375 0.1520833333333334 0.51484375 0.1822916666666667 0.525 0.1822916666666667
3 0.5 0.10312500000000009 0.4796875 0.10312500000000009 0.4796875 0.15312500000000007 0.5 0.15312500000000007
2 0.503125 0.11250000000000009 0.4953125 0.11250000000000009 0.4953125 0.13854166666666673 0.503125 0.13854166666666673
2 0.5 0.10104166666666675 0.49375 0.10104166666666675 0.49375 0.12083333333333342 0.5 0.12083333333333342
2 0.51328125 0.12500000000000008 0.5046875 0.12500000000000008 0.5046875 0.14687500000000006 0.51328125 0.14687500000000006
2 0.50859375 0.09479166666666676 0.50078125 0.09479166666666676 0.50078125 0.11875000000000009 0.50859375 0.11875000000000009
1 0.5421875 0.23541666666666672 0.51875 0.23541666666666672 0.51875 0.2864583333333334 0.5421875 0.2864583333333334
2 0.540625 0.2145833333333334 0.53359375 0.2145833333333334 0.53359375 0.2427083333333334 0.540625 0.2427083333333334
2 0.54765625 0.18854166666666675 0.5359375 0.18854166666666672 0.5359375 0.21458333333333343 0.54765625 0.21458333333333346
3 0.609375 0.2916666666666668 0.53828125 0.2916666666666668 0.53828125 0.4583333333333334 0.609375 0.4583333333333334
1 0.60703125 0.2666666666666668 0.5703125 0.2666666666666668 0.5703125 0.33437500000000014 0.60703125 0.33437500000000014
2 0.59765625 0.2937500000000001 0.57734375 0.2937500000000001 0.57734375 0.32708333333333345 0.59765625 0.32708333333333345
3 0.665625 0.2937500000000001 0.6 0.2937500000000001 0.6 0.43125000000000013 0.665625 0.43125000000000013
2 0.61328125 0.2822916666666668 0.60234375 0.2822916666666668 0.60234375 0.31875000000000014 0.61328125 0.31875000000000014
3 0.5734375 0.2562500000000001 0.53203125 0.25625000000000003 0.53203125 0.3447916666666668 0.5734375 0.3447916666666668
1 0.565625 0.23020833333333343 0.54140625 0.2302083333333334 0.54140625 0.26458333333333345 0.565625 0.26458333333333345
2 0.54765625 0.2062500000000001 0.53984375 0.20625000000000007 0.53984375 0.22916666666666677 0.54765625 0.2291666666666668
2 0.56875 0.20937500000000012 0.5546875 0.20937500000000012 0.5546875 0.23958333333333345 0.56875 0.23958333333333345
2 0.5703125 0.24062500000000012 0.56328125 0.24062500000000012 0.56328125 0.26770833333333344 0.5703125 0.26770833333333344
2 0.58203125 0.2385416666666668 0.57109375 0.2385416666666668 0.57109375 0.2687500000000001 0.58203125 0.2687500000000001
2 0.59140625 0.2447916666666668 0.57890625 0.2447916666666668 0.57890625 0.2729166666666668 0.59140625 0.2729166666666668
2 0.60234375 0.26458333333333345 0.59453125 0.26458333333333345 0.59453125 0.28958333333333347 0.60234375 0.28958333333333347