1 0.5328125 0.35000000000000014 0.490625 0.35000000000000014 0.490625 0.4218750000000001 0.5328125 0.4218750000000001
1 0.58203125 0.3333333333333334 0.53828125 0.3333333333333334 0.53828125 0.4187500000000001 0.58203125 0.4187500000000001
1 0.62109375 0.4500000000000001 0.56875 0.4500000000000001 0.56875 0.565625 0.62109375 0.565625
1 0.7359375 0.6343750000000001 0.634375 0.634375 0.634375 0.8541666666666667 0.7359375 0.8541666666666669
1 0.50078125 0.08333333333333343 0.49453125 0.08333333333333343 0.49453125 0.10208333333333343 0.50078125 0.10208333333333343
3 0.49609375 0.17395833333333338 0.45625 0.17395833333333338 0.45625 0.26562500000000006 0.49609375 0.26562500000000006
2 0.578125 0.6041666666666666 0.534375 0.6041666666666666 0.534375 0.7364583333333333 0.578125 0.7364583333333333
2 0.61796875 0.40208333333333346 0.5921875 0.40208333333333346 0.5921875 0.47083333333333344 0.61796875 0.47083333333333344
2 0.646875 0.3937500000000001 0.61953125 0.3937500000000001 0.61953125 0.45937500000000014 0.646875 0.45937500000000014
2 0.61875 0.32395833333333346 0.59765625 0.32395833333333346 0.59765625 0.3697916666666668 0.61875 0.3697916666666668
2 0.59296875 0.3125000000000001 0.57109375 0.3125000000000001 0.57109375 0.3593750000000001 0.59296875 0.3593750000000001
2 0.49296875 0.30520833333333347 0.4671875 0.30520833333333347 0.4671875 0.3541666666666668 0.49296875 0.3541666666666668
2 0.53984375 0.30625000000000013 0.5125 0.30625000000000013 0.5125 0.37708333333333344 0.53984375 0.37708333333333344
2 0.53125 0.2583333333333334 0.51171875 0.2583333333333334 0.51171875 0.3000000000000001 0.53125 0.3000000000000001
2 0.53984375 0.29895833333333344 0.521875 0.29895833333333344 0.521875 0.3250000000000001 0.53984375 0.3250000000000001
2 0.5671875 0.26250000000000007 0.5359375 0.26250000000000007 0.5359375 0.31145833333333345 0.5671875 0.31145833333333345
2 0.5921875 0.2510416666666668 0.57109375 0.2510416666666668 0.57109375 0.31145833333333345 0.5921875 0.31145833333333345
2 0.59921875 0.27395833333333347 0.57734375 0.27395833333333347 0.57734375 0.32187500000000013 0.59921875 0.32187500000000013
2 0.53125 0.19166666666666674 0.51484375 0.19166666666666674 0.51484375 0.23437500000000006 0.53125 0.23437500000000006
2 0.4921875 0.1354166666666667 0.48203125 0.1354166666666667 0.48203125 0.15625000000000006 0.4921875 0.15625000000000006
2 0.4859375 0.13854166666666673 0.47890625 0.13854166666666673 0.47890625 0.15833333333333338 0.4859375 0.15833333333333338
2 0.50625 0.10937500000000008 0.49765625 0.10937500000000008 0.49765625 0.1281250000000001 0.50625 0.1281250000000001