2 0.61015625 0.7666666666666667 0.5640625 0.7666666666666667 0.5640625 0.959375 0.61015625 0.959375
2 0.8078125 0.7343750000000002 0.76484375 0.7343750000000002 0.76484375 0.9114583333333336 0.8078125 0.9114583333333336
2 0.571875 0.6208333333333333 0.540625 0.6208333333333333 0.540625 0.7520833333333333 0.571875 0.7520833333333333
2 0.5796875 0.5312500000000001 0.54765625 0.5312500000000001 0.54765625 0.6416666666666667 0.5796875 0.6416666666666667
2 0.5453125 0.42812500000000014 0.52109375 0.42812500000000014 0.52109375 0.5250000000000001 0.5453125 0.5250000000000001
2 0.6546875 0.4875000000000001 0.63125 0.4875000000000001 0.63125 0.58125 0.6546875 0.58125
2 0.64375 0.3854166666666668 0.62734375 0.3854166666666668 0.62734375 0.4656250000000001 0.64375 0.4656250000000001
2 0.65546875 0.37708333333333344 0.64140625 0.37708333333333344 0.64140625 0.44895833333333346 0.65546875 0.44895833333333346
1 0.7046875 0.4510416666666668 0.65390625 0.4510416666666668 0.65390625 0.5604166666666667 0.7046875 0.5604166666666667
2 0.678125 0.41041666666666676 0.66171875 0.41041666666666676 0.66171875 0.4635416666666668 0.678125 0.4635416666666668
2 0.58046875 0.3697916666666668 0.5625 0.3697916666666668 0.5625 0.43645833333333345 0.58046875 0.43645833333333345
2 0.5703125 0.33750000000000013 0.55546875 0.33750000000000013 0.55546875 0.4072916666666668 0.5703125 0.4072916666666668
1 0.54921875 0.2916666666666668 0.51640625 0.2916666666666668 0.51640625 0.3489583333333334 0.54921875 0.3489583333333334
2 0.55390625 0.25729166666666675 0.540625 0.25729166666666675 0.540625 0.3125000000000001 0.55390625 0.3125000000000001
2 0.5359375 0.2395833333333334 0.5265625 0.2395833333333334 0.5265625 0.2843750000000001 0.5359375 0.2843750000000001
2 0.55390625 0.2208333333333334 0.5421875 0.22083333333333338 0.5421875 0.26458333333333345 0.55390625 0.26458333333333345
2 0.525 0.2083333333333334 0.51484375 0.2083333333333334 0.51484375 0.24687500000000007 0.525 0.24687500000000007
2 0.49609375 0.19479166666666672 0.48828125 0.19479166666666672 0.48828125 0.2333333333333334 0.49609375 0.2333333333333334
2 0.5 0.1510416666666667 0.49375 0.1510416666666667 0.49375 0.17916666666666672 0.5 0.17916666666666672
3 0.4828125 0.10000000000000009 0.4640625 0.10000000000000009 0.4640625 0.15729166666666672 0.4828125 0.15729166666666672
2 0.48828125 0.10416666666666675 0.48359375 0.10416666666666675 0.48359375 0.12395833333333342 0.48828125 0.12395833333333342
2 0.4984375 0.09895833333333343 0.4921875 0.09895833333333343 0.4921875 0.12083333333333342 0.4984375 0.12083333333333342
2 0.50546875 0.10416666666666675 0.5 0.10416666666666675 0.5 0.12083333333333342 0.50546875 0.12083333333333342
2 0.49375 0.12083333333333342 0.48828125 0.12083333333333342 0.48828125 0.14270833333333338 0.49375 0.14270833333333338
2 0.4984375 0.12291666666666676 0.49296875 0.12291666666666676 0.49296875 0.1489583333333334 0.4984375 0.1489583333333334
1 0.59609375 0.2812500000000001 0.5640625 0.2812500000000001 0.5640625 0.3489583333333334 0.59609375 0.3489583333333334
1 0.6203125 0.33645833333333347 0.5828125 0.33645833333333347 0.5828125 0.4166666666666668 0.6203125 0.4166666666666668
2 0.62421875 0.3177083333333334 0.61328125 0.3177083333333334 0.61328125 0.3645833333333334 0.62421875 0.3645833333333334
1 0.540625 0.34270833333333345 0.50390625 0.34270833333333345 0.50390625 0.42395833333333344 0.540625 0.42395833333333344
1 0.678125 0.559375 0.60703125 0.559375 0.60703125 0.7447916666666666 0.678125 0.7447916666666666
2 0.54375 0.1927083333333334 0.5296875 0.1927083333333334 0.5296875 0.23229166666666673 0.54375 0.23229166666666673