2 0.3773437500000001 0.8416666666666667 0.3179687500000001 0.8416666666666667 0.3179687500000001 1 0.3773437500000001 1
2 0.1781250000000001 0.9447916666666667 0.1468750000000001 0.9447916666666667 0.1468750000000001 1 0.1781250000000001 1
2 0.12421875000000009 0.8489583333333334 0.07812500000000008 0.8489583333333334 0.07812500000000008 0.9989583333333333 0.12421875000000009 0.9989583333333333
2 0.16562500000000008 0.7520833333333333 0.1312500000000001 0.7520833333333333 0.1312500000000001 0.89375 0.16562500000000008 0.89375
2 0.2000000000000001 0.7625 0.16796875000000008 0.7625 0.16796875000000008 0.925 0.2000000000000001 0.925
2 0.2390625000000001 0.8135416666666667 0.1984375000000001 0.8135416666666667 0.1984375000000001 0.9677083333333333 0.2390625000000001 0.9677083333333333
2 0.27421875000000007 0.7177083333333333 0.2375000000000001 0.7177083333333333 0.2375000000000001 0.8458333333333333 0.27421875000000007 0.8458333333333333
2 0.2375000000000001 0.6885416666666667 0.2039062500000001 0.6885416666666667 0.2039062500000001 0.8114583333333333 0.2375000000000001 0.8114583333333333
2 0.22656250000000008 0.634375 0.19375000000000003 0.634375 0.19375000000000006 0.7635416666666667 0.22656250000000008 0.7635416666666667
2 0.41328125 0.6697916666666667 0.3804687500000001 0.6697916666666667 0.3804687500000001 0.8114583333333333 0.41328125 0.8114583333333333
2 0.5171875 0.559375 0.48203125 0.559375 0.48203125 0.6614583333333334 0.5171875 0.6614583333333334
2 0.45 0.56875 0.4171875 0.56875 0.4171875 0.6572916666666667 0.45 0.6572916666666667
2 0.3109375000000001 0.6083333333333333 0.28984375000000007 0.6083333333333333 0.28984375000000007 0.725 0.3109375000000001 0.725
2 0.2867187500000001 0.6020833333333333 0.2500000000000001 0.6020833333333333 0.2500000000000001 0.725 0.2867187500000001 0.725
2 0.28203125000000007 0.5322916666666667 0.2539062500000001 0.5322916666666667 0.2539062500000001 0.6270833333333333 0.28203125000000007 0.6270833333333333
2 0.3195312500000001 0.5354166666666667 0.2929687500000001 0.5354166666666667 0.2929687500000001 0.6052083333333333 0.3195312500000001 0.6052083333333333
2 0.34453125000000007 0.5291666666666667 0.3257812500000001 0.5291666666666667 0.3257812500000001 0.6177083333333333 0.34453125000000007 0.6177083333333333
2 0.3125000000000001 0.490625 0.2906250000000001 0.490625 0.2906250000000001 0.55625 0.3125000000000001 0.55625
2 0.33828125000000003 0.48020833333333335 0.3203125 0.48020833333333335 0.32031250000000006 0.55625 0.3382812500000001 0.55625
2 0.3515625000000001 0.49375 0.3390625000000001 0.49375 0.3390625000000001 0.5510416666666667 0.3515625000000001 0.5510416666666667
2 0.36328125000000006 0.45625000000000004 0.34921875 0.45625 0.34921875 0.5333333333333333 0.3632812500000001 0.5333333333333333
2 0.38515625000000003 0.42395833333333344 0.3671875 0.42395833333333344 0.36718750000000006 0.4843750000000001 0.3851562500000001 0.4843750000000001
2 0.35703125 0.43333333333333335 0.34609375 0.43333333333333335 0.34609375000000003 0.49166666666666664 0.3570312500000001 0.49166666666666664
2 0.32890625000000007 0.43854166666666666 0.31328125 0.43854166666666666 0.31328125000000007 0.5270833333333333 0.32890625000000007 0.5270833333333333
2 0.34375 0.42291666666666666 0.33125 0.42291666666666666 0.33125 0.4708333333333333 0.34375 0.4708333333333333
2 0.43984375 0.5250000000000001 0.4234375 0.5250000000000001 0.4234375 0.584375 0.43984375 0.584375
2 0.43515625 0.49375000000000013 0.41875 0.49375000000000013 0.41875 0.5375 0.43515625 0.5375
2 0.4546875 0.4666666666666668 0.44140625 0.4666666666666668 0.44140625 0.5250000000000001 0.4546875 0.5250000000000001
2 0.52109375 0.3572916666666668 0.50703125 0.3572916666666668 0.50703125 0.4354166666666668 0.52109375 0.4354166666666668
2 0.5265625 0.3385416666666668 0.5109375 0.3385416666666668 0.5109375 0.38645833333333346 0.5265625 0.38645833333333346
2 0.46015625 0.3541666666666668 0.45 0.3541666666666668 0.45 0.41250000000000014 0.46015625 0.41250000000000014
2 0.36640625 0.4145833333333334 0.35625 0.41458333333333336 0.35625 0.4541666666666667 0.36640625 0.4541666666666668
2 0.36953125 0.38854166666666673 0.35546875 0.3885416666666667 0.35546875 0.4229166666666667 0.36953125 0.4229166666666668
2 0.3953125 0.39270833333333344 0.38203125 0.39270833333333344 0.38203125 0.43645833333333345 0.3953125 0.43645833333333345
2 0.38671875 0.3666666666666668 0.3734375 0.3666666666666668 0.3734375 0.4166666666666668 0.38671875 0.4166666666666668
2 0.465625 0.3468750000000001 0.45625 0.3468750000000001 0.45625 0.38437500000000013 0.465625 0.38437500000000013
2 0.4703125 0.32708333333333345 0.46015625 0.32708333333333345 0.46015625 0.36875000000000013 0.4703125 0.36875000000000013
2 0.4796875 0.3229166666666668 0.46875 0.3229166666666668 0.46875 0.35000000000000014 0.4796875 0.35000000000000014
2 0.43984375 0.3572916666666668 0.42734375 0.3572916666666668 0.42734375 0.38645833333333346 0.43984375 0.38645833333333346
2 0.45234375 0.33437500000000014 0.44140625 0.33437500000000014 0.44140625 0.37395833333333345 0.45234375 0.37395833333333345
2 0.4390625 0.33958333333333346 0.42890625 0.33958333333333346 0.42890625 0.3666666666666668 0.4390625 0.3666666666666668
2 0.45078125 0.3135416666666668 0.4421875 0.3135416666666668 0.4421875 0.3447916666666668 0.45078125 0.3447916666666668
2 0.40703125 0.36354166666666676 0.39921875 0.36354166666666676 0.39921875 0.41458333333333347 0.40703125 0.41458333333333347
2 0.4140625 0.3750000000000001 0.40546875 0.3750000000000001 0.40546875 0.4135416666666668 0.4140625 0.4135416666666668
2 0.39609375 0.35520833333333346 0.38359375 0.35520833333333346 0.38359375 0.39479166666666676 0.39609375 0.39479166666666676
2 0.38046875 0.3447916666666668 0.371875 0.3447916666666668 0.371875 0.38437500000000013 0.38046875 0.38437500000000013
2 0.36484375 0.3458333333333334 0.35234375 0.3458333333333333 0.35234375 0.38750000000000007 0.36484375 0.3875000000000001
2 0.37734375 0.3291666666666668 0.3640625 0.3291666666666668 0.3640625 0.3750000000000001 0.37734375 0.3750000000000001
2 0.41875 0.34583333333333344 0.40625 0.34583333333333344 0.40625 0.37395833333333345 0.41875 0.37395833333333345
2 0.43125 0.3291666666666668 0.42109375 0.3291666666666668 0.42109375 0.3802083333333334 0.43125 0.3802083333333334
2 0.44375 0.29895833333333344 0.4296875 0.29895833333333344 0.4296875 0.3447916666666668 0.44375 0.3447916666666668
2 0.41875 0.29583333333333345 0.4125 0.29583333333333345 0.4125 0.3333333333333334 0.41875 0.3333333333333334
2 0.42265625 0.2687500000000001 0.41328125 0.2687500000000001 0.41328125 0.30833333333333346 0.42265625 0.30833333333333346
2 0.409375 0.2791666666666668 0.39921875 0.2791666666666668 0.39921875 0.3093750000000001 0.409375 0.3093750000000001
2 0.39609375 0.2864583333333334 0.3828125 0.2864583333333334 0.3828125 0.31458333333333344 0.39609375 0.31458333333333344
2 0.453125 0.2781250000000001 0.44453125 0.2781250000000001 0.44453125 0.31458333333333344 0.453125 0.31458333333333344
2 0.44765625 0.2645833333333334 0.43671875 0.2645833333333334 0.43671875 0.29895833333333344 0.44765625 0.29895833333333344
2 0.45390625 0.2520833333333334 0.44609375 0.2520833333333334 0.44609375 0.28020833333333345 0.45390625 0.28020833333333345
2 0.4546875 0.2302083333333334 0.446875 0.2302083333333334 0.446875 0.2541666666666667 0.4546875 0.2541666666666667
2 0.44296875 0.23854166666666674 0.4328125 0.23854166666666674 0.4328125 0.2687500000000001 0.44296875 0.2687500000000001
2 0.434375 0.23541666666666672 0.42578125 0.23541666666666672 0.42578125 0.25312500000000004 0.434375 0.25312500000000004
2 0.44609375 0.21562500000000007 0.43828125 0.21562500000000007 0.43828125 0.23750000000000007 0.44609375 0.23750000000000007
2 0.45234375 0.20625000000000007 0.44609375 0.20625000000000007 0.44609375 0.22812500000000005 0.45234375 0.22812500000000005
2 0.4578125 0.1979166666666667 0.45078125 0.1979166666666667 0.45078125 0.22083333333333338 0.4578125 0.22083333333333338
2 0.46171875 0.19062500000000007 0.45625 0.19062500000000007 0.45625 0.2114583333333334 0.46171875 0.2114583333333334
2 0.46640625 0.18437500000000007 0.46328125 0.18437500000000007 0.46328125 0.20000000000000007 0.46640625 0.20000000000000007
2 0.4984375 0.2812500000000001 0.4890625 0.2812500000000001 0.4890625 0.30833333333333346 0.4984375 0.30833333333333346
2 0.50078125 0.27187500000000014 0.49609375 0.27187500000000014 0.49609375 0.2968750000000001 0.50078125 0.2968750000000001
2 0.50078125 0.2593750000000001 0.48984375 0.2593750000000001 0.48984375 0.2843750000000001 0.50078125 0.2843750000000001
2 0.50078125 0.23229166666666673 0.49296875 0.23229166666666673 0.49296875 0.25312500000000004 0.50078125 0.25312500000000004
2 0.51171875 0.20937500000000006 0.49921875 0.20937500000000006 0.49921875 0.24062500000000006 0.51171875 0.24062500000000006
2 0.5453125 0.17083333333333342 0.5375 0.1708333333333334 0.5375 0.20208333333333342 0.5453125 0.20208333333333345
2 0.54921875 0.14895833333333341 0.54296875 0.1489583333333334 0.54296875 0.1750000000000001 0.54921875 0.17500000000000013
2 0.53359375 0.10729166666666676 0.5265625 0.10729166666666676 0.5265625 0.13750000000000007 0.53359375 0.13750000000000007
2 0.50859375 0.14062500000000006 0.50390625 0.14062500000000006 0.50390625 0.15833333333333338 0.50859375 0.15833333333333338
2 0.49453125 0.15000000000000005 0.48671875 0.15000000000000005 0.48671875 0.17187500000000006 0.49453125 0.17187500000000006
2 0.48125 0.1520833333333334 0.47578125 0.1520833333333334 0.47578125 0.1677083333333334 0.48125 0.1677083333333334
2 0.50234375 0.13020833333333343 0.49765625 0.13020833333333343 0.49765625 0.14687500000000006 0.50234375 0.14687500000000006
2 0.50078125 0.11458333333333343 0.49765625 0.11458333333333343 0.49765625 0.13020833333333343 0.50078125 0.13020833333333343
2 0.50234375 0.10520833333333342 0.49921875 0.10520833333333342 0.49921875 0.11875000000000009 0.50234375 0.11875000000000009
2 0.496875 0.13437500000000005 0.490625 0.13437500000000005 0.490625 0.14687500000000006 0.496875 0.14687500000000006
1 0.3156250000000001 0.8541666666666666 0.21250000000000008 0.8541666666666666 0.21250000000000008 1 0.3156250000000001 1
1 0.48984375 0.5927083333333333 0.415625 0.5927083333333333 0.415625 0.7875 0.48984375 0.7875
1 0.403125 0.5635416666666667 0.3070312500000001 0.5635416666666667 0.3070312500000001 0.7489583333333333 0.403125 0.7489583333333333
1 0.4234375 0.44166666666666676 0.3671875 0.44166666666666676 0.36718750000000006 0.5635416666666667 0.4234375 0.5635416666666667
1 0.5015625 0.45729166666666676 0.43203125 0.45729166666666676 0.43203125 0.6177083333333333 0.5015625 0.6177083333333333
1 0.4515625 0.38333333333333347 0.4046875 0.38333333333333347 0.4046875 0.4697916666666668 0.4515625 0.4697916666666668
1 0.5140625 0.35833333333333345 0.46328125 0.35833333333333345 0.46328125 0.4604166666666668 0.5140625 0.4604166666666668
1 0.49921875 0.3385416666666668 0.47734375 0.3385416666666668 0.47734375 0.37083333333333346 0.49921875 0.37083333333333346
1 0.5171875 0.29895833333333344 0.4859375 0.29895833333333344 0.4859375 0.35208333333333347 0.5171875 0.35208333333333347
1 0.5296875 0.2760416666666668 0.50546875 0.2760416666666668 0.50546875 0.3333333333333334 0.5296875 0.3333333333333334
1 0.53203125 0.2458333333333334 0.50546875 0.2458333333333334 0.50546875 0.2822916666666668 0.53203125 0.2822916666666668
1 0.52890625 0.22083333333333338 0.50546875 0.22083333333333338 0.50546875 0.2541666666666667 0.52890625 0.2541666666666667
1 0.5328125 0.20937500000000006 0.51171875 0.20937500000000006 0.51171875 0.23645833333333338 0.5328125 0.23645833333333338
1 0.528125 0.1864583333333334 0.51640625 0.1864583333333334 0.51640625 0.21875000000000006 0.528125 0.21875000000000006
1 0.4125 0.2947916666666668 0.37265625 0.2947916666666668 0.37265625 0.3666666666666668 0.4125 0.3666666666666668
1 0.43203125 0.24687500000000007 0.39921875 0.24687500000000007 0.39921875 0.3104166666666668 0.43203125 0.3104166666666668
1 0.47890625 0.2843750000000001 0.45390625 0.2843750000000001 0.45390625 0.3385416666666668 0.47890625 0.3385416666666668
1 0.48359375 0.25312500000000004 0.45625 0.25312500000000004 0.45625 0.3020833333333334 0.48359375 0.3020833333333334
1 0.4859375 0.1666666666666667 0.46484375 0.1666666666666667 0.46484375 0.20520833333333338 0.4859375 0.20520833333333338
1 0.49765625 0.17604166666666674 0.484375 0.17604166666666674 0.484375 0.2020833333333334 0.49765625 0.2020833333333334
1 0.5109375 0.1666666666666667 0.4953125 0.1666666666666667 0.4953125 0.19375000000000006 0.5109375 0.19375000000000006
1 0.5140625 0.15312500000000007 0.5046875 0.15312500000000007 0.5046875 0.17395833333333338 0.5140625 0.17395833333333338
1 0.51640625 0.1333333333333334 0.51015625 0.1333333333333334 0.51015625 0.15625000000000006 0.51640625 0.15625000000000006
1 0.525 0.12083333333333342 0.51171875 0.12083333333333342 0.51171875 0.13437500000000005 0.525 0.13437500000000005
1 0.5109375 0.10729166666666676 0.4953125 0.10729166666666676 0.4953125 0.1395833333333334 0.5109375 0.1395833333333334
1 0.52109375 0.11145833333333342 0.51328125 0.11145833333333342 0.51328125 0.11979166666666675 0.52109375 0.11979166666666675
1 0.509375 0.09270833333333342 0.5015625 0.09270833333333342 0.5015625 0.1062500000000001 0.509375 0.1062500000000001
1 0.4984375 0.08958333333333342 0.48984375 0.08958333333333342 0.48984375 0.10520833333333342 0.4984375 0.10520833333333342
1 0.52890625 0.09895833333333343 0.51953125 0.09895833333333343 0.51953125 0.11875000000000009 0.52890625 0.11875000000000009
3 0.4921875 0.1979166666666667 0.45390625 0.1979166666666667 0.45390625 0.2666666666666668 0.4921875 0.2666666666666668
0 0.5421875 0.14166666666666672 0.5109375 0.14166666666666672 0.5109375 0.2135416666666667 0.5421875 0.2135416666666667
0 0.51875 0.09687500000000009 0.51015625 0.09687500000000009 0.51015625 0.11666666666666675 0.51875 0.11666666666666675