2 0.8140625 0.9020833333333336 0.76484375 0.9020833333333336 0.76484375 1.0000000000000002 0.8140625 1.0000000000000002
2 0.95234375 0.8822916666666669 0.890625 0.8822916666666669 0.890625 1.0000000000000002 0.95234375 1.0000000000000002
2 0.89921875 0.8697916666666669 0.83671875 0.8697916666666669 0.83671875 1.0000000000000002 0.89921875 1.0000000000000002
2 0.9078125 0.9614583333333335 0.87109375 0.9614583333333335 0.87109375 1.0000000000000002 0.9078125 1.0000000000000002
2 0.8234375 0.8343750000000002 0.77734375 0.8343750000000002 0.7773437500000001 0.9885416666666669 0.8234375 0.9885416666666669
2 0.7546875 0.7583333333333334 0.7109375 0.7583333333333333 0.7109375 0.8958333333333335 0.7546875 0.8958333333333336
2 0.603125 0.678125 0.56796875 0.678125 0.56796875 0.7854166666666667 0.603125 0.7854166666666667
2 0.59453125 0.6125 0.5625 0.6125 0.5625 0.7125 0.59453125 0.7125
2 0.63828125 0.6489583333333333 0.60390625 0.6489583333333333 0.60390625 0.7760416666666666 0.63828125 0.7760416666666666
2 0.64921875 0.6083333333333333 0.60859375 0.6083333333333333 0.60859375 0.6885416666666667 0.64921875 0.6885416666666667
2 0.64921875 0.5770833333333333 0.60859375 0.5770833333333333 0.60859375 0.6697916666666667 0.64921875 0.6697916666666667
2 0.68359375 0.5979166666666667 0.65 0.5979166666666667 0.65 0.684375 0.68359375 0.684375
2 0.690625 0.6604166666666667 0.65703125 0.6604166666666667 0.65703125 0.7114583333333333 0.690625 0.7114583333333333
2 0.71640625 0.6666666666666666 0.690625 0.6666666666666666 0.690625 0.7927083333333333 0.71640625 0.7927083333333333
2 0.834375 0.7500000000000002 0.790625 0.7500000000000002 0.790625 0.8791666666666669 0.834375 0.8791666666666669
2 0.88203125 0.7354166666666669 0.825 0.7354166666666669 0.825 0.9052083333333336 0.88203125 0.9052083333333336
2 0.8296875 0.6979166666666669 0.79765625 0.6979166666666669 0.79765625 0.7947916666666669 0.8296875 0.7947916666666669
2 0.83203125 0.6729166666666669 0.79140625 0.6729166666666669 0.79140625 0.7697916666666669 0.83203125 0.7697916666666669
2 1 0.5812500000000003 0.98125 0.5812500000000003 0.98125 0.6895833333333335 1 0.6895833333333335
2 0.75625 0.6802083333333334 0.72109375 0.6802083333333333 0.72109375 0.8052083333333334 0.75625 0.8052083333333335
2 0.7953125 0.7322916666666669 0.7625 0.7322916666666669 0.7625 0.8395833333333336 0.7953125 0.8395833333333336
2 0.77578125 0.7343750000000002 0.73984375 0.7343750000000002 0.73984375 0.9145833333333335 0.77578125 0.9145833333333335
2 0.7796875 0.6645833333333335 0.7484375 0.6645833333333335 0.7484375 0.7531250000000003 0.7796875 0.7531250000000003
2 0.77109375 0.5833333333333336 0.73828125 0.5833333333333336 0.73828125 0.6739583333333335 0.77109375 0.6739583333333335
2 0.75625 0.5927083333333335 0.7234375 0.5927083333333333 0.7234375 0.7218750000000002 0.75625 0.7218750000000003
2 0.7328125 0.6281250000000002 0.696875 0.628125 0.696875 0.7343750000000001 0.7328125 0.7343750000000002
2 0.71484375 0.584375 0.68203125 0.584375 0.68203125 0.6739583333333333 0.71484375 0.6739583333333333
2 0.728125 0.5687500000000001 0.6984375 0.56875 0.6984375 0.6468750000000001 0.728125 0.6468750000000002
2 0.74140625 0.5197916666666668 0.7109375 0.5197916666666668 0.7109375 0.5895833333333335 0.74140625 0.5895833333333336
2 0.66640625 0.5604166666666667 0.64453125 0.5604166666666667 0.64453125 0.63125 0.66640625 0.63125
2 0.69296875 0.5270833333333335 0.66328125 0.5270833333333335 0.66328125 0.640625 0.69296875 0.640625
2 0.71015625 0.5156250000000001 0.67890625 0.5156250000000001 0.67890625 0.6072916666666667 0.71015625 0.6072916666666667
2 0.625 0.46145833333333347 0.6046875 0.46145833333333347 0.6046875 0.5312500000000001 0.625 0.5312500000000001
2 0.63203125 0.4812500000000001 0.6140625 0.4812500000000001 0.6140625 0.578125 0.63203125 0.578125
2 0.65078125 0.5031250000000002 0.6234375 0.5031250000000002 0.6234375 0.5958333333333333 0.65078125 0.5958333333333333
2 0.66328125 0.4968750000000001 0.64609375 0.4968750000000001 0.64609375 0.58125 0.66328125 0.58125
2 0.4796875 0.26770833333333344 0.4640625 0.26770833333333344 0.4640625 0.30625000000000013 0.4796875 0.30625000000000013
2 0.48828125 0.2937500000000001 0.465625 0.2937500000000001 0.465625 0.33645833333333347 0.48828125 0.33645833333333347
2 0.48515625 0.3260416666666668 0.465625 0.3260416666666668 0.465625 0.37708333333333344 0.48515625 0.37708333333333344
2 0.5640625 0.45520833333333344 0.54375 0.45520833333333344 0.54375 0.5270833333333335 0.5640625 0.5270833333333335
2 0.65625 0.4291666666666668 0.6375 0.4291666666666668 0.6375 0.5093750000000001 0.65625 0.5093750000000001
2 0.6984375 0.4604166666666668 0.65859375 0.4604166666666668 0.65859375 0.5250000000000001 0.6984375 0.5250000000000001
2 0.675 0.42604166666666676 0.659375 0.42604166666666676 0.659375 0.46770833333333345 0.675 0.46770833333333345
2 0.65625 0.36770833333333347 0.6421875 0.36770833333333347 0.6421875 0.41250000000000014 0.65625 0.41250000000000014
2 0.67109375 0.39479166666666676 0.653125 0.39479166666666676 0.653125 0.4385416666666668 0.67109375 0.4385416666666668
2 0.65234375 0.40208333333333346 0.63671875 0.40208333333333346 0.63671875 0.43645833333333345 0.65234375 0.43645833333333345
2 0.63828125 0.3937500000000001 0.61875 0.3937500000000001 0.61875 0.4666666666666668 0.63828125 0.4666666666666668
2 0.5390625 0.3135416666666668 0.52890625 0.3135416666666668 0.52890625 0.35208333333333347 0.5390625 0.35208333333333347
2 0.54609375 0.33020833333333344 0.528125 0.33020833333333344 0.528125 0.38437500000000013 0.54609375 0.38437500000000013
2 0.54453125 0.36770833333333347 0.5265625 0.36770833333333347 0.5265625 0.40000000000000013 0.54453125 0.40000000000000013
2 0.55078125 0.3906250000000001 0.525 0.3906250000000001 0.525 0.4375000000000001 0.55078125 0.4375000000000001
2 0.5515625 0.41770833333333346 0.5328125 0.41770833333333346 0.5328125 0.48333333333333345 0.5515625 0.48333333333333345
2 0.5640625 0.4375000000000001 0.54609375 0.4375000000000001 0.54609375 0.4843750000000001 0.5640625 0.4843750000000001
2 0.56875 0.3958333333333334 0.54609375 0.3958333333333334 0.54609375 0.43645833333333345 0.56875 0.43645833333333345
2 0.57421875 0.3645833333333334 0.55546875 0.3645833333333334 0.55546875 0.39687500000000014 0.57421875 0.39687500000000014
2 0.63828125 0.33750000000000013 0.62734375 0.33750000000000013 0.62734375 0.36770833333333347 0.63828125 0.36770833333333347
2 0.60859375 0.2791666666666668 0.59296875 0.2791666666666668 0.59296875 0.30520833333333347 0.60859375 0.30520833333333347
2 0.57265625 0.27395833333333347 0.5578125 0.27395833333333347 0.5578125 0.30625000000000013 0.57265625 0.30625000000000013
2 0.5796875 0.29062500000000013 0.56171875 0.29062500000000013 0.56171875 0.33020833333333344 0.5796875 0.33020833333333344
2 0.55234375 0.23958333333333343 0.53984375 0.2395833333333334 0.53984375 0.2656250000000001 0.55234375 0.2656250000000001
2 0.5546875 0.21041666666666675 0.54296875 0.21041666666666672 0.54296875 0.23229166666666676 0.5546875 0.23229166666666679
2 0.5640625 0.23229166666666679 0.55546875 0.23229166666666679 0.55546875 0.2531250000000001 0.5640625 0.2531250000000001
2 0.5734375 0.22500000000000012 0.56484375 0.22500000000000012 0.56484375 0.25833333333333347 0.5734375 0.25833333333333347
2 0.5875 0.2447916666666668 0.575 0.2447916666666668 0.575 0.27500000000000013 0.5875 0.27500000000000013
2 0.56015625 0.2500000000000001 0.54609375 0.2500000000000001 0.54609375 0.28333333333333344 0.56015625 0.28333333333333344
2 0.48984375 0.20104166666666673 0.484375 0.20104166666666673 0.484375 0.22083333333333338 0.48984375 0.22083333333333338
2 0.48984375 0.18125000000000005 0.48125 0.18125000000000005 0.48125 0.20000000000000007 0.48984375 0.20000000000000007
2 0.5359375 0.1822916666666667 0.53203125 0.1822916666666667 0.53203125 0.20104166666666673 0.5359375 0.20104166666666673
2 0.54765625 0.18750000000000008 0.53828125 0.18750000000000006 0.53828125 0.2062500000000001 0.54765625 0.20625000000000013
2 0.54140625 0.20000000000000007 0.53125 0.20000000000000007 0.53125 0.21666666666666673 0.54140625 0.21666666666666673
2 0.51875 0.16875000000000007 0.5125 0.16875000000000007 0.5125 0.19062500000000007 0.51875 0.19062500000000007
2 0.49921875 0.14166666666666672 0.49140625 0.14166666666666672 0.49140625 0.15625000000000006 0.49921875 0.15625000000000006
2 0.5078125 0.1458333333333334 0.5 0.1458333333333334 0.5 0.16250000000000006 0.5078125 0.16250000000000006
2 0.5140625 0.13229166666666675 0.50859375 0.13229166666666675 0.50859375 0.1510416666666667 0.5140625 0.1510416666666667
2 0.45546875 0.1552083333333334 0.45078125 0.1552083333333334 0.45078125 0.17395833333333338 0.45546875 0.17395833333333338
2 0.48046875 0.1645833333333334 0.475 0.1645833333333334 0.475 0.17812500000000006 0.48046875 0.17812500000000006
2 0.48515625 0.16875000000000007 0.48203125 0.16875000000000007 0.48203125 0.1770833333333334 0.48515625 0.1770833333333334
1 0.6367187500000001 0.7770833333333333 0.525 0.7770833333333333 0.5250000000000001 1 0.6367187500000002 1
1 0.7265625 0.7010416666666668 0.62578125 0.7010416666666667 0.62578125 0.9458333333333334 0.7265625 0.9458333333333335
1 0.57265625 0.5125000000000001 0.4859375 0.5125000000000001 0.4859375 0.7364583333333333 0.57265625 0.7364583333333333
1 0.621875 0.4666666666666668 0.5578125 0.4666666666666668 0.5578125 0.628125 0.621875 0.628125
1 0.54296875 0.4531250000000001 0.48515625 0.4531250000000001 0.48515625 0.575 0.54296875 0.575
1 0.62265625 0.3729166666666668 0.5625 0.3729166666666668 0.5625 0.4854166666666668 0.62265625 0.4854166666666668
1 0.53671875 0.3916666666666668 0.4828125 0.3916666666666668 0.4828125 0.49270833333333347 0.53671875 0.49270833333333347
1 0.525 0.33020833333333344 0.4734375 0.33020833333333344 0.4734375 0.4218750000000001 0.525 0.4218750000000001
1 0.58984375 0.33229166666666676 0.54765625 0.33229166666666676 0.54765625 0.4041666666666668 0.58984375 0.4041666666666668
1 0.6421875 0.33750000000000013 0.59375 0.33750000000000013 0.59375 0.42604166666666676 0.6421875 0.42604166666666676
1 0.6203125 0.2979166666666668 0.58359375 0.2979166666666668 0.58359375 0.36875000000000013 0.6203125 0.36875000000000013
1 0.57109375 0.2979166666666668 0.5375 0.2979166666666668 0.5375 0.33958333333333346 0.57109375 0.33958333333333346
1 0.5546875 0.2552083333333334 0.52265625 0.25520833333333337 0.52265625 0.31145833333333345 0.5546875 0.31145833333333345
1 0.58828125 0.2552083333333334 0.5609375 0.2552083333333334 0.5609375 0.31145833333333345 0.58828125 0.31145833333333345
1 0.53828125 0.23750000000000007 0.51328125 0.23750000000000007 0.51328125 0.2729166666666668 0.53828125 0.2729166666666668
1 0.49375 0.2395833333333334 0.465625 0.2395833333333334 0.465625 0.2812500000000001 0.49375 0.2812500000000001
1 0.48671875 0.22083333333333338 0.46484375 0.22083333333333338 0.46484375 0.2458333333333334 0.48671875 0.2458333333333334
1 0.48828125 0.19479166666666672 0.4578125 0.19479166666666672 0.4578125 0.2302083333333334 0.48828125 0.2302083333333334
1 0.4796875 0.17916666666666672 0.46640625 0.17916666666666672 0.46640625 0.1958333333333334 0.4796875 0.1958333333333334
1 0.4703125 0.1677083333333334 0.45625 0.1677083333333334 0.45625 0.19479166666666672 0.4703125 0.19479166666666672
1 0.46796875 0.1510416666666667 0.45625 0.1510416666666667 0.45625 0.1677083333333334 0.46796875 0.1677083333333334
1 0.46953125 0.12916666666666674 0.453125 0.12916666666666674 0.453125 0.1489583333333334 0.46953125 0.1489583333333334
1 0.46796875 0.11875000000000009 0.46015625 0.11875000000000009 0.46015625 0.12916666666666676 0.46796875 0.12916666666666676
1 0.49296875 0.10312500000000009 0.47578125 0.10312500000000009 0.47578125 0.11666666666666675 0.49296875 0.11666666666666675
1 0.47265625 0.11458333333333343 0.459375 0.11458333333333343 0.459375 0.12291666666666676 0.47265625 0.12291666666666676
1 0.4796875 0.1218750000000001 0.46953125 0.1218750000000001 0.46953125 0.13750000000000007 0.4796875 0.13750000000000007
1 0.48359375 0.1354166666666667 0.4734375 0.1354166666666667 0.4734375 0.15416666666666673 0.48359375 0.15416666666666673
1 0.49375 0.1510416666666667 0.4765625 0.1510416666666667 0.4765625 0.17395833333333338 0.49375 0.17395833333333338
1 0.5046875 0.15729166666666672 0.484375 0.15729166666666672 0.484375 0.1770833333333334 0.5046875 0.1770833333333334
1 0.509375 0.1770833333333334 0.490625 0.1770833333333334 0.490625 0.20104166666666673 0.509375 0.20104166666666673
1 0.515625 0.20520833333333338 0.48984375 0.20520833333333338 0.48984375 0.24166666666666672 0.515625 0.24166666666666672
1 0.52109375 0.21979166666666672 0.49921875 0.21979166666666672 0.49921875 0.24687500000000007 0.52109375 0.24687500000000007
1 0.54609375 0.21041666666666675 0.51953125 0.21041666666666672 0.51953125 0.23854166666666676 0.54609375 0.2385416666666668
1 0.53359375 0.19166666666666674 0.509375 0.19166666666666674 0.509375 0.2270833333333334 0.53359375 0.2270833333333334
1 0.534375 0.1666666666666667 0.5171875 0.1666666666666667 0.5171875 0.19166666666666674 0.534375 0.19166666666666674
1 0.52421875 0.14791666666666672 0.50625 0.14791666666666672 0.50625 0.17291666666666672 0.52421875 0.17291666666666672
1 0.50703125 0.1312500000000001 0.49453125 0.1312500000000001 0.49453125 0.1489583333333334 0.50703125 0.1489583333333334
1 0.4953125 0.11770833333333343 0.48203125 0.11770833333333343 0.48203125 0.1458333333333334 0.4953125 0.1458333333333334
1 0.509375 0.10833333333333342 0.4953125 0.10833333333333342 0.4953125 0.1218750000000001 0.509375 0.1218750000000001
1 0.50390625 0.11666666666666675 0.4953125 0.11666666666666675 0.4953125 0.1333333333333334 0.50390625 0.1333333333333334
2 0.50546875 0.09375000000000008 0.4984375 0.09375000000000008 0.4984375 0.10416666666666675 0.50546875 0.10416666666666675
3 0.52890625 0.23437500000000006 0.48125 0.23437500000000006 0.48125 0.3645833333333334 0.52890625 0.3645833333333334
2 0.5609375 0.21145833333333344 0.5515625 0.21145833333333344 0.5515625 0.23020833333333346 0.5609375 0.23020833333333346