2 0.3976562500000001 0.7541666666666667 0.3554687500000001 0.7541666666666667 0.3554687500000001 0.915625 0.3976562500000001 0.915625
2 0.4546875 0.65625 0.42265625 0.65625 0.42265625 0.7645833333333333 0.4546875 0.7645833333333333
2 0.41171875 0.6083333333333333 0.3687500000000001 0.6083333333333333 0.3687500000000001 0.75625 0.41171875 0.75625
2 0.3453125000000001 0.75625 0.3101562500000001 0.75625 0.3101562500000001 0.8979166666666667 0.3453125000000001 0.8979166666666667
2 0.2929687500000001 0.7760416666666666 0.2531250000000001 0.7760416666666666 0.2531250000000001 0.9229166666666667 0.2929687500000001 0.9229166666666667
2 0.2445312500000001 0.8645833333333334 0.2093750000000001 0.8645833333333334 0.2093750000000001 0.9645833333333333 0.2445312500000001 0.9645833333333333
2 0.20859375000000008 0.8270833333333333 0.16562500000000008 0.8270833333333333 0.16562500000000008 0.9916666666666667 0.20859375000000008 0.9916666666666667
2 0.18906250000000008 0.771875 0.15234375000000008 0.771875 0.15234375000000008 0.8916666666666667 0.18906250000000008 0.8916666666666667
2 0.2515625000000001 0.6864583333333333 0.22265625000000008 0.6864583333333333 0.22265625000000008 0.8177083333333334 0.2515625000000001 0.8177083333333334
2 0.2453125000000001 0.6114583333333333 0.2156250000000001 0.6114583333333333 0.2156250000000001 0.7229166666666667 0.2453125000000001 0.7229166666666667
2 0.2843750000000001 0.6260416666666667 0.2554687500000001 0.6260416666666667 0.2554687500000001 0.7447916666666666 0.2843750000000001 0.7447916666666666
2 0.3273437500000001 0.6364583333333333 0.2882812500000001 0.6364583333333333 0.2882812500000001 0.7395833333333334 0.3273437500000001 0.7395833333333334
2 0.34062500000000007 0.6885416666666667 0.29375000000000007 0.6885416666666667 0.29375000000000007 0.83125 0.34062500000000007 0.83125
2 0.3468750000000001 0.5572916666666666 0.32109375000000007 0.5572916666666666 0.32109375000000007 0.6635416666666667 0.3468750000000001 0.6635416666666667
2 0.3085937500000001 0.5729166666666666 0.2750000000000001 0.5729166666666666 0.2750000000000001 0.66875 0.3085937500000001 0.66875
2 0.2906250000000001 0.521875 0.2570312500000001 0.521875 0.2570312500000001 0.6375 0.2906250000000001 0.6375
2 0.33281250000000007 0.521875 0.30546875000000007 0.521875 0.30546875000000007 0.6239583333333333 0.33281250000000007 0.6239583333333333
2 0.33281250000000007 0.48854166666666665 0.3164062500000001 0.48854166666666665 0.3164062500000001 0.5583333333333333 0.33281250000000007 0.5583333333333333
2 0.31562500000000004 0.47604166666666664 0.2953125 0.47604166666666664 0.29531250000000003 0.553125 0.3156250000000001 0.553125
2 0.32890625000000007 0.440625 0.309375 0.440625 0.30937500000000007 0.5052083333333334 0.32890625000000007 0.5052083333333334
2 0.365625 0.3916666666666667 0.3484375 0.39166666666666666 0.3484375 0.4572916666666667 0.365625 0.45729166666666676
2 0.3625 0.36770833333333336 0.346875 0.36770833333333336 0.346875 0.41770833333333335 0.3625 0.41770833333333335
2 0.49921875 0.43645833333333345 0.44609375 0.43645833333333345 0.44609375 0.5958333333333333 0.49921875 0.5958333333333333
2 0.4484375 0.3354166666666668 0.44296875 0.3354166666666668 0.44296875 0.38437500000000013 0.4484375 0.38437500000000013
1 0.48046875 0.2781250000000001 0.44375 0.2781250000000001 0.44375 0.3447916666666668 0.48046875 0.3447916666666668
2 0.44765625 0.2791666666666668 0.43828125 0.2791666666666668 0.43828125 0.3260416666666668 0.44765625 0.3260416666666668
2 0.38203125 0.3291666666666668 0.36953125 0.3291666666666668 0.36953125 0.3854166666666668 0.38203125 0.3854166666666668
2 0.4390625 0.27187500000000014 0.4296875 0.27187500000000014 0.4296875 0.31458333333333344 0.4390625 0.31458333333333344
1 0.43046875 0.30520833333333347 0.38828125 0.30520833333333347 0.38828125 0.4135416666666668 0.43046875 0.4135416666666668
2 0.42578125 0.3000000000000001 0.4140625 0.3000000000000001 0.4140625 0.3385416666666668 0.42578125 0.3385416666666668
2 0.39296875 0.30312500000000014 0.384375 0.30312500000000014 0.384375 0.3406250000000001 0.39296875 0.3406250000000001
2 0.41796875 0.2781250000000001 0.40859375 0.2781250000000001 0.40859375 0.31666666666666676 0.41796875 0.31666666666666676
2 0.40859375 0.27708333333333346 0.39921875 0.27708333333333346 0.39921875 0.31666666666666676 0.40859375 0.31666666666666676
2 0.42890625 0.26250000000000007 0.4171875 0.26250000000000007 0.4171875 0.3000000000000001 0.42890625 0.3000000000000001
2 0.43125 0.2427083333333334 0.4203125 0.2427083333333334 0.4203125 0.26770833333333344 0.43125 0.26770833333333344
1 0.4859375 0.24375000000000005 0.4515625 0.24375000000000005 0.4515625 0.3020833333333334 0.4859375 0.3020833333333334
2 0.45078125 0.23854166666666674 0.44453125 0.23854166666666674 0.44453125 0.27395833333333347 0.45078125 0.27395833333333347
2 0.44296875 0.21562500000000007 0.434375 0.21562500000000007 0.434375 0.2520833333333334 0.44296875 0.2520833333333334
1 0.53125 0.2458333333333334 0.496875 0.2458333333333334 0.496875 0.3093750000000001 0.53125 0.3093750000000001
2 0.5 0.24166666666666672 0.48671875 0.24166666666666672 0.48671875 0.2822916666666668 0.5 0.2822916666666668
2 0.4890625 0.2083333333333334 0.4765625 0.2083333333333334 0.4765625 0.24375000000000005 0.4890625 0.24375000000000005
2 0.4734375 0.21041666666666672 0.46015625 0.21041666666666672 0.46015625 0.2458333333333334 0.4734375 0.2458333333333334
2 0.48125 0.18541666666666673 0.4703125 0.18541666666666673 0.4703125 0.21979166666666672 0.48125 0.21979166666666672
2 0.46328125 0.19375000000000006 0.4546875 0.19375000000000006 0.4546875 0.22604166666666672 0.46328125 0.22604166666666672
1 0.5078125 0.17500000000000007 0.4890625 0.17500000000000007 0.4890625 0.21562500000000007 0.5078125 0.21562500000000007
2 0.49140625 0.16979166666666673 0.48203125 0.16979166666666673 0.48203125 0.20520833333333338 0.49140625 0.20520833333333338
2 0.475 0.17395833333333338 0.46796875 0.17395833333333338 0.46796875 0.20937500000000006 0.475 0.20937500000000006
2 0.490625 0.16041666666666674 0.48203125 0.16041666666666674 0.48203125 0.18437500000000007 0.490625 0.18437500000000007
1 0.5390625 0.2145833333333334 0.5109375 0.2145833333333334 0.5109375 0.2541666666666667 0.5390625 0.2541666666666667
2 0.5125 0.20312500000000006 0.5046875 0.20312500000000006 0.5046875 0.2333333333333334 0.5125 0.2333333333333334
2 0.521875 0.1979166666666667 0.515625 0.1979166666666667 0.515625 0.2145833333333334 0.521875 0.2145833333333334
2 0.54296875 0.18958333333333338 0.534375 0.18958333333333338 0.534375 0.22291666666666674 0.54296875 0.22291666666666674
2 0.54375 0.16250000000000006 0.52578125 0.16250000000000006 0.52578125 0.19479166666666672 0.54375 0.19479166666666672
1 0.5140625 0.15937500000000007 0.49921875 0.15937500000000007 0.49921875 0.19062500000000007 0.5140625 0.19062500000000007
2 0.49921875 0.1552083333333334 0.49296875 0.1552083333333334 0.49296875 0.17604166666666674 0.49921875 0.17604166666666674
1 0.52578125 0.12916666666666676 0.509375 0.12916666666666676 0.509375 0.1614583333333334 0.52578125 0.1614583333333334
2 0.50625 0.1395833333333334 0.5 0.1395833333333334 0.5 0.1614583333333334 0.50625 0.1614583333333334
2 0.49765625 0.1354166666666667 0.4921875 0.1354166666666667 0.4921875 0.15312500000000007 0.49765625 0.15312500000000007
2 0.49296875 0.14062500000000006 0.48828125 0.14062500000000006 0.48828125 0.1552083333333334 0.49296875 0.1552083333333334
2 0.4953125 0.1218750000000001 0.49375 0.1218750000000001 0.49375 0.13854166666666673 0.4953125 0.13854166666666673
1 0.54609375 0.13541666666666677 0.5328125 0.1354166666666667 0.5328125 0.15625000000000008 0.54609375 0.1562500000000001
1 0.546875 0.11562500000000009 0.528125 0.11562500000000009 0.528125 0.13854166666666676 0.546875 0.13854166666666679
1 0.53515625 0.10000000000000009 0.51796875 0.10000000000000009 0.51796875 0.12291666666666676 0.53515625 0.12291666666666676
2 0.53046875 0.11354166666666675 0.52578125 0.11354166666666675 0.52578125 0.1281250000000001 0.53046875 0.1281250000000001
0 0.52421875 0.10000000000000009 0.50234375 0.10000000000000009 0.50234375 0.1489583333333334 0.52421875 0.1489583333333334
2 0.525 0.11562500000000009 0.51796875 0.11562500000000009 0.51796875 0.1333333333333334 0.525 0.1333333333333334
2 0.50625 0.11458333333333343 0.5015625 0.11458333333333343 0.5015625 0.12500000000000008 0.50625 0.12500000000000008
2 0.50078125 0.11041666666666676 0.49453125 0.11041666666666676 0.49453125 0.1270833333333334 0.50078125 0.1270833333333334
1 0.29375000000000007 0.95 0.1945312500000001 0.95 0.1945312500000001 1 0.29375000000000007 1
1 0.5007812500000001 0.7625 0.3820312500000001 0.7625 0.3820312500000001 1 0.5007812500000002 1
1 0.43671875 0.4093750000000001 0.3796875 0.4093750000000001 0.37968750000000007 0.5145833333333335 0.43671875 0.5145833333333335
1 0.53046875 0.3229166666666668 0.4625 0.3229166666666668 0.4625 0.41458333333333347 0.53046875 0.41458333333333347
1 0.5359375 0.14791666666666672 0.5265625 0.14791666666666672 0.5265625 0.1708333333333334 0.5359375 0.1708333333333334
1 0.540625 0.10937500000000008 0.5296875 0.10937500000000008 0.5296875 0.11875000000000009 0.540625 0.11875000000000009
1 0.51171875 0.09166666666666676 0.503125 0.09166666666666676 0.503125 0.1062500000000001 0.51171875 0.1062500000000001