2 0.5171875 0.5864583333333333 0.4953125 0.5864583333333333 0.4953125 0.6604166666666667 0.5171875 0.6604166666666667
2 0.52265625 0.6510416666666666 0.4875 0.6510416666666666 0.4875 0.7770833333333333 0.52265625 0.7770833333333333
2 0.5625 0.6645833333333333 0.54140625 0.6645833333333333 0.54140625 0.69375 0.5625 0.69375
2 0.54375 0.5635416666666667 0.515625 0.5635416666666667 0.515625 0.659375 0.54375 0.659375
2 0.55390625 0.609375 0.52421875 0.609375 0.52421875 0.69375 0.55390625 0.69375
2 0.6015625 0.7666666666666667 0.59609375 0.7666666666666667 0.59609375 0.7697916666666667 0.6015625 0.7697916666666667
2 0.6656250000000001 0.9760416666666667 0.6406250000000002 0.9760416666666667 0.6406250000000002 1 0.6656250000000001 1
2 0.6523437500000001 0.8791666666666667 0.61171875 0.8791666666666667 0.6117187500000001 1 0.6523437500000002 1
2 0.64453125 0.7958333333333333 0.59453125 0.7958333333333333 0.59453125 0.959375 0.64453125 0.959375
2 0.6296875 0.7270833333333333 0.59296875 0.7270833333333333 0.59296875 0.8239583333333333 0.6296875 0.8239583333333333
2 0.80234375 0.7093750000000002 0.7609375 0.7093750000000002 0.7609375 0.8447916666666669 0.80234375 0.8447916666666669
2 0.77578125 0.7500000000000002 0.7375 0.7500000000000002 0.7375 0.8947916666666669 0.77578125 0.8947916666666669
2 0.825 0.7593750000000002 0.7984375 0.7593750000000002 0.7984375 0.8125000000000002 0.825 0.8125000000000002
2 0.74375 0.6958333333333334 0.7140625 0.6958333333333333 0.7140625 0.8343750000000001 0.74375 0.8343750000000002
2 0.73515625 0.6239583333333335 0.7078125 0.6239583333333333 0.7078125 0.7135416666666667 0.73515625 0.7135416666666669
2 0.7125 0.6541666666666667 0.68203125 0.6541666666666667 0.68203125 0.7520833333333333 0.7125 0.7520833333333333
2 0.61953125 0.665625 0.5921875 0.665625 0.5921875 0.765625 0.61953125 0.765625
2 0.60234375 0.621875 0.57578125 0.621875 0.57578125 0.7395833333333334 0.60234375 0.7395833333333334
2 0.5828125 0.5791666666666667 0.55390625 0.5791666666666667 0.55390625 0.6958333333333333 0.5828125 0.6958333333333333
2 0.57890625 0.5447916666666667 0.55 0.5447916666666667 0.55 0.6 0.57890625 0.6
2 0.575 0.5000000000000001 0.546875 0.5000000000000001 0.546875 0.5958333333333333 0.575 0.5958333333333333
2 0.70625 0.6041666666666666 0.675 0.6041666666666666 0.675 0.703125 0.70625 0.703125
2 0.75703125 0.5187500000000002 0.73046875 0.5187500000000002 0.73046875 0.5614583333333336 0.75703125 0.5614583333333336
2 0.6890625 0.5625 0.65703125 0.5625 0.65703125 0.6666666666666666 0.6890625 0.6666666666666666
2 0.6953125 0.5125000000000001 0.66484375 0.5125000000000001 0.66484375 0.5989583333333334 0.6953125 0.5989583333333334
2 0.6734375 0.5218750000000001 0.640625 0.5218750000000001 0.640625 0.5927083333333333 0.6734375 0.5927083333333333
2 0.72421875 0.47812500000000013 0.70078125 0.47812500000000013 0.70078125 0.5239583333333334 0.72421875 0.5239583333333334
2 0.72578125 0.5239583333333334 0.69609375 0.5239583333333334 0.69609375 0.5552083333333334 0.72578125 0.5552083333333335
2 0.69765625 0.45937500000000014 0.67578125 0.45937500000000014 0.67578125 0.5427083333333333 0.69765625 0.5427083333333333
2 0.70703125 0.45208333333333345 0.69296875 0.45208333333333345 0.69296875 0.5104166666666667 0.70703125 0.5104166666666667
2 0.67890625 0.4427083333333334 0.66015625 0.4427083333333334 0.66015625 0.5218750000000001 0.67890625 0.5218750000000001
2 0.66328125 0.48333333333333345 0.63828125 0.48333333333333345 0.63828125 0.5260416666666667 0.66328125 0.5260416666666667
2 0.64609375 0.48645833333333344 0.6203125 0.48645833333333344 0.6203125 0.5187500000000002 0.64609375 0.5187500000000002
2 0.6359375 0.5104166666666667 0.6109375 0.5104166666666667 0.6109375 0.5322916666666668 0.6359375 0.5322916666666668
2 0.59921875 0.5031250000000002 0.58125 0.5031250000000002 0.58125 0.5927083333333333 0.59921875 0.5927083333333333
2 0.56640625 0.4687500000000001 0.54921875 0.4687500000000001 0.54921875 0.5010416666666668 0.56640625 0.5010416666666668
2 0.59140625 0.4697916666666668 0.5703125 0.4697916666666668 0.5703125 0.5385416666666667 0.59140625 0.5385416666666667
2 0.6109375 0.4791666666666668 0.59765625 0.4791666666666668 0.59765625 0.5281250000000001 0.6109375 0.5281250000000001
2 0.6078125 0.4510416666666668 0.59140625 0.4510416666666668 0.59140625 0.5062500000000001 0.6078125 0.5062500000000001
2 0.61875 0.4385416666666668 0.60390625 0.4385416666666668 0.60390625 0.4895833333333334 0.61875 0.4895833333333334
2 0.659375 0.45729166666666676 0.646875 0.45729166666666676 0.646875 0.4822916666666668 0.659375 0.4822916666666668
2 0.634375 0.44895833333333346 0.61796875 0.44895833333333346 0.61796875 0.4875000000000001 0.634375 0.4875000000000001
2 0.55390625 0.4270833333333334 0.540625 0.4270833333333334 0.540625 0.48645833333333344 0.55390625 0.48645833333333344
2 0.58515625 0.4406250000000001 0.5640625 0.4406250000000001 0.5640625 0.5031250000000002 0.58515625 0.5031250000000002
2 0.565625 0.4010416666666668 0.5546875 0.4010416666666668 0.5546875 0.45520833333333344 0.565625 0.45520833333333344
2 0.58828125 0.4010416666666668 0.5734375 0.4010416666666668 0.5734375 0.4375000000000001 0.58828125 0.4375000000000001
2 0.6078125 0.40000000000000013 0.590625 0.40000000000000013 0.590625 0.4343750000000001 0.6078125 0.4343750000000001
2 0.63046875 0.4093750000000001 0.615625 0.4093750000000001 0.615625 0.4447916666666668 0.63046875 0.4447916666666668
2 0.64453125 0.43020833333333347 0.63359375 0.43020833333333347 0.63359375 0.4843750000000001 0.64453125 0.4843750000000001
2 0.65859375 0.41770833333333346 0.64296875 0.41770833333333346 0.64296875 0.45520833333333344 0.65859375 0.45520833333333344
2 0.67734375 0.40208333333333346 0.66015625 0.40208333333333346 0.66015625 0.4479166666666668 0.67734375 0.4479166666666668
2 0.69375 0.4343750000000001 0.67578125 0.4343750000000001 0.67578125 0.46770833333333345 0.69375 0.46770833333333345
2 0.62109375 0.4604166666666668 0.60390625 0.4604166666666668 0.60390625 0.5166666666666668 0.62109375 0.5166666666666668
2 0.53984375 0.3750000000000001 0.52578125 0.3750000000000001 0.52578125 0.4343750000000001 0.53984375 0.4343750000000001
2 0.54296875 0.4072916666666668 0.53046875 0.4072916666666668 0.53046875 0.46250000000000013 0.54296875 0.46250000000000013
2 0.553125 0.4187500000000001 0.540625 0.4187500000000001 0.540625 0.4822916666666668 0.553125 0.4822916666666668
2 0.56328125 0.3510416666666668 0.54921875 0.3510416666666668 0.54921875 0.4062500000000001 0.56328125 0.4062500000000001
2 0.534375 0.32395833333333346 0.51875 0.32395833333333346 0.51875 0.38333333333333347 0.534375 0.38333333333333347
2 0.54921875 0.3447916666666668 0.53359375 0.3447916666666668 0.53359375 0.40208333333333346 0.54921875 0.40208333333333346
2 0.584375 0.3750000000000001 0.56640625 0.3750000000000001 0.56640625 0.4072916666666668 0.584375 0.4072916666666668
2 0.57578125 0.4072916666666668 0.5609375 0.4072916666666668 0.5609375 0.44166666666666676 0.57578125 0.44166666666666676
2 0.659375 0.38125000000000014 0.6484375 0.38125000000000014 0.6484375 0.4187500000000001 0.659375 0.4187500000000001
2 0.64375 0.40520833333333345 0.62734375 0.40520833333333345 0.62734375 0.44375000000000014 0.64375 0.44375000000000014
2 0.60234375 0.42395833333333344 0.5828125 0.42395833333333344 0.5828125 0.48020833333333346 0.60234375 0.48020833333333346
2 0.63046875 0.35312500000000013 0.61640625 0.35312500000000013 0.61640625 0.4093750000000001 0.63046875 0.4093750000000001
2 0.64453125 0.3729166666666668 0.628125 0.3729166666666668 0.628125 0.4093750000000001 0.64453125 0.4093750000000001
2 0.64609375 0.3354166666666668 0.6265625 0.3354166666666668 0.6265625 0.3729166666666668 0.64609375 0.3729166666666668
2 0.6484375 0.36354166666666676 0.62890625 0.36354166666666676 0.62890625 0.41562500000000013 0.6484375 0.41562500000000013
2 0.6234375 0.33229166666666676 0.60703125 0.33229166666666676 0.60703125 0.3750000000000001 0.6234375 0.3750000000000001
2 0.615625 0.4114583333333334 0.60234375 0.4114583333333334 0.60234375 0.4479166666666668 0.615625 0.4479166666666668
2 0.55234375 0.39270833333333344 0.5359375 0.39270833333333344 0.5359375 0.42604166666666676 0.55234375 0.42604166666666676
2 0.4578125 0.2145833333333334 0.44921875 0.2145833333333334 0.44921875 0.2447916666666667 0.4578125 0.2447916666666667
2 0.4609375 0.21979166666666672 0.45703125 0.21979166666666672 0.45703125 0.2541666666666667 0.4609375 0.2541666666666667
2 0.46796875 0.22291666666666674 0.46015625 0.22291666666666674 0.46015625 0.2645833333333334 0.46796875 0.2645833333333334
2 0.47109375 0.24791666666666673 0.4546875 0.24791666666666673 0.4546875 0.2947916666666668 0.47109375 0.2947916666666668
2 0.54921875 0.3197916666666668 0.5359375 0.3197916666666668 0.5359375 0.33750000000000013 0.54921875 0.33750000000000013
2 0.54375 0.31145833333333345 0.53359375 0.31145833333333345 0.53359375 0.31875000000000014 0.54375 0.31875000000000014
2 0.56484375 0.32395833333333346 0.55390625 0.32395833333333346 0.55390625 0.34270833333333345 0.56484375 0.34270833333333345
2 0.60390625 0.29895833333333344 0.59140625 0.29895833333333344 0.59140625 0.33750000000000013 0.60390625 0.33750000000000013
2 0.625 0.3072916666666668 0.61015625 0.3072916666666668 0.61015625 0.33229166666666676 0.625 0.33229166666666676
2 0.57578125 0.28020833333333345 0.56171875 0.28020833333333345 0.56171875 0.30104166666666676 0.57578125 0.30104166666666676
2 0.5875 0.2760416666666668 0.57578125 0.2760416666666668 0.57578125 0.30104166666666676 0.5875 0.30104166666666676
2 0.59375 0.26979166666666676 0.5875 0.26979166666666676 0.5875 0.3020833333333334 0.59375 0.3020833333333334
2 0.603125 0.2781250000000001 0.59609375 0.2781250000000001 0.59609375 0.2979166666666668 0.603125 0.2979166666666668
2 0.609375 0.2947916666666668 0.603125 0.2947916666666668 0.603125 0.3312500000000001 0.609375 0.3312500000000001
2 0.5703125 0.3666666666666668 0.5625 0.3666666666666668 0.5625 0.4010416666666668 0.5703125 0.4010416666666668
2 0.5203125 0.27708333333333346 0.51171875 0.27708333333333346 0.51171875 0.32187500000000013 0.5203125 0.32187500000000013
2 0.56015625 0.27395833333333347 0.5453125 0.27395833333333347 0.5453125 0.3104166666666668 0.56015625 0.3104166666666668
2 0.53125 0.30520833333333347 0.5234375 0.30520833333333347 0.5234375 0.3312500000000001 0.53125 0.3312500000000001
2 0.5546875 0.2531250000000001 0.54296875 0.25312500000000004 0.54296875 0.2812500000000001 0.5546875 0.2812500000000001
2 0.57109375 0.25937500000000013 0.55703125 0.25937500000000013 0.55703125 0.2812500000000001 0.57109375 0.2812500000000001
2 0.5375 0.2302083333333334 0.52734375 0.2302083333333334 0.52734375 0.2510416666666667 0.5375 0.2510416666666667
2 0.54140625 0.21250000000000005 0.53046875 0.21250000000000005 0.53046875 0.23125000000000007 0.54140625 0.23125000000000007
2 0.54765625 0.22916666666666677 0.53828125 0.2291666666666667 0.53828125 0.2510416666666668 0.54765625 0.2510416666666668
2 0.50546875 0.24375000000000005 0.49609375 0.24375000000000005 0.49609375 0.2666666666666668 0.50546875 0.2666666666666668
2 0.5015625 0.21979166666666672 0.49296875 0.21979166666666672 0.49296875 0.24375000000000005 0.5015625 0.24375000000000005
2 0.45546875 0.19062500000000007 0.44609375 0.19062500000000007 0.44609375 0.21875000000000006 0.45546875 0.21875000000000006
2 0.46328125 0.17395833333333338 0.45859375 0.17395833333333338 0.45859375 0.18541666666666673 0.46328125 0.18541666666666673
2 0.49140625 0.16979166666666673 0.48359375 0.16979166666666673 0.48359375 0.18437500000000007 0.49140625 0.18437500000000007
2 0.490625 0.18541666666666673 0.4828125 0.18541666666666673 0.4828125 0.2020833333333334 0.490625 0.2020833333333334
2 0.49921875 0.18750000000000006 0.4921875 0.18750000000000006 0.4921875 0.21041666666666672 0.49921875 0.21041666666666672
2 0.49296875 0.2020833333333334 0.484375 0.2020833333333334 0.484375 0.22500000000000006 0.49296875 0.22500000000000006
2 0.54453125 0.19895833333333343 0.540625 0.1989583333333334 0.540625 0.21770833333333342 0.54453125 0.21770833333333345
2 0.55 0.20104166666666679 0.546875 0.20104166666666679 0.546875 0.22395833333333345 0.55 0.22395833333333345
2 0.5609375 0.1968750000000001 0.5515625 0.1968750000000001 0.5515625 0.21458333333333346 0.5609375 0.21458333333333346
2 0.58359375 0.2572916666666668 0.57421875 0.2572916666666668 0.57421875 0.27395833333333347 0.58359375 0.27395833333333347
2 0.5921875 0.2572916666666668 0.58671875 0.2572916666666668 0.58671875 0.2708333333333334 0.5921875 0.2708333333333334
2 0.53125 0.15937500000000007 0.52265625 0.15937500000000007 0.52265625 0.18125000000000005 0.53125 0.18125000000000005
2 0.4953125 0.10208333333333343 0.48828125 0.10208333333333343 0.48828125 0.11666666666666675 0.4953125 0.11666666666666675
2 0.50390625 0.10104166666666675 0.4984375 0.10104166666666675 0.4984375 0.11458333333333343 0.50390625 0.11458333333333343
2 0.48671875 0.09791666666666675 0.48125 0.09791666666666675 0.48125 0.10729166666666676 0.48671875 0.10729166666666676
2 0.50859375 0.12604166666666675 0.503125 0.12604166666666675 0.503125 0.13437500000000005 0.50859375 0.13437500000000005
2 0.51328125 0.12916666666666676 0.51015625 0.12916666666666676 0.51015625 0.1395833333333334 0.51328125 0.1395833333333334
2 0.478125 0.1395833333333334 0.47265625 0.1395833333333334 0.47265625 0.15416666666666673 0.478125 0.15416666666666673
2 0.48515625 0.13750000000000007 0.478125 0.13750000000000007 0.478125 0.14687500000000006 0.48515625 0.14687500000000006
2 0.47890625 0.15416666666666673 0.4765625 0.15416666666666673 0.4765625 0.16354166666666672 0.47890625 0.16354166666666672
2 0.48359375 0.16041666666666674 0.4796875 0.16041666666666674 0.4796875 0.17291666666666672 0.48359375 0.17291666666666672
1 0.6000000000000001 0.9260416666666667 0.51328125 0.9260416666666667 0.5132812500000001 1 0.6000000000000002 1
1 0.58984375 0.6916666666666667 0.49609375 0.6916666666666667 0.49609375 0.9572916666666667 0.58984375 0.9572916666666667
1 0.7390625 0.7145833333333335 0.63359375 0.7145833333333333 0.63359375 0.9583333333333335 0.7390625 0.9583333333333336
1 0.7867187500000001 0.9406250000000002 0.68671875 0.940625 0.68671875 1.0000000000000002 0.7867187500000001 1.0000000000000002
1 0.67734375 0.5208333333333335 0.578125 0.5208333333333335 0.578125 0.71875 0.67734375 0.71875
1 0.77890625 0.5427083333333335 0.6890625 0.5427083333333333 0.6890625 0.7125000000000001 0.77890625 0.7125000000000002
1 0.546875 0.43645833333333345 0.49453125 0.43645833333333345 0.49453125 0.5614583333333333 0.546875 0.5614583333333333
1 0.521875 0.3885416666666668 0.48125 0.3885416666666668 0.48125 0.4697916666666668 0.521875 0.4697916666666668
1 0.525 0.3072916666666668 0.47734375 0.3072916666666668 0.47734375 0.39270833333333344 0.525 0.39270833333333344
1 0.6203125 0.33645833333333347 0.57109375 0.33645833333333347 0.57109375 0.4166666666666668 0.6203125 0.4166666666666668
1 0.596875 0.30104166666666676 0.559375 0.30104166666666676 0.559375 0.35208333333333347 0.596875 0.35208333333333347
1 0.5625 0.2760416666666668 0.52734375 0.2760416666666668 0.52734375 0.3385416666666668 0.5625 0.3385416666666668
1 0.53515625 0.25625000000000003 0.50859375 0.25625000000000003 0.50859375 0.29583333333333345 0.53515625 0.29583333333333345
1 0.496875 0.2489583333333334 0.46796875 0.2489583333333334 0.46796875 0.2708333333333334 0.496875 0.2708333333333334
1 0.57734375 0.21666666666666679 0.5484375 0.21666666666666679 0.5484375 0.25937500000000013 0.57734375 0.25937500000000013
1 0.53125 0.23125000000000007 0.50390625 0.23125000000000007 0.50390625 0.2583333333333334 0.53125 0.2583333333333334
1 0.52890625 0.20937500000000006 0.50078125 0.20937500000000006 0.50078125 0.23125000000000007 0.52890625 0.23125000000000007
1 0.4859375 0.1979166666666667 0.45859375 0.1979166666666667 0.45859375 0.22604166666666672 0.4859375 0.22604166666666672
1 0.48046875 0.1822916666666667 0.45859375 0.1822916666666667 0.45859375 0.20729166666666674 0.48046875 0.20729166666666674
1 0.47890625 0.1645833333333334 0.46171875 0.1645833333333334 0.46171875 0.18437500000000007 0.47890625 0.18437500000000007
1 0.4734375 0.15000000000000005 0.4578125 0.15000000000000005 0.4578125 0.1645833333333334 0.4734375 0.1645833333333334
1 0.4671875 0.1333333333333334 0.45859375 0.1333333333333334 0.45859375 0.1520833333333334 0.4671875 0.1520833333333334
1 0.4671875 0.11979166666666675 0.46015625 0.11979166666666675 0.46015625 0.1312500000000001 0.4671875 0.1312500000000001
1 0.5 0.14479166666666674 0.4828125 0.14479166666666674 0.4828125 0.1677083333333334 0.5 0.1677083333333334
1 0.47109375 0.10729166666666676 0.4609375 0.10729166666666676 0.4609375 0.1218750000000001 0.47109375 0.1218750000000001
1 0.48671875 0.11979166666666675 0.475 0.11979166666666675 0.475 0.1354166666666667 0.48671875 0.1354166666666667
1 0.4890625 0.10520833333333342 0.47734375 0.10520833333333342 0.47734375 0.11666666666666675 0.4890625 0.11666666666666675
1 0.521875 0.14479166666666674 0.50390625 0.14479166666666674 0.50390625 0.1614583333333334 0.521875 0.1614583333333334
1 0.53984375 0.1864583333333334 0.528125 0.1864583333333334 0.528125 0.21250000000000005 0.53984375 0.21250000000000005
3 0.9640625 0.7916666666666669 0.78515625 0.7916666666666669 0.7851562500000001 1.0000000000000002 0.9640625 1.0000000000000002
3 0.5265625 0.16250000000000006 0.4984375 0.16250000000000006 0.4984375 0.2145833333333334 0.5265625 0.2145833333333334
3 0.5015625 0.11458333333333343 0.484375 0.11458333333333343 0.484375 0.1489583333333334 0.5015625 0.1489583333333334
1 0.4671875 0.1333333333333334 0.4546875 0.1333333333333334 0.4546875 0.15937500000000007 0.4671875 0.15937500000000007
1 0.50078125 0.09166666666666676 0.4921875 0.09166666666666676 0.4921875 0.10000000000000009 0.50078125 0.10000000000000009