2 0.47109375 0.33020833333333344 0.44453125 0.33020833333333344 0.44453125 0.40000000000000013 0.47109375 0.40000000000000013
2 0.53125 0.2520833333333334 0.50859375 0.2520833333333334 0.50859375 0.3156250000000001 0.53125 0.3156250000000001
2 0.40859375 0.2885416666666668 0.39296875 0.2885416666666668 0.39296875 0.3489583333333334 0.40859375 0.3489583333333334
2 0.48828125 0.1510416666666667 0.48203125 0.1510416666666667 0.48203125 0.17916666666666672 0.48828125 0.17916666666666672
2 0.51328125 0.1510416666666667 0.50390625 0.1510416666666667 0.50390625 0.17916666666666672 0.51328125 0.17916666666666672
2 0.51328125 0.1270833333333334 0.50546875 0.1270833333333334 0.50546875 0.14479166666666674 0.51328125 0.14479166666666674
2 0.5109375 0.11354166666666675 0.50390625 0.11354166666666675 0.50390625 0.13750000000000007 0.5109375 0.13750000000000007
2 0.5203125 0.12291666666666676 0.51328125 0.12291666666666676 0.51328125 0.13750000000000007 0.5203125 0.13750000000000007
2 0.5140625 0.09270833333333342 0.50703125 0.09270833333333342 0.50703125 0.10729166666666676 0.5140625 0.10729166666666676
2 0.5046875 0.10104166666666675 0.4984375 0.10104166666666675 0.4984375 0.11666666666666675 0.5046875 0.11666666666666675
2 0.50234375 0.08854166666666675 0.4984375 0.08854166666666675 0.4984375 0.1062500000000001 0.50234375 0.1062500000000001
2 0.49921875 0.09375000000000008 0.49375 0.09375000000000008 0.49375 0.11041666666666676 0.49921875 0.11041666666666676
2 0.4921875 0.08958333333333342 0.4890625 0.08958333333333342 0.4890625 0.10104166666666675 0.4921875 0.10104166666666675
2 0.48828125 0.08750000000000009 0.48515625 0.08750000000000009 0.48515625 0.10208333333333343 0.48828125 0.10208333333333343
1 0.4265625 0.35833333333333345 0.375 0.35833333333333345 0.375 0.4604166666666668 0.4265625 0.4604166666666668
1 0.465625 0.2541666666666667 0.4296875 0.2541666666666667 0.4296875 0.33020833333333344 0.465625 0.33020833333333344
1 0.509375 0.1677083333333334 0.48671875 0.1677083333333334 0.48671875 0.21041666666666672 0.509375 0.21041666666666672
1 0.52421875 0.1312500000000001 0.50859375 0.1312500000000001 0.50859375 0.16354166666666672 0.52421875 0.16354166666666672
1 0.540625 0.12291666666666676 0.5234375 0.12291666666666676 0.5234375 0.15937500000000007 0.540625 0.15937500000000007
3 0.5296875 0.08854166666666675 0.5125 0.08854166666666675 0.5125 0.1312500000000001 0.5296875 0.1312500000000001