2 0.625 0.7854166666666667 0.57421875 0.7854166666666667 0.57421875 0.9489583333333333 0.625 0.9489583333333333
1 0.8171875 0.7947916666666668 0.6859375 0.7947916666666667 0.6859375000000001 1.0000000000000002 0.8171875 1.0000000000000002
2 0.91875 0.8854166666666669 0.8390625 0.8854166666666669 0.8390625 1.0000000000000002 0.91875 1.0000000000000002
2 0.73984375 0.6520833333333335 0.70859375 0.6520833333333333 0.70859375 0.7770833333333335 0.73984375 0.7770833333333336
2 0.765625 0.5937500000000002 0.7328125 0.5937500000000002 0.7328125 0.7177083333333336 0.765625 0.7177083333333336
2 0.721875 0.5760416666666667 0.68125 0.5760416666666667 0.68125 0.696875 0.721875 0.696875
2 0.71953125 0.49270833333333347 0.67734375 0.49270833333333347 0.67734375 0.5885416666666666 0.71953125 0.5885416666666666
2 0.55234375 0.41770833333333346 0.528125 0.41770833333333346 0.528125 0.5000000000000001 0.55234375 0.5000000000000001
2 0.5046875 0.36875000000000013 0.4765625 0.36875000000000013 0.4765625 0.4562500000000001 0.5046875 0.4562500000000001
2 0.6703125 0.4197916666666668 0.6390625 0.4197916666666668 0.6390625 0.5145833333333335 0.6703125 0.5145833333333335
2 0.6390625 0.3916666666666668 0.6171875 0.3916666666666668 0.6171875 0.4604166666666668 0.6390625 0.4604166666666668
2 0.61171875 0.3937500000000001 0.59140625 0.3937500000000001 0.59140625 0.43958333333333344 0.61171875 0.43958333333333344
2 0.6375 0.35000000000000014 0.6171875 0.35000000000000014 0.6171875 0.40833333333333344 0.6375 0.40833333333333344
2 0.63046875 0.31666666666666676 0.60859375 0.31666666666666676 0.60859375 0.3750000000000001 0.63046875 0.3750000000000001
2 0.6078125 0.2968750000000001 0.5921875 0.2968750000000001 0.5921875 0.35312500000000013 0.6078125 0.35312500000000013
2 0.6 0.2760416666666668 0.5875 0.2760416666666668 0.5875 0.3197916666666668 0.6 0.3197916666666668
2 0.58984375 0.25833333333333347 0.57734375 0.25833333333333347 0.57734375 0.30312500000000014 0.58984375 0.30312500000000014
2 0.48671875 0.23854166666666674 0.4703125 0.23854166666666674 0.4703125 0.28020833333333345 0.48671875 0.28020833333333345
2 0.53671875 0.24062500000000006 0.5265625 0.24062500000000006 0.5265625 0.28541666666666676 0.53671875 0.28541666666666676
2 0.5484375 0.24895833333333342 0.5390625 0.2489583333333334 0.5390625 0.27708333333333346 0.5484375 0.27708333333333346
2 0.57265625 0.2656250000000001 0.56015625 0.2656250000000001 0.56015625 0.3093750000000001 0.57265625 0.3093750000000001
2 0.5640625 0.24270833333333344 0.55390625 0.24270833333333344 0.55390625 0.2781250000000001 0.5640625 0.2781250000000001
2 0.571875 0.23750000000000013 0.56015625 0.23750000000000013 0.56015625 0.26770833333333344 0.571875 0.26770833333333344
2 0.56171875 0.2187500000000001 0.553125 0.2187500000000001 0.553125 0.25625000000000014 0.56171875 0.25625000000000014
2 0.553125 0.21770833333333342 0.54296875 0.2177083333333334 0.54296875 0.2593750000000001 0.553125 0.25937500000000013
2 0.5421875 0.21666666666666673 0.5296875 0.21666666666666673 0.5296875 0.25729166666666675 0.5421875 0.25729166666666675
2 0.54609375 0.18750000000000008 0.5375 0.18750000000000006 0.5375 0.22395833333333343 0.54609375 0.22395833333333345
2 0.525 0.1927083333333334 0.5140625 0.1927083333333334 0.5140625 0.2302083333333334 0.525 0.2302083333333334
2 0.51640625 0.1989583333333334 0.50703125 0.1989583333333334 0.50703125 0.23541666666666672 0.51640625 0.23541666666666672
2 0.50625 0.1510416666666667 0.49375 0.1510416666666667 0.49375 0.17291666666666672 0.50625 0.17291666666666672
2 0.46171875 0.1270833333333334 0.4546875 0.1270833333333334 0.4546875 0.15729166666666672 0.46171875 0.15729166666666672
2 0.5109375 0.1364583333333334 0.50625 0.1364583333333334 0.50625 0.1552083333333334 0.5109375 0.1552083333333334
2 0.51640625 0.1364583333333334 0.5109375 0.1364583333333334 0.5109375 0.15416666666666673 0.51640625 0.15416666666666673
3 0.48671875 0.08229166666666675 0.47109375 0.08229166666666675 0.47109375 0.11666666666666675 0.48671875 0.11666666666666675
0 0.5015625 0.07916666666666676 0.4875 0.07916666666666676 0.4875 0.11145833333333342 0.5015625 0.11145833333333342
1 0.49375 0.10416666666666675 0.48046875 0.10416666666666675 0.48046875 0.12500000000000008 0.49375 0.12500000000000008
1 0.5078125 0.10833333333333342 0.49375 0.10833333333333342 0.49375 0.1354166666666667 0.5078125 0.1354166666666667
1 0.4890625 0.11354166666666675 0.47421875 0.11354166666666675 0.47421875 0.1354166666666667 0.4890625 0.1354166666666667
1 0.4984375 0.11979166666666675 0.4859375 0.11979166666666675 0.4859375 0.14791666666666672 0.4984375 0.14791666666666672
1 0.4890625 0.1364583333333334 0.47265625 0.1364583333333334 0.47265625 0.1666666666666667 0.4890625 0.1666666666666667
1 0.50546875 0.1364583333333334 0.4890625 0.1364583333333334 0.4890625 0.1614583333333334 0.50546875 0.1614583333333334
1 0.5234375 0.14479166666666674 0.50546875 0.14479166666666674 0.50546875 0.18541666666666673 0.5234375 0.18541666666666673
3 0.47734375 0.1354166666666667 0.45703125 0.1354166666666667 0.45703125 0.19166666666666674 0.47734375 0.19166666666666674
1 0.50859375 0.16354166666666672 0.4859375 0.16354166666666672 0.4859375 0.20000000000000007 0.50859375 0.20000000000000007
1 0.51015625 0.18437500000000007 0.4890625 0.18437500000000007 0.4890625 0.22291666666666674 0.51015625 0.22291666666666674
1 0.4890625 0.20729166666666674 0.46015625 0.20729166666666674 0.46015625 0.2614583333333334 0.4890625 0.2614583333333334
1 0.52734375 0.2333333333333334 0.49296875 0.2333333333333334 0.49296875 0.2947916666666668 0.52734375 0.2947916666666668
1 0.51328125 0.26250000000000007 0.47265625 0.26250000000000007 0.47265625 0.3416666666666668 0.51328125 0.3416666666666668
1 0.571875 0.26979166666666676 0.5328125 0.26979166666666676 0.5328125 0.33645833333333347 0.571875 0.33645833333333347
1 0.54453125 0.32187500000000013 0.50390625 0.32187500000000013 0.50390625 0.4135416666666668 0.54453125 0.4135416666666668
1 0.6 0.3260416666666668 0.5546875 0.3260416666666668 0.5546875 0.4031250000000001 0.6 0.4031250000000001
1 0.6203125 0.40520833333333345 0.56015625 0.40520833333333345 0.56015625 0.5281250000000001 0.6203125 0.5281250000000001
1 0.5359375 0.42083333333333345 0.48828125 0.42083333333333345 0.48828125 0.5427083333333333 0.5359375 0.5427083333333333
1 0.575 0.5312500000000001 0.5109375 0.5312500000000001 0.5109375 0.6979166666666666 0.575 0.6979166666666666
1 0.67265625 0.5083333333333334 0.596875 0.5083333333333334 0.596875 0.653125 0.67265625 0.653125