2 0.5976562500000001 0.871875 0.54765625 0.871875 0.5476562500000001 0.96875 0.5976562500000002 0.96875
2 0.6851562500000001 0.834375 0.63203125 0.834375 0.63203125 0.9739583333333334 0.6851562500000001 0.9739583333333334
2 0.6968750000000001 0.9291666666666667 0.6515625 0.9291666666666667 0.6515625 1 0.6968750000000001 1
2 0.85703125 0.8187500000000002 0.76953125 0.8187500000000002 0.7695312500000001 1.0000000000000002 0.85703125 1.0000000000000002
2 0.8859375 0.7854166666666669 0.83515625 0.7854166666666669 0.83515625 0.9427083333333336 0.8859375 0.9427083333333336
2 0.765625 0.7010416666666668 0.725 0.7010416666666667 0.725 0.8520833333333334 0.765625 0.8520833333333335
2 0.8 0.6302083333333336 0.75390625 0.6302083333333336 0.75390625 0.7604166666666669 0.8 0.7604166666666669
2 0.7875 0.5875000000000002 0.7515625 0.5875000000000002 0.7515625 0.6645833333333335 0.7875 0.6645833333333335
2 0.72421875 0.5947916666666667 0.6984375 0.5947916666666667 0.6984375 0.703125 0.72421875 0.703125
2 0.74296875 0.5177083333333334 0.71484375 0.5177083333333334 0.71484375 0.6218750000000001 0.74296875 0.6218750000000003
2 0.52109375 0.6072916666666667 0.48125 0.6072916666666667 0.48125 0.7427083333333333 0.52109375 0.7427083333333333
2 0.525 0.5645833333333333 0.496875 0.5645833333333333 0.496875 0.6489583333333333 0.525 0.6489583333333333
2 0.70859375 0.4541666666666668 0.6796875 0.4541666666666668 0.6796875 0.5302083333333335 0.70859375 0.5302083333333335
2 0.621875 0.3468750000000001 0.60234375 0.3468750000000001 0.60234375 0.38125000000000014 0.621875 0.38125000000000014
2 0.6015625 0.2843750000000001 0.5828125 0.2843750000000001 0.5828125 0.34791666666666676 0.6015625 0.34791666666666676
2 0.58046875 0.26145833333333346 0.56015625 0.26145833333333346 0.56015625 0.32187500000000013 0.58046875 0.32187500000000013
2 0.578125 0.23958333333333345 0.55859375 0.23958333333333345 0.55859375 0.2822916666666668 0.578125 0.2822916666666668
2 0.50078125 0.24375000000000005 0.48125 0.24375000000000005 0.48125 0.30625000000000013 0.50078125 0.30625000000000013
2 0.53046875 0.21875000000000006 0.51640625 0.21875000000000006 0.51640625 0.2583333333333334 0.53046875 0.2583333333333334
2 0.52578125 0.20520833333333338 0.51484375 0.20520833333333338 0.51484375 0.24166666666666672 0.52578125 0.24166666666666672
2 0.53984375 0.1864583333333334 0.53203125 0.1864583333333334 0.53203125 0.21250000000000005 0.53984375 0.21250000000000005
2 0.5140625 0.1614583333333334 0.49921875 0.1614583333333334 0.49921875 0.20416666666666672 0.5140625 0.20416666666666672
2 0.48203125 0.15833333333333338 0.46875 0.15833333333333338 0.46875 0.2083333333333334 0.48203125 0.2083333333333334
2 0.50390625 0.1218750000000001 0.4921875 0.1218750000000001 0.4921875 0.15312500000000007 0.50390625 0.15312500000000007
2 0.4984375 0.10208333333333343 0.49140625 0.10208333333333343 0.49140625 0.11979166666666675 0.4984375 0.11979166666666675
2 0.49765625 0.09583333333333342 0.48828125 0.09583333333333342 0.48828125 0.11145833333333342 0.49765625 0.11145833333333342
2 0.51015625 0.09270833333333342 0.50546875 0.09270833333333342 0.50546875 0.11354166666666675 0.51015625 0.11354166666666675
1 0.5578125 0.19687500000000008 0.53203125 0.19687500000000005 0.53203125 0.2552083333333334 0.5578125 0.2552083333333334
1 0.559375 0.4427083333333334 0.48984375 0.4427083333333334 0.48984375 0.6020833333333333 0.559375 0.6020833333333333
1 0.6109375 0.6479166666666667 0.51640625 0.6479166666666667 0.51640625 0.8947916666666667 0.6109375 0.8947916666666667
1 0.6367187500000001 0.95 0.5390625 0.95 0.5390625000000001 1 0.6367187500000002 1
1 0.7453125 0.6875000000000001 0.63515625 0.6875 0.63515625 0.9187500000000001 0.7453125 0.9187500000000003
0 0.7140625 0.3604166666666668 0.55703125 0.3604166666666668 0.55703125 0.7104166666666667 0.7140625 0.7104166666666667