2 0.14843750000000006 0.725 0.11484375000000005 0.725 0.11484375000000006 0.8822916666666667 0.14843750000000008 0.8822916666666667
2 0.12500000000000006 0.659375 0.07890625000000007 0.659375 0.07890625000000007 0.8052083333333333 0.12500000000000008 0.8052083333333333
2 0.20078125000000008 0.5979166666666667 0.17500000000000004 0.5979166666666667 0.17500000000000007 0.7364583333333333 0.20078125000000008 0.7364583333333333
2 0.16171875000000005 0.575 0.13046875000000005 0.575 0.13046875000000005 0.7166666666666667 0.16171875000000005 0.7166666666666667
2 0.19218750000000004 0.51875 0.16640625000000003 0.51875 0.16640625000000003 0.6041666666666666 0.19218750000000004 0.6041666666666666
2 0.24218750000000008 0.490625 0.2093750000000001 0.490625 0.2093750000000001 0.575 0.24218750000000008 0.575
2 0.20546875000000003 0.465625 0.18671875000000004 0.465625 0.18671875000000004 0.5416666666666666 0.2054687500000001 0.5416666666666666
2 0.221875 0.42916666666666664 0.19843750000000004 0.42916666666666664 0.19843750000000004 0.48333333333333334 0.221875 0.48333333333333334
2 0.24921875 0.4197916666666667 0.225 0.4197916666666667 0.225 0.46770833333333334 0.24921875 0.46770833333333334
2 0.2546875 0.37916666666666665 0.23203125 0.37916666666666665 0.23203125 0.43645833333333334 0.2546875 0.43645833333333334
2 0.29921875 0.41354166666666664 0.2796875 0.41354166666666664 0.2796875 0.465625 0.29921875 0.465625
2 0.34218750000000003 0.415625 0.3234375 0.415625 0.32343750000000004 0.525 0.3421875000000001 0.525
2 0.2796875 0.37395833333333334 0.26328125 0.37395833333333334 0.26328125 0.4510416666666667 0.2796875 0.4510416666666667
2 0.26875 0.32916666666666666 0.2515625 0.32916666666666666 0.2515625 0.3875 0.26875 0.3875
2 0.2796875 0.30520833333333336 0.2625 0.30520833333333336 0.2625 0.36354166666666665 0.2796875 0.36354166666666665
2 0.3046875 0.2614583333333334 0.28671875 0.2614583333333334 0.28671875 0.3 0.3046875 0.3
2 0.31796875 0.2510416666666667 0.303125 0.2510416666666667 0.303125 0.2947916666666667 0.31796875 0.2947916666666667
2 0.33671875 0.22604166666666672 0.32265625 0.22604166666666672 0.32265625 0.2645833333333334 0.33671875 0.2645833333333334
2 0.3390625 0.1958333333333334 0.328125 0.1958333333333334 0.328125 0.23541666666666672 0.3390625 0.23541666666666672
2 0.33125 0.2020833333333334 0.31171875 0.2020833333333334 0.31171875 0.24687500000000007 0.33125 0.24687500000000007
2 0.428125 0.14479166666666674 0.41328125 0.14479166666666674 0.41328125 0.17812500000000006 0.428125 0.17812500000000006
2 0.43515625 0.13750000000000007 0.425 0.13750000000000007 0.425 0.17291666666666672 0.43515625 0.17291666666666672
2 0.421875 0.1333333333333334 0.4078125 0.1333333333333334 0.4078125 0.15937500000000007 0.421875 0.15937500000000007
2 0.43125 0.11770833333333339 0.42421875 0.11770833333333339 0.42421875 0.14479166666666674 0.43125 0.14479166666666674
2 0.42421875 0.1114583333333334 0.4140625 0.1114583333333334 0.4140625 0.1333333333333334 0.42421875 0.1333333333333334
2 0.43046875 0.10312500000000006 0.42109375 0.10312500000000006 0.42109375 0.11770833333333339 0.43046875 0.11770833333333339
2 0.42265625 0.0958333333333334 0.41484375 0.0958333333333334 0.41484375 0.11770833333333339 0.42265625 0.11770833333333339
2 0.384375 0.13750000000000007 0.36796875 0.13750000000000007 0.36796875 0.16250000000000006 0.384375 0.16250000000000006
2 0.39140625 0.1145833333333334 0.37734375 0.1145833333333334 0.37734375 0.14479166666666674 0.39140625 0.14479166666666674
2 0.4015625 0.1145833333333334 0.3921875 0.1145833333333334 0.3921875 0.1354166666666667 0.4015625 0.1354166666666667
2 0.40625 0.0958333333333334 0.3984375 0.0958333333333334 0.3984375 0.11562500000000006 0.40625 0.11562500000000006
2 0.3984375 0.10104166666666672 0.38828125 0.10104166666666672 0.38828125 0.11770833333333339 0.3984375 0.11770833333333339
2 0.390625 0.08541666666666672 0.38203125 0.08541666666666672 0.38203125 0.10104166666666672 0.390625 0.10104166666666672
2 0.3828125 0.08125000000000006 0.37421875 0.08125000000000006 0.37421875 0.0958333333333334 0.3828125 0.0958333333333334
1 0.3890625000000001 0.6510416666666666 0.3023437500000001 0.6510416666666666 0.3023437500000001 0.8947916666666667 0.3890625000000001 0.8947916666666667
1 0.2875000000000001 0.6791666666666667 0.17656250000000004 0.6791666666666667 0.17656250000000007 0.9447916666666667 0.2875000000000001 0.9447916666666667
1 0.32265625000000003 0.46875 0.25 0.46875 0.25000000000000006 0.6375 0.3226562500000001 0.6375
1 0.4078125 0.38229166666666675 0.359375 0.38229166666666664 0.35937500000000006 0.503125 0.4078125 0.5031250000000002
1 0.36328125 0.3114583333333334 0.3171875 0.31145833333333334 0.3171875 0.4052083333333334 0.36328125 0.40520833333333345
1 0.31875 0.29791666666666666 0.2765625 0.29791666666666666 0.2765625 0.3770833333333333 0.31875 0.3770833333333333
1 0.33984375 0.2593750000000001 0.3078125 0.2593750000000001 0.3078125 0.32083333333333336 0.33984375 0.32083333333333336
1 0.36953125 0.2739583333333334 0.3328125 0.27395833333333336 0.3328125 0.33125000000000004 0.36953125 0.3312500000000001
1 0.37421875 0.2291666666666667 0.34765625 0.2291666666666667 0.34765625 0.28125000000000006 0.37421875 0.2812500000000001
1 0.3828125 0.2114583333333334 0.36015625 0.2114583333333334 0.36015625 0.2427083333333334 0.3828125 0.2427083333333334
1 0.39296875 0.19479166666666672 0.37109375 0.19479166666666672 0.37109375 0.23854166666666674 0.39296875 0.23854166666666674
1 0.4265625 0.22083333333333338 0.4046875 0.22083333333333338 0.4046875 0.2687500000000001 0.4265625 0.2687500000000001
1 0.4203125 0.20104166666666673 0.3984375 0.20104166666666673 0.3984375 0.2302083333333334 0.4203125 0.2302083333333334
1 0.43359375 0.18854166666666672 0.4046875 0.18854166666666672 0.4046875 0.22500000000000006 0.43359375 0.22500000000000006
1 0.43125 0.17395833333333338 0.40546875 0.17395833333333338 0.40546875 0.1927083333333334 0.43125 0.1927083333333334
1 0.36171875 0.1833333333333334 0.33984375 0.1833333333333334 0.33984375 0.22083333333333338 0.36171875 0.22083333333333338
1 0.40390625 0.15729166666666672 0.3859375 0.15729166666666672 0.3859375 0.20625000000000007 0.40390625 0.20625000000000007
1 0.40546875 0.1364583333333334 0.38515625 0.1364583333333334 0.38515625 0.16250000000000006 0.40546875 0.16250000000000006
1 0.40859375 0.0802083333333334 0.396875 0.0802083333333334 0.396875 0.10312500000000006 0.40859375 0.10312500000000006
1 0.39609375 0.06979166666666672 0.384375 0.06979166666666672 0.384375 0.08541666666666672 0.39609375 0.08541666666666672
3 0.42109375 0.2270833333333334 0.3734375 0.2270833333333334 0.3734375 0.3760416666666668 0.42109375 0.3760416666666668
3 0.38515625 0.1645833333333334 0.36171875 0.1645833333333334 0.36171875 0.2114583333333334 0.38515625 0.2114583333333334
2 0.4328125 0.20520833333333338 0.42734375 0.20520833333333338 0.42734375 0.2541666666666667 0.4328125 0.2541666666666667
2 0.3578125 0.1708333333333334 0.34375 0.1708333333333334 0.34375 0.18437500000000007 0.3578125 0.18437500000000007
2 0.36484375 0.15833333333333338 0.3546875 0.15833333333333338 0.3546875 0.17604166666666674 0.36484375 0.17604166666666674