2 0.5289062500000001 0.8177083333333334 0.490625 0.8177083333333334 0.4906250000000001 0.9802083333333333 0.5289062500000001 0.9802083333333333
2 0.52109375 0.6989583333333333 0.484375 0.6989583333333333 0.484375 0.85625 0.52109375 0.85625
1 0.6296875000000001 0.878125 0.53125 0.878125 0.5312500000000001 1 0.6296875000000002 1
1 0.62109375 0.7114583333333333 0.52734375 0.7114583333333333 0.52734375 0.884375 0.62109375 0.884375
1 0.58671875 0.5510416666666667 0.51015625 0.5510416666666667 0.51015625 0.7385416666666667 0.58671875 0.7385416666666667
3 0.56015625 0.36770833333333347 0.48984375 0.36770833333333347 0.48984375 0.5677083333333334 0.56015625 0.5677083333333334
1 0.63984375 0.4687500000000001 0.59140625 0.4687500000000001 0.59140625 0.5677083333333334 0.63984375 0.5677083333333334
1 0.6203125 0.4041666666666668 0.56875 0.4041666666666668 0.56875 0.48854166666666676 0.6203125 0.48854166666666676
1 0.528125 0.3333333333333334 0.490625 0.3333333333333334 0.490625 0.40000000000000013 0.528125 0.40000000000000013
1 0.5234375 0.3041666666666668 0.48046875 0.3041666666666668 0.48046875 0.38333333333333347 0.5234375 0.38333333333333347
1 0.5078125 0.27187500000000014 0.48125 0.27187500000000014 0.48125 0.3281250000000001 0.5078125 0.3281250000000001
1 0.50625 0.24687500000000007 0.4703125 0.24687500000000007 0.4703125 0.29895833333333344 0.50625 0.29895833333333344
1 0.49375 0.21562500000000007 0.46484375 0.21562500000000007 0.46484375 0.2583333333333334 0.49375 0.2583333333333334
1 0.52421875 0.20937500000000006 0.49453125 0.20937500000000006 0.49453125 0.26562500000000006 0.52421875 0.26562500000000006
1 0.484375 0.1614583333333334 0.46328125 0.1614583333333334 0.46328125 0.21875000000000006 0.484375 0.21875000000000006
1 0.47578125 0.13229166666666675 0.45625 0.13229166666666675 0.45625 0.16562500000000005 0.47578125 0.16562500000000005
3 0.475 0.09583333333333342 0.45703125 0.09583333333333342 0.45703125 0.1364583333333334 0.475 0.1364583333333334
1 0.49453125 0.10520833333333342 0.48125 0.10520833333333342 0.48125 0.13020833333333343 0.49453125 0.13020833333333343
1 0.496875 0.1281250000000001 0.48203125 0.1281250000000001 0.48203125 0.15416666666666673 0.496875 0.15416666666666673
2 0.5 0.10520833333333342 0.49375 0.10520833333333342 0.49375 0.1270833333333334 0.5 0.1270833333333334
2 0.5078125 0.10208333333333343 0.50078125 0.10208333333333343 0.50078125 0.12291666666666676 0.5078125 0.12291666666666676
2 0.48203125 0.12916666666666676 0.475 0.12916666666666676 0.475 0.15625000000000006 0.48203125 0.15625000000000006
2 0.51171875 0.1270833333333334 0.50390625 0.1270833333333334 0.50390625 0.15625000000000006 0.51171875 0.15625000000000006
2 0.5046875 0.1510416666666667 0.4953125 0.1510416666666667 0.4953125 0.1770833333333334 0.5046875 0.1770833333333334
2 0.51875 0.15000000000000005 0.51015625 0.15000000000000005 0.51015625 0.17812500000000006 0.51875 0.17812500000000006
2 0.53203125 0.17395833333333338 0.51640625 0.17395833333333338 0.51640625 0.21041666666666672 0.53203125 0.21041666666666672
2 0.546875 0.1937500000000001 0.53671875 0.19375000000000006 0.53671875 0.22812500000000008 0.546875 0.2281250000000001
2 0.4765625 0.24166666666666672 0.46328125 0.24166666666666672 0.46328125 0.2812500000000001 0.4765625 0.2812500000000001
2 0.5203125 0.2666666666666668 0.509375 0.2666666666666668 0.509375 0.30520833333333347 0.5203125 0.30520833333333347
2 0.52578125 0.28020833333333345 0.51171875 0.28020833333333345 0.51171875 0.32395833333333346 0.52578125 0.32395833333333346
1 0.5625 0.21458333333333343 0.53828125 0.2145833333333334 0.53828125 0.24895833333333342 0.5625 0.24895833333333345
3 0.571875 0.23958333333333343 0.52265625 0.2395833333333334 0.52265625 0.3562500000000001 0.571875 0.3562500000000001
2 0.58359375 0.26979166666666676 0.5703125 0.26979166666666676 0.5703125 0.3281250000000001 0.58359375 0.3281250000000001
2 0.59765625 0.30520833333333347 0.58515625 0.30520833333333347 0.58515625 0.3437500000000001 0.59765625 0.3437500000000001
2 0.60625 0.2822916666666668 0.59609375 0.2822916666666668 0.59609375 0.3333333333333334 0.60625 0.3333333333333334
2 0.62265625 0.3177083333333334 0.61328125 0.3177083333333334 0.61328125 0.33437500000000014 0.62265625 0.33437500000000014
1 0.64296875 0.3260416666666668 0.6 0.3260416666666668 0.6 0.4093750000000001 0.64296875 0.4093750000000001
1 0.60234375 0.3312500000000001 0.56171875 0.3312500000000001 0.56171875 0.40520833333333345 0.60234375 0.40520833333333345
2 0.5796875 0.38125000000000014 0.56015625 0.38125000000000014 0.56015625 0.44583333333333347 0.5796875 0.44583333333333347
2 0.58828125 0.4968750000000001 0.56640625 0.4968750000000001 0.56640625 0.5614583333333333 0.58828125 0.5614583333333333
2 0.58984375 0.5322916666666668 0.5703125 0.5322916666666668 0.5703125 0.621875 0.58984375 0.621875
2 0.61171875 0.5541666666666667 0.58828125 0.5541666666666667 0.58828125 0.6708333333333333 0.61171875 0.6708333333333333
0 0.8703125 0.4791666666666668 0.6140625 0.4791666666666668 0.6140625000000001 1.0000000000000002 0.8703125 1.0000000000000002
2 0.76328125 0.5354166666666668 0.71953125 0.5354166666666667 0.71953125 0.6020833333333334 0.76328125 0.6020833333333335
2 0.825 0.6156250000000002 0.7875 0.6156250000000002 0.7875 0.7187500000000002 0.825 0.7187500000000002
2 0.85390625 0.6750000000000003 0.8109375 0.6750000000000003 0.8109375 0.7979166666666669 0.85390625 0.7979166666666669
2 0.88359375 0.7656250000000002 0.8421875 0.7656250000000002 0.8421875 0.8968750000000002 0.88359375 0.8968750000000002
2 0.93046875 0.8437500000000002 0.87578125 0.8437500000000002 0.87578125 0.9562500000000003 0.93046875 0.9562500000000003
2 0.93046875 0.9270833333333336 0.8671875 0.9270833333333336 0.8671875 1.0000000000000002 0.93046875 1.0000000000000002
2 0.99765625 0.9437500000000002 0.93984375 0.9437500000000002 0.93984375 1.0000000000000002 0.99765625 1.0000000000000002