2 0.87578125 0.8541666666666669 0.825 0.8541666666666669 0.825 1.0000000000000002 0.87578125 1.0000000000000002
2 0.8015625 0.7312500000000003 0.75703125 0.7312500000000003 0.75703125 0.8541666666666669 0.8015625 0.8541666666666669
2 0.82109375 0.7020833333333336 0.7828125 0.7020833333333336 0.7828125 0.8364583333333335 0.82109375 0.8364583333333335
2 0.7609375 0.5666666666666669 0.7328125 0.5666666666666669 0.7328125 0.6572916666666669 0.7609375 0.6572916666666669
2 0.7890625 0.6239583333333336 0.74453125 0.6239583333333336 0.74453125 0.7333333333333336 0.7890625 0.7333333333333336
2 0.71171875 0.634375 0.678125 0.634375 0.678125 0.7020833333333333 0.71171875 0.7020833333333333
2 0.71796875 0.5729166666666666 0.6875 0.5729166666666666 0.6875 0.66875 0.71796875 0.66875
2 0.71015625 0.5218750000000001 0.68359375 0.5218750000000001 0.68359375 0.6 0.71015625 0.6
2 0.7078125 0.47708333333333347 0.6828125 0.47708333333333347 0.6828125 0.5510416666666667 0.7078125 0.5510416666666667
2 0.66171875 0.5000000000000001 0.634375 0.5000000000000001 0.634375 0.5947916666666667 0.66171875 0.5947916666666667
2 0.53515625 0.5395833333333333 0.5078125 0.5395833333333333 0.5078125 0.63125 0.53515625 0.63125
2 0.5703125 0.5770833333333333 0.55078125 0.5770833333333333 0.55078125 0.628125 0.5703125 0.628125
2 0.56640625 0.5229166666666668 0.53984375 0.5229166666666668 0.53984375 0.6104166666666667 0.56640625 0.6104166666666667
2 0.51484375 0.48020833333333346 0.4921875 0.48020833333333346 0.4921875 0.5708333333333333 0.51484375 0.5708333333333333
2 0.64453125 0.4354166666666668 0.61796875 0.4354166666666668 0.61796875 0.5197916666666668 0.64453125 0.5197916666666668
2 0.67734375 0.44583333333333347 0.653125 0.44583333333333347 0.653125 0.5281250000000001 0.67734375 0.5281250000000001
2 0.68359375 0.4218750000000001 0.6640625 0.4218750000000001 0.6640625 0.45729166666666676 0.68359375 0.45729166666666676
2 0.65625 0.3822916666666668 0.6375 0.3822916666666668 0.6375 0.4666666666666668 0.65625 0.4666666666666668
2 0.634375 0.37916666666666676 0.6109375 0.37916666666666676 0.6109375 0.4531250000000001 0.634375 0.4531250000000001
2 0.63359375 0.33750000000000013 0.6125 0.33750000000000013 0.6125 0.3916666666666668 0.63359375 0.3916666666666668
2 0.5859375 0.2781250000000001 0.57109375 0.2781250000000001 0.57109375 0.31875000000000014 0.5859375 0.31875000000000014
2 0.53359375 0.27187500000000014 0.5171875 0.27187500000000014 0.5171875 0.3250000000000001 0.53359375 0.3250000000000001
2 0.4859375 0.35000000000000014 0.47265625 0.35000000000000014 0.47265625 0.4072916666666668 0.4859375 0.4072916666666668
2 0.48359375 0.25520833333333337 0.4765625 0.25520833333333337 0.4765625 0.26979166666666676 0.48359375 0.26979166666666676
2 0.48828125 0.26979166666666676 0.47421875 0.26979166666666676 0.47421875 0.3135416666666668 0.48828125 0.3135416666666668
2 0.5203125 0.22604166666666672 0.50703125 0.22604166666666672 0.50703125 0.2687500000000001 0.5203125 0.2687500000000001
2 0.484375 0.20312500000000006 0.4734375 0.20312500000000006 0.4734375 0.23750000000000007 0.484375 0.23750000000000007
2 0.5 0.18958333333333338 0.48984375 0.18958333333333338 0.48984375 0.22291666666666674 0.5 0.22291666666666674
2 0.5234375 0.1822916666666667 0.51484375 0.1822916666666667 0.51484375 0.21562500000000007 0.5234375 0.21562500000000007
2 0.5390625 0.17916666666666672 0.52734375 0.17916666666666672 0.52734375 0.2114583333333334 0.5390625 0.2114583333333334
2 0.52109375 0.15416666666666673 0.51015625 0.15416666666666673 0.51015625 0.17812500000000006 0.52109375 0.17812500000000006
2 0.48671875 0.1270833333333334 0.4796875 0.1270833333333334 0.4796875 0.1458333333333334 0.48671875 0.1458333333333334
2 0.5125 0.13020833333333343 0.50390625 0.13020833333333343 0.50390625 0.15833333333333338 0.5125 0.15833333333333338
2 0.49140625 0.10833333333333342 0.48671875 0.10833333333333342 0.48671875 0.12395833333333342 0.49140625 0.12395833333333342
2 0.4828125 0.11354166666666675 0.47890625 0.11354166666666675 0.47890625 0.1281250000000001 0.4828125 0.1281250000000001
2 0.49375 0.11979166666666675 0.4890625 0.11979166666666675 0.4890625 0.13020833333333343 0.49375 0.13020833333333343
2 0.50546875 0.10520833333333342 0.4984375 0.10520833333333342 0.4984375 0.1218750000000001 0.50546875 0.1218750000000001
2 0.50625 0.1218750000000001 0.49921875 0.1218750000000001 0.49921875 0.13854166666666673 0.50625 0.13854166666666673
2 0.57734375 0.24687500000000012 0.565625 0.24687500000000012 0.565625 0.28750000000000014 0.57734375 0.28750000000000014
3 0.475 0.11145833333333342 0.4578125 0.11145833333333342 0.4578125 0.15937500000000007 0.475 0.15937500000000007
1 0.503125 0.1312500000000001 0.48359375 0.1312500000000001 0.48359375 0.1677083333333334 0.503125 0.1677083333333334
1 0.5640625 0.2375000000000001 0.5296875 0.23750000000000007 0.5296875 0.2979166666666668 0.5640625 0.2979166666666668
1 0.5109375 0.2760416666666668 0.47578125 0.2760416666666668 0.47578125 0.33958333333333346 0.5109375 0.33958333333333346
1 0.534375 0.32187500000000013 0.4890625 0.32187500000000013 0.4890625 0.4135416666666668 0.534375 0.4135416666666668
1 0.5296875 0.3916666666666668 0.484375 0.3916666666666668 0.484375 0.4895833333333334 0.5296875 0.4895833333333334
1 0.58671875 0.6197916666666666 0.509375 0.6197916666666666 0.509375 0.8239583333333333 0.58671875 0.8239583333333333
1 0.665625 0.553125 0.5875 0.553125 0.5875 0.7385416666666667 0.665625 0.7385416666666667
1 0.628125 0.4697916666666668 0.56015625 0.4697916666666668 0.56015625 0.5979166666666667 0.628125 0.5979166666666667
3 0.621875 0.3135416666666668 0.54609375 0.3135416666666668 0.54609375 0.49583333333333346 0.621875 0.49583333333333346
3 0.83984375 0.6833333333333335 0.6375 0.6833333333333333 0.6375000000000001 1.0000000000000002 0.83984375 1.0000000000000002
2 0.50859375 0.09166666666666676 0.503125 0.09166666666666676 0.503125 0.10520833333333342 0.50859375 0.10520833333333342