1 0.76875 0.7520833333333334 0.64453125 0.7520833333333333 0.6445312500000001 1.0000000000000002 0.7687500000000002 1.0000000000000002
1 0.47578125 0.15312500000000007 0.4546875 0.15312500000000007 0.4546875 0.19166666666666674 0.47578125 0.19166666666666674
1 0.4703125 0.1270833333333334 0.4515625 0.12708333333333338 0.4515625 0.15937500000000007 0.4703125 0.15937500000000007
1 0.4625 0.08541666666666675 0.45625 0.08541666666666675 0.45625 0.10937500000000008 0.4625 0.10937500000000008
1 0.45390625 0.0770833333333334 0.4421875 0.07708333333333339 0.4421875 0.1020833333333334 0.45390625 0.10208333333333343
1 0.4734375 0.06875000000000009 0.46171875 0.06875000000000009 0.46171875 0.08333333333333343 0.4734375 0.08333333333333343
3 0.44609375 0.061458333333333406 0.425 0.061458333333333406 0.425 0.11250000000000006 0.44609375 0.11250000000000006
3 0.4546875 0.12916666666666674 0.42578125 0.12916666666666674 0.42578125 0.2083333333333334 0.4546875 0.2083333333333334
2 0.6570312500000001 0.8385416666666666 0.6140625 0.8385416666666666 0.6140625000000001 1 0.6570312500000002 1
2 0.84140625 0.7781250000000003 0.79453125 0.7781250000000003 0.79453125 0.9489583333333336 0.84140625 0.9489583333333336
2 0.60546875 0.6927083333333334 0.56484375 0.6927083333333334 0.56484375 0.853125 0.60546875 0.853125
2 0.6140625 0.5291666666666668 0.578125 0.5291666666666668 0.578125 0.6364583333333333 0.6140625 0.6364583333333333
2 0.534375 0.4739583333333334 0.50234375 0.4739583333333334 0.50234375 0.590625 0.534375 0.590625
2 0.5640625 0.29583333333333345 0.5296875 0.29583333333333345 0.5296875 0.3718750000000001 0.5640625 0.3718750000000001
2 0.57421875 0.2625000000000001 0.55859375 0.2625000000000001 0.55859375 0.32708333333333345 0.57421875 0.32708333333333345
2 0.51953125 0.17291666666666672 0.5 0.17291666666666672 0.5 0.21875000000000006 0.51953125 0.21875000000000006
2 0.5046875 0.16562500000000005 0.49296875 0.16562500000000005 0.49296875 0.2177083333333334 0.5046875 0.2177083333333334
2 0.503125 0.14687500000000006 0.4875 0.14687500000000006 0.4875 0.17604166666666674 0.503125 0.17604166666666674
2 0.4796875 0.10729166666666676 0.46875 0.10729166666666676 0.46875 0.13437500000000005 0.4796875 0.13437500000000005
2 0.46484375 0.10729166666666674 0.453125 0.10729166666666673 0.453125 0.1270833333333334 0.46484375 0.1270833333333334