2 0.2328125000000001 0.7041666666666667 0.16796875000000006 0.7041666666666667 0.16796875000000006 0.8604166666666667 0.2328125000000001 0.8604166666666667
2 0.3265625000000001 0.728125 0.27812500000000007 0.728125 0.27812500000000007 0.84375 0.3265625000000001 0.84375
2 0.2882812500000001 0.66875 0.2500000000000001 0.66875 0.2500000000000001 0.7875 0.2882812500000001 0.7875
2 0.3765625000000001 0.60625 0.32890625000000007 0.60625 0.32890625000000007 0.7135416666666666 0.3765625000000001 0.7135416666666666
2 0.3218750000000001 0.496875 0.2828125000000001 0.496875 0.2828125000000001 0.5979166666666667 0.3218750000000001 0.5979166666666667
2 0.384375 0.45625000000000004 0.3390625 0.45625 0.33906250000000004 0.553125 0.3843750000000001 0.553125
2 0.453125 0.40000000000000013 0.4203125 0.40000000000000013 0.4203125 0.4697916666666668 0.453125 0.4697916666666668
2 0.40546875 0.3385416666666668 0.3703125 0.3385416666666668 0.3703125 0.40833333333333344 0.40546875 0.40833333333333344
2 0.4546875 0.2979166666666668 0.428125 0.2979166666666668 0.428125 0.35833333333333345 0.4546875 0.35833333333333345
2 0.40390625 0.30625000000000013 0.3765625 0.30625000000000013 0.3765625 0.36145833333333344 0.40390625 0.36145833333333344
2 0.48984375 0.21875000000000006 0.4703125 0.21875000000000006 0.4703125 0.26770833333333344 0.48984375 0.26770833333333344
2 0.50859375 0.15416666666666673 0.49765625 0.15416666666666673 0.49765625 0.1822916666666667 0.50859375 0.1822916666666667
2 0.4984375 0.1395833333333334 0.48515625 0.1395833333333334 0.48515625 0.16354166666666672 0.4984375 0.16354166666666672
2 0.53203125 0.14687500000000006 0.52265625 0.14687500000000006 0.52265625 0.17395833333333338 0.53203125 0.17395833333333338
2 0.521875 0.13229166666666675 0.5125 0.13229166666666675 0.5125 0.1552083333333334 0.521875 0.1552083333333334
2 0.5125 0.12291666666666676 0.5046875 0.12291666666666676 0.5046875 0.14687500000000006 0.5125 0.14687500000000006
2 0.53515625 0.11666666666666675 0.52421875 0.11666666666666675 0.52421875 0.13854166666666673 0.53515625 0.13854166666666673
2 0.51328125 0.11354166666666675 0.5078125 0.11354166666666675 0.5078125 0.1281250000000001 0.51328125 0.1281250000000001
2 0.5109375 0.11041666666666676 0.50390625 0.11041666666666676 0.50390625 0.12500000000000008 0.5109375 0.12500000000000008
2 0.50078125 0.09895833333333343 0.496875 0.09895833333333343 0.496875 0.10937500000000008 0.50078125 0.10937500000000008
2 0.4921875 0.09583333333333342 0.48671875 0.09583333333333342 0.48671875 0.10729166666666676 0.4921875 0.10729166666666676
1 0.503125 0.08854166666666675 0.496875 0.08854166666666675 0.496875 0.09895833333333343 0.503125 0.09895833333333343
1 0.5171875 0.09375000000000008 0.50703125 0.09375000000000008 0.50703125 0.10937500000000008 0.5171875 0.10937500000000008
1 0.540625 0.17500000000000007 0.51953125 0.17500000000000007 0.51953125 0.2145833333333334 0.540625 0.2145833333333334
1 0.53125 0.22500000000000006 0.50703125 0.22500000000000006 0.50703125 0.27187500000000014 0.53125 0.27187500000000014
1 0.4609375 0.5218750000000001 0.39140625000000007 0.5218750000000001 0.39140625000000007 0.7 0.4609375 0.7