3 0.3453125000000001 0.73125 0.1390625000000001 0.73125 0.1390625000000001 1 0.3453125000000001 1
1 0.46562500000000007 0.8208333333333333 0.3593750000000001 0.8208333333333333 0.3593750000000001 1 0.4656250000000002 1
1 0.4984375 0.65625 0.40546875 0.65625 0.40546875 0.8385416666666666 0.4984375 0.8385416666666666
1 0.3687500000000001 0.5729166666666666 0.2906250000000001 0.5729166666666666 0.2906250000000001 0.7489583333333333 0.3687500000000001 0.7489583333333333
1 0.503125 0.5197916666666668 0.44140625 0.5197916666666668 0.44140625 0.6302083333333334 0.503125 0.6302083333333334
3 0.51328125 0.32187500000000013 0.43671875 0.32187500000000013 0.43671875 0.5104166666666667 0.51328125 0.5104166666666667
1 0.4765625 0.2729166666666668 0.44296875 0.2729166666666668 0.44296875 0.33645833333333347 0.4765625 0.33645833333333347
1 0.540625 0.15416666666666673 0.5203125 0.15416666666666673 0.5203125 0.19062500000000007 0.540625 0.19062500000000007
1 0.52265625 0.09479166666666676 0.50625 0.09479166666666676 0.50625 0.11145833333333342 0.52265625 0.11145833333333342
2 0.5140625 0.12916666666666676 0.50390625 0.12916666666666676 0.50390625 0.14166666666666672 0.5140625 0.14166666666666672
2 0.50078125 0.09687500000000009 0.49375 0.09687500000000009 0.49375 0.10833333333333342 0.50078125 0.10833333333333342
1 0.50546875 0.08645833333333343 0.49296875 0.08645833333333343 0.49296875 0.09687500000000009 0.50546875 0.09687500000000009
2 0.49375 0.09687500000000009 0.48984375 0.09687500000000009 0.48984375 0.10312500000000009 0.49375 0.10312500000000009
2 0.48828125 0.20000000000000007 0.47578125 0.20000000000000007 0.47578125 0.23125000000000007 0.48828125 0.23125000000000007
2 0.4015625 0.3333333333333334 0.3703125 0.3333333333333334 0.3703125 0.3750000000000001 0.4015625 0.3750000000000001
2 0.38359375 0.3739583333333334 0.35703125 0.37395833333333334 0.35703125 0.44270833333333337 0.38359375 0.4427083333333334
2 0.34140625 0.4427083333333333 0.31015625 0.4427083333333333 0.31015625 0.5270833333333333 0.3414062500000001 0.5270833333333333
2 0.43671875 0.46145833333333347 0.4078125 0.46145833333333347 0.4078125 0.5177083333333334 0.43671875 0.5177083333333334
2 0.41796875 0.609375 0.3750000000000001 0.609375 0.3750000000000001 0.7104166666666667 0.41796875 0.7104166666666667
2 0.40703125 0.55625 0.3937500000000001 0.55625 0.3937500000000001 0.6614583333333334 0.40703125 0.6614583333333334
2 0.51640625 0.6041666666666666 0.47890625 0.6041666666666666 0.47890625 0.7010416666666667 0.51640625 0.7010416666666667
2 0.3187500000000001 0.5395833333333333 0.2875000000000001 0.5395833333333333 0.2875000000000001 0.6302083333333334 0.3187500000000001 0.6302083333333334
2 0.38359375000000007 0.7635416666666667 0.3460937500000001 0.7635416666666667 0.3460937500000001 0.9104166666666667 0.38359375000000007 0.9104166666666667
2 0.3898437500000001 0.6947916666666667 0.3632812500000001 0.6947916666666667 0.3632812500000001 0.796875 0.3898437500000001 0.796875
2 0.19531250000000006 0.6677083333333333 0.13906250000000003 0.6677083333333333 0.13906250000000006 0.7541666666666667 0.19531250000000008 0.7541666666666667
2 0.2218750000000001 0.75625 0.18125000000000008 0.75625 0.18125000000000008 0.865625 0.2218750000000001 0.865625
2 0.08203125000000008 0.8333333333333334 0.014062500000000078 0.8333333333333334 0.014062500000000084 0.9479166666666666 0.08203125000000008 0.9479166666666666
2 0.11718750000000008 0.8489583333333334 0.05703125000000009 0.8489583333333334 0.05703125000000009 0.98125 0.11718750000000008 0.98125
2 0.1625000000000001 0.8479166666666667 0.11484375000000009 0.8479166666666667 0.11484375000000009 0.96875 0.1625000000000001 0.96875
2 0.061718750000000086 0.959375 0.028125000000000087 0.959375 0.028125000000000087 1 0.061718750000000086 1
2 0.1320312500000001 0.9604166666666667 0.09921875000000009 0.9604166666666667 0.09921875000000009 1 0.1320312500000001 1