1 0.59765625 0.5520833333333334 0.51796875 0.5520833333333334 0.51796875 0.7385416666666667 0.59765625 0.7385416666666667
1 0.73125 0.6906250000000002 0.6203125 0.690625 0.6203125 0.9468750000000001 0.73125 0.9468750000000002
1 0.51796875 0.18958333333333338 0.48984375 0.18958333333333338 0.48984375 0.25729166666666675 0.51796875 0.25729166666666675
2 0.4859375 0.12291666666666676 0.48046875 0.12291666666666676 0.48046875 0.1458333333333334 0.4859375 0.1458333333333334
1 0.48671875 0.11458333333333343 0.47734375 0.11458333333333343 0.47734375 0.1333333333333334 0.48671875 0.1333333333333334
1 0.47890625 0.09375000000000008 0.46875 0.09375000000000008 0.46875 0.12395833333333342 0.47890625 0.12395833333333342
2 0.50546875 0.09270833333333342 0.50078125 0.09270833333333342 0.50078125 0.10937500000000008 0.50546875 0.10937500000000008
2 0.49140625 0.13020833333333343 0.48515625 0.13020833333333343 0.48515625 0.1510416666666667 0.49140625 0.1510416666666667
2 0.5 0.15312500000000007 0.4921875 0.15312500000000007 0.4921875 0.17604166666666674 0.5 0.17604166666666674
2 0.4984375 0.1395833333333334 0.4921875 0.1395833333333334 0.4921875 0.15729166666666672 0.4984375 0.15729166666666672
2 0.50234375 0.12916666666666676 0.49609375 0.12916666666666676 0.49609375 0.1458333333333334 0.50234375 0.1458333333333334
2 0.51015625 0.13437500000000005 0.503125 0.13437500000000005 0.503125 0.16250000000000006 0.51015625 0.16250000000000006
2 0.50546875 0.1645833333333334 0.49921875 0.1645833333333334 0.49921875 0.19166666666666674 0.50546875 0.19166666666666674
2 0.5140625 0.17500000000000007 0.50625 0.17500000000000007 0.50625 0.2020833333333334 0.5140625 0.2020833333333334
2 0.54453125 0.20104166666666676 0.5359375 0.20104166666666673 0.5359375 0.23020833333333343 0.54453125 0.23020833333333346
2 0.565625 0.26145833333333346 0.553125 0.26145833333333346 0.553125 0.30833333333333346 0.565625 0.30833333333333346
2 0.57734375 0.3000000000000001 0.56484375 0.3000000000000001 0.56484375 0.3593750000000001 0.57734375 0.3593750000000001
2 0.60078125 0.2947916666666668 0.5859375 0.2947916666666668 0.5859375 0.3489583333333334 0.60078125 0.3489583333333334
2 0.6609375 0.4385416666666668 0.6390625 0.4385416666666668 0.6390625 0.5281250000000001 0.6609375 0.5281250000000001
2 0.6625 0.4031250000000001 0.6453125 0.4031250000000001 0.6453125 0.4718750000000001 0.6625 0.4718750000000001
2 0.7578125 0.7041666666666668 0.725 0.7041666666666667 0.725 0.8125000000000001 0.7578125 0.8125000000000002
2 0.78359375 0.7656250000000002 0.7484375 0.7656250000000002 0.7484375 0.8979166666666669 0.78359375 0.8979166666666669
2 0.82578125 0.6916666666666669 0.7859375 0.6916666666666669 0.7859375 0.8062500000000002 0.82578125 0.8062500000000002
2 0.8 0.6239583333333336 0.7640625 0.6239583333333336 0.7640625 0.7229166666666669 0.8 0.7229166666666669
2 0.971875 0.8645833333333336 0.91640625 0.8645833333333336 0.91640625 1.0000000000000002 0.971875 1.0000000000000002
2 0.8875 0.8177083333333336 0.85078125 0.8177083333333336 0.85078125 0.9614583333333335 0.8875 0.9614583333333335
2 0.8703125 0.8572916666666669 0.8328125 0.8572916666666669 0.8328125 0.9989583333333336 0.8703125 0.9989583333333336
2 0.84296875 0.8937500000000003 0.7859375 0.8937500000000003 0.7859375000000001 1.0000000000000002 0.84296875 1.0000000000000002
2 0.5804687500000001 0.9083333333333333 0.51796875 0.9083333333333333 0.5179687500000001 1 0.5804687500000002 1
2 0.6445312500000001 0.93125 0.59375 0.93125 0.5937500000000001 1 0.6445312500000002 1
2 0.7156250000000002 0.9697916666666667 0.6765625000000002 0.9697916666666667 0.6765625000000002 1 0.7156250000000002 1
2 0.7906250000000001 0.9572916666666669 0.75 0.9572916666666669 0.7500000000000001 1.0000000000000002 0.7906250000000001 1.0000000000000002