2 0.84609375 0.9531250000000002 0.7984375 0.9531250000000002 0.7984375000000001 1.0000000000000002 0.84609375 1.0000000000000002
2 0.68046875 0.4114583333333334 0.6515625 0.4114583333333334 0.6515625 0.4979166666666668 0.68046875 0.4979166666666668
2 0.58984375 0.3416666666666668 0.5640625 0.3416666666666668 0.5640625 0.4229166666666668 0.58984375 0.4229166666666668
2 0.53984375 0.21979166666666672 0.52578125 0.21979166666666672 0.52578125 0.26354166666666673 0.53984375 0.26354166666666673
1 0.640625 0.5854166666666667 0.5484375 0.5854166666666667 0.5484375 0.7927083333333333 0.640625 0.7927083333333333
1 0.446875 0.14375000000000007 0.42578125 0.14375000000000007 0.42578125 0.1822916666666667 0.446875 0.1822916666666667
3 0.48984375 0.25000000000000006 0.44296875 0.25000000000000006 0.44296875 0.3645833333333334 0.48984375 0.3645833333333334
3 0.50859375 0.1822916666666667 0.47109375 0.1822916666666667 0.47109375 0.26250000000000007 0.50859375 0.26250000000000007
3 0.47734375 0.11666666666666674 0.44921875 0.11666666666666672 0.44921875 0.1822916666666667 0.47734375 0.1822916666666667
3 0.46640625 0.09166666666666676 0.4546875 0.09166666666666676 0.4546875 0.11666666666666675 0.46640625 0.11666666666666675
3 0.475 0.0750000000000001 0.46328125 0.0750000000000001 0.46328125 0.09895833333333343 0.475 0.09895833333333343
2 0.46484375 0.20625000000000007 0.45390625 0.20625000000000007 0.45390625 0.24791666666666673 0.46484375 0.24791666666666673
2 0.4515625 0.1822916666666667 0.4390625 0.1822916666666667 0.4390625 0.21875000000000006 0.4515625 0.21875000000000006
2 0.43984375 0.10625000000000005 0.4328125 0.10625000000000005 0.4328125 0.13125000000000006 0.43984375 0.13125000000000006
2 0.44921875 0.10208333333333339 0.44140625 0.10208333333333339 0.44140625 0.12812500000000007 0.44921875 0.12812500000000007
2 0.45234375 0.08854166666666673 0.44609375 0.08854166666666673 0.44609375 0.10625000000000005 0.45234375 0.10625000000000005
2 0.48359375 0.1333333333333334 0.478125 0.1333333333333334 0.478125 0.16354166666666672 0.48359375 0.16354166666666672
2 0.48046875 0.11875000000000009 0.47265625 0.11875000000000009 0.47265625 0.13750000000000007 0.48046875 0.13750000000000007
2 0.471875 0.08854166666666675 0.4625 0.08854166666666675 0.4625 0.1062500000000001 0.471875 0.1062500000000001