2 0.5414062500000001 0.8739583333333333 0.49609375 0.8739583333333333 0.4960937500000001 1 0.5414062500000002 1
2 0.5109375 0.73125 0.4828125 0.73125 0.4828125 0.8583333333333333 0.5109375 0.8583333333333333
2 0.5171875 0.6166666666666667 0.4859375 0.6166666666666667 0.4859375 0.7260416666666667 0.5171875 0.7260416666666667
1 0.61015625 0.684375 0.51328125 0.684375 0.51328125 0.8791666666666667 0.61015625 0.8791666666666667
2 0.6203125 0.6625 0.5734375 0.6625 0.5734375 0.765625 0.6203125 0.765625
2 0.603125 0.5708333333333333 0.57421875 0.5708333333333333 0.57421875 0.6677083333333333 0.603125 0.6677083333333333
2 0.55859375 0.6333333333333333 0.5375 0.6333333333333333 0.5375 0.709375 0.55859375 0.709375
2 0.540625 0.5875 0.509375 0.5875 0.509375 0.6895833333333333 0.540625 0.6895833333333333
2 0.534375 0.5354166666666667 0.51328125 0.5354166666666667 0.51328125 0.6104166666666667 0.534375 0.6104166666666667
2 0.5734375 0.5729166666666666 0.55 0.5729166666666666 0.55 0.6614583333333334 0.5734375 0.6614583333333334
2 0.5609375 0.5333333333333333 0.5359375 0.5333333333333333 0.5359375 0.6041666666666666 0.5609375 0.6041666666666666
2 0.51875 0.4541666666666668 0.4796875 0.4541666666666668 0.4796875 0.5489583333333333 0.51875 0.5489583333333333
1 0.90703125 0.7166666666666669 0.75859375 0.7166666666666669 0.7585937500000001 0.9875000000000003 0.90703125 0.9875000000000003
2 0.8109375 0.9104166666666669 0.778125 0.9104166666666669 0.7781250000000001 0.9937500000000002 0.8109375 0.9937500000000002
2 0.7875 0.8020833333333336 0.7515625 0.8020833333333336 0.7515625 0.9406250000000003 0.7875 0.9406250000000003
2 0.75625 0.7520833333333334 0.721875 0.7520833333333333 0.721875 0.8614583333333334 0.75625 0.8614583333333335
2 0.75625 0.6656250000000002 0.72890625 0.6656250000000002 0.72890625 0.7552083333333336 0.75625 0.7552083333333336
1 0.72734375 0.6312500000000001 0.6140625 0.63125 0.6140625 0.8812500000000001 0.72734375 0.8812500000000002
2 0.734375 0.6958333333333334 0.7015625 0.6958333333333333 0.7015625 0.7979166666666668 0.734375 0.7979166666666669
2 0.7109375 0.6322916666666667 0.684375 0.6322916666666667 0.684375 0.7270833333333333 0.7109375 0.7270833333333333
2 0.8484375 0.6812500000000002 0.8109375 0.6812500000000002 0.8109375 0.7552083333333336 0.8484375 0.7552083333333336
2 0.80703125 0.6385416666666669 0.7796875 0.6385416666666669 0.7796875 0.7145833333333336 0.80703125 0.7145833333333336
2 0.80390625 0.6052083333333336 0.76484375 0.6052083333333336 0.76484375 0.6812500000000002 0.80390625 0.6812500000000002
2 0.684375 0.5854166666666667 0.6578125 0.5854166666666667 0.6578125 0.6625 0.684375 0.6625
2 0.64765625 0.6072916666666667 0.61796875 0.6072916666666667 0.61796875 0.6614583333333334 0.64765625 0.6614583333333334
2 0.659375 0.5625 0.628125 0.5625 0.628125 0.640625 0.659375 0.640625
2 0.66796875 0.5479166666666667 0.653125 0.5479166666666667 0.653125 0.5822916666666667 0.66796875 0.5822916666666667
2 0.646875 0.5031250000000002 0.628125 0.5031250000000002 0.628125 0.5572916666666666 0.646875 0.5572916666666666
2 0.6640625 0.45729166666666676 0.64453125 0.45729166666666676 0.64453125 0.5104166666666667 0.6640625 0.5104166666666667
2 0.64140625 0.4322916666666668 0.6234375 0.4322916666666668 0.6234375 0.48333333333333345 0.64140625 0.48333333333333345
1 0.634375 0.4656250000000001 0.5609375 0.4656250000000001 0.5609375 0.6041666666666666 0.634375 0.6041666666666666
2 0.63359375 0.45729166666666676 0.61328125 0.45729166666666676 0.61328125 0.5010416666666668 0.63359375 0.5010416666666668
2 0.621875 0.41458333333333347 0.60390625 0.41458333333333347 0.60390625 0.4635416666666668 0.621875 0.4635416666666668
2 0.6359375 0.3645833333333334 0.621875 0.3645833333333334 0.621875 0.41562500000000013 0.6359375 0.41562500000000013
2 0.61171875 0.3593750000000001 0.5921875 0.3593750000000001 0.5921875 0.4166666666666668 0.61171875 0.4166666666666668
2 0.61875 0.37708333333333344 0.60546875 0.37708333333333344 0.60546875 0.4187500000000001 0.61875 0.4187500000000001
2 0.6453125 0.3604166666666668 0.63359375 0.3604166666666668 0.63359375 0.39687500000000014 0.6453125 0.39687500000000014
2 0.66328125 0.4041666666666668 0.64140625 0.4041666666666668 0.64140625 0.46145833333333347 0.66328125 0.46145833333333347
2 0.68515625 0.44375000000000014 0.66953125 0.44375000000000014 0.66953125 0.49583333333333346 0.68515625 0.49583333333333346
1 0.7328125 0.49895833333333345 0.66015625 0.49895833333333345 0.66015625 0.6354166666666667 0.7328125 0.6354166666666669
2 0.709375 0.4697916666666668 0.6859375 0.4697916666666668 0.6859375 0.5072916666666668 0.709375 0.5072916666666668
2 0.7421875 0.4979166666666668 0.7125 0.4979166666666668 0.7125 0.5760416666666668 0.7421875 0.5760416666666669
1 0.6125 0.3072916666666668 0.56796875 0.3072916666666668 0.56796875 0.38958333333333345 0.6125 0.38958333333333345
2 0.61796875 0.2979166666666668 0.5953125 0.2979166666666668 0.5953125 0.35208333333333347 0.61796875 0.35208333333333347
2 0.59296875 0.2760416666666668 0.58203125 0.2760416666666668 0.58203125 0.31145833333333345 0.59296875 0.31145833333333345
2 0.56796875 0.2510416666666668 0.55859375 0.2510416666666668 0.55859375 0.2916666666666668 0.56796875 0.2916666666666668
2 0.46640625 0.1958333333333334 0.45546875 0.1958333333333334 0.45546875 0.22083333333333338 0.46640625 0.22083333333333338
2 0.459375 0.1677083333333334 0.45078125 0.1677083333333334 0.45078125 0.2020833333333334 0.459375 0.2020833333333334
1 0.47265625 0.12083333333333342 0.4578125 0.12083333333333342 0.4578125 0.1552083333333334 0.47265625 0.1552083333333334
2 0.47890625 0.11979166666666675 0.47109375 0.11979166666666675 0.47109375 0.14062500000000006 0.47890625 0.14062500000000006
2 0.51953125 0.18750000000000006 0.5125 0.18750000000000006 0.5125 0.21250000000000005 0.51953125 0.21250000000000005
2 0.52734375 0.18541666666666673 0.5203125 0.18541666666666673 0.5203125 0.21562500000000007 0.52734375 0.21562500000000007
2 0.51328125 0.16354166666666672 0.5078125 0.16354166666666672 0.5078125 0.1822916666666667 0.51328125 0.1822916666666667
2 0.5234375 0.15937500000000007 0.5140625 0.15937500000000007 0.5140625 0.1833333333333334 0.5234375 0.1833333333333334
2 0.52734375 0.16041666666666674 0.521875 0.16041666666666674 0.521875 0.18125000000000005 0.52734375 0.18125000000000005
2 0.49140625 0.1520833333333334 0.4859375 0.1520833333333334 0.4859375 0.16979166666666673 0.49140625 0.16979166666666673
2 0.48515625 0.1395833333333334 0.4796875 0.1395833333333334 0.4796875 0.15729166666666672 0.48515625 0.15729166666666672
2 0.48984375 0.13437500000000005 0.4828125 0.13437500000000005 0.4828125 0.15000000000000005 0.48984375 0.15000000000000005
2 0.49609375 0.11979166666666675 0.490625 0.11979166666666675 0.490625 0.1364583333333334 0.49609375 0.1364583333333334
2 0.5015625 0.1312500000000001 0.49765625 0.1312500000000001 0.49765625 0.14479166666666674 0.5015625 0.14479166666666674
2 0.5125 0.1281250000000001 0.5046875 0.1281250000000001 0.5046875 0.14479166666666674 0.5125 0.14479166666666674
1 0.50390625 0.1770833333333334 0.48515625 0.1770833333333334 0.48515625 0.20520833333333338 0.50390625 0.20520833333333338
2 0.49921875 0.1614583333333334 0.49375 0.1614583333333334 0.49375 0.17812500000000006 0.49921875 0.17812500000000006
2 0.50546875 0.1645833333333334 0.5015625 0.1645833333333334 0.5015625 0.17812500000000006 0.50546875 0.17812500000000006
2 0.515625 0.14687500000000006 0.5078125 0.14687500000000006 0.5078125 0.1645833333333334 0.515625 0.1645833333333334
1 0.51796875 0.27708333333333346 0.478125 0.27708333333333346 0.478125 0.35000000000000014 0.51796875 0.35000000000000014
2 0.5078125 0.24791666666666673 0.49921875 0.24791666666666673 0.49921875 0.2822916666666668 0.5078125 0.2822916666666668
1 0.6507812500000001 0.878125 0.54609375 0.878125 0.54609375 1 0.6507812500000002 1
1 0.77265625 0.8260416666666668 0.66015625 0.8260416666666667 0.6601562500000001 1.0000000000000002 0.7726562500000002 1.0000000000000002
1 0.58828125 0.41250000000000014 0.54296875 0.41250000000000014 0.54296875 0.4812500000000001 0.58828125 0.4812500000000001
1 0.5671875 0.34270833333333345 0.52421875 0.34270833333333345 0.52421875 0.42604166666666676 0.5671875 0.42604166666666676
1 0.5453125 0.2208333333333334 0.51171875 0.22083333333333338 0.51171875 0.3041666666666668 0.5453125 0.3041666666666668
1 0.55625 0.2218750000000001 0.52421875 0.22187500000000007 0.52421875 0.27395833333333347 0.55625 0.27395833333333347
1 0.490625 0.23229166666666673 0.46484375 0.23229166666666673 0.46484375 0.28333333333333344 0.490625 0.28333333333333344
1 0.490625 0.20729166666666674 0.46484375 0.20729166666666674 0.46484375 0.24166666666666672 0.490625 0.24166666666666672
1 0.51171875 0.19062500000000007 0.4921875 0.19062500000000007 0.4921875 0.2302083333333334 0.51171875 0.2302083333333334
1 0.4796875 0.16979166666666673 0.46171875 0.16979166666666673 0.46171875 0.2020833333333334 0.4796875 0.2020833333333334
1 0.49609375 0.09375000000000008 0.48125 0.09375000000000008 0.48125 0.12291666666666676 0.49609375 0.12291666666666676
1 0.51015625 0.08958333333333342 0.5 0.08958333333333342 0.5 0.10833333333333342 0.51015625 0.10833333333333342
1 0.54609375 0.2000000000000001 0.528125 0.20000000000000007 0.528125 0.23020833333333343 0.54609375 0.23020833333333346
0 0.47578125 0.08125000000000009 0.45390625 0.08125000000000009 0.45390625 0.12604166666666675 0.47578125 0.12604166666666675