2 1 0.7750000000000002 0.94921875 0.7750000000000002 0.94921875 0.9260416666666669 1 0.9260416666666669
2 0.9578125 0.9020833333333336 0.896875 0.9020833333333336 0.896875 1.0000000000000002 0.9578125 1.0000000000000002
2 0.9 0.9083333333333335 0.83359375 0.9083333333333335 0.83359375 1.0000000000000002 0.9 1.0000000000000002
2 0.82578125 0.9416666666666669 0.771875 0.9416666666666669 0.7718750000000001 1.0000000000000002 0.82578125 1.0000000000000002
2 0.76875 0.9364583333333336 0.73671875 0.9364583333333336 0.7367187500000001 1.0000000000000002 0.7687500000000002 1.0000000000000002
2 0.7007812500000001 0.9125 0.66171875 0.9125 0.6617187500000001 1 0.7007812500000001 1
2 0.9296875 0.7218750000000003 0.86875 0.7218750000000003 0.86875 0.8520833333333335 0.9296875 0.8520833333333335
2 0.871875 0.8500000000000002 0.8390625 0.8500000000000002 0.8390625 0.9614583333333335 0.871875 0.9614583333333335
2 0.90078125 0.8083333333333336 0.8578125 0.8083333333333336 0.8578125 0.9739583333333336 0.90078125 0.9739583333333336
2 0.8734375 0.7375000000000003 0.8328125 0.7375000000000003 0.8328125 0.8625000000000003 0.8734375 0.8625000000000003
3 0.809375 0.4854166666666668 0.62734375 0.4854166666666668 0.62734375 0.9302083333333334 0.809375 0.9302083333333335
2 0.81015625 0.6927083333333336 0.78046875 0.6927083333333336 0.78046875 0.8270833333333336 0.81015625 0.8270833333333336
2 0.84140625 0.6854166666666669 0.79921875 0.6854166666666669 0.79921875 0.8031250000000002 0.84140625 0.8031250000000002
2 0.84453125 0.7843750000000003 0.79609375 0.7843750000000003 0.79609375 0.9156250000000002 0.84453125 0.9156250000000002
1 0.6492187500000001 0.803125 0.5375 0.803125 0.5375000000000001 1 0.6492187500000002 1
2 0.65859375 0.775 0.621875 0.775 0.621875 0.9395833333333333 0.65859375 0.9395833333333333
2 0.64453125 0.7291666666666666 0.6078125 0.7291666666666666 0.6078125 0.8364583333333333 0.64453125 0.8364583333333333
2 0.6375 0.6552083333333333 0.6046875 0.6552083333333333 0.6046875 0.76875 0.6375 0.76875
2 0.5265625 0.584375 0.484375 0.584375 0.484375 0.7229166666666667 0.5265625 0.7229166666666667
2 0.5140625 0.5166666666666668 0.478125 0.5166666666666668 0.478125 0.60625 0.5140625 0.60625
2 0.63125 0.5708333333333333 0.5921875 0.5708333333333333 0.5921875 0.671875 0.63125 0.671875
2 0.615625 0.5354166666666667 0.590625 0.5354166666666667 0.590625 0.625 0.615625 0.625
1 0.59296875 0.5229166666666668 0.52109375 0.5229166666666668 0.52109375 0.6739583333333333 0.59296875 0.6739583333333333
2 0.5984375 0.5000000000000001 0.575 0.5000000000000001 0.575 0.5802083333333333 0.5984375 0.5802083333333333
2 0.59140625 0.4583333333333334 0.5671875 0.4583333333333334 0.5671875 0.5427083333333333 0.59140625 0.5427083333333333
2 0.70625 0.5312500000000001 0.68046875 0.5312500000000001 0.68046875 0.5916666666666667 0.70625 0.5916666666666667
2 0.7046875 0.5166666666666668 0.67421875 0.5166666666666668 0.67421875 0.5697916666666667 0.7046875 0.5697916666666667
2 0.72734375 0.44687500000000013 0.70546875 0.44687500000000013 0.70546875 0.5208333333333335 0.72734375 0.5208333333333335
2 0.48125 0.2885416666666668 0.4671875 0.2885416666666668 0.4671875 0.3416666666666668 0.48125 0.3416666666666668
2 0.471875 0.1979166666666667 0.46328125 0.1979166666666667 0.46328125 0.2333333333333334 0.471875 0.2333333333333334
2 0.47421875 0.17916666666666672 0.46484375 0.17916666666666672 0.46484375 0.2114583333333334 0.47421875 0.2114583333333334
0 0.628125 0.23854166666666676 0.53359375 0.23854166666666674 0.53359375 0.42604166666666676 0.628125 0.42604166666666676
2 0.62578125 0.3510416666666668 0.61796875 0.3510416666666668 0.61796875 0.4031250000000001 0.62578125 0.4031250000000001
1 0.63515625 0.4041666666666668 0.56953125 0.4041666666666668 0.56953125 0.5072916666666668 0.63515625 0.5072916666666668
2 0.6390625 0.3729166666666668 0.625 0.3729166666666668 0.625 0.43645833333333345 0.6390625 0.43645833333333345
2 0.646875 0.40520833333333345 0.6296875 0.40520833333333345 0.6296875 0.45937500000000014 0.646875 0.45937500000000014
1 0.7015625 0.42604166666666676 0.634375 0.42604166666666676 0.634375 0.540625 0.7015625 0.540625
2 0.6765625 0.40208333333333346 0.6609375 0.40208333333333346 0.6609375 0.4343750000000001 0.6765625 0.4343750000000001
1 0.49140625 0.11041666666666676 0.47734375 0.11041666666666676 0.47734375 0.1364583333333334 0.49140625 0.1364583333333334
3 0.53671875 0.14791666666666672 0.4875 0.14791666666666672 0.4875 0.25625000000000003 0.53671875 0.25625000000000003
2 0.503125 0.11666666666666675 0.496875 0.11666666666666675 0.496875 0.13229166666666675 0.503125 0.13229166666666675
2 0.50390625 0.10520833333333342 0.49609375 0.10520833333333342 0.49609375 0.11562500000000009 0.50390625 0.11562500000000009
2 0.5015625 0.09479166666666676 0.49609375 0.09479166666666676 0.49609375 0.10416666666666675 0.5015625 0.10416666666666675
2 0.50546875 0.0906250000000001 0.50078125 0.0906250000000001 0.50078125 0.10208333333333343 0.50546875 0.10208333333333343
2 0.51484375 0.13750000000000007 0.50703125 0.13750000000000007 0.50703125 0.15000000000000005 0.51484375 0.15000000000000005
2 0.49140625 0.15833333333333338 0.48359375 0.15833333333333338 0.48359375 0.17187500000000006 0.49140625 0.17187500000000006
1 0.603125 0.6364583333333333 0.51875 0.6364583333333333 0.51875 0.8458333333333333 0.603125 0.8458333333333333
1 0.56953125 0.43333333333333346 0.50625 0.43333333333333346 0.50625 0.5645833333333333 0.56953125 0.5645833333333333
1 0.55390625 0.3979166666666668 0.4984375 0.3979166666666668 0.4984375 0.4895833333333334 0.55390625 0.4895833333333334
1 0.54609375 0.30520833333333347 0.49296875 0.30520833333333347 0.49296875 0.4166666666666668 0.54609375 0.4166666666666668
1 0.5265625 0.2708333333333334 0.478125 0.2708333333333334 0.478125 0.36770833333333347 0.5265625 0.36770833333333347
0 0.5671875 0.18541666666666676 0.51015625 0.18541666666666673 0.51015625 0.2885416666666668 0.5671875 0.2885416666666668