1 0.6359375 0.7010416666666667 0.5125 0.7010416666666667 0.5125000000000001 0.996875 0.6359375000000002 0.996875
1 0.61328125 0.4093750000000001 0.55546875 0.4093750000000001 0.55546875 0.5041666666666668 0.61328125 0.5041666666666668
1 0.525 0.36562500000000014 0.4828125 0.36562500000000014 0.4828125 0.47083333333333344 0.525 0.47083333333333344
1 0.5640625 0.30312500000000014 0.5375 0.30312500000000014 0.5375 0.37395833333333345 0.5640625 0.37395833333333345
1 0.596875 0.25208333333333344 0.5609375 0.25208333333333344 0.5609375 0.31875000000000014 0.596875 0.31875000000000014
1 0.54296875 0.24375000000000005 0.5109375 0.24375000000000005 0.5109375 0.3041666666666668 0.54296875 0.3041666666666668
1 0.528125 0.21041666666666672 0.503125 0.21041666666666672 0.503125 0.26041666666666674 0.528125 0.26041666666666674
1 0.48671875 0.20312500000000006 0.46328125 0.20312500000000006 0.46328125 0.25625000000000003 0.48671875 0.25625000000000003
0 0.50390625 0.24062500000000006 0.46953125 0.24062500000000006 0.46953125 0.3104166666666668 0.50390625 0.3104166666666668
3 0.509375 0.14062500000000006 0.49609375 0.14062500000000006 0.49609375 0.18437500000000007 0.509375 0.18437500000000007
1 0.5203125 0.18125000000000005 0.5078125 0.18125000000000005 0.5078125 0.2145833333333334 0.5203125 0.2145833333333334
1 0.47578125 0.18125000000000005 0.4625 0.18125000000000005 0.4625 0.2135416666666667 0.47578125 0.2135416666666667
1 0.475 0.14375000000000007 0.46015625 0.14375000000000007 0.46015625 0.18750000000000006 0.475 0.18750000000000006
1 0.4953125 0.1364583333333334 0.4796875 0.1364583333333334 0.4796875 0.16875000000000007 0.4953125 0.16875000000000007
1 0.49453125 0.1270833333333334 0.48203125 0.1270833333333334 0.48203125 0.1395833333333334 0.49453125 0.1395833333333334
1 0.4875 0.11979166666666675 0.48125 0.11979166666666675 0.48125 0.1395833333333334 0.4875 0.1395833333333334
1 0.49375 0.10416666666666675 0.48046875 0.10416666666666675 0.48046875 0.11875000000000009 0.49375 0.11875000000000009
1 0.4703125 0.12500000000000008 0.46328125 0.12500000000000008 0.46328125 0.14687500000000006 0.4703125 0.14687500000000006
1 0.46953125 0.10937500000000008 0.46171875 0.10937500000000008 0.46171875 0.12916666666666676 0.46953125 0.12916666666666676
1 0.4703125 0.12083333333333342 0.45625 0.12083333333333342 0.45625 0.14479166666666674 0.4703125 0.14479166666666674
1 0.50234375 0.10520833333333342 0.49453125 0.10520833333333342 0.49453125 0.12291666666666676 0.50234375 0.12291666666666676
1 0.50859375 0.09895833333333343 0.5 0.09895833333333343 0.5 0.11666666666666675 0.50859375 0.11666666666666675
1 0.5125 0.0906250000000001 0.50234375 0.0906250000000001 0.50234375 0.10937500000000008 0.5125 0.10937500000000008
2 0.7437500000000001 0.8843750000000001 0.71328125 0.884375 0.7132812500000001 1.0000000000000002 0.7437500000000001 1.0000000000000002
2 0.8828125 0.8750000000000002 0.83671875 0.8750000000000002 0.83671875 0.9958333333333336 0.8828125 0.9958333333333336
2 0.9578125 0.9083333333333335 0.91328125 0.9083333333333335 0.91328125 0.9895833333333336 0.9578125 0.9895833333333336
2 0.76328125 0.8020833333333336 0.728125 0.8020833333333336 0.728125 0.9135416666666669 0.76328125 0.9135416666666669
2 0.67109375 0.771875 0.64375 0.771875 0.64375 0.8927083333333333 0.67109375 0.8927083333333333
2 0.70859375 0.7447916666666666 0.68203125 0.7447916666666666 0.68203125 0.8572916666666667 0.70859375 0.8572916666666667
2 0.7578125 0.6968750000000002 0.73046875 0.6968750000000002 0.73046875 0.8104166666666669 0.7578125 0.8104166666666669
2 0.81015625 0.7062500000000003 0.771875 0.7062500000000003 0.771875 0.8697916666666669 0.81015625 0.8697916666666669
2 0.8609375 0.7291666666666669 0.8203125 0.7291666666666669 0.8203125 0.8510416666666669 0.8609375 0.8510416666666669
2 0.77734375 0.6041666666666669 0.74921875 0.6041666666666669 0.74921875 0.6937500000000002 0.77734375 0.6937500000000002
2 0.74765625 0.6250000000000002 0.7265625 0.6250000000000002 0.7265625 0.7156250000000003 0.74765625 0.7156250000000003
2 0.70234375 0.615625 0.67578125 0.615625 0.67578125 0.7114583333333333 0.70234375 0.7114583333333333
2 0.6578125 0.6489583333333333 0.62890625 0.6489583333333333 0.62890625 0.75 0.6578125 0.75
2 0.63125 0.6416666666666667 0.58515625 0.6416666666666667 0.58515625 0.7645833333333333 0.63125 0.7645833333333333
2 0.6125 0.575 0.59296875 0.575 0.59296875 0.678125 0.6125 0.678125
2 0.64765625 0.5927083333333333 0.62578125 0.5927083333333333 0.62578125 0.659375 0.64765625 0.659375
2 0.6671875 0.5697916666666667 0.640625 0.5697916666666667 0.640625 0.640625 0.6671875 0.640625
2 0.69140625 0.5416666666666666 0.6609375 0.5416666666666666 0.6609375 0.5958333333333333 0.69140625 0.5958333333333333
2 0.725 0.5625 0.69921875 0.5625 0.69921875 0.6260416666666667 0.725 0.6260416666666667
2 0.7359375 0.5197916666666668 0.70234375 0.5197916666666668 0.70234375 0.6000000000000001 0.7359375 0.6000000000000002
2 0.65390625 0.48854166666666676 0.62890625 0.48854166666666676 0.62890625 0.5677083333333334 0.65390625 0.5677083333333334
2 0.5234375 0.54375 0.4984375 0.54375 0.4984375 0.6364583333333333 0.5234375 0.6364583333333333
2 0.55859375 0.47500000000000014 0.5296875 0.47500000000000014 0.5296875 0.5614583333333333 0.55859375 0.5614583333333333
2 0.51875 0.4812500000000001 0.49296875 0.4812500000000001 0.49296875 0.5479166666666667 0.51875 0.5479166666666667
2 0.69765625 0.45208333333333345 0.675 0.45208333333333345 0.675 0.5218750000000001 0.69765625 0.5218750000000001
2 0.6625 0.4562500000000001 0.64375 0.4562500000000001 0.64375 0.5229166666666668 0.6625 0.5229166666666668
2 0.6453125 0.4250000000000001 0.621875 0.4250000000000001 0.621875 0.5041666666666668 0.6453125 0.5041666666666668
2 0.66484375 0.4114583333333334 0.6453125 0.4114583333333334 0.6453125 0.48645833333333344 0.66484375 0.48645833333333344
2 0.66953125 0.3885416666666668 0.64765625 0.3885416666666668 0.64765625 0.43020833333333347 0.66953125 0.43020833333333347
2 0.6421875 0.39479166666666676 0.62265625 0.39479166666666676 0.62265625 0.4447916666666668 0.6421875 0.4447916666666668
2 0.6171875 0.35208333333333347 0.60234375 0.35208333333333347 0.60234375 0.42395833333333344 0.6171875 0.42395833333333344
2 0.6453125 0.35833333333333345 0.625 0.35833333333333345 0.625 0.4166666666666668 0.6453125 0.4166666666666668
2 0.60546875 0.3645833333333334 0.5828125 0.3645833333333334 0.5828125 0.41041666666666676 0.60546875 0.41041666666666676
2 0.55546875 0.37395833333333345 0.53828125 0.37395833333333345 0.53828125 0.43125000000000013 0.55546875 0.43125000000000013
2 0.5671875 0.3510416666666668 0.5546875 0.3510416666666668 0.5546875 0.41458333333333347 0.5671875 0.41458333333333347
2 0.61796875 0.3250000000000001 0.5984375 0.3250000000000001 0.5984375 0.3718750000000001 0.61796875 0.3718750000000001
2 0.59921875 0.33229166666666676 0.58671875 0.33229166666666676 0.58671875 0.38645833333333346 0.59921875 0.38645833333333346
2 0.5875 0.3135416666666668 0.56796875 0.3135416666666668 0.56796875 0.3750000000000001 0.5875 0.3750000000000001
2 0.5203125 0.33958333333333346 0.50390625 0.33958333333333346 0.50390625 0.36770833333333347 0.5203125 0.36770833333333347
2 0.48828125 0.3437500000000001 0.4765625 0.3437500000000001 0.4765625 0.3906250000000001 0.48828125 0.3906250000000001
2 0.51796875 0.30833333333333346 0.49375 0.30833333333333346 0.49375 0.3645833333333334 0.51796875 0.3645833333333334
2 0.559375 0.2583333333333334 0.54296875 0.2583333333333334 0.54296875 0.31145833333333345 0.559375 0.31145833333333345
2 0.5640625 0.23125000000000012 0.55 0.23125000000000012 0.55 0.27500000000000013 0.5640625 0.27500000000000013
2 0.55625 0.21979166666666675 0.5390625 0.21979166666666672 0.5390625 0.24895833333333342 0.55625 0.24895833333333345
2 0.5421875 0.20937500000000006 0.53046875 0.20937500000000006 0.53046875 0.23437500000000006 0.5421875 0.23437500000000006
2 0.5109375 0.22291666666666674 0.49140625 0.22291666666666674 0.49140625 0.2541666666666667 0.5109375 0.2541666666666667
2 0.5015625 0.1979166666666667 0.4890625 0.1979166666666667 0.4890625 0.23125000000000007 0.5015625 0.23125000000000007
2 0.50390625 0.18125000000000005 0.4890625 0.18125000000000005 0.4890625 0.20625000000000007 0.50390625 0.20625000000000007
2 0.4875 0.16250000000000006 0.48046875 0.16250000000000006 0.48046875 0.20625000000000007 0.4875 0.20625000000000007
2 0.503125 0.1270833333333334 0.4984375 0.1270833333333334 0.4984375 0.1364583333333334 0.503125 0.1364583333333334
2 0.50703125 0.12395833333333342 0.503125 0.12395833333333342 0.503125 0.12916666666666676 0.50703125 0.12916666666666676
2 0.5109375 0.13437500000000005 0.50703125 0.13437500000000005 0.50703125 0.1364583333333334 0.5109375 0.1364583333333334
2 0.5296875 0.16562500000000005 0.521875 0.16562500000000005 0.521875 0.20000000000000007 0.5296875 0.20000000000000007
2 0.5171875 0.16250000000000006 0.51015625 0.16250000000000006 0.51015625 0.1833333333333334 0.5171875 0.1833333333333334
2 0.5265625 0.1458333333333334 0.51484375 0.1458333333333334 0.51484375 0.16875000000000007 0.5265625 0.16875000000000007