2 0.10312500000000009 0.878125 0.05859375000000009 0.878125 0.05859375000000009 0.9958333333333333 0.10312500000000009 0.9958333333333333
2 0.1492187500000001 0.79375 0.08515625000000007 0.79375 0.08515625000000007 0.9239583333333333 0.1492187500000001 0.9239583333333333
2 0.2000000000000001 0.9125 0.15390625000000008 0.9125 0.15390625000000008 1 0.2000000000000001 1
2 0.1554687500000001 0.8666666666666667 0.1140625000000001 0.8666666666666667 0.1140625000000001 0.9875 0.1554687500000001 0.9875
2 0.20468750000000008 0.7739583333333333 0.1531250000000001 0.7739583333333333 0.1531250000000001 0.9197916666666667 0.20468750000000008 0.9197916666666667
2 0.48515625000000007 0.928125 0.45 0.928125 0.45000000000000007 0.9947916666666666 0.4851562500000002 0.9947916666666666
2 0.39531250000000007 0.7885416666666667 0.3671875000000001 0.7885416666666667 0.3671875000000001 0.8541666666666666 0.39531250000000007 0.8541666666666666
2 0.4 0.728125 0.3703125000000001 0.728125 0.3703125000000001 0.8177083333333334 0.4 0.8177083333333334
2 0.4046875 0.6697916666666667 0.3671875000000001 0.6697916666666667 0.3671875000000001 0.7625 0.4046875 0.7625
2 0.3437500000000001 0.6854166666666667 0.2992187500000001 0.6854166666666667 0.2992187500000001 0.7635416666666667 0.3437500000000001 0.7635416666666667
2 0.2468750000000001 0.6854166666666667 0.20703125000000008 0.6854166666666667 0.20703125000000008 0.8322916666666667 0.2468750000000001 0.8322916666666667
2 0.2773437500000001 0.6625 0.2414062500000001 0.6625 0.2414062500000001 0.775 0.2773437500000001 0.775
2 0.2984375000000001 0.6833333333333333 0.2632812500000001 0.6833333333333333 0.2632812500000001 0.759375 0.2984375000000001 0.759375
2 0.2539062500000001 0.590625 0.22031250000000008 0.590625 0.22031250000000008 0.6854166666666667 0.2539062500000001 0.6854166666666667
2 0.30937500000000007 0.615625 0.2804687500000001 0.615625 0.2804687500000001 0.7229166666666667 0.30937500000000007 0.7229166666666667
2 0.3281250000000001 0.5645833333333333 0.28984375000000007 0.5645833333333333 0.28984375000000007 0.6645833333333333 0.3281250000000001 0.6645833333333333
2 0.5140625 0.5770833333333333 0.48125 0.5770833333333333 0.48125 0.6645833333333333 0.5140625 0.6645833333333333
2 0.51953125 0.534375 0.49375 0.534375 0.49375 0.6020833333333333 0.51953125 0.6020833333333333
2 0.52265625 0.49375000000000013 0.4953125 0.49375000000000013 0.4953125 0.5552083333333333 0.52265625 0.5552083333333333
2 0.51171875 0.47500000000000014 0.49453125 0.47500000000000014 0.49453125 0.5281250000000001 0.51171875 0.5281250000000001
2 0.5234375 0.4447916666666668 0.50546875 0.4447916666666668 0.50546875 0.5125000000000001 0.5234375 0.5125000000000001
2 0.50625 0.4250000000000001 0.48359375 0.4250000000000001 0.48359375 0.5052083333333335 0.50625 0.5052083333333335
2 0.475 0.4166666666666668 0.45390625 0.4166666666666668 0.45390625 0.4739583333333334 0.475 0.4739583333333334
2 0.48203125 0.43020833333333347 0.4671875 0.43020833333333347 0.4671875 0.4812500000000001 0.48203125 0.4812500000000001
2 0.45234375 0.4406250000000001 0.43515625 0.4406250000000001 0.43515625 0.4947916666666668 0.45234375 0.4947916666666668
2 0.45703125 0.46770833333333345 0.44609375 0.46770833333333345 0.44609375 0.4979166666666668 0.45703125 0.4979166666666668
2 0.47890625 0.45937500000000014 0.46875 0.45937500000000014 0.46875 0.47812500000000013 0.47890625 0.47812500000000013
2 0.36640625 0.32500000000000007 0.35 0.325 0.35 0.3895833333333334 0.36640625 0.38958333333333345
2 0.38046875 0.3729166666666668 0.36875 0.3729166666666668 0.36875 0.40000000000000013 0.38046875 0.40000000000000013
2 0.39453125 0.36145833333333344 0.37578125 0.36145833333333344 0.37578125 0.40000000000000013 0.39453125 0.40000000000000013
2 0.409375 0.3625000000000001 0.39765625 0.3625000000000001 0.39765625 0.3937500000000001 0.409375 0.3937500000000001
2 0.39609375 0.3718750000000001 0.3796875 0.3718750000000001 0.3796875 0.4291666666666668 0.39609375 0.4291666666666668
2 0.409375 0.38125000000000014 0.39375 0.38125000000000014 0.39375 0.44583333333333347 0.409375 0.44583333333333347
2 0.471875 0.3156250000000001 0.45859375 0.3156250000000001 0.45859375 0.35000000000000014 0.471875 0.35000000000000014
2 0.5265625 0.35208333333333347 0.51171875 0.35208333333333347 0.51171875 0.4114583333333334 0.5265625 0.4114583333333334
2 0.51953125 0.3281250000000001 0.50703125 0.3281250000000001 0.50703125 0.3666666666666668 0.51953125 0.3666666666666668
2 0.5296875 0.32708333333333345 0.51171875 0.32708333333333345 0.51171875 0.3625000000000001 0.5296875 0.3625000000000001
2 0.4546875 0.26770833333333344 0.4375 0.26770833333333344 0.4375 0.3156250000000001 0.4546875 0.3156250000000001
2 0.46640625 0.25312500000000004 0.45546875 0.25312500000000004 0.45546875 0.2791666666666668 0.46640625 0.2791666666666668
2 0.4765625 0.2666666666666668 0.4703125 0.2666666666666668 0.4703125 0.28541666666666676 0.4765625 0.28541666666666676
2 0.49375 0.2708333333333334 0.48203125 0.2708333333333334 0.48203125 0.3177083333333334 0.49375 0.3177083333333334
2 0.48671875 0.2541666666666667 0.47734375 0.2541666666666667 0.47734375 0.2812500000000001 0.48671875 0.2812500000000001
2 0.50078125 0.25520833333333337 0.490625 0.25520833333333337 0.490625 0.28541666666666676 0.50078125 0.28541666666666676
2 0.49609375 0.23645833333333338 0.4875 0.23645833333333338 0.4875 0.26041666666666674 0.49609375 0.26041666666666674
2 0.50078125 0.21979166666666672 0.49140625 0.21979166666666672 0.49140625 0.2510416666666667 0.50078125 0.2510416666666667
2 0.50625 0.2114583333333334 0.4953125 0.2114583333333334 0.4953125 0.24791666666666673 0.50625 0.24791666666666673
2 0.5328125 0.2645833333333334 0.521875 0.2645833333333334 0.521875 0.3000000000000001 0.5328125 0.3000000000000001
2 0.54140625 0.2510416666666667 0.5296875 0.2510416666666667 0.5296875 0.2947916666666668 0.54140625 0.2947916666666668
2 0.5421875 0.22812500000000005 0.53515625 0.22812500000000005 0.53515625 0.26041666666666674 0.5421875 0.26041666666666674
2 0.45 0.20520833333333338 0.440625 0.20520833333333338 0.440625 0.22812500000000005 0.45 0.22812500000000005
2 0.4609375 0.19062500000000007 0.453125 0.19062500000000007 0.453125 0.21041666666666672 0.4609375 0.21041666666666672
2 0.46875 0.19062500000000007 0.4609375 0.19062500000000007 0.4609375 0.2135416666666667 0.46875 0.2135416666666667
2 0.478125 0.18958333333333338 0.46953125 0.18958333333333338 0.46953125 0.2145833333333334 0.478125 0.2145833333333334
2 0.5140625 0.1864583333333334 0.50078125 0.1864583333333334 0.50078125 0.20729166666666674 0.5140625 0.20729166666666674
2 0.5234375 0.18854166666666672 0.51484375 0.18854166666666672 0.51484375 0.2135416666666667 0.5234375 0.2135416666666667
2 0.475 0.17916666666666672 0.46796875 0.17916666666666672 0.46796875 0.1958333333333334 0.475 0.1958333333333334
2 0.47890625 0.17500000000000007 0.47421875 0.17500000000000007 0.47421875 0.19479166666666672 0.47890625 0.19479166666666672
2 0.5015625 0.17187500000000006 0.49296875 0.17187500000000006 0.49296875 0.19062500000000007 0.5015625 0.19062500000000007
2 0.51171875 0.17187500000000006 0.5046875 0.17187500000000006 0.5046875 0.19166666666666674 0.51171875 0.19166666666666674
2 0.51953125 0.17291666666666672 0.51328125 0.17291666666666672 0.51328125 0.1927083333333334 0.51953125 0.1927083333333334
2 0.5125 0.17604166666666674 0.50546875 0.17604166666666674 0.50546875 0.19375000000000006 0.5125 0.19375000000000006
2 0.525 0.1770833333333334 0.51953125 0.1770833333333334 0.51953125 0.19687500000000005 0.525 0.19687500000000005
2 0.55078125 0.18229166666666677 0.540625 0.1822916666666667 0.540625 0.2052083333333334 0.55078125 0.20520833333333346
2 0.496875 0.1552083333333334 0.48984375 0.1552083333333334 0.48984375 0.17395833333333338 0.496875 0.17395833333333338
2 0.50234375 0.15729166666666672 0.4953125 0.15729166666666672 0.4953125 0.1708333333333334 0.50234375 0.1708333333333334
2 0.5109375 0.15416666666666673 0.5046875 0.15416666666666673 0.5046875 0.16875000000000007 0.5109375 0.16875000000000007
2 0.5203125 0.14062500000000006 0.515625 0.14062500000000006 0.515625 0.15833333333333338 0.5203125 0.15833333333333338
2 0.53125 0.14375000000000007 0.525 0.14375000000000007 0.525 0.1614583333333334 0.53125 0.1614583333333334
2 0.52421875 0.14375000000000007 0.51875 0.14375000000000007 0.51875 0.16041666666666674 0.52421875 0.16041666666666674
2 0.53046875 0.12916666666666676 0.52578125 0.12916666666666676 0.52578125 0.14375000000000007 0.53046875 0.14375000000000007
2 0.51015625 0.1281250000000001 0.5046875 0.1281250000000001 0.5046875 0.14270833333333338 0.51015625 0.14270833333333338
2 0.49921875 0.12083333333333342 0.49453125 0.12083333333333342 0.49453125 0.1333333333333334 0.49921875 0.1333333333333334
2 0.48984375 0.1312500000000001 0.4828125 0.1312500000000001 0.4828125 0.1510416666666667 0.48984375 0.1510416666666667
2 0.49609375 0.1354166666666667 0.490625 0.1354166666666667 0.490625 0.15729166666666672 0.49609375 0.15729166666666672
2 0.50625 0.13229166666666675 0.49765625 0.13229166666666675 0.49765625 0.1510416666666667 0.50625 0.1510416666666667
2 0.51328125 0.1333333333333334 0.50859375 0.1333333333333334 0.50859375 0.1458333333333334 0.51328125 0.1458333333333334
2 0.48828125 0.17812500000000006 0.48203125 0.17812500000000006 0.48203125 0.1927083333333334 0.48828125 0.1927083333333334
2 0.465625 0.17500000000000007 0.45703125 0.17500000000000007 0.45703125 0.18958333333333338 0.465625 0.18958333333333338
2 0.4703125 0.1677083333333334 0.465625 0.1677083333333334 0.465625 0.18125000000000005 0.4703125 0.18125000000000005
2 0.509375 0.08750000000000009 0.5078125 0.08750000000000009 0.5078125 0.09583333333333342 0.509375 0.09583333333333342
2 0.5046875 0.08541666666666675 0.50078125 0.08541666666666675 0.50078125 0.0906250000000001 0.5046875 0.0906250000000001
2 0.51640625 0.09791666666666675 0.5109375 0.09791666666666675 0.5109375 0.10833333333333342 0.51640625 0.10833333333333342
2 0.49921875 0.10000000000000009 0.4953125 0.10000000000000009 0.4953125 0.11250000000000009 0.49921875 0.11250000000000009
2 0.5078125 0.10520833333333342 0.503125 0.10520833333333342 0.503125 0.11458333333333343 0.5078125 0.11458333333333343
2 0.49765625 0.11041666666666676 0.4921875 0.11041666666666676 0.4921875 0.1218750000000001 0.49765625 0.1218750000000001
0 0.50703125 0.08645833333333343 0.4921875 0.08645833333333343 0.4921875 0.09687500000000009 0.50703125 0.09687500000000009
3 0.54296875 0.08854166666666675 0.5203125 0.08854166666666675 0.5203125 0.1270833333333334 0.54296875 0.1270833333333334
1 0.52421875 0.10520833333333342 0.509375 0.10520833333333342 0.509375 0.12083333333333342 0.52421875 0.12083333333333342
1 0.51171875 0.09687500000000009 0.50234375 0.09687500000000009 0.50234375 0.11354166666666675 0.51171875 0.11354166666666675
1 0.54453125 0.1218750000000001 0.53203125 0.1218750000000001 0.53203125 0.13333333333333341 0.54453125 0.13333333333333344
1 0.54765625 0.13645833333333343 0.528125 0.1364583333333334 0.528125 0.15000000000000008 0.54765625 0.1500000000000001
1 0.54921875 0.15416666666666676 0.5375 0.15416666666666673 0.5375 0.17187500000000008 0.54921875 0.1718750000000001
1 0.52421875 0.13020833333333343 0.5140625 0.13020833333333343 0.5140625 0.14270833333333338 0.52421875 0.14270833333333338
1 0.51171875 0.11562500000000009 0.496875 0.11562500000000009 0.496875 0.1281250000000001 0.51171875 0.1281250000000001
1 0.5296875 0.11458333333333343 0.5171875 0.11458333333333343 0.5171875 0.12604166666666675 0.5296875 0.12604166666666675
1 0.54375 0.15729166666666672 0.52734375 0.15729166666666672 0.52734375 0.17500000000000007 0.54375 0.17500000000000007
1 0.5515625 0.17291666666666675 0.5328125 0.17291666666666672 0.5328125 0.19270833333333343 0.5515625 0.19270833333333345
1 0.5125 0.14375000000000007 0.50234375 0.14375000000000007 0.50234375 0.16250000000000006 0.5125 0.16250000000000006
1 0.48671875 0.1552083333333334 0.46875 0.1552083333333334 0.46875 0.18958333333333338 0.48671875 0.18958333333333338
1 0.51875 0.1645833333333334 0.5078125 0.1645833333333334 0.5078125 0.1770833333333334 0.51875 0.1770833333333334
1 0.5421875 0.18958333333333338 0.52265625 0.18958333333333338 0.52265625 0.21562500000000007 0.5421875 0.21562500000000007
1 0.5046875 0.1833333333333334 0.4875 0.1833333333333334 0.4875 0.21041666666666672 0.5046875 0.21041666666666672
1 0.49765625 0.1927083333333334 0.4765625 0.1927083333333334 0.4765625 0.21875000000000006 0.49765625 0.21875000000000006
1 0.47109375 0.20416666666666672 0.45546875 0.20416666666666672 0.45546875 0.23645833333333338 0.47109375 0.23645833333333338
1 0.453125 0.21979166666666672 0.43515625 0.21979166666666672 0.43515625 0.25312500000000004 0.453125 0.25312500000000004
1 0.48359375 0.2302083333333334 0.4609375 0.2302083333333334 0.4609375 0.26770833333333344 0.48359375 0.26770833333333344
1 0.4953125 0.21562500000000007 0.47578125 0.21562500000000007 0.47578125 0.24062500000000006 0.4953125 0.24062500000000006
1 0.53828125 0.20625000000000007 0.51484375 0.20625000000000007 0.51484375 0.23229166666666673 0.53828125 0.23229166666666673
1 0.5296875 0.22291666666666674 0.50859375 0.22291666666666674 0.50859375 0.25625000000000003 0.5296875 0.25625000000000003
1 0.52578125 0.23854166666666674 0.50234375 0.23854166666666674 0.50234375 0.27395833333333347 0.52578125 0.27395833333333347
1 0.52109375 0.26562500000000006 0.49765625 0.26562500000000006 0.49765625 0.2979166666666668 0.52109375 0.2979166666666668
1 0.52265625 0.28750000000000014 0.4890625 0.28750000000000014 0.4890625 0.3468750000000001 0.52265625 0.3468750000000001
1 0.48125 0.2760416666666668 0.45234375 0.2760416666666668 0.45234375 0.3229166666666668 0.48125 0.3229166666666668
0 0.440625 0.22812500000000005 0.3625 0.22812500000000005 0.3625 0.3864583333333334 0.440625 0.38645833333333346
1 0.465625 0.32083333333333347 0.43125 0.32083333333333347 0.43125 0.3718750000000001 0.465625 0.3718750000000001
1 0.50078125 0.3229166666666668 0.47109375 0.3229166666666668 0.47109375 0.3822916666666668 0.50078125 0.3822916666666668
1 0.4609375 0.35520833333333346 0.42109375 0.35520833333333346 0.42109375 0.43020833333333347 0.4609375 0.43020833333333347
1 0.5140625 0.34791666666666676 0.459375 0.34791666666666676 0.459375 0.4510416666666668 0.5140625 0.4510416666666668
1 0.446875 0.38958333333333345 0.39140625 0.38958333333333345 0.39140625000000007 0.4854166666666668 0.446875 0.4854166666666668
1 0.38359375000000007 0.39062500000000006 0.3390625 0.390625 0.33906250000000004 0.4864583333333334 0.38359375000000007 0.48645833333333344
1 0.43828125 0.4531250000000001 0.371875 0.4531250000000001 0.37187500000000007 0.5666666666666667 0.43828125 0.5666666666666667
1 0.490625 0.47500000000000014 0.43046875 0.47500000000000014 0.43046875 0.61875 0.490625 0.61875
1 0.3609375 0.44375 0.2796875 0.44375 0.27968750000000003 0.6041666666666666 0.3609375000000001 0.6041666666666666
1 0.40546875 0.5208333333333334 0.3234375000000001 0.5208333333333334 0.3234375000000001 0.696875 0.40546875 0.696875
1 0.5015625 0.6145833333333334 0.41796875 0.6145833333333334 0.41796875 0.828125 0.5015625 0.828125
1 0.4320312500000001 0.8614583333333333 0.3320312500000001 0.8614583333333333 0.3320312500000001 1 0.4320312500000002 1
1 0.3476562500000001 0.7229166666666667 0.2156250000000001 0.7229166666666667 0.2156250000000001 1 0.3476562500000001 1