2 0.07968750000000009 0.9354166666666667 0.04140625000000009 0.9354166666666667 0.04140625000000009 1 0.07968750000000009 1
2 0.1492187500000001 0.9395833333333333 0.10468750000000009 0.9395833333333333 0.10468750000000009 1 0.1492187500000001 1
2 0.1359375000000001 0.9052083333333333 0.09296875000000009 0.9052083333333333 0.09296875000000009 0.99375 0.1359375000000001 0.99375
2 0.2132812500000001 0.8927083333333333 0.1726562500000001 0.8927083333333333 0.1726562500000001 1 0.2132812500000001 1
2 0.38359375000000007 0.9229166666666667 0.3343750000000001 0.9229166666666667 0.3343750000000001 1 0.38359375000000007 1
2 0.3617187500000001 0.815625 0.3242187500000001 0.815625 0.3242187500000001 0.93125 0.3617187500000001 0.93125
2 0.3742187500000001 0.7416666666666667 0.3460937500000001 0.7416666666666667 0.3460937500000001 0.840625 0.3742187500000001 0.840625
2 0.2648437500000001 0.7010416666666667 0.23984375000000008 0.7010416666666667 0.23984375000000008 0.815625 0.2648437500000001 0.815625
2 0.2250000000000001 0.6927083333333334 0.19218750000000004 0.6927083333333334 0.19218750000000007 0.8510416666666667 0.2250000000000001 0.8510416666666667
2 0.19296875000000008 0.7083333333333334 0.15078125000000003 0.7083333333333334 0.15078125000000006 0.8385416666666666 0.19296875000000008 0.8385416666666666
2 0.2554687500000001 0.8125 0.23203125000000008 0.8125 0.23203125000000008 0.9145833333333333 0.2554687500000001 0.9145833333333333
2 0.24218750000000008 0.7708333333333334 0.20312500000000008 0.7708333333333334 0.20312500000000008 0.9 0.24218750000000008 0.9
2 0.1898437500000001 0.8614583333333333 0.15234375000000008 0.8614583333333333 0.15234375000000008 0.9614583333333333 0.1898437500000001 0.9614583333333333
1 0.3585937500000001 0.659375 0.2679687500000001 0.659375 0.2679687500000001 0.84375 0.3585937500000001 0.84375
2 0.2921875000000001 0.6479166666666667 0.2640625000000001 0.6479166666666667 0.2640625000000001 0.7604166666666666 0.2921875000000001 0.7604166666666666
2 0.3937500000000001 0.6708333333333333 0.3687500000000001 0.6708333333333333 0.3687500000000001 0.7770833333333333 0.3937500000000001 0.7770833333333333
2 0.40078125 0.6145833333333334 0.3750000000000001 0.6145833333333334 0.3750000000000001 0.7052083333333333 0.40078125 0.7052083333333333
2 0.42265625 0.5666666666666667 0.3968750000000001 0.5666666666666667 0.3968750000000001 0.6510416666666666 0.42265625 0.6510416666666666
2 0.3078125000000001 0.6125 0.28984375000000007 0.6125 0.28984375000000007 0.6739583333333333 0.3078125000000001 0.6739583333333333
2 0.3195312500000001 0.5604166666666667 0.3023437500000001 0.5604166666666667 0.3023437500000001 0.625 0.3195312500000001 0.625
1 0.3968750000000001 0.5364583333333334 0.3195312500000001 0.5364583333333334 0.3195312500000001 0.66875 0.3968750000000001 0.66875
2 0.3453125000000001 0.528125 0.3195312500000001 0.528125 0.3195312500000001 0.5916666666666667 0.3453125000000001 0.5916666666666667
1 0.2945312500000001 0.5447916666666667 0.2093750000000001 0.5447916666666667 0.2093750000000001 0.709375 0.2945312500000001 0.709375
2 0.2890625000000001 0.5135416666666667 0.2679687500000001 0.5135416666666667 0.2679687500000001 0.5489583333333333 0.2890625000000001 0.5489583333333333
2 0.3125000000000001 0.5041666666666667 0.29375000000000007 0.5041666666666667 0.29375000000000007 0.575 0.3125000000000001 0.575
2 0.3343750000000001 0.5072916666666667 0.3140625000000001 0.5072916666666667 0.3140625000000001 0.5541666666666667 0.3343750000000001 0.5541666666666667
2 0.34453125000000007 0.4822916666666667 0.32265625 0.4822916666666667 0.32265625000000003 0.5364583333333334 0.34453125000000007 0.5364583333333334
2 0.32265625000000003 0.465625 0.30703125 0.465625 0.30703125000000003 0.5052083333333334 0.3226562500000001 0.5052083333333334
2 0.44453125 0.4229166666666668 0.428125 0.4229166666666668 0.428125 0.5062500000000001 0.44453125 0.5062500000000001
2 0.45234375 0.41041666666666676 0.43828125 0.41041666666666676 0.43828125 0.4666666666666668 0.45234375 0.4666666666666668
2 0.43984375 0.4010416666666668 0.41953125 0.4010416666666668 0.41953125 0.45208333333333345 0.43984375 0.45208333333333345
1 0.36562500000000003 0.40625000000000006 0.31328125 0.40625 0.31328125000000007 0.49791666666666673 0.3656250000000001 0.4979166666666668
2 0.35390625 0.37395833333333334 0.33828125 0.37395833333333334 0.33828125 0.40520833333333334 0.35390625 0.40520833333333334
2 0.378125 0.36875000000000013 0.36484375 0.36875000000000013 0.36484375 0.4229166666666668 0.378125 0.4229166666666668
1 0.42109375 0.37083333333333346 0.3703125 0.37083333333333346 0.37031250000000004 0.48854166666666676 0.42109375 0.48854166666666676
2 0.40234375 0.35520833333333346 0.39296875 0.35520833333333346 0.39296875 0.3802083333333334 0.40234375 0.3802083333333334
2 0.390625 0.35520833333333346 0.37734375 0.35520833333333346 0.37734375 0.3802083333333334 0.390625 0.3802083333333334
2 0.375 0.35104166666666675 0.3625 0.35104166666666664 0.3625 0.38750000000000007 0.375 0.3875000000000001
2 0.37734375 0.3385416666666668 0.36640625 0.3385416666666668 0.36640625 0.3593750000000001 0.37734375 0.3593750000000001
2 0.390625 0.33958333333333346 0.3796875 0.33958333333333346 0.3796875 0.3697916666666668 0.390625 0.3697916666666668
2 0.3953125 0.3177083333333334 0.3859375 0.3177083333333334 0.3859375 0.3572916666666668 0.3953125 0.3572916666666668
2 0.41171875 0.3406250000000001 0.4 0.3406250000000001 0.4 0.37083333333333346 0.41171875 0.37083333333333346
1 0.45546875 0.33437500000000014 0.41171875 0.33437500000000014 0.41171875 0.3958333333333334 0.45546875 0.3958333333333334
2 0.42421875 0.3229166666666668 0.41484375 0.3229166666666668 0.41484375 0.35000000000000014 0.42421875 0.35000000000000014
2 0.41328125 0.3125000000000001 0.4015625 0.3125000000000001 0.4015625 0.33750000000000013 0.41328125 0.33750000000000013
2 0.40546875 0.2979166666666668 0.39453125 0.2979166666666668 0.39453125 0.33229166666666676 0.40546875 0.33229166666666676
2 0.39296875 0.28750000000000014 0.38359375 0.28750000000000014 0.38359375 0.3354166666666668 0.39296875 0.3354166666666668
2 0.38125 0.3260416666666668 0.37109375 0.3260416666666668 0.37109375 0.3447916666666668 0.38125 0.3447916666666668
1 0.44609375 0.28333333333333344 0.41171875 0.28333333333333344 0.41171875 0.3354166666666668 0.44609375 0.3354166666666668
2 0.415625 0.2937500000000001 0.4046875 0.2937500000000001 0.4046875 0.3260416666666668 0.415625 0.3260416666666668
2 0.4171875 0.2760416666666668 0.40859375 0.2760416666666668 0.40859375 0.2937500000000001 0.4171875 0.2937500000000001
2 0.41328125 0.2614583333333334 0.403125 0.2614583333333334 0.403125 0.2885416666666668 0.41328125 0.2885416666666668
2 0.40703125 0.27500000000000013 0.39765625 0.27500000000000013 0.39765625 0.29895833333333344 0.40703125 0.29895833333333344
2 0.43125 0.38125000000000014 0.41953125 0.38125000000000014 0.41953125 0.41250000000000014 0.43125 0.41250000000000014
2 0.45 0.38333333333333347 0.43671875 0.38333333333333347 0.43671875 0.4229166666666668 0.45 0.4229166666666668
2 0.465625 0.36875000000000013 0.4515625 0.36875000000000013 0.4515625 0.4218750000000001 0.465625 0.4218750000000001
2 0.4671875 0.3437500000000001 0.4546875 0.3437500000000001 0.4546875 0.3697916666666668 0.4671875 0.3697916666666668
1 0.52421875 0.29583333333333345 0.5015625 0.29583333333333345 0.5015625 0.36145833333333344 0.52421875 0.36145833333333344
1 0.50703125 0.31458333333333344 0.46484375 0.31458333333333344 0.46484375 0.4250000000000001 0.50703125 0.4250000000000001
2 0.5 0.28750000000000014 0.490625 0.28750000000000014 0.490625 0.3104166666666668 0.5 0.3104166666666668
2 0.49375 0.2520833333333334 0.4828125 0.2520833333333334 0.4828125 0.2729166666666668 0.49375 0.2729166666666668
2 0.5109375 0.23229166666666673 0.5015625 0.23229166666666673 0.5015625 0.2687500000000001 0.5109375 0.2687500000000001
2 0.5234375 0.24687500000000007 0.509375 0.24687500000000007 0.509375 0.2760416666666668 0.5234375 0.2760416666666668
2 0.53359375 0.2645833333333334 0.5234375 0.2645833333333334 0.5234375 0.30104166666666676 0.53359375 0.30104166666666676
2 0.50546875 0.26770833333333344 0.49765625 0.26770833333333344 0.49765625 0.29895833333333344 0.50546875 0.29895833333333344
2 0.528125 0.2781250000000001 0.51953125 0.2781250000000001 0.51953125 0.33020833333333344 0.528125 0.33020833333333344
2 0.51875 0.27187500000000014 0.51015625 0.27187500000000014 0.51015625 0.29583333333333345 0.51875 0.29583333333333345
2 0.503125 0.21666666666666673 0.4921875 0.21666666666666673 0.4921875 0.2510416666666667 0.503125 0.2510416666666667
2 0.50703125 0.18958333333333338 0.4984375 0.18958333333333338 0.4984375 0.2177083333333334 0.50703125 0.2177083333333334
2 0.50703125 0.20312500000000006 0.4953125 0.20312500000000006 0.4953125 0.22187500000000007 0.50703125 0.22187500000000007
2 0.503125 0.16250000000000006 0.49609375 0.16250000000000006 0.49609375 0.19166666666666674 0.503125 0.19166666666666674
2 0.50859375 0.1552083333333334 0.5015625 0.1552083333333334 0.5015625 0.18437500000000007 0.50859375 0.18437500000000007
2 0.49609375 0.14270833333333338 0.4890625 0.14270833333333338 0.4890625 0.1614583333333334 0.49609375 0.1614583333333334
1 0.49453125 0.17604166666666674 0.48046875 0.17604166666666674 0.48046875 0.20312500000000006 0.49453125 0.20312500000000006
2 0.4890625 0.16562500000000005 0.4828125 0.16562500000000005 0.4828125 0.17604166666666674 0.4890625 0.17604166666666674
1 0.48515625 0.2135416666666667 0.465625 0.2135416666666667 0.465625 0.2541666666666667 0.48515625 0.2541666666666667
2 0.48671875 0.18437500000000007 0.47890625 0.18437500000000007 0.47890625 0.21250000000000005 0.48671875 0.21250000000000005
2 0.4796875 0.1708333333333334 0.471875 0.1708333333333334 0.471875 0.19479166666666672 0.4796875 0.19479166666666672
2 0.4734375 0.17916666666666672 0.4671875 0.17916666666666672 0.4671875 0.20729166666666674 0.4734375 0.20729166666666674
2 0.46640625 0.20000000000000007 0.45859375 0.20000000000000007 0.45859375 0.2291666666666667 0.46640625 0.2291666666666667
2 0.42734375 0.2427083333333334 0.41875 0.2427083333333334 0.41875 0.2666666666666668 0.42734375 0.2666666666666668
1 0.48515625 0.28750000000000014 0.4515625 0.28750000000000014 0.4515625 0.3385416666666668 0.48515625 0.3385416666666668
1 0.4875 0.2593750000000001 0.46796875 0.2593750000000001 0.46796875 0.3104166666666668 0.4875 0.3104166666666668
1 0.47109375 0.25312500000000004 0.4515625 0.25312500000000004 0.4515625 0.29583333333333345 0.47109375 0.29583333333333345
2 0.46171875 0.23125000000000007 0.4546875 0.23125000000000007 0.4546875 0.2541666666666667 0.46171875 0.2541666666666667
2 0.4515625 0.24375000000000005 0.45078125 0.24375000000000005 0.45078125 0.2447916666666667 0.4515625 0.2447916666666667
2 0.44921875 0.24062500000000006 0.440625 0.24062500000000006 0.440625 0.27500000000000013 0.44921875 0.27500000000000013
2 0.453125 0.20625000000000007 0.44375 0.20625000000000007 0.44375 0.22604166666666672 0.453125 0.22604166666666672
2 0.44453125 0.22604166666666672 0.43828125 0.22604166666666672 0.43828125 0.24687500000000007 0.44453125 0.24687500000000007
1 0.525 0.13750000000000007 0.51171875 0.13750000000000007 0.51171875 0.15625000000000006 0.525 0.15625000000000006
1 0.51484375 0.12500000000000008 0.5046875 0.12500000000000008 0.5046875 0.14791666666666672 0.51484375 0.14791666666666672
2 0.50625 0.1218750000000001 0.49921875 0.1218750000000001 0.49921875 0.14270833333333338 0.50625 0.14270833333333338
2 0.5 0.13020833333333343 0.49375 0.13020833333333343 0.49375 0.1489583333333334 0.5 0.1489583333333334
2 0.49765625 0.12291666666666676 0.48984375 0.12291666666666676 0.48984375 0.1395833333333334 0.49765625 0.1395833333333334
2 0.50078125 0.10937500000000008 0.49375 0.10937500000000008 0.49375 0.1270833333333334 0.50078125 0.1270833333333334
2 0.54375 0.14166666666666672 0.5359375 0.14166666666666672 0.5359375 0.1645833333333334 0.54375 0.1645833333333334
2 0.53515625 0.13750000000000007 0.528125 0.13750000000000007 0.528125 0.1510416666666667 0.53515625 0.1510416666666667
2 0.53203125 0.14479166666666674 0.52734375 0.14479166666666674 0.52734375 0.16562500000000005 0.53203125 0.16562500000000005
1 0.53046875 0.10104166666666675 0.51953125 0.10104166666666675 0.51953125 0.11666666666666675 0.53046875 0.11666666666666675
1 0.5203125 0.09687500000000009 0.51328125 0.09687500000000009 0.51328125 0.11666666666666675 0.5203125 0.11666666666666675
2 0.51875 0.09375000000000008 0.515625 0.09375000000000008 0.515625 0.09895833333333343 0.51875 0.09895833333333343
1 0.51484375 0.11562500000000009 0.50625 0.11562500000000009 0.50625 0.12500000000000008 0.51484375 0.12500000000000008
1 0.5125 0.10937500000000008 0.5046875 0.10937500000000008 0.5046875 0.11562500000000009 0.5125 0.11562500000000009
2 0.51015625 0.10000000000000009 0.50625 0.10000000000000009 0.50625 0.1062500000000001 0.51015625 0.1062500000000001
1 0.50625 0.09479166666666676 0.49765625 0.09479166666666676 0.49765625 0.10729166666666676 0.50625 0.10729166666666676
1 0.50546875 0.08645833333333343 0.4953125 0.08645833333333343 0.4953125 0.10104166666666675 0.50546875 0.10104166666666675
1 0.54375 0.16562500000000005 0.5234375 0.16562500000000005 0.5234375 0.20000000000000007 0.54375 0.20000000000000007
1 0.496875 0.08750000000000009 0.490625 0.08750000000000009 0.490625 0.10312500000000009 0.496875 0.10312500000000009
1 0.53125 0.2020833333333334 0.5140625 0.2020833333333334 0.5140625 0.24687500000000007 0.53125 0.24687500000000007
1 0.50078125 0.39895833333333347 0.459375 0.39895833333333347 0.459375 0.48854166666666676 0.50078125 0.48854166666666676
2 0.52890625 0.5218750000000001 0.49609375 0.5218750000000001 0.49609375 0.6104166666666667 0.52890625 0.6104166666666667
1 0.490625 0.4541666666666668 0.440625 0.4541666666666668 0.440625 0.571875 0.490625 0.571875
1 0.484375 0.5395833333333333 0.41640625 0.5395833333333333 0.41640625 0.7395833333333334 0.484375 0.7395833333333334
1 0.428125 0.45520833333333344 0.3703125 0.45520833333333344 0.37031250000000004 0.5572916666666666 0.428125 0.5572916666666666
1 0.47343750000000007 0.7447916666666666 0.3703125000000001 0.7447916666666666 0.3703125000000001 0.9770833333333333 0.4734375000000002 0.9770833333333333
1 0.3156250000000001 0.8958333333333334 0.21875000000000008 0.8958333333333334 0.21875000000000008 1 0.3156250000000001 1