1 0.80625 0.9270833333333335 0.6984375 0.9270833333333334 0.6984375 1.0000000000000002 0.80625 1.0000000000000002
1 0.9890625 0.9562500000000003 0.9015625 0.9562500000000003 0.9015625 1.0000000000000002 0.9890625 1.0000000000000002
1 0.73828125 0.5697916666666668 0.6078125 0.5697916666666667 0.6078125 0.7968750000000001 0.73828125 0.7968750000000002
2 0.5703125 0.5458333333333333 0.534375 0.5458333333333333 0.534375 0.6729166666666667 0.5703125 0.6729166666666667
2 0.52890625 0.534375 0.48828125 0.534375 0.48828125 0.6625 0.52890625 0.6625
2 0.7234375 0.5020833333333334 0.68671875 0.5020833333333334 0.68671875 0.6072916666666667 0.7234375 0.6072916666666667
2 0.64140625 0.3979166666666668 0.60546875 0.3979166666666668 0.60546875 0.4979166666666668 0.64140625 0.4979166666666668
2 0.54921875 0.4041666666666668 0.52109375 0.4041666666666668 0.52109375 0.5020833333333334 0.54921875 0.5020833333333334
2 0.50625 0.3447916666666668 0.47890625 0.3447916666666668 0.47890625 0.44166666666666676 0.50625 0.44166666666666676
2 0.596875 0.2916666666666668 0.57890625 0.2916666666666668 0.57890625 0.3666666666666668 0.596875 0.3666666666666668
2 0.61875 0.2864583333333334 0.596875 0.2864583333333334 0.596875 0.35312500000000013 0.61875 0.35312500000000013
2 0.56953125 0.2572916666666668 0.54921875 0.2572916666666668 0.54921875 0.3250000000000001 0.56953125 0.3250000000000001
1 0.55234375 0.24895833333333342 0.50703125 0.2489583333333334 0.50703125 0.33437500000000014 0.55234375 0.33437500000000014
2 0.5015625 0.21250000000000005 0.47421875 0.21250000000000005 0.47421875 0.2791666666666668 0.5015625 0.2791666666666668
2 0.553125 0.20104166666666676 0.53984375 0.20104166666666673 0.53984375 0.25208333333333344 0.553125 0.25208333333333344
2 0.51875 0.16979166666666673 0.51015625 0.16979166666666673 0.51015625 0.20312500000000006 0.51875 0.20312500000000006
2 0.525 0.1677083333333334 0.51640625 0.1677083333333334 0.51640625 0.19687500000000005 0.525 0.19687500000000005
1 0.5078125 0.17291666666666672 0.4859375 0.17291666666666672 0.4859375 0.21562500000000007 0.5078125 0.21562500000000007
2 0.48046875 0.1614583333333334 0.47421875 0.1614583333333334 0.47421875 0.1958333333333334 0.48046875 0.1958333333333334
2 0.490625 0.15625000000000006 0.48046875 0.15625000000000006 0.48046875 0.18854166666666672 0.490625 0.18854166666666672
3 0.47421875 0.12812500000000007 0.453125 0.12812500000000007 0.453125 0.18437500000000007 0.47421875 0.18437500000000007
3 0.478125 0.11562500000000009 0.4625 0.11562500000000009 0.4625 0.14479166666666674 0.478125 0.14479166666666674
2 0.4875 0.13020833333333343 0.47890625 0.13020833333333343 0.47890625 0.1552083333333334 0.4875 0.1552083333333334
2 0.484375 0.11041666666666676 0.478125 0.11041666666666676 0.478125 0.1364583333333334 0.484375 0.1364583333333334
2 0.49296875 0.11041666666666676 0.48515625 0.11041666666666676 0.48515625 0.13854166666666673 0.49296875 0.13854166666666673
2 0.5046875 0.11458333333333343 0.496875 0.11458333333333343 0.496875 0.13750000000000007 0.5046875 0.13750000000000007
2 0.50703125 0.09479166666666676 0.5 0.09479166666666676 0.5 0.11562500000000009 0.50703125 0.11562500000000009