2 0.4546875000000001 0.865625 0.41953125 0.865625 0.4195312500000001 0.99375 0.4546875000000002 0.99375
2 0.3343750000000001 0.6447916666666667 0.2960937500000001 0.6447916666666667 0.2960937500000001 0.7708333333333334 0.3343750000000001 0.7708333333333334
2 0.3773437500000001 0.5979166666666667 0.3515625000000001 0.5979166666666667 0.3515625000000001 0.703125 0.3773437500000001 0.703125
2 0.4078125 0.54375 0.37968750000000007 0.54375 0.37968750000000007 0.6489583333333333 0.4078125 0.6489583333333333
2 0.3859375000000001 0.5052083333333334 0.3515625000000001 0.5052083333333334 0.3515625000000001 0.6083333333333333 0.3859375000000001 0.6083333333333333
2 0.41796875 0.47812500000000013 0.396875 0.47812500000000013 0.39687500000000003 0.5791666666666667 0.41796875 0.5791666666666667
2 0.35468750000000004 0.42916666666666664 0.32734375 0.42916666666666664 0.32734375000000004 0.5145833333333333 0.3546875000000001 0.5145833333333333
2 0.46796875 0.3562500000000001 0.45078125 0.3562500000000001 0.45078125 0.4114583333333334 0.46796875 0.4114583333333334
2 0.46015625 0.3406250000000001 0.4421875 0.3406250000000001 0.4421875 0.39479166666666676 0.46015625 0.39479166666666676
2 0.39375 0.3177083333333334 0.3828125 0.3177083333333334 0.3828125 0.3468750000000001 0.39375 0.3468750000000001
2 0.4109375 0.2666666666666668 0.39609375 0.2666666666666668 0.39609375 0.3125000000000001 0.4109375 0.3125000000000001
2 0.45703125 0.2864583333333334 0.43828125 0.2864583333333334 0.43828125 0.3093750000000001 0.45703125 0.3093750000000001
2 0.44921875 0.26041666666666674 0.4390625 0.26041666666666674 0.4390625 0.2947916666666668 0.44921875 0.2947916666666668
2 0.446875 0.2458333333333334 0.43125 0.2458333333333334 0.43125 0.28541666666666676 0.446875 0.28541666666666676
2 0.45703125 0.25520833333333337 0.446875 0.25520833333333337 0.446875 0.2947916666666668 0.45703125 0.2947916666666668
2 0.46171875 0.2395833333333334 0.45078125 0.2395833333333334 0.45078125 0.2781250000000001 0.46171875 0.2781250000000001
2 0.475 0.21875000000000006 0.4640625 0.21875000000000006 0.4640625 0.25312500000000004 0.475 0.25312500000000004
2 0.47578125 0.20729166666666674 0.4671875 0.20729166666666674 0.4671875 0.23437500000000006 0.47578125 0.23437500000000006
2 0.54296875 0.2135416666666667 0.5328125 0.2135416666666667 0.5328125 0.2489583333333334 0.54296875 0.2489583333333334
2 0.5234375 0.1833333333333334 0.515625 0.1833333333333334 0.515625 0.2083333333333334 0.5234375 0.2083333333333334
2 0.4609375 0.19375000000000006 0.45390625 0.19375000000000006 0.45390625 0.2177083333333334 0.4609375 0.2177083333333334
2 0.4640625 0.1864583333333334 0.45703125 0.1864583333333334 0.45703125 0.21250000000000005 0.4640625 0.21250000000000005
2 0.47421875 0.1822916666666667 0.465625 0.1822916666666667 0.465625 0.21041666666666672 0.47421875 0.21041666666666672
2 0.48046875 0.17395833333333338 0.475 0.17395833333333338 0.475 0.19375000000000006 0.48046875 0.19375000000000006
2 0.4796875 0.1645833333333334 0.47265625 0.1645833333333334 0.47265625 0.1822916666666667 0.4796875 0.1822916666666667
2 0.4875 0.1614583333333334 0.4796875 0.1614583333333334 0.4796875 0.1833333333333334 0.4875 0.1833333333333334
2 0.4921875 0.1645833333333334 0.48671875 0.1645833333333334 0.48671875 0.19166666666666674 0.4921875 0.19166666666666674
2 0.49921875 0.16041666666666674 0.49140625 0.16041666666666674 0.49140625 0.18958333333333338 0.49921875 0.18958333333333338
2 0.50625 0.15000000000000005 0.5015625 0.15000000000000005 0.5015625 0.16979166666666673 0.50625 0.16979166666666673
2 0.50078125 0.14687500000000006 0.496875 0.14687500000000006 0.496875 0.16250000000000006 0.50078125 0.16250000000000006
2 0.4875 0.14687500000000006 0.48203125 0.14687500000000006 0.48203125 0.16354166666666672 0.4875 0.16354166666666672
2 0.49453125 0.1458333333333334 0.4890625 0.1458333333333334 0.4890625 0.1614583333333334 0.49453125 0.1614583333333334
2 0.48828125 0.13229166666666675 0.48359375 0.13229166666666675 0.48359375 0.1520833333333334 0.48828125 0.1520833333333334
2 0.49453125 0.1312500000000001 0.490625 0.1312500000000001 0.490625 0.14687500000000006 0.49453125 0.14687500000000006
2 0.5 0.12604166666666675 0.4953125 0.12604166666666675 0.4953125 0.1395833333333334 0.5 0.1395833333333334
2 0.50625 0.12291666666666676 0.5015625 0.12291666666666676 0.5015625 0.1364583333333334 0.50625 0.1364583333333334
2 0.51171875 0.12395833333333342 0.50625 0.12395833333333342 0.50625 0.13854166666666673 0.51171875 0.13854166666666673
2 0.5109375 0.1354166666666667 0.50546875 0.1354166666666667 0.50546875 0.1552083333333334 0.5109375 0.1552083333333334
2 0.5296875 0.1552083333333334 0.521875 0.1552083333333334 0.521875 0.18125000000000005 0.5296875 0.18125000000000005
3 0.54375 0.09791666666666675 0.5265625 0.09791666666666675 0.5265625 0.1281250000000001 0.54375 0.1281250000000001
1 0.50390625 0.0906250000000001 0.4953125 0.0906250000000001 0.4953125 0.09687500000000009 0.50390625 0.09687500000000009
1 0.51484375 0.09166666666666676 0.5078125 0.09166666666666676 0.5078125 0.09583333333333342 0.51484375 0.09583333333333342
1 0.49765625 0.09895833333333343 0.48828125 0.09895833333333343 0.48828125 0.11145833333333342 0.49765625 0.11145833333333342
1 0.51953125 0.09479166666666676 0.51171875 0.09479166666666676 0.51171875 0.10312500000000009 0.51953125 0.10312500000000009
1 0.51171875 0.09583333333333342 0.5 0.09583333333333342 0.5 0.10208333333333343 0.51171875 0.10208333333333343
1 0.50546875 0.10416666666666675 0.49375 0.10416666666666675 0.49375 0.11770833333333343 0.50546875 0.11770833333333343
1 0.515625 0.10208333333333343 0.50546875 0.10208333333333343 0.50546875 0.11041666666666676 0.515625 0.11041666666666676
1 0.52265625 0.10937500000000008 0.50859375 0.10937500000000008 0.50859375 0.12083333333333342 0.52265625 0.12083333333333342
1 0.50625 0.11562500000000009 0.49296875 0.11562500000000009 0.49296875 0.12291666666666676 0.50625 0.12291666666666676
1 0.525 0.11666666666666675 0.5125 0.11666666666666675 0.5125 0.1312500000000001 0.525 0.1312500000000001
1 0.5234375 0.09687500000000009 0.51640625 0.09687500000000009 0.51640625 0.10208333333333343 0.5234375 0.10208333333333343
1 0.525 0.10312500000000009 0.52109375 0.10312500000000009 0.52109375 0.11875000000000009 0.525 0.11875000000000009
1 0.54140625 0.11979166666666675 0.5296875 0.11979166666666675 0.5296875 0.1364583333333334 0.54140625 0.1364583333333334
1 0.54765625 0.1270833333333334 0.5328125 0.1270833333333334 0.5328125 0.1437500000000001 0.54765625 0.14375000000000013
1 0.5484375 0.13333333333333341 0.53515625 0.1333333333333334 0.53515625 0.15104166666666677 0.5484375 0.1510416666666668
1 0.521875 0.13229166666666675 0.509375 0.13229166666666675 0.509375 0.14791666666666672 0.521875 0.14791666666666672
1 0.52734375 0.14375000000000007 0.5109375 0.14375000000000007 0.5109375 0.16979166666666673 0.52734375 0.16979166666666673
1 0.5453125 0.1437500000000001 0.53203125 0.14375000000000007 0.53203125 0.16770833333333343 0.5453125 0.16770833333333346
1 0.5453125 0.1583333333333334 0.5296875 0.15833333333333338 0.5296875 0.18333333333333343 0.5453125 0.18333333333333346
1 0.51953125 0.16041666666666674 0.50703125 0.16041666666666674 0.50703125 0.1864583333333334 0.51953125 0.1864583333333334
1 0.54453125 0.1781250000000001 0.52421875 0.17812500000000006 0.52421875 0.21770833333333342 0.54453125 0.21770833333333345
1 0.51328125 0.16875000000000007 0.49609375 0.16875000000000007 0.49609375 0.20104166666666673 0.51328125 0.20104166666666673
1 0.509375 0.18854166666666672 0.4953125 0.18854166666666672 0.4953125 0.2083333333333334 0.509375 0.2083333333333334
1 0.490625 0.18437500000000007 0.46953125 0.18437500000000007 0.46953125 0.22291666666666674 0.490625 0.22291666666666674
1 0.51328125 0.20312500000000006 0.490625 0.20312500000000006 0.490625 0.23854166666666674 0.51328125 0.23854166666666674
1 0.53828125 0.20000000000000007 0.51171875 0.20000000000000007 0.51171875 0.2333333333333334 0.53828125 0.2333333333333334
1 0.5328125 0.22604166666666672 0.50703125 0.22604166666666672 0.50703125 0.26354166666666673 0.5328125 0.26354166666666673
1 0.4984375 0.22187500000000007 0.46796875 0.22187500000000007 0.46796875 0.27187500000000014 0.4984375 0.27187500000000014
1 0.5359375 0.25729166666666675 0.5 0.25729166666666675 0.5 0.3135416666666668 0.5359375 0.3135416666666668
1 0.4953125 0.24687500000000007 0.4625 0.24687500000000007 0.4625 0.3125000000000001 0.4953125 0.3125000000000001
1 0.46171875 0.2020833333333334 0.4359375 0.2020833333333334 0.4359375 0.25520833333333337 0.46171875 0.25520833333333337
1 0.43515625 0.2583333333333334 0.40078125 0.2583333333333334 0.40078125 0.3354166666666668 0.43515625 0.3354166666666668
1 0.46171875 0.3000000000000001 0.4265625 0.3000000000000001 0.4265625 0.36875000000000013 0.46171875 0.36875000000000013
1 0.52265625 0.2916666666666668 0.4875 0.2916666666666668 0.4875 0.3572916666666668 0.52265625 0.3572916666666668
1 0.41875 0.3250000000000001 0.375 0.3250000000000001 0.375 0.41458333333333347 0.41875 0.41458333333333347
1 0.453125 0.37916666666666676 0.40234375 0.37916666666666676 0.40234375 0.4854166666666668 0.453125 0.4854166666666668
1 0.51484375 0.36875000000000013 0.46171875 0.36875000000000013 0.46171875 0.4666666666666668 0.51484375 0.4666666666666668
3 0.51328125 0.4354166666666668 0.44296875 0.4354166666666668 0.44296875 0.6041666666666666 0.51328125 0.6041666666666666
1 0.3492187500000001 0.484375 0.2578125000000001 0.484375 0.2578125000000001 0.6260416666666667 0.3492187500000001 0.6260416666666667
1 0.4085937500000001 0.7072916666666667 0.2953125000000001 0.7072916666666667 0.2953125000000001 0.96875 0.4085937500000002 0.96875
1 0.2789062500000001 0.7010416666666667 0.15390625000000005 0.7010416666666667 0.15390625000000008 0.9604166666666667 0.2789062500000001 0.9604166666666667