2 0.8890625 0.7625000000000003 0.8328125 0.7625000000000003 0.8328125 0.9354166666666669 0.8890625 0.9354166666666669
2 0.7390625 0.8177083333333335 0.70859375 0.8177083333333334 0.70859375 0.9531250000000001 0.7390625 0.9531250000000002
2 0.7546875 0.5864583333333335 0.72890625 0.5864583333333335 0.72890625 0.6947916666666669 0.7546875 0.6947916666666669
2 0.6171875 0.4250000000000001 0.59921875 0.4250000000000001 0.59921875 0.5020833333333334 0.6171875 0.5020833333333334
2 0.61640625 0.3854166666666668 0.596875 0.3854166666666668 0.596875 0.4479166666666668 0.61640625 0.4479166666666668
2 0.65390625 0.3697916666666668 0.62421875 0.3697916666666668 0.62421875 0.4510416666666668 0.65390625 0.4510416666666668
2 0.5734375 0.55 0.5171875 0.55 0.5171875 0.7427083333333333 0.5734375 0.7427083333333333
1 0.6015625 0.30104166666666676 0.571875 0.30104166666666676 0.571875 0.3781250000000001 0.6015625 0.3781250000000001
1 0.56796875 0.3281250000000001 0.53203125 0.3281250000000001 0.53203125 0.3979166666666668 0.56796875 0.3979166666666668
1 0.52265625 0.3020833333333334 0.48515625 0.3020833333333334 0.48515625 0.38125000000000014 0.52265625 0.38125000000000014
2 0.56171875 0.26979166666666676 0.546875 0.26979166666666676 0.546875 0.31666666666666676 0.56171875 0.31666666666666676
2 0.58828125 0.2687500000000001 0.575 0.2687500000000001 0.575 0.30520833333333347 0.58828125 0.30520833333333347
2 0.5828125 0.2510416666666668 0.5703125 0.2510416666666668 0.5703125 0.2864583333333334 0.5828125 0.2864583333333334
2 0.4859375 0.22604166666666672 0.4765625 0.22604166666666672 0.4765625 0.2593750000000001 0.4859375 0.2593750000000001
2 0.490625 0.19375000000000006 0.48046875 0.19375000000000006 0.48046875 0.22604166666666672 0.490625 0.22604166666666672
1 0.5390625 0.20729166666666674 0.515625 0.20729166666666674 0.515625 0.2583333333333334 0.5390625 0.2583333333333334
2 0.50625 0.19375000000000006 0.49765625 0.19375000000000006 0.49765625 0.22500000000000006 0.50625 0.22500000000000006
2 0.5421875 0.20104166666666673 0.5359375 0.20104166666666673 0.5359375 0.22604166666666672 0.5421875 0.22604166666666672
2 0.53203125 0.1958333333333334 0.52421875 0.1958333333333334 0.52421875 0.21041666666666672 0.53203125 0.21041666666666672
2 0.52421875 0.1927083333333334 0.5203125 0.1927083333333334 0.5203125 0.20416666666666672 0.52421875 0.20416666666666672
2 0.521875 0.1666666666666667 0.5171875 0.1666666666666667 0.5171875 0.18437500000000007 0.521875 0.18437500000000007
2 0.503125 0.16979166666666673 0.49609375 0.16979166666666673 0.49609375 0.1958333333333334 0.503125 0.1958333333333334
2 0.4921875 0.14791666666666672 0.48828125 0.14791666666666672 0.48828125 0.17500000000000007 0.4921875 0.17500000000000007
2 0.50078125 0.15833333333333338 0.49765625 0.15833333333333338 0.49765625 0.1677083333333334 0.50078125 0.1677083333333334
2 0.5109375 0.1520833333333334 0.50546875 0.1520833333333334 0.50546875 0.17291666666666672 0.5109375 0.17291666666666672
2 0.51875 0.1552083333333334 0.51171875 0.1552083333333334 0.51171875 0.1770833333333334 0.51875 0.1770833333333334
2 0.5109375 0.14479166666666674 0.5046875 0.14479166666666674 0.5046875 0.15937500000000007 0.5109375 0.15937500000000007
2 0.475 0.1666666666666667 0.46875 0.1666666666666667 0.46875 0.1927083333333334 0.475 0.1927083333333334
2 0.48125 0.15729166666666672 0.4765625 0.15729166666666672 0.4765625 0.1864583333333334 0.48125 0.1864583333333334
2 0.4875 0.15416666666666673 0.48359375 0.15416666666666673 0.48359375 0.18125000000000005 0.4875 0.18125000000000005
2 0.49140625 0.1333333333333334 0.4875 0.1333333333333334 0.4875 0.15312500000000007 0.49140625 0.15312500000000007
2 0.49765625 0.13437500000000005 0.4921875 0.13437500000000005 0.4921875 0.15416666666666673 0.49765625 0.15416666666666673
2 0.48984375 0.1281250000000001 0.48671875 0.1281250000000001 0.48671875 0.1395833333333334 0.48984375 0.1395833333333334
2 0.50390625 0.10833333333333342 0.5 0.10833333333333342 0.5 0.12916666666666676 0.50390625 0.12916666666666676
2 0.49375 0.10416666666666675 0.48984375 0.10416666666666675 0.48984375 0.11979166666666675 0.49375 0.11979166666666675
2 0.5 0.09479166666666676 0.49765625 0.09479166666666676 0.49765625 0.10833333333333342 0.5 0.10833333333333342
2 0.5046875 0.10208333333333343 0.5015625 0.10208333333333343 0.5015625 0.11562500000000009 0.5046875 0.11562500000000009
2 0.5078125 0.09479166666666676 0.5046875 0.09479166666666676 0.5046875 0.1062500000000001 0.5078125 0.1062500000000001