1 0.4453125 0.65625 0.35234375000000007 0.65625 0.35234375000000007 0.9104166666666667 0.4453125 0.9104166666666667
1 0.4437500000000001 0.8979166666666667 0.3671875000000001 0.8979166666666667 0.3671875000000001 1 0.4437500000000002 1
1 0.27812500000000007 0.7625 0.18750000000000008 0.7625 0.18750000000000008 1 0.27812500000000007 1
1 0.2812500000000001 0.6041666666666666 0.2000000000000001 0.6041666666666666 0.2000000000000001 0.8291666666666667 0.2812500000000001 0.8291666666666667
1 0.37578125000000007 0.6145833333333334 0.27812500000000007 0.6145833333333334 0.27812500000000007 0.7947916666666667 0.37578125000000007 0.7947916666666667
1 0.4828125 0.5062500000000001 0.42421875 0.5062500000000001 0.42421875 0.64375 0.4828125 0.64375
1 0.4109375 0.49166666666666675 0.3390625000000001 0.49166666666666664 0.3390625000000001 0.6145833333333334 0.4109375 0.6145833333333334
1 0.4171875 0.43020833333333347 0.37421875 0.43020833333333347 0.37421875000000004 0.5062500000000001 0.4171875 0.5062500000000001
1 0.50546875 0.4093750000000001 0.46328125 0.4093750000000001 0.46328125 0.5197916666666668 0.50546875 0.5197916666666668
1 0.46015625 0.35312500000000013 0.4234375 0.35312500000000013 0.4234375 0.43645833333333345 0.46015625 0.43645833333333345
1 0.52109375 0.35312500000000013 0.484375 0.35312500000000013 0.484375 0.4270833333333334 0.52109375 0.4270833333333334
1 0.46953125 0.2937500000000001 0.4421875 0.2937500000000001 0.4421875 0.35000000000000014 0.46953125 0.35000000000000014
1 0.425 0.3020833333333334 0.39765625 0.3020833333333334 0.39765625 0.3572916666666668 0.425 0.3572916666666668
1 0.51796875 0.3093750000000001 0.49296875 0.3093750000000001 0.49296875 0.35520833333333346 0.51796875 0.35520833333333346
1 0.528125 0.28020833333333345 0.50703125 0.28020833333333345 0.50703125 0.32083333333333347 0.528125 0.32083333333333347
1 0.53125 0.2302083333333334 0.51171875 0.2302083333333334 0.51171875 0.2864583333333334 0.53125 0.2864583333333334
1 0.51875 0.25000000000000006 0.49921875 0.25000000000000006 0.49921875 0.2843750000000001 0.51875 0.2843750000000001
1 0.52890625 0.20312500000000006 0.5140625 0.20312500000000006 0.5140625 0.24062500000000006 0.52890625 0.24062500000000006
1 0.4703125 0.27187500000000014 0.4546875 0.27187500000000014 0.4546875 0.30833333333333346 0.4703125 0.30833333333333346
1 0.47578125 0.2520833333333334 0.45625 0.2520833333333334 0.45625 0.29270833333333346 0.47578125 0.29270833333333346
1 0.48359375 0.22083333333333338 0.46796875 0.22083333333333338 0.46796875 0.2510416666666667 0.48359375 0.2510416666666667
2 0.50703125 0.23229166666666673 0.496875 0.23229166666666673 0.496875 0.26041666666666674 0.50703125 0.26041666666666674
2 0.5015625 0.2239583333333334 0.4921875 0.2239583333333334 0.4921875 0.2510416666666667 0.5015625 0.2510416666666667
1 0.5015625 0.20520833333333338 0.48359375 0.20520833333333338 0.48359375 0.2333333333333334 0.5015625 0.2333333333333334
1 0.534375 0.18125000000000005 0.51484375 0.18125000000000005 0.51484375 0.20416666666666672 0.534375 0.20416666666666672
1 0.5078125 0.18437500000000007 0.4921875 0.18437500000000007 0.4921875 0.2135416666666667 0.5078125 0.2135416666666667
1 0.50234375 0.18750000000000006 0.48828125 0.18750000000000006 0.48828125 0.20729166666666674 0.50234375 0.20729166666666674
1 0.546875 0.16041666666666676 0.528125 0.16041666666666674 0.528125 0.19479166666666675 0.546875 0.19479166666666678
1 0.53046875 0.17291666666666672 0.51640625 0.17291666666666672 0.51640625 0.19166666666666674 0.53046875 0.19166666666666674
2 0.55 0.14895833333333344 0.54609375 0.14895833333333344 0.54609375 0.17708333333333345 0.55 0.17708333333333345
1 0.5421875 0.1489583333333334 0.52890625 0.1489583333333334 0.52890625 0.16875000000000007 0.5421875 0.16875000000000007
1 0.53984375 0.15312500000000007 0.528125 0.15312500000000007 0.528125 0.17395833333333338 0.53984375 0.17395833333333338
3 0.54609375 0.11250000000000009 0.52734375 0.11250000000000009 0.52734375 0.1593750000000001 0.54609375 0.15937500000000013
2 0.52421875 0.16041666666666674 0.51953125 0.16041666666666674 0.51953125 0.17916666666666672 0.52421875 0.17916666666666672
2 0.51875 0.1666666666666667 0.5140625 0.1666666666666667 0.5140625 0.1864583333333334 0.51875 0.1864583333333334
1 0.51796875 0.15416666666666673 0.50625 0.15416666666666673 0.50625 0.1708333333333334 0.51796875 0.1708333333333334
2 0.52578125 0.14166666666666672 0.51953125 0.14166666666666672 0.51953125 0.1645833333333334 0.52578125 0.1645833333333334
1 0.51796875 0.14479166666666674 0.5078125 0.14479166666666674 0.5078125 0.16250000000000006 0.51796875 0.16250000000000006
1 0.52265625 0.13229166666666675 0.51015625 0.13229166666666675 0.51015625 0.1489583333333334 0.52265625 0.1489583333333334
1 0.5234375 0.12395833333333342 0.5125 0.12395833333333342 0.5125 0.14062500000000006 0.5234375 0.14062500000000006
1 0.525 0.10208333333333343 0.51484375 0.10208333333333343 0.51484375 0.1218750000000001 0.525 0.1218750000000001
1 0.51640625 0.14166666666666672 0.50625 0.14166666666666672 0.50625 0.1552083333333334 0.51640625 0.1552083333333334
1 0.51171875 0.12083333333333342 0.5015625 0.12083333333333342 0.5015625 0.13750000000000007 0.51171875 0.13750000000000007
1 0.51328125 0.1062500000000001 0.50078125 0.1062500000000001 0.50078125 0.12083333333333342 0.51328125 0.12083333333333342
2 0.51328125 0.17291666666666672 0.5078125 0.17291666666666672 0.5078125 0.20520833333333338 0.51328125 0.20520833333333338
1 0.51171875 0.16041666666666674 0.49921875 0.16041666666666674 0.49921875 0.18437500000000007 0.51171875 0.18437500000000007
1 0.4828125 0.18854166666666672 0.46953125 0.18854166666666672 0.46953125 0.20937500000000006 0.4828125 0.20937500000000006
1 0.4875 0.17500000000000007 0.47265625 0.17500000000000007 0.47265625 0.20000000000000007 0.4875 0.20000000000000007
1 0.47109375 0.1958333333333334 0.44921875 0.1958333333333334 0.44921875 0.22291666666666674 0.47109375 0.22291666666666674
2 0.0984375000000001 0.865625 0.05937500000000009 0.865625 0.05937500000000009 0.9989583333333333 0.0984375000000001 0.9989583333333333
2 0.12890625000000008 0.8708333333333333 0.09218750000000009 0.8708333333333333 0.09218750000000009 0.9895833333333334 0.12890625000000008 0.9895833333333334
2 0.1593750000000001 0.909375 0.1281250000000001 0.909375 0.1281250000000001 0.9989583333333333 0.1593750000000001 0.9989583333333333
2 0.19687500000000008 0.80625 0.1585937500000001 0.80625 0.1585937500000001 0.959375 0.19687500000000008 0.959375
2 0.1546875000000001 0.7875 0.10546875000000008 0.7875 0.10546875000000008 0.9010416666666666 0.1546875000000001 0.9010416666666666
2 0.18750000000000006 0.6770833333333334 0.15078125000000003 0.6770833333333334 0.15078125000000006 0.8010416666666667 0.18750000000000008 0.8010416666666667
2 0.2117187500000001 0.6104166666666667 0.18750000000000006 0.6104166666666667 0.18750000000000006 0.6895833333333333 0.2117187500000001 0.6895833333333333
2 0.31718750000000007 0.5177083333333333 0.2984375000000001 0.5177083333333333 0.2984375000000001 0.578125 0.31718750000000007 0.578125
2 0.2945312500000001 0.5041666666666667 0.2710937500000001 0.5041666666666667 0.2710937500000001 0.5791666666666667 0.2945312500000001 0.5791666666666667
2 0.28125000000000006 0.478125 0.25234375 0.478125 0.25234375000000003 0.5447916666666667 0.2812500000000001 0.5447916666666667
2 0.2914062500000001 0.55625 0.2726562500000001 0.55625 0.2726562500000001 0.603125 0.2914062500000001 0.603125
2 0.2757812500000001 0.5270833333333333 0.2484375000000001 0.5270833333333333 0.2484375000000001 0.59375 0.2757812500000001 0.59375
2 0.2445312500000001 0.5697916666666667 0.22812500000000008 0.5697916666666667 0.22812500000000008 0.6114583333333333 0.2445312500000001 0.6114583333333333
2 0.31328125000000007 0.5645833333333333 0.2875000000000001 0.5645833333333333 0.2875000000000001 0.6458333333333334 0.31328125000000007 0.6458333333333334
2 0.3375000000000001 0.53125 0.3156250000000001 0.53125 0.3156250000000001 0.615625 0.3375000000000001 0.615625
2 0.33281250000000007 0.48125 0.3125 0.48125 0.31250000000000006 0.540625 0.33281250000000007 0.540625
2 0.3500000000000001 0.5020833333333333 0.3281250000000001 0.5020833333333333 0.3281250000000001 0.565625 0.3500000000000001 0.565625
2 0.37812500000000004 0.4270833333333334 0.3640625 0.4270833333333334 0.36406250000000007 0.4843750000000001 0.3781250000000001 0.4843750000000001
2 0.36484375 0.47187500000000004 0.34765625 0.471875 0.34765625000000006 0.5479166666666667 0.3648437500000001 0.5479166666666667
2 0.36015625000000007 0.44375 0.34609375 0.44375 0.34609375000000003 0.5010416666666667 0.36015625000000007 0.5010416666666667
2 0.34609375000000003 0.4239583333333333 0.334375 0.4239583333333333 0.33437500000000003 0.484375 0.3460937500000001 0.484375
2 0.33593750000000006 0.453125 0.31953125 0.453125 0.31953125000000004 0.5020833333333333 0.3359375000000001 0.5020833333333333
2 0.3796875 0.40000000000000013 0.365625 0.40000000000000013 0.365625 0.4500000000000001 0.3796875 0.4500000000000001
2 0.3578125 0.396875 0.346875 0.396875 0.346875 0.44479166666666664 0.3578125 0.44479166666666664
2 0.346875 0.40520833333333334 0.33671875 0.40520833333333334 0.33671875 0.44895833333333335 0.346875 0.44895833333333335
2 0.35703125 0.38333333333333336 0.346875 0.38333333333333336 0.346875 0.425 0.35703125 0.425
2 0.3515625 0.3729166666666667 0.3390625 0.3729166666666667 0.3390625 0.4197916666666667 0.3515625 0.4197916666666667
2 0.38515625 0.36562500000000014 0.37578125 0.36562500000000014 0.37578125 0.39687500000000014 0.38515625 0.39687500000000014
2 0.37421875 0.3552083333333334 0.36015625 0.35520833333333335 0.36015625 0.4020833333333334 0.37421875 0.40208333333333346
2 0.36875 0.3427083333333334 0.35625 0.34270833333333334 0.35625 0.39583333333333337 0.36875 0.3958333333333334
2 0.4 0.4010416666666668 0.3890625 0.4010416666666668 0.3890625 0.4322916666666668 0.4 0.4322916666666668
2 0.3828125 0.3885416666666668 0.37109375 0.3885416666666668 0.37109375 0.42604166666666676 0.3828125 0.42604166666666676
2 0.4125 0.37916666666666676 0.39765625 0.37916666666666676 0.39765625 0.4197916666666668 0.4125 0.4197916666666668
2 0.4203125 0.36145833333333344 0.40625 0.36145833333333344 0.40625 0.4041666666666668 0.4203125 0.4041666666666668
2 0.4 0.36145833333333344 0.3859375 0.36145833333333344 0.3859375 0.3958333333333334 0.4 0.3958333333333334
2 0.39765625 0.3385416666666668 0.38671875 0.3385416666666668 0.38671875 0.36770833333333347 0.39765625 0.36770833333333347
2 0.38671875 0.33958333333333346 0.3765625 0.33958333333333346 0.3765625 0.37083333333333346 0.38671875 0.37083333333333346
2 0.37734375 0.3291666666666668 0.365625 0.3291666666666668 0.365625 0.36145833333333344 0.37734375 0.36145833333333344
2 0.39921875 0.2968750000000001 0.38984375 0.2968750000000001 0.38984375 0.34270833333333345 0.39921875 0.34270833333333345
2 0.43671875 0.2822916666666668 0.42578125 0.2822916666666668 0.42578125 0.33645833333333347 0.43671875 0.33645833333333347
2 0.45 0.2666666666666668 0.4390625 0.2666666666666668 0.4390625 0.3104166666666668 0.45 0.3104166666666668
2 0.42734375 0.2812500000000001 0.415625 0.2812500000000001 0.415625 0.3104166666666668 0.42734375 0.3104166666666668
2 0.4078125 0.28750000000000014 0.3984375 0.28750000000000014 0.3984375 0.3229166666666668 0.4078125 0.3229166666666668
2 0.41484375 0.27708333333333346 0.40546875 0.27708333333333346 0.40546875 0.30520833333333347 0.41484375 0.30520833333333347
2 0.43828125 0.2614583333333334 0.43125 0.2614583333333334 0.43125 0.2885416666666668 0.43828125 0.2885416666666668
2 0.425 0.25729166666666675 0.41796875 0.25729166666666675 0.41796875 0.2947916666666668 0.425 0.2947916666666668
2 0.4328125 0.2427083333333334 0.42578125 0.2427083333333334 0.42578125 0.28020833333333345 0.4328125 0.28020833333333345
2 0.41796875 0.25729166666666675 0.41171875 0.25729166666666675 0.41171875 0.2791666666666668 0.41796875 0.2791666666666668
2 0.45234375 0.2489583333333334 0.44609375 0.2489583333333334 0.44609375 0.2791666666666668 0.45234375 0.2791666666666668
2 0.4484375 0.23437500000000006 0.44140625 0.23437500000000006 0.44140625 0.26770833333333344 0.4484375 0.26770833333333344
2 0.4484375 0.23541666666666672 0.4390625 0.23541666666666672 0.4390625 0.2708333333333334 0.4484375 0.2708333333333334
2 0.4421875 0.23125000000000007 0.43671875 0.23125000000000007 0.43671875 0.26250000000000007 0.4421875 0.26250000000000007
2 0.43828125 0.23229166666666673 0.4328125 0.23229166666666673 0.4328125 0.2614583333333334 0.43828125 0.2614583333333334
2 0.43203125 0.23437500000000006 0.4265625 0.23437500000000006 0.4265625 0.25625000000000003 0.43203125 0.25625000000000003
2 0.428125 0.23437500000000006 0.42109375 0.23437500000000006 0.42109375 0.2614583333333334 0.428125 0.2614583333333334
2 0.453125 0.20937500000000006 0.4453125 0.20937500000000006 0.4453125 0.24062500000000006 0.453125 0.24062500000000006
2 0.4484375 0.22291666666666674 0.44140625 0.22291666666666674 0.44140625 0.2458333333333334 0.4484375 0.2458333333333334
2 0.4421875 0.2145833333333334 0.434375 0.2145833333333334 0.434375 0.24375000000000005 0.4421875 0.24375000000000005
2 0.45625 0.22291666666666674 0.44921875 0.22291666666666674 0.44921875 0.24687500000000007 0.45625 0.24687500000000007
2 0.446875 0.20625000000000007 0.440625 0.20625000000000007 0.440625 0.23229166666666673 0.446875 0.23229166666666673
2 0.46875 0.2114583333333334 0.459375 0.2114583333333334 0.459375 0.23854166666666674 0.46875 0.23854166666666674
2 0.4625 0.22604166666666672 0.45546875 0.22604166666666672 0.45546875 0.25625000000000003 0.4625 0.25625000000000003
2 0.48125 0.34791666666666676 0.4703125 0.34791666666666676 0.4703125 0.4166666666666668 0.48125 0.4166666666666668
2 0.46953125 0.3437500000000001 0.46015625 0.3437500000000001 0.46015625 0.40208333333333346 0.46953125 0.40208333333333346
2 0.490625 0.33750000000000013 0.48125 0.33750000000000013 0.48125 0.38333333333333347 0.490625 0.38333333333333347
2 0.51796875 0.3406250000000001 0.5078125 0.3406250000000001 0.5078125 0.3697916666666668 0.51796875 0.3697916666666668
2 0.49296875 0.2947916666666668 0.4828125 0.2947916666666668 0.4828125 0.3416666666666668 0.49296875 0.3416666666666668
2 0.4875 0.2760416666666668 0.47734375 0.2760416666666668 0.47734375 0.3260416666666668 0.4875 0.3260416666666668
2 0.49921875 0.2666666666666668 0.49296875 0.2666666666666668 0.49296875 0.30833333333333346 0.49921875 0.30833333333333346
2 0.48984375 0.2614583333333334 0.4828125 0.2614583333333334 0.4828125 0.29895833333333344 0.48984375 0.29895833333333344
2 0.49609375 0.24791666666666673 0.4890625 0.24791666666666673 0.4890625 0.28750000000000014 0.49609375 0.28750000000000014
2 0.54921875 0.1895833333333334 0.540625 0.18958333333333338 0.540625 0.22916666666666677 0.54921875 0.2291666666666668
1 0.53828125 0.1989583333333334 0.5296875 0.1989583333333334 0.5296875 0.23125000000000007 0.53828125 0.23125000000000007
3 0.5140625 0.08958333333333342 0.5046875 0.08958333333333342 0.5046875 0.10937500000000008 0.5140625 0.10937500000000008
2 0.45859375 0.18750000000000006 0.453125 0.18750000000000006 0.453125 0.2114583333333334 0.45859375 0.2114583333333334
2 0.46953125 0.1770833333333334 0.465625 0.1770833333333334 0.465625 0.19687500000000005 0.46953125 0.19687500000000005
2 0.4640625 0.1802083333333334 0.45859375 0.1802083333333334 0.45859375 0.20104166666666673 0.4640625 0.20104166666666673
2 0.46640625 0.17395833333333338 0.46328125 0.17395833333333338 0.46328125 0.1927083333333334 0.46640625 0.1927083333333334
2 0.4765625 0.16562500000000005 0.47265625 0.16562500000000005 0.47265625 0.1822916666666667 0.4765625 0.1822916666666667
2 0.471875 0.16562500000000005 0.4671875 0.16562500000000005 0.4671875 0.18541666666666673 0.471875 0.18541666666666673
2 0.49765625 0.16250000000000006 0.4921875 0.16250000000000006 0.4921875 0.1833333333333334 0.49765625 0.1833333333333334
2 0.4921875 0.16041666666666674 0.48515625 0.16041666666666674 0.48515625 0.1802083333333334 0.4921875 0.1802083333333334
2 0.4828125 0.15729166666666672 0.47734375 0.15729166666666672 0.47734375 0.17604166666666674 0.4828125 0.17604166666666674
2 0.50234375 0.13750000000000007 0.49765625 0.13750000000000007 0.49765625 0.16354166666666672 0.50234375 0.16354166666666672
2 0.49765625 0.13750000000000007 0.49453125 0.13750000000000007 0.49453125 0.15625000000000006 0.49765625 0.15625000000000006
2 0.49296875 0.14270833333333338 0.4890625 0.14270833333333338 0.4890625 0.16041666666666674 0.49296875 0.16041666666666674
2 0.48828125 0.14375000000000007 0.48359375 0.14375000000000007 0.48359375 0.16562500000000005 0.48828125 0.16562500000000005
2 0.50234375 0.11979166666666675 0.49765625 0.11979166666666675 0.49765625 0.1364583333333334 0.50234375 0.1364583333333334
2 0.496875 0.1312500000000001 0.4921875 0.1312500000000001 0.4921875 0.1458333333333334 0.496875 0.1458333333333334
2 0.4921875 0.13229166666666675 0.48828125 0.13229166666666675 0.48828125 0.15312500000000007 0.4921875 0.15312500000000007
2 0.50078125 0.10833333333333342 0.496875 0.10833333333333342 0.496875 0.12604166666666675 0.50078125 0.12604166666666675
2 0.4984375 0.10833333333333342 0.49375 0.10833333333333342 0.49375 0.1218750000000001 0.4984375 0.1218750000000001
2 0.503125 0.09583333333333342 0.49921875 0.09583333333333342 0.49921875 0.11354166666666675 0.503125 0.11354166666666675
2 0.5015625 0.0906250000000001 0.49765625 0.0906250000000001 0.49765625 0.10312500000000009 0.5015625 0.10312500000000009
2 0.49765625 0.09479166666666676 0.49453125 0.09479166666666676 0.49453125 0.10833333333333342 0.49765625 0.10833333333333342
2 0.4953125 0.0906250000000001 0.49296875 0.0906250000000001 0.49296875 0.10312500000000009 0.4953125 0.10312500000000009
2 0.49609375 0.11770833333333343 0.4921875 0.11770833333333343 0.4921875 0.1333333333333334 0.49609375 0.1333333333333334
2 0.4140625 0.6135416666666667 0.3843750000000001 0.6135416666666667 0.3843750000000001 0.7052083333333333 0.4140625 0.7052083333333333
2 0.4546875 0.625 0.42109375 0.625 0.42109375 0.7302083333333333 0.4546875 0.7302083333333333
2 0.49140625 0.7260416666666667 0.46328125 0.7260416666666667 0.46328125 0.8489583333333334 0.49140625 0.8489583333333334
2 0.4921875 0.6708333333333333 0.45625 0.6708333333333333 0.45625 0.7604166666666666 0.4921875 0.7604166666666666
2 0.4828125 0.8239583333333333 0.440625 0.8239583333333333 0.440625 0.9520833333333333 0.4828125 0.9520833333333333