2 0.81328125 0.8000000000000003 0.771875 0.8000000000000003 0.771875 0.9156250000000002 0.81328125 0.9156250000000002
2 0.859375 0.8812500000000002 0.81171875 0.8812500000000002 0.81171875 0.9989583333333336 0.859375 0.9989583333333336
2 0.88515625 0.9604166666666669 0.86328125 0.9604166666666669 0.86328125 1.0000000000000002 0.88515625 1.0000000000000002
2 0.759375 0.6510416666666667 0.715625 0.6510416666666666 0.715625 0.7864583333333335 0.759375 0.7864583333333336
2 0.75546875 0.5510416666666668 0.71328125 0.5510416666666667 0.71328125 0.6531250000000001 0.75546875 0.6531250000000003
2 0.6984375 0.4604166666666668 0.665625 0.4604166666666668 0.665625 0.5458333333333333 0.6984375 0.5458333333333333
2 0.659375 0.43020833333333347 0.634375 0.43020833333333347 0.634375 0.5135416666666668 0.659375 0.5135416666666668
2 0.64296875 0.4010416666666668 0.6203125 0.4010416666666668 0.6203125 0.47500000000000014 0.64296875 0.47500000000000014
2 0.63046875 0.36145833333333344 0.60703125 0.36145833333333344 0.60703125 0.4270833333333334 0.63046875 0.4270833333333334
2 0.5312500000000001 0.86875 0.48125 0.86875 0.48125000000000007 1 0.5312500000000002 1
2 0.67421875 0.7989583333333333 0.65703125 0.7989583333333333 0.65703125 0.9427083333333334 0.67421875 0.9427083333333334
2 0.56640625 0.23541666666666677 0.55234375 0.23541666666666677 0.55234375 0.28020833333333345 0.56640625 0.28020833333333345
2 0.53203125 0.2114583333333334 0.51796875 0.2114583333333334 0.51796875 0.25000000000000006 0.53203125 0.25000000000000006
2 0.54609375 0.19687500000000008 0.5328125 0.19687500000000005 0.5328125 0.23541666666666675 0.54609375 0.23541666666666677
2 0.4890625 0.20520833333333338 0.478125 0.20520833333333338 0.478125 0.24375000000000005 0.4890625 0.24375000000000005
2 0.4953125 0.18750000000000006 0.484375 0.18750000000000006 0.484375 0.21979166666666672 0.4953125 0.21979166666666672
2 0.4890625 0.15625000000000006 0.47890625 0.15625000000000006 0.47890625 0.18854166666666672 0.4890625 0.18854166666666672
2 0.5046875 0.13750000000000007 0.4953125 0.13750000000000007 0.4953125 0.1614583333333334 0.5046875 0.1614583333333334
2 0.4890625 0.10000000000000009 0.484375 0.10000000000000009 0.484375 0.11041666666666676 0.4890625 0.11041666666666676
1 0.73046875 0.6114583333333334 0.6328125 0.6114583333333333 0.6328125 0.8239583333333335 0.73046875 0.8239583333333336
1 0.8234375 0.8385416666666667 0.690625 0.8385416666666666 0.690625 1.0000000000000002 0.8234375 1.0000000000000002
1 0.67109375 0.534375 0.60078125 0.534375 0.60078125 0.6395833333333333 0.67109375 0.6395833333333333
1 0.64375 0.43958333333333344 0.5765625 0.43958333333333344 0.5765625 0.56875 0.64375 0.56875
1 0.55078125 0.44687500000000013 0.49296875 0.44687500000000013 0.49296875 0.5572916666666666 0.55078125 0.5572916666666666
1 0.58828125 0.5020833333333334 0.51953125 0.5020833333333334 0.51953125 0.5864583333333333 0.58828125 0.5864583333333333
1 0.5390625 0.36354166666666676 0.490625 0.36354166666666676 0.490625 0.4541666666666668 0.5390625 0.4541666666666668
1 0.6125 0.3645833333333334 0.5609375 0.3645833333333334 0.5609375 0.4604166666666668 0.6125 0.4604166666666668
1 0.61640625 0.28958333333333347 0.565625 0.28958333333333347 0.565625 0.36354166666666676 0.61640625 0.36354166666666676
1 0.51953125 0.17604166666666674 0.49453125 0.17604166666666674 0.49453125 0.21875000000000006 0.51953125 0.21875000000000006
1 0.4953125 0.12916666666666676 0.47890625 0.12916666666666676 0.47890625 0.1520833333333334 0.4953125 0.1520833333333334
1 0.49296875 0.11250000000000009 0.48125 0.11250000000000009 0.48125 0.1281250000000001 0.49296875 0.1281250000000001
1 0.49921875 0.10729166666666676 0.490625 0.10729166666666676 0.490625 0.12395833333333342 0.49921875 0.12395833333333342
1 0.503125 0.09791666666666675 0.49375 0.09791666666666675 0.49375 0.10833333333333342 0.503125 0.10833333333333342
2 0.50546875 0.11979166666666675 0.49921875 0.11979166666666675 0.49921875 0.1333333333333334 0.50546875 0.1333333333333334
2 0.5046875 0.11250000000000009 0.5015625 0.11250000000000009 0.5015625 0.11979166666666675 0.5046875 0.11979166666666675
2 0.5078125 0.10416666666666675 0.50390625 0.10416666666666675 0.50390625 0.11562500000000009 0.5078125 0.11562500000000009
3 0.6640625000000001 0.58125 0.51640625 0.58125 0.5164062500000001 0.9947916666666666 0.6640625000000002 0.9947916666666666
3 0.6890625000000001 0.9229166666666667 0.55703125 0.9229166666666667 0.5570312500000001 1 0.6890625000000001 1