2 0.30546875000000007 0.75 0.2554687500000001 0.75 0.2554687500000001 0.9041666666666667 0.30546875000000007 0.9041666666666667
2 0.4359375 0.5927083333333333 0.40234375 0.5927083333333333 0.40234375 0.725 0.4359375 0.725
2 0.40546875 0.5364583333333334 0.3781250000000001 0.5364583333333334 0.3781250000000001 0.6604166666666667 0.40546875 0.6604166666666667
2 0.3273437500000001 0.5322916666666667 0.2929687500000001 0.5322916666666667 0.2929687500000001 0.6489583333333333 0.3273437500000001 0.6489583333333333
2 0.2367187500000001 0.6177083333333333 0.2054687500000001 0.6177083333333333 0.2054687500000001 0.7375 0.2367187500000001 0.7375
2 0.50390625 0.2270833333333334 0.4796875 0.2270833333333334 0.4796875 0.28750000000000014 0.50390625 0.28750000000000014
2 0.4734375 0.22500000000000006 0.45859375 0.22500000000000006 0.45859375 0.28020833333333345 0.4734375 0.28020833333333345
2 0.471875 0.18958333333333338 0.45234375 0.18958333333333338 0.45234375 0.2302083333333334 0.471875 0.2302083333333334
2 0.5328125 0.17187500000000006 0.515625 0.17187500000000006 0.515625 0.2135416666666667 0.5328125 0.2135416666666667
2 0.5078125 0.14479166666666674 0.49296875 0.14479166666666674 0.49296875 0.1802083333333334 0.5078125 0.1802083333333334
2 0.5359375 0.11666666666666675 0.52578125 0.11666666666666675 0.52578125 0.15000000000000005 0.5359375 0.15000000000000005
2 0.51484375 0.10520833333333342 0.50703125 0.10520833333333342 0.50703125 0.1333333333333334 0.51484375 0.1333333333333334
2 0.50234375 0.11562500000000009 0.49296875 0.11562500000000009 0.49296875 0.1395833333333334 0.50234375 0.1395833333333334