1 0.478125 0.6114583333333333 0.40859375 0.6114583333333333 0.40859375 0.8125 0.478125 0.8125
1 0.4453125000000001 0.8052083333333333 0.3625000000000001 0.8052083333333333 0.3625000000000001 1 0.44531250000000017 1
1 0.2796875000000001 0.7822916666666667 0.1898437500000001 0.7822916666666667 0.1898437500000001 1 0.2796875000000001 1
1 0.3273437500000001 0.6104166666666667 0.2515625000000001 0.6104166666666667 0.2515625000000001 0.784375 0.3273437500000001 0.784375
1 0.47265625 0.5072916666666668 0.41640625 0.5072916666666668 0.41640625 0.6479166666666667 0.47265625 0.6479166666666667
1 0.403125 0.4864583333333334 0.3625000000000001 0.4864583333333333 0.3625000000000001 0.6114583333333333 0.403125 0.6114583333333333
1 0.4046875 0.3802083333333334 0.36796875 0.3802083333333334 0.36796875 0.4697916666666668 0.4046875 0.4697916666666668
1 0.39453125 0.3364583333333334 0.3625 0.33645833333333336 0.3625 0.4083333333333334 0.39453125 0.40833333333333344
1 0.4734375 0.44583333333333347 0.434375 0.44583333333333347 0.434375 0.5260416666666667 0.4734375 0.5260416666666667
1 0.49453125 0.38125000000000014 0.4609375 0.38125000000000014 0.4609375 0.4562500000000001 0.49453125 0.4562500000000001
1 0.51171875 0.33645833333333347 0.4828125 0.33645833333333347 0.4828125 0.40833333333333344 0.51171875 0.40833333333333344
1 0.5140625 0.29895833333333344 0.4953125 0.29895833333333344 0.4953125 0.3354166666666668 0.5140625 0.3354166666666668
1 0.5234375 0.26562500000000006 0.503125 0.26562500000000006 0.503125 0.3041666666666668 0.5234375 0.3041666666666668
1 0.534375 0.2447916666666667 0.51796875 0.2447916666666667 0.51796875 0.27395833333333347 0.534375 0.27395833333333347
1 0.46171875 0.31458333333333344 0.4328125 0.31458333333333344 0.4328125 0.3822916666666668 0.46171875 0.3822916666666668
1 0.4578125 0.2822916666666668 0.44453125 0.2822916666666668 0.44453125 0.32187500000000013 0.4578125 0.32187500000000013
1 0.4296875 0.2645833333333334 0.41015625 0.2645833333333334 0.41015625 0.3291666666666668 0.4296875 0.3291666666666668
1 0.440625 0.23125000000000007 0.42578125 0.23125000000000007 0.42578125 0.2729166666666668 0.440625 0.2729166666666668
1 0.484375 0.2593750000000001 0.46171875 0.2593750000000001 0.46171875 0.29062500000000013 0.484375 0.29062500000000013
1 0.53203125 0.22812500000000005 0.51796875 0.22812500000000005 0.51796875 0.24791666666666673 0.53203125 0.24791666666666673
1 0.53125 0.21250000000000005 0.51640625 0.21250000000000005 0.51640625 0.2291666666666667 0.53125 0.2291666666666667
1 0.528125 0.1927083333333334 0.5140625 0.1927083333333334 0.5140625 0.2145833333333334 0.528125 0.2145833333333334
2 0.54921875 0.16979166666666676 0.5421875 0.16979166666666673 0.5421875 0.20312500000000008 0.54921875 0.2031250000000001
1 0.5421875 0.17395833333333338 0.53046875 0.17395833333333338 0.53046875 0.19479166666666672 0.5421875 0.19479166666666672
1 0.5328125 0.1802083333333334 0.5234375 0.1802083333333334 0.5234375 0.20000000000000007 0.5328125 0.20000000000000007
1 0.540625 0.1552083333333334 0.52890625 0.1552083333333334 0.52890625 0.17395833333333338 0.540625 0.17395833333333338
1 0.5046875 0.19166666666666674 0.4890625 0.19166666666666674 0.4890625 0.2291666666666667 0.5046875 0.2291666666666667
1 0.51171875 0.1677083333333334 0.5 0.1677083333333334 0.5 0.18541666666666673 0.51171875 0.18541666666666673
1 0.4921875 0.15729166666666672 0.4828125 0.15729166666666672 0.4828125 0.1770833333333334 0.4921875 0.1770833333333334
1 0.49140625 0.22500000000000006 0.46875 0.22500000000000006 0.46875 0.26250000000000007 0.49140625 0.26250000000000007
2 0.017968750000000068 0.678125 6.228477080038492e-17 0.678125 6.831232926493829e-17 0.809375 0.01796875000000007 0.809375
2 0.07500000000000007 0.6875 0.05078125000000007 0.6875 0.05078125000000007 0.8145833333333333 0.07500000000000007 0.8145833333333333
2 0.052343750000000064 0.6177083333333333 0.031250000000000056 0.6177083333333333 0.03125000000000006 0.7208333333333333 0.052343750000000064 0.7208333333333333
2 0.14375000000000007 0.7166666666666667 0.11093750000000005 0.7166666666666667 0.11093750000000006 0.8239583333333333 0.1437500000000001 0.8239583333333333
2 0.14843750000000008 0.771875 0.1257812500000001 0.771875 0.1257812500000001 0.8697916666666666 0.14843750000000008 0.8697916666666666
2 0.10000000000000009 0.8572916666666667 0.07265625000000009 0.8572916666666667 0.07265625000000009 0.9635416666666666 0.10000000000000009 0.9635416666666666
2 0.13281250000000008 0.8614583333333333 0.1062500000000001 0.8614583333333333 0.1062500000000001 0.953125 0.13281250000000008 0.953125
2 0.03281250000000009 0.9083333333333333 0.002343750000000083 0.9083333333333333 0.0023437500000000875 1 0.03281250000000009 1
2 0.04921875000000009 0.9270833333333334 0.023437500000000083 0.9270833333333334 0.02343750000000009 1 0.04921875000000009 1
2 0.07187500000000009 0.9572916666666667 0.05078125000000009 0.9572916666666667 0.05078125000000009 1 0.07187500000000009 1
2 0.1312500000000001 0.9260416666666667 0.09921875000000009 0.9260416666666667 0.09921875000000009 1 0.1312500000000001 1
2 0.16562500000000008 0.9302083333333333 0.1429687500000001 0.9302083333333333 0.1429687500000001 1 0.16562500000000008 1
2 0.1804687500000001 0.853125 0.15781250000000008 0.853125 0.15781250000000008 0.953125 0.1804687500000001 0.953125
2 0.1703125000000001 0.7927083333333333 0.14609375000000008 0.7927083333333333 0.14609375000000008 0.8958333333333334 0.1703125000000001 0.8958333333333334
2 0.18750000000000008 0.821875 0.1671875000000001 0.821875 0.1671875000000001 0.9020833333333333 0.18750000000000008 0.9020833333333333
2 0.19687500000000008 0.7135416666666666 0.17187500000000006 0.7135416666666666 0.17187500000000006 0.8135416666666667 0.19687500000000008 0.8135416666666667
2 0.22656250000000008 0.734375 0.2023437500000001 0.734375 0.2023437500000001 0.7927083333333333 0.22656250000000008 0.7927083333333333
2 0.21875000000000008 0.7739583333333333 0.1945312500000001 0.7739583333333333 0.1945312500000001 0.8614583333333333 0.21875000000000008 0.8614583333333333
2 0.2171875000000001 0.6614583333333334 0.19453125000000004 0.6614583333333334 0.19453125000000007 0.7572916666666667 0.2171875000000001 0.7572916666666667
2 0.25078125000000007 0.665625 0.2289062500000001 0.665625 0.2289062500000001 0.7604166666666666 0.25078125000000007 0.7604166666666666
2 0.24609375000000008 0.609375 0.22031250000000008 0.609375 0.22031250000000008 0.6958333333333333 0.24609375000000008 0.6958333333333333
2 0.2671875000000001 0.6166666666666667 0.24609375000000008 0.6166666666666667 0.24609375000000008 0.6791666666666667 0.2671875000000001 0.6791666666666667
2 0.2562500000000001 0.5697916666666667 0.23828125000000008 0.5697916666666667 0.23828125000000008 0.6385416666666667 0.2562500000000001 0.6385416666666667
2 0.30156250000000007 0.5552083333333333 0.2851562500000001 0.5552083333333333 0.2851562500000001 0.6052083333333333 0.30156250000000007 0.6052083333333333
2 0.2921875000000001 0.5291666666666667 0.2757812500000001 0.5291666666666667 0.2757812500000001 0.6125 0.2921875000000001 0.6125
2 0.3453125000000001 0.5770833333333333 0.3281250000000001 0.5770833333333333 0.3281250000000001 0.6760416666666667 0.3453125000000001 0.6760416666666667
2 0.3585937500000001 0.503125 0.3414062500000001 0.503125 0.3414062500000001 0.5875 0.3585937500000001 0.5875
2 0.3414062500000001 0.49583333333333335 0.3312500000000001 0.49583333333333335 0.3312500000000001 0.55 0.3414062500000001 0.55
2 0.3273437500000001 0.509375 0.3117187500000001 0.509375 0.3117187500000001 0.5708333333333333 0.3273437500000001 0.5708333333333333
2 0.3070312500000001 0.496875 0.2921875000000001 0.496875 0.2921875000000001 0.56875 0.3070312500000001 0.56875
2 0.3156250000000001 0.5708333333333333 0.3031250000000001 0.5708333333333333 0.3031250000000001 0.609375 0.3156250000000001 0.609375
2 0.32500000000000007 0.478125 0.315625 0.478125 0.31562500000000004 0.528125 0.32500000000000007 0.528125
2 0.35000000000000003 0.45208333333333334 0.3359375 0.45208333333333334 0.33593750000000006 0.5041666666666667 0.3500000000000001 0.5041666666666667
2 0.36562500000000003 0.46875000000000006 0.35390625 0.46875 0.35390625000000003 0.525 0.3656250000000001 0.5250000000000001
2 0.3281250000000001 0.896875 0.29765625000000007 0.896875 0.29765625000000007 1 0.3281250000000001 1
2 0.34062500000000007 0.8354166666666667 0.3148437500000001 0.8354166666666667 0.3148437500000001 0.9385416666666667 0.34062500000000007 0.9385416666666667
2 0.3460937500000001 0.7520833333333333 0.3140625000000001 0.7520833333333333 0.3140625000000001 0.871875 0.3460937500000001 0.871875
2 0.4843750000000001 0.95 0.453125 0.95 0.4531250000000001 1 0.48437500000000017 1
2 0.4992187500000001 0.8479166666666667 0.46953125 0.8479166666666667 0.46953125000000007 0.9708333333333333 0.49921875000000016 0.9708333333333333
2 0.50078125 0.765625 0.475 0.765625 0.475 0.8677083333333333 0.50078125 0.8677083333333333
2 0.51015625 0.5791666666666667 0.49375 0.5791666666666667 0.49375 0.68125 0.51015625 0.68125
2 0.50859375 0.5447916666666667 0.49140625 0.5447916666666667 0.49140625 0.6177083333333333 0.50859375 0.6177083333333333
2 0.51328125 0.5114583333333335 0.49765625 0.5114583333333335 0.49765625 0.5791666666666667 0.51328125 0.5791666666666667
2 0.5125 0.47812500000000013 0.49765625 0.47812500000000013 0.49765625 0.5333333333333333 0.5125 0.5333333333333333
2 0.51796875 0.4531250000000001 0.503125 0.4531250000000001 0.503125 0.5187500000000002 0.51796875 0.5187500000000002
2 0.415625 0.4697916666666668 0.403125 0.4697916666666668 0.403125 0.5260416666666667 0.415625 0.5260416666666667
2 0.43203125 0.43020833333333347 0.41484375 0.43020833333333347 0.41484375 0.49895833333333345 0.43203125 0.49895833333333345
2 0.4484375 0.4031250000000001 0.434375 0.4031250000000001 0.434375 0.4635416666666668 0.4484375 0.4635416666666668
2 0.42734375 0.3958333333333334 0.4140625 0.3958333333333334 0.4140625 0.4447916666666668 0.42734375 0.4447916666666668
2 0.4390625 0.37083333333333346 0.42890625 0.37083333333333346 0.42890625 0.4197916666666668 0.4390625 0.4197916666666668
2 0.428125 0.3750000000000001 0.415625 0.3750000000000001 0.415625 0.41562500000000013 0.428125 0.41562500000000013
2 0.4703125 0.35520833333333346 0.45703125 0.35520833333333346 0.45703125 0.4135416666666668 0.4703125 0.4135416666666668
2 0.44921875 0.3802083333333334 0.4390625 0.3802083333333334 0.4390625 0.43645833333333345 0.44921875 0.43645833333333345
2 0.36484375 0.33541666666666675 0.35234375 0.33541666666666664 0.35234375 0.40416666666666673 0.36484375 0.4041666666666668
2 0.40703125 0.3041666666666668 0.39609375 0.3041666666666668 0.39609375 0.3562500000000001 0.40703125 0.3562500000000001
2 0.39609375 0.2947916666666668 0.38515625 0.2947916666666668 0.38515625 0.3416666666666668 0.39609375 0.3416666666666668
2 0.40859375 0.2687500000000001 0.40078125 0.2687500000000001 0.40078125 0.31145833333333345 0.40859375 0.31145833333333345
2 0.39921875 0.27708333333333346 0.390625 0.27708333333333346 0.390625 0.3104166666666668 0.39921875 0.3104166666666668
2 0.41484375 0.2541666666666667 0.40625 0.2541666666666667 0.40625 0.28020833333333345 0.41484375 0.28020833333333345
2 0.4859375 0.2947916666666668 0.47421875 0.2947916666666668 0.47421875 0.3447916666666668 0.4859375 0.3447916666666668
2 0.53671875 0.28020833333333345 0.52734375 0.28020833333333345 0.52734375 0.33020833333333344 0.53671875 0.33020833333333344
2 0.52734375 0.28750000000000014 0.515625 0.28750000000000014 0.515625 0.3468750000000001 0.52734375 0.3468750000000001
2 0.54609375 0.23333333333333342 0.53828125 0.2333333333333334 0.53828125 0.27500000000000013 0.54609375 0.27500000000000013
2 0.54921875 0.21770833333333342 0.5390625 0.2177083333333334 0.5390625 0.2468750000000001 0.54921875 0.24687500000000012
2 0.546875 0.2000000000000001 0.53828125 0.20000000000000007 0.53828125 0.22812500000000008 0.546875 0.2281250000000001
2 0.51796875 0.11562500000000009 0.51484375 0.11562500000000009 0.51484375 0.1354166666666667 0.51796875 0.1354166666666667
2 0.51484375 0.11354166666666675 0.5109375 0.11354166666666675 0.5109375 0.12916666666666676 0.51484375 0.12916666666666676
2 0.509375 0.1062500000000001 0.5046875 0.1062500000000001 0.5046875 0.11875000000000009 0.509375 0.11875000000000009
2 0.50234375 0.12604166666666675 0.496875 0.12604166666666675 0.496875 0.14687500000000006 0.50234375 0.14687500000000006
2 0.503125 0.11666666666666675 0.49921875 0.11666666666666675 0.49921875 0.13229166666666675 0.503125 0.13229166666666675
2 0.4953125 0.10729166666666676 0.490625 0.10729166666666676 0.490625 0.12291666666666676 0.4953125 0.12291666666666676
1 0.5171875 0.15312500000000007 0.50703125 0.15312500000000007 0.50703125 0.17604166666666674 0.5171875 0.17604166666666674
2 0.52734375 0.1489583333333334 0.52109375 0.1489583333333334 0.52109375 0.17291666666666672 0.52734375 0.17291666666666672
1 0.52109375 0.14270833333333338 0.5109375 0.14270833333333338 0.5109375 0.1552083333333334 0.52109375 0.1552083333333334
2 0.5265625 0.13854166666666673 0.521875 0.13854166666666673 0.521875 0.1552083333333334 0.5265625 0.1552083333333334
1 0.5296875 0.12916666666666676 0.51796875 0.12916666666666676 0.51796875 0.1489583333333334 0.5296875 0.1489583333333334
1 0.54296875 0.1510416666666667 0.5359375 0.1510416666666667 0.5359375 0.16875000000000007 0.54296875 0.16875000000000007
2 0.53984375 0.14062500000000006 0.53359375 0.14062500000000006 0.53359375 0.15625000000000006 0.53984375 0.15625000000000006
2 0.5375 0.13020833333333343 0.53203125 0.13020833333333343 0.53203125 0.14791666666666672 0.5375 0.14791666666666672
1 0.52734375 0.11562500000000009 0.5203125 0.11562500000000009 0.5203125 0.12916666666666676 0.52734375 0.12916666666666676
2 0.50390625 0.26041666666666674 0.4953125 0.26041666666666674 0.4953125 0.29895833333333344 0.50390625 0.29895833333333344
2 0.50390625 0.2395833333333334 0.4953125 0.2395833333333334 0.4953125 0.28333333333333344 0.50390625 0.28333333333333344
2 0.5125 0.21875000000000006 0.503125 0.21875000000000006 0.503125 0.25625000000000003 0.5125 0.25625000000000003
2 0.5140625 0.20104166666666673 0.5078125 0.20104166666666673 0.5078125 0.23229166666666673 0.5140625 0.23229166666666673
2 0.521875 0.17187500000000006 0.515625 0.17187500000000006 0.515625 0.1927083333333334 0.521875 0.1927083333333334
2 0.52578125 0.16250000000000006 0.5203125 0.16250000000000006 0.5203125 0.18541666666666673 0.52578125 0.18541666666666673
2 0.49140625 0.1802083333333334 0.4828125 0.1802083333333334 0.4828125 0.21041666666666672 0.49140625 0.21041666666666672
2 0.43671875 0.2937500000000001 0.43125 0.2937500000000001 0.43125 0.3229166666666668 0.43671875 0.3229166666666668
2 0.44375 0.26979166666666676 0.4375 0.26979166666666676 0.4375 0.30104166666666676 0.44375 0.30104166666666676
2 0.459375 0.25729166666666675 0.453125 0.25729166666666675 0.453125 0.28541666666666676 0.459375 0.28541666666666676
2 0.45 0.2541666666666667 0.44375 0.2541666666666667 0.44375 0.2864583333333334 0.45 0.2864583333333334
2 0.45703125 0.23750000000000007 0.45 0.23750000000000007 0.45 0.26770833333333344 0.45703125 0.26770833333333344
2 0.46484375 0.23437500000000006 0.45703125 0.23437500000000006 0.45703125 0.2666666666666668 0.46484375 0.2666666666666668
2 0.4234375 0.2333333333333334 0.41484375 0.2333333333333334 0.41484375 0.2666666666666668 0.4234375 0.2666666666666668
2 0.44921875 0.22291666666666674 0.4421875 0.22291666666666674 0.4421875 0.25520833333333337 0.44921875 0.25520833333333337
2 0.4671875 0.2177083333333334 0.46015625 0.2177083333333334 0.46015625 0.24687500000000007 0.4671875 0.24687500000000007
2 0.47578125 0.20937500000000006 0.46953125 0.20937500000000006 0.46953125 0.23645833333333338 0.47578125 0.23645833333333338
2 0.46328125 0.20000000000000007 0.45625 0.20000000000000007 0.45625 0.23229166666666673 0.46328125 0.23229166666666673
2 0.45390625 0.20416666666666672 0.446875 0.20416666666666672 0.446875 0.23541666666666672 0.45390625 0.23541666666666672
2 0.48359375 0.18125000000000005 0.47890625 0.18125000000000005 0.47890625 0.2083333333333334 0.48359375 0.2083333333333334
2 0.47890625 0.1802083333333334 0.471875 0.1802083333333334 0.471875 0.20937500000000006 0.47890625 0.20937500000000006
2 0.48203125 0.15937500000000007 0.4765625 0.15937500000000007 0.4765625 0.1833333333333334 0.48203125 0.1833333333333334
2 0.47109375 0.18750000000000006 0.46328125 0.18750000000000006 0.46328125 0.22187500000000007 0.47109375 0.22187500000000007
2 0.4984375 0.16354166666666672 0.4921875 0.16354166666666672 0.4921875 0.19375000000000006 0.4984375 0.19375000000000006
2 0.5140625 0.1822916666666667 0.5078125 0.1822916666666667 0.5078125 0.20520833333333338 0.5140625 0.20520833333333338
2 0.5140625 0.12916666666666676 0.5109375 0.12916666666666676 0.5109375 0.1458333333333334 0.5140625 0.1458333333333334
2 0.51171875 0.12916666666666676 0.50703125 0.12916666666666676 0.50703125 0.1520833333333334 0.51171875 0.1520833333333334
2 0.50703125 0.13020833333333343 0.50390625 0.13020833333333343 0.50390625 0.1489583333333334 0.50703125 0.1489583333333334
2 0.5046875 0.14270833333333338 0.50078125 0.14270833333333338 0.50078125 0.16354166666666672 0.5046875 0.16354166666666672
2 0.4953125 0.14791666666666672 0.4921875 0.14791666666666672 0.4921875 0.16562500000000005 0.4953125 0.16562500000000005
2 0.5015625 0.09791666666666675 0.49609375 0.09791666666666675 0.49609375 0.11458333333333343 0.5015625 0.11458333333333343
2 0.4890625 0.14166666666666672 0.48359375 0.14166666666666672 0.48359375 0.15833333333333338 0.4890625 0.15833333333333338
2 0.49765625 0.1270833333333334 0.4921875 0.1270833333333334 0.4921875 0.14479166666666674 0.49765625 0.14479166666666674
2 0.4734375 0.3020833333333334 0.46484375 0.3020833333333334 0.46484375 0.34791666666666676 0.4734375 0.34791666666666676
2 0.48203125 0.3562500000000001 0.47265625 0.3562500000000001 0.47265625 0.3885416666666668 0.48203125 0.3885416666666668