2 0.84140625 0.7000000000000003 0.796875 0.7000000000000003 0.796875 0.7916666666666669 0.84140625 0.7916666666666669
2 0.7890625 0.6260416666666669 0.75546875 0.6260416666666669 0.75546875 0.7458333333333336 0.7890625 0.7458333333333336
1 0.76796875 0.5812500000000002 0.6703125 0.58125 0.6703125 0.7718750000000001 0.76796875 0.7718750000000002
2 0.76796875 0.5625000000000002 0.75 0.5625000000000002 0.75 0.6562500000000002 0.76796875 0.6562500000000002
2 0.740625 0.5520833333333335 0.71953125 0.5520833333333334 0.71953125 0.6270833333333334 0.740625 0.6270833333333335
2 0.6875 0.5333333333333333 0.665625 0.5333333333333333 0.665625 0.615625 0.6875 0.615625
2 0.7125 0.5281250000000001 0.6859375 0.5281250000000001 0.6859375 0.5864583333333333 0.7125 0.5864583333333333
2 0.6984375 0.4854166666666668 0.67421875 0.4854166666666668 0.67421875 0.5552083333333333 0.6984375 0.5552083333333333
2 0.69609375 0.4197916666666668 0.6671875 0.4197916666666668 0.6671875 0.5072916666666668 0.69609375 0.5072916666666668
1 0.65703125 0.39895833333333347 0.60625 0.39895833333333347 0.60625 0.49375000000000013 0.65703125 0.49375000000000013
2 0.67421875 0.4041666666666668 0.6515625 0.4041666666666668 0.6515625 0.4760416666666668 0.67421875 0.4760416666666668
2 0.6578125 0.3666666666666668 0.6359375 0.3666666666666668 0.6359375 0.4385416666666668 0.6578125 0.4385416666666668
2 0.60078125 0.38645833333333346 0.58046875 0.38645833333333346 0.58046875 0.4406250000000001 0.60078125 0.4406250000000001
2 0.640625 0.3718750000000001 0.615625 0.3718750000000001 0.615625 0.40000000000000013 0.640625 0.40000000000000013
2 0.64375 0.34583333333333344 0.625 0.34583333333333344 0.625 0.3875000000000001 0.64375 0.3875000000000001
1 0.6203125 0.3104166666666668 0.57109375 0.3104166666666668 0.57109375 0.39270833333333344 0.6203125 0.39270833333333344
2 0.6296875 0.31666666666666676 0.615625 0.31666666666666676 0.615625 0.3645833333333334 0.6296875 0.3645833333333334
3 0.58359375 0.27395833333333347 0.4859375 0.27395833333333347 0.4859375 0.6666666666666666 0.58359375 0.6666666666666666
1 0.575 0.2562500000000001 0.5328125 0.25625000000000003 0.5328125 0.33229166666666676 0.575 0.33229166666666676
2 0.5828125 0.29062500000000013 0.565625 0.29062500000000013 0.565625 0.3354166666666668 0.5828125 0.3354166666666668
2 0.575 0.26458333333333345 0.565625 0.26458333333333345 0.565625 0.29895833333333344 0.575 0.29895833333333344
2 0.59453125 0.2687500000000001 0.5796875 0.2687500000000001 0.5796875 0.30520833333333347 0.59453125 0.30520833333333347
2 0.59921875 0.28750000000000014 0.58359375 0.28750000000000014 0.58359375 0.3156250000000001 0.59921875 0.3156250000000001
2 0.61953125 0.29583333333333345 0.59453125 0.29583333333333345 0.59453125 0.3291666666666668 0.61953125 0.3291666666666668
1 0.66328125 0.5166666666666668 0.58046875 0.5166666666666668 0.58046875 0.6604166666666667 0.66328125 0.6604166666666667
2 0.634375 0.4854166666666668 0.609375 0.4854166666666668 0.609375 0.5302083333333335 0.634375 0.5302083333333335
2 0.634375 0.46770833333333345 0.61640625 0.46770833333333345 0.61640625 0.5187500000000002 0.634375 0.5187500000000002
1 0.53125 0.2302083333333334 0.5015625 0.2302083333333334 0.5015625 0.28020833333333345 0.53125 0.28020833333333345
1 0.56796875 0.22812500000000008 0.540625 0.22812500000000005 0.540625 0.26770833333333344 0.56796875 0.26770833333333344
2 0.57109375 0.23645833333333346 0.56015625 0.23645833333333346 0.56015625 0.2708333333333334 0.57109375 0.2708333333333334
2 0.58359375 0.24895833333333345 0.571875 0.24895833333333345 0.571875 0.27708333333333346 0.58359375 0.27708333333333346
1 0.490625 0.22604166666666672 0.4578125 0.22604166666666672 0.4578125 0.27500000000000013 0.490625 0.27500000000000013
2 0.4953125 0.22500000000000006 0.48203125 0.22500000000000006 0.48203125 0.26979166666666676 0.4953125 0.26979166666666676
3 0.48671875 0.17604166666666674 0.453125 0.17604166666666674 0.453125 0.24062500000000006 0.48671875 0.24062500000000006
2 0.49296875 0.2177083333333334 0.48359375 0.2177083333333334 0.48359375 0.23854166666666674 0.49296875 0.23854166666666674
2 0.49296875 0.20000000000000007 0.4828125 0.20000000000000007 0.4828125 0.22291666666666674 0.49296875 0.22291666666666674
1 0.51484375 0.2177083333333334 0.49296875 0.2177083333333334 0.49296875 0.2520833333333334 0.51484375 0.2520833333333334
2 0.5234375 0.20520833333333338 0.5125 0.20520833333333338 0.5125 0.23541666666666672 0.5234375 0.23541666666666672
2 0.484375 0.25729166666666675 0.47578125 0.25729166666666675 0.47578125 0.3135416666666668 0.484375 0.3135416666666668
2 0.53359375 0.21562500000000007 0.521875 0.21562500000000007 0.521875 0.2395833333333334 0.53359375 0.2395833333333334
2 0.54375 0.22083333333333338 0.53203125 0.22083333333333338 0.53203125 0.24687500000000007 0.54375 0.24687500000000007
2 0.5765625 0.21770833333333345 0.56015625 0.21770833333333345 0.56015625 0.24895833333333345 0.5765625 0.24895833333333345
1 0.51328125 0.1864583333333334 0.49140625 0.1864583333333334 0.49140625 0.22083333333333338 0.51328125 0.22083333333333338
1 0.54453125 0.19583333333333341 0.52109375 0.1958333333333334 0.52109375 0.2208333333333334 0.54453125 0.22083333333333346
2 0.5640625 0.20208333333333345 0.5453125 0.20208333333333345 0.5453125 0.22708333333333344 0.5640625 0.22708333333333344
2 0.4921875 0.29895833333333344 0.47578125 0.29895833333333344 0.47578125 0.3718750000000001 0.4921875 0.3718750000000001
2 0.4890625 0.1833333333333334 0.48203125 0.1833333333333334 0.48203125 0.1989583333333334 0.4890625 0.1989583333333334
1 0.52890625 0.1708333333333334 0.50859375 0.1708333333333334 0.50859375 0.20520833333333338 0.52890625 0.20520833333333338
1 0.46875 0.1489583333333334 0.453125 0.1489583333333334 0.453125 0.18125000000000005 0.46875 0.18125000000000005
1 0.4953125 0.1520833333333334 0.47890625 0.1520833333333334 0.47890625 0.1770833333333334 0.4953125 0.1770833333333334
1 0.5015625 0.16354166666666672 0.48515625 0.16354166666666672 0.48515625 0.18541666666666673 0.5015625 0.18541666666666673
1 0.521875 0.15625000000000006 0.50078125 0.15625000000000006 0.50078125 0.18437500000000007 0.521875 0.18437500000000007
2 0.53125 0.15937500000000007 0.51875 0.15937500000000007 0.51875 0.18125000000000005 0.53125 0.18125000000000005
1 0.4921875 0.14479166666666674 0.47734375 0.14479166666666674 0.47734375 0.16354166666666672 0.4921875 0.16354166666666672
2 0.503125 0.15000000000000005 0.49453125 0.15000000000000005 0.49453125 0.1645833333333334 0.503125 0.1645833333333334
1 0.47109375 0.11770833333333343 0.459375 0.11770833333333343 0.459375 0.13750000000000007 0.47109375 0.13750000000000007
1 0.47109375 0.13229166666666675 0.45546875 0.13229166666666675 0.45546875 0.1458333333333334 0.47109375 0.1458333333333334
2 0.49296875 0.1395833333333334 0.490625 0.1395833333333334 0.490625 0.1520833333333334 0.49296875 0.1520833333333334
2 0.51640625 0.14270833333333338 0.50703125 0.14270833333333338 0.50703125 0.15625000000000006 0.51640625 0.15625000000000006
2 0.53046875 0.14375000000000007 0.5171875 0.14375000000000007 0.5171875 0.15729166666666672 0.53046875 0.15729166666666672
1 0.4859375 0.11770833333333343 0.475 0.11770833333333343 0.475 0.13854166666666673 0.4859375 0.13854166666666673
1 0.5125 0.1218750000000001 0.49375 0.1218750000000001 0.49375 0.14270833333333338 0.5125 0.14270833333333338
1 0.49765625 0.09687500000000009 0.48359375 0.09687500000000009 0.48359375 0.11770833333333343 0.49765625 0.11770833333333343
1 0.490625 0.10416666666666675 0.4765625 0.10416666666666675 0.4765625 0.12395833333333342 0.490625 0.12395833333333342
2 0.49765625 0.11770833333333343 0.4890625 0.11770833333333343 0.4890625 0.13229166666666675 0.49765625 0.13229166666666675
2 0.49375 0.1270833333333334 0.4890625 0.1270833333333334 0.4890625 0.1395833333333334 0.49375 0.1395833333333334
2 0.5171875 0.12916666666666676 0.509375 0.12916666666666676 0.509375 0.14270833333333338 0.5171875 0.14270833333333338
2 0.50546875 0.11770833333333343 0.50234375 0.11770833333333343 0.50234375 0.12604166666666675 0.50546875 0.12604166666666675
1 0.50859375 0.09791666666666675 0.496875 0.09791666666666675 0.496875 0.11770833333333343 0.50859375 0.11770833333333343
2 0.5140625 0.10833333333333342 0.5078125 0.10833333333333342 0.5078125 0.11875000000000009 0.5140625 0.11875000000000009
2 0.51640625 0.11666666666666675 0.50859375 0.11666666666666675 0.50859375 0.12395833333333342 0.51640625 0.12395833333333342
1 0.71171875 0.678125 0.61171875 0.678125 0.61171875 0.903125 0.71171875 0.903125
1 0.9125 0.7718750000000002 0.76796875 0.7718750000000002 0.7679687500000001 1.0000000000000002 0.9125 1.0000000000000002
1 0.51328125 0.08958333333333342 0.4953125 0.08958333333333342 0.4953125 0.1062500000000001 0.51328125 0.1062500000000001