2 0.7976562500000001 0.9250000000000003 0.74609375 0.9250000000000003 0.7460937500000001 1.0000000000000002 0.7976562500000002 1.0000000000000002
2 0.84296875 0.9322916666666669 0.803125 0.9322916666666669 0.803125 1.0000000000000002 0.84296875 1.0000000000000002
2 0.86875 0.9020833333333336 0.83125 0.9020833333333336 0.83125 1.0000000000000002 0.86875 1.0000000000000002
2 0.8921875 0.8875000000000003 0.86171875 0.8875000000000003 0.86171875 1.0000000000000002 0.8921875 1.0000000000000002
2 0.95546875 0.8843750000000002 0.9015625 0.8843750000000002 0.9015625 1.0000000000000002 0.95546875 1.0000000000000002
2 0.85390625 0.7989583333333335 0.8109375 0.7989583333333335 0.8109375 0.9218750000000002 0.85390625 0.9218750000000002
2 0.81328125 0.7343750000000002 0.78046875 0.7343750000000002 0.78046875 0.8625000000000003 0.81328125 0.8625000000000003
2 0.84375 0.6906250000000003 0.81875 0.6906250000000003 0.81875 0.7968750000000002 0.84375 0.7968750000000002
2 0.8828125 0.7750000000000002 0.8453125 0.7750000000000002 0.8453125 0.8864583333333336 0.8828125 0.8864583333333336
1 0.7796875 0.6958333333333334 0.6859375 0.6958333333333333 0.6859375 0.9093750000000002 0.7796875 0.9093750000000003
2 0.77734375 0.6395833333333336 0.74140625 0.6395833333333336 0.74140625 0.7479166666666669 0.77734375 0.7479166666666669
2 0.8015625 0.6156250000000002 0.7703125 0.6156250000000002 0.7703125 0.7218750000000003 0.8015625 0.7218750000000003
2 0.5578125 0.43958333333333344 0.53046875 0.43958333333333344 0.53046875 0.5093750000000001 0.5578125 0.5093750000000001
2 0.66015625 0.41458333333333347 0.63984375 0.41458333333333347 0.63984375 0.48333333333333345 0.66015625 0.48333333333333345
1 0.628125 0.4218750000000001 0.5734375 0.4218750000000001 0.5734375 0.5427083333333333 0.628125 0.5427083333333333
2 0.64296875 0.37083333333333346 0.6265625 0.37083333333333346 0.6265625 0.4322916666666668 0.64296875 0.4322916666666668
1 0.603125 0.28541666666666676 0.56875 0.28541666666666676 0.56875 0.35000000000000014 0.603125 0.35000000000000014
2 0.58671875 0.30625000000000013 0.5734375 0.30625000000000013 0.5734375 0.35520833333333346 0.58671875 0.35520833333333346
2 0.5625 0.26354166666666673 0.54375 0.26354166666666673 0.54375 0.3156250000000001 0.5625 0.3156250000000001
2 0.490625 0.28750000000000014 0.47109375 0.28750000000000014 0.47109375 0.3406250000000001 0.490625 0.3406250000000001
2 0.5671875 0.24270833333333344 0.55625 0.24270833333333344 0.55625 0.2812500000000001 0.5671875 0.2812500000000001
2 0.57265625 0.2343750000000001 0.56484375 0.2343750000000001 0.56484375 0.2760416666666668 0.57265625 0.2760416666666668
2 0.56015625 0.22500000000000012 0.553125 0.22500000000000012 0.553125 0.25208333333333344 0.56015625 0.25208333333333344
1 0.5296875 0.18437500000000007 0.5046875 0.18437500000000007 0.5046875 0.24375000000000005 0.5296875 0.24375000000000005
2 0.52890625 0.1822916666666667 0.51953125 0.1822916666666667 0.51953125 0.21562500000000007 0.52890625 0.21562500000000007
2 0.5 0.18437500000000007 0.4890625 0.18437500000000007 0.4890625 0.22291666666666674 0.5 0.22291666666666674
2 0.48125 0.1864583333333334 0.47109375 0.1864583333333334 0.47109375 0.22291666666666674 0.48125 0.22291666666666674
2 0.509375 0.1354166666666667 0.50234375 0.1354166666666667 0.50234375 0.1614583333333334 0.509375 0.1614583333333334
1 0.490625 0.1270833333333334 0.478125 0.1270833333333334 0.478125 0.15416666666666673 0.490625 0.15416666666666673
2 0.49609375 0.12500000000000008 0.4921875 0.12500000000000008 0.4921875 0.14062500000000006 0.49609375 0.14062500000000006
1 0.49375 0.10416666666666675 0.48203125 0.10416666666666675 0.48203125 0.13020833333333343 0.49375 0.13020833333333343
2 0.50234375 0.11458333333333343 0.49609375 0.11458333333333343 0.49609375 0.13020833333333343 0.50234375 0.13020833333333343
2 0.50234375 0.10312500000000009 0.4984375 0.10312500000000009 0.4984375 0.11562500000000009 0.50234375 0.11562500000000009
1 0.7289062500000001 0.9000000000000001 0.65546875 0.9 0.65546875 1.0000000000000002 0.7289062500000002 1.0000000000000002
1 0.65078125 0.6947916666666667 0.5546875 0.6947916666666667 0.5546875 0.9447916666666667 0.65078125 0.9447916666666667
1 0.71875 0.5677083333333334 0.63046875 0.5677083333333334 0.63046875 0.709375 0.71875 0.709375
1 0.5703125 0.5541666666666667 0.50703125 0.5541666666666667 0.50703125 0.74375 0.5703125 0.74375
1 0.521875 0.31875000000000014 0.48515625 0.31875000000000014 0.48515625 0.4072916666666668 0.521875 0.4072916666666668
1 0.47265625 0.1270833333333334 0.459375 0.1270833333333334 0.459375 0.15625000000000006 0.47265625 0.15625000000000006
1 0.471875 0.10416666666666675 0.465625 0.10416666666666675 0.465625 0.12395833333333342 0.471875 0.12395833333333342
1 0.4859375 0.08750000000000009 0.4765625 0.08750000000000009 0.4765625 0.11145833333333342 0.4859375 0.11145833333333342
1 0.5046875 0.0906250000000001 0.490625 0.0906250000000001 0.490625 0.10937500000000008 0.5046875 0.10937500000000008
1 0.50703125 0.08125000000000009 0.490625 0.08125000000000009 0.490625 0.09375000000000008 0.50703125 0.09375000000000008