1 0.71796875 0.6729166666666667 0.58828125 0.6729166666666667 0.58828125 0.9625 0.71796875 0.9625
1 0.5484375 0.4479166666666668 0.475 0.4479166666666668 0.475 0.61875 0.5484375 0.61875
1 0.6859375 0.47812500000000013 0.59296875 0.47812500000000013 0.59296875 0.6125 0.6859375 0.6125
1 0.51171875 0.18541666666666673 0.48125 0.18541666666666673 0.48125 0.23541666666666672 0.51171875 0.23541666666666672
1 0.4765625 0.13750000000000007 0.45703125 0.13750000000000007 0.45703125 0.17187500000000006 0.4765625 0.17187500000000006
1 0.4375 0.11354166666666672 0.4234375 0.11354166666666672 0.4234375 0.1395833333333334 0.4375 0.1395833333333334
1 0.44375 0.09791666666666672 0.43046875 0.09791666666666672 0.43046875 0.11666666666666672 0.44375 0.11666666666666672
1 0.4671875 0.08645833333333343 0.45625 0.08645833333333343 0.45625 0.10520833333333342 0.4671875 0.10520833333333342
3 0.459375 0.0739583333333334 0.44921875 0.07395833333333339 0.44921875 0.09895833333333341 0.459375 0.09895833333333343
2 0.47109375 0.08229166666666675 0.4640625 0.08229166666666675 0.4640625 0.09270833333333342 0.47109375 0.09270833333333342
2 0.475 0.07395833333333342 0.46640625 0.07395833333333342 0.46640625 0.08750000000000009 0.475 0.08750000000000009
2 0.459375 0.09791666666666674 0.45234375 0.09791666666666672 0.45234375 0.11666666666666674 0.459375 0.11666666666666675
2 0.46171875 0.11666666666666675 0.45625 0.11666666666666675 0.45625 0.13229166666666675 0.46171875 0.13229166666666675
2 0.45234375 0.11770833333333339 0.4453125 0.11770833333333339 0.4453125 0.14270833333333338 0.45234375 0.14270833333333338
2 0.4765625 0.11145833333333342 0.47265625 0.11145833333333342 0.47265625 0.1333333333333334 0.4765625 0.1333333333333334
2 0.4734375 0.1333333333333334 0.46796875 0.1333333333333334 0.46796875 0.1458333333333334 0.4734375 0.1458333333333334
2 0.48203125 0.12395833333333342 0.47734375 0.12395833333333342 0.47734375 0.14791666666666672 0.48203125 0.14791666666666672
2 0.48828125 0.13229166666666675 0.48046875 0.13229166666666675 0.48046875 0.1552083333333334 0.48828125 0.1552083333333334
2 0.4578125 0.13437500000000005 0.4515625 0.13437500000000005 0.4515625 0.16250000000000006 0.4578125 0.16250000000000006
2 0.44921875 0.13750000000000007 0.43828125 0.13750000000000007 0.43828125 0.15729166666666672 0.44921875 0.15729166666666672
2 0.44375 0.1489583333333334 0.43125 0.1489583333333334 0.43125 0.17395833333333338 0.44375 0.17395833333333338
2 0.453125 0.16041666666666674 0.43984375 0.16041666666666674 0.43984375 0.19062500000000007 0.453125 0.19062500000000007
2 0.44765625 0.18125000000000005 0.43515625 0.18125000000000005 0.43515625 0.21979166666666672 0.44765625 0.21979166666666672
2 0.49296875 0.17291666666666672 0.47734375 0.17291666666666672 0.47734375 0.20000000000000007 0.49296875 0.20000000000000007
2 0.5046875 0.1552083333333334 0.49609375 0.1552083333333334 0.49609375 0.1864583333333334 0.5046875 0.1864583333333334
2 0.5515625 0.23020833333333343 0.5359375 0.2302083333333334 0.5359375 0.2812500000000001 0.5515625 0.2812500000000001
2 0.5640625 0.35520833333333346 0.53203125 0.35520833333333346 0.53203125 0.4218750000000001 0.5640625 0.4218750000000001
2 0.56953125 0.32187500000000013 0.53515625 0.32187500000000013 0.53515625 0.37083333333333346 0.56953125 0.37083333333333346
2 0.609375 0.33437500000000014 0.5875 0.33437500000000014 0.5875 0.41041666666666676 0.609375 0.41041666666666676
2 0.7296875 0.5604166666666668 0.6953125 0.5604166666666667 0.6953125 0.6604166666666668 0.7296875 0.6604166666666669
2 0.73359375 0.6718750000000001 0.678125 0.671875 0.678125 0.8260416666666668 0.73359375 0.8260416666666669
2 0.8796875 0.8729166666666669 0.79375 0.8729166666666669 0.7937500000000001 1.0000000000000002 0.8796875 1.0000000000000002