2 0.64453125 0.7541666666666667 0.60234375 0.7541666666666667 0.60234375 0.915625 0.64453125 0.915625
2 0.57734375 0.65625 0.5453125 0.65625 0.5453125 0.7645833333333333 0.57734375 0.7645833333333333
2 0.63125 0.6083333333333333 0.58828125 0.6083333333333333 0.58828125 0.75625 0.63125 0.75625
2 0.68984375 0.75625 0.6546875 0.75625 0.6546875 0.8979166666666667 0.68984375 0.8979166666666667
2 0.746875 0.7760416666666667 0.70703125 0.7760416666666666 0.70703125 0.9229166666666668 0.746875 0.9229166666666669
2 0.790625 0.8645833333333336 0.75546875 0.8645833333333336 0.75546875 0.9645833333333336 0.790625 0.9645833333333336
2 0.834375 0.8270833333333336 0.79140625 0.8270833333333336 0.7914062500000001 0.9916666666666669 0.834375 0.9916666666666669
2 0.84765625 0.7718750000000002 0.8109375 0.7718750000000002 0.8109375 0.8916666666666669 0.84765625 0.8916666666666669
2 0.77734375 0.6864583333333336 0.7484375 0.6864583333333336 0.7484375 0.8177083333333336 0.77734375 0.8177083333333336
2 0.784375 0.6114583333333335 0.7546875 0.6114583333333335 0.7546875 0.7229166666666669 0.784375 0.7229166666666669
2 0.74453125 0.6260416666666668 0.715625 0.6260416666666667 0.715625 0.7447916666666667 0.74453125 0.7447916666666669
2 0.71171875 0.6364583333333333 0.67265625 0.6364583333333333 0.67265625 0.7395833333333334 0.71171875 0.7395833333333334
2 0.70625 0.6885416666666667 0.659375 0.6885416666666667 0.659375 0.83125 0.70625 0.83125
2 0.67890625 0.5572916666666666 0.653125 0.5572916666666666 0.653125 0.6635416666666667 0.67890625 0.6635416666666667
2 0.725 0.5729166666666666 0.69140625 0.5729166666666666 0.69140625 0.66875 0.725 0.66875
2 0.74296875 0.5218750000000001 0.709375 0.5218750000000001 0.709375 0.6375000000000001 0.74296875 0.6375000000000003
2 0.69453125 0.5218750000000001 0.6671875 0.5218750000000001 0.6671875 0.6239583333333333 0.69453125 0.6239583333333333
2 0.68359375 0.48854166666666676 0.6671875 0.48854166666666676 0.6671875 0.5583333333333333 0.68359375 0.5583333333333333
2 0.7046875 0.4760416666666668 0.684375 0.4760416666666668 0.684375 0.553125 0.7046875 0.553125
2 0.690625 0.4406250000000001 0.67109375 0.4406250000000001 0.67109375 0.5052083333333335 0.690625 0.5052083333333335
2 0.6515625 0.3916666666666668 0.634375 0.3916666666666668 0.634375 0.45729166666666676 0.6515625 0.45729166666666676
2 0.653125 0.36770833333333347 0.6375 0.36770833333333347 0.6375 0.41770833333333346 0.653125 0.41770833333333346
2 0.5546875 0.43645833333333345 0.50078125 0.43645833333333345 0.50078125 0.5958333333333333 0.5546875 0.5958333333333333
2 0.55703125 0.3354166666666668 0.5515625 0.3354166666666668 0.5515625 0.38437500000000013 0.55703125 0.38437500000000013
1 0.55625 0.2781250000000001 0.51953125 0.2781250000000001 0.51953125 0.3447916666666668 0.55625 0.3447916666666668
2 0.56171875 0.2791666666666668 0.55234375 0.2791666666666668 0.55234375 0.3260416666666668 0.56171875 0.3260416666666668
2 0.63046875 0.3291666666666668 0.61796875 0.3291666666666668 0.61796875 0.3854166666666668 0.63046875 0.3854166666666668
2 0.5703125 0.27187500000000014 0.5609375 0.27187500000000014 0.5609375 0.31458333333333344 0.5703125 0.31458333333333344
1 0.61171875 0.30520833333333347 0.56953125 0.30520833333333347 0.56953125 0.4135416666666668 0.61171875 0.4135416666666668
2 0.5859375 0.3000000000000001 0.57421875 0.3000000000000001 0.57421875 0.3385416666666668 0.5859375 0.3385416666666668
2 0.615625 0.30312500000000014 0.60703125 0.30312500000000014 0.60703125 0.3406250000000001 0.615625 0.3406250000000001
2 0.59140625 0.2781250000000001 0.58203125 0.2781250000000001 0.58203125 0.31666666666666676 0.59140625 0.31666666666666676
2 0.60078125 0.27708333333333346 0.59140625 0.27708333333333346 0.59140625 0.31666666666666676 0.60078125 0.31666666666666676
2 0.5828125 0.2625000000000001 0.57109375 0.2625000000000001 0.57109375 0.3000000000000001 0.5828125 0.3000000000000001
2 0.5796875 0.24270833333333344 0.56875 0.24270833333333344 0.56875 0.26770833333333344 0.5796875 0.26770833333333344
1 0.5484375 0.24375000000000008 0.5140625 0.24375000000000005 0.5140625 0.3020833333333334 0.5484375 0.3020833333333334
2 0.55546875 0.2385416666666668 0.54921875 0.2385416666666668 0.54921875 0.27395833333333347 0.55546875 0.27395833333333347
2 0.565625 0.21562500000000012 0.55703125 0.21562500000000012 0.55703125 0.25208333333333344 0.565625 0.25208333333333344
1 0.503125 0.2458333333333334 0.46875 0.2458333333333334 0.46875 0.3093750000000001 0.503125 0.3093750000000001
2 0.51328125 0.24166666666666672 0.5 0.24166666666666672 0.5 0.2822916666666668 0.51328125 0.2822916666666668
2 0.5234375 0.2083333333333334 0.5109375 0.2083333333333334 0.5109375 0.24375000000000005 0.5234375 0.24375000000000005
2 0.53984375 0.21041666666666672 0.5265625 0.21041666666666672 0.5265625 0.2458333333333334 0.53984375 0.2458333333333334
2 0.5296875 0.18541666666666673 0.51875 0.18541666666666673 0.51875 0.21979166666666672 0.5296875 0.21979166666666672
2 0.5453125 0.1937500000000001 0.53671875 0.19375000000000006 0.53671875 0.22604166666666675 0.5453125 0.22604166666666678
1 0.5109375 0.17500000000000007 0.4921875 0.17500000000000007 0.4921875 0.21562500000000007 0.5109375 0.21562500000000007
2 0.51796875 0.16979166666666673 0.50859375 0.16979166666666673 0.50859375 0.20520833333333338 0.51796875 0.20520833333333338
2 0.53203125 0.17395833333333338 0.525 0.17395833333333338 0.525 0.20937500000000006 0.53203125 0.20937500000000006
2 0.51796875 0.16041666666666674 0.509375 0.16041666666666674 0.509375 0.18437500000000007 0.51796875 0.18437500000000007
1 0.4890625 0.2145833333333334 0.4609375 0.2145833333333334 0.4609375 0.2541666666666667 0.4890625 0.2541666666666667
2 0.4953125 0.20312500000000006 0.4875 0.20312500000000006 0.4875 0.2333333333333334 0.4953125 0.2333333333333334
2 0.484375 0.1979166666666667 0.478125 0.1979166666666667 0.478125 0.2145833333333334 0.484375 0.2145833333333334
2 0.465625 0.18958333333333338 0.45703125 0.18958333333333338 0.45703125 0.22291666666666674 0.465625 0.22291666666666674
2 0.47421875 0.16250000000000006 0.45625 0.16250000000000006 0.45625 0.19479166666666672 0.47421875 0.19479166666666672
1 0.50078125 0.15937500000000007 0.4859375 0.15937500000000007 0.4859375 0.19062500000000007 0.50078125 0.19062500000000007
2 0.50703125 0.1552083333333334 0.50078125 0.1552083333333334 0.50078125 0.17604166666666674 0.50703125 0.17604166666666674
1 0.490625 0.12916666666666676 0.47421875 0.12916666666666676 0.47421875 0.1614583333333334 0.490625 0.1614583333333334
2 0.5 0.1395833333333334 0.49375 0.1395833333333334 0.49375 0.1614583333333334 0.5 0.1614583333333334
2 0.5078125 0.1354166666666667 0.50234375 0.1354166666666667 0.50234375 0.15312500000000007 0.5078125 0.15312500000000007
2 0.51171875 0.14062500000000006 0.50703125 0.14062500000000006 0.50703125 0.1552083333333334 0.51171875 0.1552083333333334
2 0.50625 0.1218750000000001 0.5046875 0.1218750000000001 0.5046875 0.13854166666666673 0.50625 0.13854166666666673
1 0.4671875 0.1354166666666667 0.45390625 0.1354166666666667 0.45390625 0.15625000000000006 0.4671875 0.15625000000000006
1 0.471875 0.11562500000000007 0.453125 0.11562500000000006 0.453125 0.13854166666666673 0.471875 0.13854166666666673
1 0.48203125 0.10000000000000009 0.46484375 0.10000000000000009 0.46484375 0.12291666666666676 0.48203125 0.12291666666666676
2 0.47421875 0.11354166666666675 0.46953125 0.11354166666666675 0.46953125 0.1281250000000001 0.47421875 0.1281250000000001
0 0.49765625 0.10000000000000009 0.47578125 0.10000000000000009 0.47578125 0.1489583333333334 0.49765625 0.1489583333333334
2 0.48203125 0.11562500000000009 0.475 0.11562500000000009 0.475 0.1333333333333334 0.48203125 0.1333333333333334
2 0.4984375 0.11458333333333343 0.49375 0.11458333333333343 0.49375 0.12500000000000008 0.4984375 0.12500000000000008
2 0.50546875 0.11041666666666676 0.49921875 0.11041666666666676 0.49921875 0.1270833333333334 0.50546875 0.1270833333333334
1 0.80546875 0.9500000000000001 0.70625 0.95 0.70625 1.0000000000000002 0.80546875 1.0000000000000002
1 0.6179687500000001 0.7625 0.49921875 0.7625 0.4992187500000001 1 0.6179687500000002 1
1 0.6203125 0.4093750000000001 0.56328125 0.4093750000000001 0.56328125 0.5145833333333335 0.6203125 0.5145833333333335
1 0.5375 0.3229166666666668 0.46953125 0.3229166666666668 0.46953125 0.41458333333333347 0.5375 0.41458333333333347
1 0.4734375 0.14791666666666672 0.4640625 0.14791666666666672 0.4640625 0.1708333333333334 0.4734375 0.1708333333333334
1 0.4703125 0.10937500000000008 0.459375 0.10937500000000008 0.459375 0.11875000000000009 0.4703125 0.11875000000000009
1 0.496875 0.09166666666666676 0.48828125 0.09166666666666676 0.48828125 0.1062500000000001 0.496875 0.1062500000000001