1 0.6796875000000001 0.9135416666666667 0.55703125 0.9135416666666667 0.5570312500000001 0.9979166666666667 0.6796875000000002 0.9979166666666667
2 0.5554687500000002 0.971875 0.5101562500000002 0.971875 0.5101562500000002 1 0.5554687500000002 1
2 0.5289062500000001 0.8510416666666667 0.49609375 0.8510416666666667 0.4960937500000001 0.98125 0.5289062500000001 0.98125
2 0.5359375 0.771875 0.5 0.771875 0.5 0.8625 0.5359375 0.8625
2 0.52109375 0.6916666666666667 0.4890625 0.6916666666666667 0.4890625 0.7927083333333333 0.52109375 0.7927083333333333
2 0.5265625 0.6395833333333333 0.4984375 0.6395833333333333 0.4984375 0.7333333333333333 0.5265625 0.7333333333333333
2 0.515625 0.5916666666666667 0.490625 0.5916666666666667 0.490625 0.66875 0.515625 0.66875
2 0.50703125 0.55 0.48359375 0.55 0.48359375 0.6197916666666666 0.50703125 0.6197916666666666
2 0.50234375 0.5114583333333335 0.48046875 0.5114583333333335 0.48046875 0.584375 0.50234375 0.584375
2 0.590625 0.6541666666666667 0.56171875 0.6541666666666667 0.56171875 0.7510416666666667 0.590625 0.7510416666666667
2 0.58046875 0.6145833333333334 0.5546875 0.6145833333333334 0.5546875 0.6875 0.58046875 0.6875
2 0.6140625 0.5979166666666667 0.5796875 0.5979166666666667 0.5796875 0.7208333333333333 0.6140625 0.7208333333333333
2 0.6109375 0.5229166666666668 0.5859375 0.5229166666666668 0.5859375 0.609375 0.6109375 0.609375
2 0.59609375 0.48645833333333344 0.57109375 0.48645833333333344 0.57109375 0.5854166666666667 0.59609375 0.5854166666666667
2 0.4921875 0.35208333333333347 0.47421875 0.35208333333333347 0.47421875 0.42604166666666676 0.4921875 0.42604166666666676
1 0.65546875 0.7302083333333333 0.55703125 0.7302083333333333 0.55703125 0.9385416666666667 0.65546875 0.9385416666666667
2 0.90625 0.9364583333333336 0.86796875 0.9364583333333336 0.86796875 1.0000000000000002 0.90625 1.0000000000000002
2 0.95546875 0.9708333333333335 0.92421875 0.9708333333333335 0.92421875 1.0000000000000002 0.95546875 1.0000000000000002
2 0.84921875 0.9302083333333335 0.8125 0.9302083333333335 0.8125 1.0000000000000002 0.84921875 1.0000000000000002
2 0.853125 0.8500000000000002 0.80625 0.8500000000000002 0.80625 0.9656250000000003 0.853125 0.9656250000000003
2 0.91171875 0.8687500000000002 0.85703125 0.8687500000000002 0.85703125 0.9739583333333336 0.91171875 0.9739583333333336
2 0.85546875 0.8104166666666669 0.81328125 0.8104166666666669 0.81328125 0.9208333333333336 0.85546875 0.9208333333333336
2 0.8015625 0.7885416666666669 0.75703125 0.7885416666666669 0.75703125 0.9593750000000002 0.8015625 0.9593750000000002
2 0.81328125 0.7385416666666669 0.78046875 0.7385416666666669 0.78046875 0.8760416666666669 0.81328125 0.8760416666666669
2 0.77421875 0.7187500000000002 0.7390625 0.7187500000000002 0.7390625 0.8395833333333336 0.77421875 0.8395833333333336
1 0.75234375 0.7093750000000001 0.634375 0.709375 0.634375 0.9239583333333334 0.75234375 0.9239583333333335
2 0.74609375 0.6572916666666668 0.7109375 0.6572916666666667 0.7109375 0.7927083333333335 0.74609375 0.7927083333333336
2 0.715625 0.615625 0.684375 0.615625 0.684375 0.7239583333333334 0.715625 0.7239583333333334
1 0.75625 0.5072916666666668 0.671875 0.5072916666666668 0.671875 0.6718750000000001 0.75625 0.6718750000000002
2 0.70234375 0.5791666666666667 0.66484375 0.5791666666666667 0.66484375 0.6385416666666667 0.70234375 0.6385416666666667
1 0.6796875 0.5427083333333333 0.5984375 0.5427083333333333 0.5984375 0.709375 0.6796875 0.709375
2 0.67421875 0.5322916666666668 0.64453125 0.5322916666666668 0.64453125 0.5854166666666667 0.67421875 0.5854166666666667
2 0.6796875 0.48020833333333346 0.65625 0.48020833333333346 0.65625 0.5479166666666667 0.6796875 0.5479166666666667
2 0.71875 0.48854166666666676 0.69921875 0.48854166666666676 0.69921875 0.5229166666666668 0.71875 0.5229166666666668
2 0.7109375 0.45208333333333345 0.690625 0.45208333333333345 0.690625 0.5114583333333335 0.7109375 0.5114583333333335
2 0.68125 0.4604166666666668 0.66484375 0.4604166666666668 0.66484375 0.5093750000000001 0.68125 0.5093750000000001
2 0.69140625 0.4343750000000001 0.67421875 0.4343750000000001 0.67421875 0.5083333333333334 0.69140625 0.5083333333333334
2 0.65390625 0.4500000000000001 0.6375 0.4500000000000001 0.6375 0.5312500000000001 0.65390625 0.5312500000000001
1 0.6359375 0.42083333333333345 0.5796875 0.42083333333333345 0.5796875 0.5354166666666667 0.6359375 0.5354166666666667
2 0.63984375 0.4197916666666668 0.6234375 0.4197916666666668 0.6234375 0.4760416666666668 0.63984375 0.4760416666666668
2 0.66796875 0.4322916666666668 0.65234375 0.4322916666666668 0.65234375 0.4822916666666668 0.66796875 0.4822916666666668
2 0.65546875 0.4031250000000001 0.63984375 0.4031250000000001 0.63984375 0.4562500000000001 0.65546875 0.4562500000000001
2 0.63671875 0.40208333333333346 0.61875 0.40208333333333346 0.61875 0.43958333333333344 0.63671875 0.43958333333333344
2 0.61953125 0.3697916666666668 0.60390625 0.3697916666666668 0.60390625 0.42083333333333345 0.61953125 0.42083333333333345
2 0.65078125 0.35520833333333346 0.63515625 0.35520833333333346 0.63515625 0.3979166666666668 0.65078125 0.3979166666666668
2 0.64609375 0.3697916666666668 0.6328125 0.3697916666666668 0.6328125 0.40520833333333345 0.64609375 0.40520833333333345
2 0.62734375 0.3625000000000001 0.615625 0.3625000000000001 0.615625 0.4010416666666668 0.62734375 0.4010416666666668
2 0.63359375 0.35312500000000013 0.6171875 0.35312500000000013 0.6171875 0.3885416666666668 0.63359375 0.3885416666666668
2 0.61875 0.30833333333333346 0.60703125 0.30833333333333346 0.60703125 0.3604166666666668 0.61875 0.3604166666666668
2 0.6328125 0.3333333333333334 0.6171875 0.3333333333333334 0.6171875 0.3625000000000001 0.6328125 0.3625000000000001
3 0.609375 0.2885416666666668 0.53359375 0.2885416666666668 0.53359375 0.4562500000000001 0.609375 0.4562500000000001
2 0.5453125 0.30833333333333346 0.53125 0.30833333333333346 0.53125 0.3666666666666668 0.5453125 0.3666666666666668
2 0.61328125 0.32083333333333347 0.5984375 0.32083333333333347 0.5984375 0.37916666666666676 0.61328125 0.37916666666666676
2 0.6109375 0.28541666666666676 0.59609375 0.28541666666666676 0.59609375 0.3229166666666668 0.6109375 0.3229166666666668
2 0.58125 0.28541666666666676 0.571875 0.28541666666666676 0.571875 0.2979166666666668 0.58125 0.2979166666666668
2 0.5984375 0.2729166666666668 0.58984375 0.2729166666666668 0.58984375 0.30833333333333346 0.5984375 0.30833333333333346
2 0.59453125 0.25937500000000013 0.584375 0.25937500000000013 0.584375 0.29583333333333345 0.59453125 0.29583333333333345
2 0.58515625 0.24895833333333345 0.57421875 0.24895833333333345 0.57421875 0.28020833333333345 0.58515625 0.28020833333333345
1 0.54375 0.24166666666666672 0.5125 0.24166666666666672 0.5125 0.2979166666666668 0.54375 0.2979166666666668
1 0.56015625 0.26979166666666676 0.5296875 0.26979166666666676 0.5296875 0.3135416666666668 0.56015625 0.3135416666666668
2 0.5453125 0.26250000000000007 0.5390625 0.26250000000000007 0.5390625 0.27708333333333346 0.5453125 0.27708333333333346
2 0.51640625 0.2427083333333334 0.5046875 0.2427083333333334 0.5046875 0.2822916666666668 0.51640625 0.2822916666666668
2 0.50234375 0.2239583333333334 0.49140625 0.2239583333333334 0.49140625 0.26041666666666674 0.50234375 0.26041666666666674
2 0.51484375 0.2083333333333334 0.503125 0.2083333333333334 0.503125 0.2458333333333334 0.51484375 0.2458333333333334
2 0.55859375 0.20937500000000012 0.5484375 0.20937500000000012 0.5484375 0.24166666666666678 0.55859375 0.24166666666666678
2 0.54765625 0.19166666666666676 0.5375 0.19166666666666674 0.5375 0.22708333333333341 0.54765625 0.22708333333333344
2 0.53984375 0.17916666666666672 0.5296875 0.17916666666666672 0.5296875 0.2135416666666667 0.53984375 0.2135416666666667
1 0.51953125 0.18437500000000007 0.49921875 0.18437500000000007 0.49921875 0.22083333333333338 0.51953125 0.22083333333333338
2 0.52109375 0.16979166666666673 0.51328125 0.16979166666666673 0.51328125 0.1989583333333334 0.52109375 0.1989583333333334
2 0.5328125 0.1677083333333334 0.52421875 0.1677083333333334 0.52421875 0.20000000000000007 0.5328125 0.20000000000000007
1 0.50234375 0.1666666666666667 0.4828125 0.1666666666666667 0.4828125 0.2020833333333334 0.50234375 0.2020833333333334
2 0.50390625 0.16041666666666674 0.4984375 0.16041666666666674 0.4984375 0.1864583333333334 0.50390625 0.1864583333333334
2 0.509375 0.16250000000000006 0.50390625 0.16250000000000006 0.50390625 0.18437500000000007 0.509375 0.18437500000000007
2 0.4953125 0.14687500000000006 0.48671875 0.14687500000000006 0.48671875 0.17187500000000006 0.4953125 0.17187500000000006
2 0.51015625 0.1281250000000001 0.50234375 0.1281250000000001 0.50234375 0.15937500000000007 0.51015625 0.15937500000000007
1 0.49296875 0.11666666666666675 0.4796875 0.11666666666666675 0.4796875 0.1510416666666667 0.49296875 0.1510416666666667
2 0.50546875 0.11250000000000009 0.49765625 0.11250000000000009 0.49765625 0.13229166666666675 0.50546875 0.13229166666666675
2 0.4734375 0.12604166666666675 0.46640625 0.12604166666666675 0.46640625 0.15312500000000007 0.4734375 0.15312500000000007
2 0.47890625 0.12500000000000008 0.47265625 0.12500000000000008 0.47265625 0.1489583333333334 0.47890625 0.1489583333333334
2 0.46953125 0.11562500000000009 0.4640625 0.11562500000000009 0.4640625 0.13854166666666673 0.46953125 0.13854166666666673
2 0.49375 0.10312500000000009 0.4859375 0.10312500000000009 0.4859375 0.12395833333333342 0.49375 0.12395833333333342
2 0.50234375 0.09166666666666676 0.4953125 0.09166666666666676 0.4953125 0.11250000000000009 0.50234375 0.11250000000000009
2 0.50546875 0.08437500000000009 0.5 0.08437500000000009 0.5 0.09895833333333343 0.50546875 0.09895833333333343
2 0.5078125 0.09479166666666676 0.503125 0.09479166666666676 0.503125 0.11562500000000009 0.5078125 0.11562500000000009
1 0.49375 0.20312500000000006 0.46796875 0.20312500000000006 0.46796875 0.2489583333333334 0.49375 0.2489583333333334
1 0.50390625 0.2541666666666667 0.47421875 0.2541666666666667 0.47421875 0.30625000000000013 0.50390625 0.30625000000000013
1 0.57578125 0.23541666666666677 0.5453125 0.23541666666666677 0.5453125 0.2812500000000001 0.57578125 0.2812500000000001
1 0.52578125 0.30312500000000014 0.484375 0.30312500000000014 0.484375 0.3729166666666668 0.52578125 0.3729166666666668
1 0.53359375 0.34270833333333345 0.49765625 0.34270833333333345 0.49765625 0.4187500000000001 0.53359375 0.4187500000000001
1 0.5546875 0.3906250000000001 0.50546875 0.3906250000000001 0.50546875 0.4843750000000001 0.5546875 0.4843750000000001
1 0.58203125 0.45520833333333344 0.51328125 0.45520833333333344 0.51328125 0.6125 0.58203125 0.6125