2 0.03750000000000009 0.9552083333333333 8.773446209516586e-17 0.9552083333333333 8.979148601560867e-17 1 0.03750000000000009 1
2 0.1609375000000001 0.8041666666666667 0.1023437500000001 0.8041666666666667 0.1023437500000001 1 0.1609375000000001 1
2 0.09531250000000009 0.9697916666666667 0.07187500000000009 0.9697916666666667 0.07187500000000009 1 0.09531250000000009 1
2 0.1781250000000001 0.9083333333333333 0.1140625000000001 0.9083333333333333 0.1140625000000001 1 0.1781250000000001 1
2 0.3187500000000001 0.8260416666666667 0.2562500000000001 0.8260416666666667 0.2562500000000001 1 0.3187500000000001 1
2 0.3343750000000001 0.8625 0.2843750000000001 0.8625 0.2843750000000001 1 0.3343750000000001 1
2 0.3664062500000001 0.6979166666666666 0.3242187500000001 0.6979166666666666 0.3242187500000001 0.8427083333333333 0.3664062500000001 0.8427083333333333
2 0.3437500000000001 0.6677083333333333 0.2953125000000001 0.6677083333333333 0.2953125000000001 0.8052083333333333 0.3437500000000001 0.8052083333333333
2 0.28984375000000007 0.603125 0.2429687500000001 0.603125 0.2429687500000001 0.7364583333333333 0.28984375000000007 0.7364583333333333
2 0.3164062500000001 0.5052083333333334 0.27421875000000007 0.5052083333333334 0.27421875000000007 0.5989583333333334 0.3164062500000001 0.5989583333333334
2 0.51640625 0.4291666666666668 0.4859375 0.4291666666666668 0.4859375 0.5197916666666668 0.51640625 0.5197916666666668
2 0.384375 0.38854166666666673 0.35390625 0.3885416666666667 0.35390625 0.46666666666666673 0.384375 0.4666666666666668
2 0.39921875 0.3406250000000001 0.37890625 0.3406250000000001 0.37890625 0.4072916666666668 0.39921875 0.4072916666666668
2 0.37890625 0.33437500000000003 0.359375 0.334375 0.359375 0.40416666666666673 0.37890625 0.4041666666666668
2 0.4140625 0.31145833333333345 0.39453125 0.31145833333333345 0.39453125 0.37395833333333345 0.4140625 0.37395833333333345
2 0.434375 0.2843750000000001 0.41015625 0.2843750000000001 0.41015625 0.33958333333333346 0.434375 0.33958333333333346
2 0.41640625 0.2729166666666668 0.403125 0.2729166666666668 0.403125 0.3156250000000001 0.41640625 0.3156250000000001
2 0.47421875 0.29583333333333345 0.45859375 0.29583333333333345 0.45859375 0.3468750000000001 0.47421875 0.3468750000000001
2 0.5171875 0.2510416666666667 0.48203125 0.2510416666666667 0.48203125 0.3135416666666668 0.5171875 0.3135416666666668
2 0.48046875 0.22187500000000007 0.46328125 0.22187500000000007 0.46328125 0.26354166666666673 0.48046875 0.26354166666666673
2 0.46875 0.2135416666666667 0.45390625 0.2135416666666667 0.45390625 0.2520833333333334 0.46875 0.2520833333333334
2 0.5015625 0.15729166666666672 0.49140625 0.15729166666666672 0.49140625 0.1864583333333334 0.5015625 0.1864583333333334
2 0.4953125 0.17812500000000006 0.478125 0.17812500000000006 0.478125 0.20104166666666673 0.4953125 0.20104166666666673
2 0.490625 0.1520833333333334 0.47890625 0.1520833333333334 0.47890625 0.1770833333333334 0.490625 0.1770833333333334
2 0.53671875 0.10937500000000008 0.52578125 0.10937500000000008 0.52578125 0.1312500000000001 0.53671875 0.1312500000000001
2 0.5 0.10104166666666675 0.49296875 0.10104166666666675 0.49296875 0.11770833333333343 0.5 0.11770833333333343
1 0.51796875 0.09791666666666675 0.50625 0.09791666666666675 0.50625 0.12291666666666676 0.51796875 0.12291666666666676
1 0.534375 0.2083333333333334 0.503125 0.2083333333333334 0.503125 0.25625000000000003 0.534375 0.25625000000000003
1 0.478125 0.2687500000000001 0.43984375 0.2687500000000001 0.43984375 0.32187500000000013 0.478125 0.32187500000000013
1 0.440625 0.4010416666666668 0.36953125 0.4010416666666668 0.36953125000000003 0.5302083333333335 0.440625 0.5302083333333335
3 0.4992187500000001 0.5875 0.3046875000000001 0.5875 0.3046875000000001 1 0.49921875000000016 1