2 0.28203125000000007 0.8 0.2250000000000001 0.8 0.2250000000000001 0.9947916666666666 0.28203125000000007 0.9947916666666666
2 0.21484375000000008 0.8520833333333333 0.1546875000000001 0.8520833333333333 0.1546875000000001 1 0.21484375000000008 1
2 0.5078125 0.6020833333333333 0.4703125 0.6020833333333333 0.4703125 0.7416666666666667 0.5078125 0.7416666666666667
2 0.4390625 0.6125 0.403125 0.6125 0.403125 0.7354166666666667 0.4390625 0.7354166666666667
2 0.34062500000000007 0.49895833333333334 0.3125000000000001 0.49895833333333334 0.3125000000000001 0.615625 0.34062500000000007 0.615625
2 0.38750000000000007 0.46354166666666674 0.34609375 0.4635416666666667 0.34609375000000003 0.5791666666666667 0.38750000000000007 0.5791666666666667
2 0.32812500000000006 0.45 0.29375 0.45 0.29375000000000007 0.5427083333333333 0.3281250000000001 0.5427083333333333
2 0.4578125 0.4031250000000001 0.4296875 0.4031250000000001 0.4296875 0.5010416666666668 0.4578125 0.5010416666666668
2 0.5265625 0.3697916666666668 0.50234375 0.3697916666666668 0.50234375 0.45729166666666676 0.5265625 0.45729166666666676
2 0.528125 0.2968750000000001 0.51328125 0.2968750000000001 0.51328125 0.35208333333333347 0.528125 0.35208333333333347
2 0.52421875 0.27395833333333347 0.5140625 0.27395833333333347 0.5140625 0.31666666666666676 0.52421875 0.31666666666666676
2 0.5328125 0.25312500000000004 0.515625 0.25312500000000004 0.515625 0.3020833333333334 0.5328125 0.3020833333333334
2 0.42734375 0.31458333333333344 0.41328125 0.31458333333333344 0.41328125 0.36354166666666676 0.42734375 0.36354166666666676
2 0.5046875 0.28958333333333347 0.48984375 0.28958333333333347 0.48984375 0.3177083333333334 0.5046875 0.3177083333333334
2 0.4140625 0.29270833333333346 0.3953125 0.29270833333333346 0.3953125 0.33750000000000013 0.4140625 0.33750000000000013
2 0.421875 0.2666666666666668 0.40703125 0.2666666666666668 0.40703125 0.3229166666666668 0.421875 0.3229166666666668
2 0.48984375 0.2937500000000001 0.478125 0.2937500000000001 0.478125 0.35000000000000014 0.48984375 0.35000000000000014
2 0.47734375 0.29270833333333346 0.46484375 0.29270833333333346 0.46484375 0.34791666666666676 0.47734375 0.34791666666666676
2 0.4890625 0.25729166666666675 0.4734375 0.25729166666666675 0.4734375 0.31145833333333345 0.4890625 0.31145833333333345
2 0.49921875 0.2614583333333334 0.4890625 0.2614583333333334 0.4890625 0.2947916666666668 0.49921875 0.2947916666666668
2 0.51171875 0.25729166666666675 0.49765625 0.25729166666666675 0.49765625 0.29583333333333345 0.51171875 0.29583333333333345
2 0.50859375 0.24375000000000005 0.49375 0.24375000000000005 0.49375 0.27500000000000013 0.50859375 0.27500000000000013
2 0.50625 0.22291666666666674 0.49140625 0.22291666666666674 0.49140625 0.26250000000000007 0.50625 0.26250000000000007
2 0.5109375 0.2145833333333334 0.5 0.2145833333333334 0.5 0.2489583333333334 0.5109375 0.2489583333333334
2 0.47578125 0.27187500000000014 0.46171875 0.27187500000000014 0.46171875 0.31458333333333344 0.47578125 0.31458333333333344
2 0.4609375 0.27500000000000013 0.4484375 0.27500000000000013 0.4484375 0.3135416666666668 0.4609375 0.3135416666666668
2 0.4484375 0.2822916666666668 0.43828125 0.2822916666666668 0.43828125 0.31458333333333344 0.4484375 0.31458333333333344
2 0.434375 0.2947916666666668 0.41875 0.2947916666666668 0.41875 0.3510416666666668 0.434375 0.3510416666666668
2 0.4421875 0.2729166666666668 0.425 0.2729166666666668 0.425 0.32708333333333345 0.4421875 0.32708333333333345
2 0.434375 0.2541666666666667 0.41953125 0.2541666666666667 0.41953125 0.2916666666666668 0.434375 0.2916666666666668
2 0.44453125 0.2593750000000001 0.428125 0.2593750000000001 0.428125 0.28541666666666676 0.44453125 0.28541666666666676
2 0.44921875 0.23645833333333338 0.434375 0.23645833333333338 0.434375 0.28020833333333345 0.44921875 0.28020833333333345
2 0.44609375 0.22500000000000006 0.43359375 0.22500000000000006 0.43359375 0.26041666666666674 0.44609375 0.26041666666666674
2 0.4609375 0.21666666666666673 0.4484375 0.21666666666666673 0.4484375 0.26250000000000007 0.4609375 0.26250000000000007
2 0.45859375 0.20104166666666673 0.4453125 0.20104166666666673 0.4453125 0.2302083333333334 0.45859375 0.2302083333333334
2 0.46640625 0.20625000000000007 0.4640625 0.20625000000000007 0.4640625 0.20729166666666674 0.46640625 0.20729166666666674
2 0.46328125 0.2114583333333334 0.4546875 0.2114583333333334 0.4546875 0.23750000000000007 0.46328125 0.23750000000000007
2 0.48515625 0.19166666666666674 0.47578125 0.19166666666666674 0.47578125 0.22083333333333338 0.48515625 0.22083333333333338
2 0.47109375 0.18958333333333338 0.46171875 0.18958333333333338 0.46171875 0.2239583333333334 0.47109375 0.2239583333333334
2 0.47578125 0.17812500000000006 0.46015625 0.17812500000000006 0.46015625 0.20520833333333338 0.47578125 0.20520833333333338
2 0.47421875 0.1645833333333334 0.46484375 0.1645833333333334 0.46484375 0.1927083333333334 0.47421875 0.1927083333333334
2 0.4796875 0.16875000000000007 0.471875 0.16875000000000007 0.471875 0.20000000000000007 0.4796875 0.20000000000000007
2 0.52578125 0.16250000000000006 0.51640625 0.16250000000000006 0.51640625 0.19479166666666672 0.52578125 0.19479166666666672
2 0.53203125 0.15416666666666673 0.52109375 0.15416666666666673 0.52109375 0.18958333333333338 0.53203125 0.18958333333333338
2 0.5109375 0.13854166666666673 0.503125 0.13854166666666673 0.503125 0.15729166666666672 0.5109375 0.15729166666666672
2 0.4796875 0.15625000000000006 0.471875 0.15625000000000006 0.471875 0.17916666666666672 0.4796875 0.17916666666666672
2 0.4875 0.15312500000000007 0.47890625 0.15312500000000007 0.47890625 0.17604166666666674 0.4875 0.17604166666666674
2 0.4953125 0.14270833333333338 0.484375 0.14270833333333338 0.484375 0.16979166666666673 0.4953125 0.16979166666666673
2 0.5 0.12604166666666675 0.49296875 0.12604166666666675 0.49296875 0.1458333333333334 0.5 0.1458333333333334
2 0.5046875 0.13229166666666675 0.49609375 0.13229166666666675 0.49609375 0.15416666666666673 0.5046875 0.15416666666666673
2 0.4859375 0.1281250000000001 0.4796875 0.1281250000000001 0.4796875 0.1520833333333334 0.4859375 0.1520833333333334
2 0.49375 0.1281250000000001 0.48515625 0.1281250000000001 0.48515625 0.15000000000000005 0.49375 0.15000000000000005
2 0.5 0.12083333333333342 0.4921875 0.12083333333333342 0.4921875 0.14270833333333338 0.5 0.14270833333333338
2 0.53125 0.1218750000000001 0.525 0.1218750000000001 0.525 0.1395833333333334 0.53125 0.1395833333333334
2 0.51171875 0.16250000000000006 0.50390625 0.16250000000000006 0.50390625 0.1822916666666667 0.51171875 0.1822916666666667
1 0.503125 0.10416666666666675 0.490625 0.10416666666666675 0.490625 0.13020833333333343 0.503125 0.13020833333333343
1 0.51328125 0.10416666666666675 0.5015625 0.10416666666666675 0.5015625 0.13229166666666675 0.51328125 0.13229166666666675
0 0.5265625 0.09375000000000008 0.5078125 0.09375000000000008 0.5078125 0.13229166666666675 0.5265625 0.13229166666666675
1 0.50703125 0.08854166666666675 0.4953125 0.08854166666666675 0.4953125 0.1062500000000001 0.50703125 0.1062500000000001
1 0.53046875 0.08541666666666675 0.51484375 0.08541666666666675 0.51484375 0.1062500000000001 0.53046875 0.1062500000000001
1 0.5390625 0.09791666666666675 0.5234375 0.09791666666666675 0.5234375 0.12083333333333342 0.5390625 0.12083333333333342
1 0.54140625 0.1062500000000001 0.52890625 0.1062500000000001 0.52890625 0.12083333333333342 0.54140625 0.12083333333333342
1 0.546875 0.11666666666666675 0.52890625 0.11666666666666675 0.52890625 0.1312500000000001 0.546875 0.1312500000000001
1 0.54609375 0.12500000000000008 0.52578125 0.12500000000000008 0.52578125 0.1437500000000001 0.54609375 0.14375000000000013
1 0.54453125 0.1375000000000001 0.52890625 0.13750000000000007 0.52890625 0.16458333333333341 0.54453125 0.16458333333333344
1 0.52734375 0.1354166666666667 0.51015625 0.1354166666666667 0.51015625 0.1677083333333334 0.52734375 0.1677083333333334
1 0.509375 0.1458333333333334 0.49296875 0.1458333333333334 0.49296875 0.1822916666666667 0.509375 0.1822916666666667
1 0.49765625 0.16041666666666674 0.47578125 0.16041666666666674 0.47578125 0.20000000000000007 0.49765625 0.20000000000000007
1 0.54609375 0.1625000000000001 0.5234375 0.16250000000000006 0.5234375 0.18645833333333342 0.54609375 0.18645833333333345
1 0.54609375 0.1843750000000001 0.5203125 0.18437500000000007 0.5203125 0.22291666666666676 0.54609375 0.2229166666666668
1 0.521875 0.16875000000000007 0.49921875 0.16875000000000007 0.49921875 0.20520833333333338 0.521875 0.20520833333333338
1 0.50546875 0.19166666666666674 0.48046875 0.19166666666666674 0.48046875 0.23541666666666672 0.50546875 0.23541666666666672
1 0.53515625 0.2145833333333334 0.50546875 0.2145833333333334 0.50546875 0.26770833333333344 0.53515625 0.26770833333333344
1 0.49140625 0.21562500000000007 0.45625 0.21562500000000007 0.45625 0.2843750000000001 0.49140625 0.2843750000000001
1 0.515625 0.30625000000000013 0.478125 0.30625000000000013 0.478125 0.3854166666666668 0.515625 0.3854166666666668
1 0.46796875 0.3020833333333334 0.42421875 0.3020833333333334 0.42421875 0.3875000000000001 0.46796875 0.3875000000000001
1 0.4265625 0.35312500000000013 0.3796875 0.35312500000000013 0.3796875 0.44583333333333347 0.4265625 0.44583333333333347
1 0.41484375 0.3125000000000001 0.365625 0.3125000000000001 0.365625 0.39479166666666676 0.41484375 0.39479166666666676
1 0.5140625 0.4072916666666668 0.46328125 0.4072916666666668 0.46328125 0.5229166666666668 0.5140625 0.5229166666666668
1 0.44140625 0.4406250000000001 0.37578125 0.4406250000000001 0.37578125000000007 0.590625 0.44140625 0.590625
1 0.48671875 0.6989583333333333 0.3851562500000001 0.6989583333333333 0.3851562500000001 0.9395833333333333 0.48671875 0.9395833333333333
1 0.3945312500000001 0.6104166666666667 0.2960937500000001 0.6104166666666667 0.2960937500000001 0.8114583333333333 0.3945312500000001 0.8114583333333333
1 0.3125000000000001 0.5177083333333333 0.2000000000000001 0.5177083333333333 0.2000000000000001 0.721875 0.3125000000000001 0.721875