2 0.77734375 0.7510416666666669 0.73046875 0.7510416666666669 0.73046875 0.9229166666666669 0.77734375 0.9229166666666669
2 0.78828125 0.6541666666666669 0.74453125 0.6541666666666669 0.74453125 0.7968750000000002 0.78828125 0.7968750000000002
2 0.51796875 0.3885416666666668 0.4828125 0.3885416666666668 0.4828125 0.48333333333333345 0.51796875 0.48333333333333345
2 0.6171875 0.33958333333333346 0.57890625 0.33958333333333346 0.57890625 0.42083333333333345 0.6171875 0.42083333333333345
2 0.4828125 0.3229166666666668 0.45390625 0.3229166666666668 0.45390625 0.39895833333333347 0.4828125 0.39895833333333347
2 0.49609375 0.17187500000000006 0.47109375 0.17187500000000006 0.47109375 0.22187500000000007 0.49609375 0.22187500000000007
2 0.48828125 0.12604166666666675 0.47265625 0.12604166666666675 0.47265625 0.16562500000000005 0.48828125 0.16562500000000005
2 0.44921875 0.12812500000000007 0.434375 0.12812500000000007 0.434375 0.1708333333333334 0.44921875 0.1708333333333334
2 0.46796875 0.11354166666666675 0.45390625 0.11354166666666675 0.45390625 0.1489583333333334 0.46796875 0.1489583333333334
2 0.459375 0.0895833333333334 0.4484375 0.08958333333333339 0.4484375 0.11562500000000007 0.459375 0.11562500000000009
2 0.471875 0.09791666666666675 0.459375 0.09791666666666675 0.459375 0.11250000000000009 0.471875 0.11250000000000009
2 0.4828125 0.07708333333333342 0.46953125 0.07708333333333342 0.46953125 0.08958333333333342 0.4828125 0.08958333333333342
3 0.4765625 0.045833333333333406 0.45546875 0.045833333333333406 0.45546875 0.08645833333333343 0.4765625 0.08645833333333343