1 0.3960937500000001 0.6833333333333333 0.3007812500000001 0.6833333333333333 0.3007812500000001 0.8479166666666667 0.3960937500000001 0.8479166666666667
1 0.409375 0.42187500000000006 0.35625 0.421875 0.35625000000000007 0.5458333333333333 0.409375 0.5458333333333333
1 0.5125 0.37916666666666676 0.4703125 0.37916666666666676 0.4703125 0.48645833333333344 0.5125 0.48645833333333344
1 0.47734375 0.35833333333333345 0.409375 0.35833333333333345 0.409375 0.4354166666666668 0.47734375 0.4354166666666668
1 0.47265625 0.30312500000000014 0.44140625 0.30312500000000014 0.44140625 0.3625000000000001 0.47265625 0.3625000000000001
2 0.53125 0.31875000000000014 0.5078125 0.31875000000000014 0.5078125 0.36770833333333347 0.53125 0.36770833333333347
2 0.525 0.29895833333333344 0.5109375 0.29895833333333344 0.5109375 0.3291666666666668 0.525 0.3291666666666668
1 0.528125 0.2645833333333334 0.5 0.2645833333333334 0.5 0.30520833333333347 0.528125 0.30520833333333347
2 0.52265625 0.34791666666666676 0.5015625 0.34791666666666676 0.5015625 0.3906250000000001 0.52265625 0.3906250000000001
2 0.5 0.33958333333333346 0.484375 0.33958333333333346 0.484375 0.38333333333333347 0.5 0.38333333333333347
2 0.49765625 0.32395833333333346 0.48046875 0.32395833333333346 0.48046875 0.3645833333333334 0.49765625 0.3645833333333334
2 0.4984375 0.29270833333333346 0.48515625 0.29270833333333346 0.48515625 0.3416666666666668 0.4984375 0.3416666666666668
2 0.46640625 0.2510416666666667 0.44921875 0.2510416666666667 0.44921875 0.3000000000000001 0.46640625 0.3000000000000001
2 0.45234375 0.2812500000000001 0.42734375 0.2812500000000001 0.42734375 0.3468750000000001 0.45234375 0.3468750000000001
1 0.453125 0.2427083333333334 0.41484375 0.2427083333333334 0.41484375 0.2979166666666668 0.453125 0.2979166666666668
2 0.525 0.23645833333333338 0.51796875 0.23645833333333338 0.51796875 0.25625000000000003 0.525 0.25625000000000003
2 0.52578125 0.22500000000000006 0.51484375 0.22500000000000006 0.51484375 0.2427083333333334 0.52578125 0.2427083333333334
2 0.51875 0.24375000000000005 0.509375 0.24375000000000005 0.509375 0.26041666666666674 0.51875 0.26041666666666674
2 0.5171875 0.23437500000000006 0.50703125 0.23437500000000006 0.50703125 0.25000000000000006 0.5171875 0.25000000000000006
2 0.50625 0.2458333333333334 0.4921875 0.2458333333333334 0.4921875 0.2885416666666668 0.50625 0.2885416666666668
2 0.5109375 0.23437500000000006 0.5 0.23437500000000006 0.5 0.2614583333333334 0.5109375 0.2614583333333334
2 0.515625 0.21875000000000006 0.50390625 0.21875000000000006 0.50390625 0.23854166666666674 0.515625 0.23854166666666674
1 0.5 0.20312500000000006 0.4828125 0.20312500000000006 0.4828125 0.24375000000000005 0.5 0.24375000000000005
1 0.49296875 0.2177083333333334 0.4703125 0.2177083333333334 0.4703125 0.25520833333333337 0.49296875 0.25520833333333337
2 0.54609375 0.21354166666666677 0.52734375 0.2135416666666667 0.52734375 0.23958333333333343 0.54609375 0.23958333333333345
2 0.5484375 0.21458333333333343 0.53984375 0.2145833333333334 0.53984375 0.2364583333333334 0.5484375 0.23645833333333346
2 0.55234375 0.19791666666666677 0.540625 0.1979166666666667 0.540625 0.21458333333333343 0.55234375 0.21458333333333346
0 0.54140625 0.13020833333333343 0.5015625 0.13020833333333343 0.5015625 0.21979166666666672 0.54140625 0.21979166666666672
1 0.546875 0.19687500000000008 0.51796875 0.19687500000000005 0.51796875 0.21979166666666675 0.546875 0.21979166666666677
2 0.54609375 0.18333333333333343 0.540625 0.1833333333333334 0.540625 0.20208333333333342 0.54609375 0.20208333333333345
1 0.540625 0.17604166666666674 0.525 0.17604166666666674 0.525 0.20520833333333338 0.540625 0.20520833333333338
2 0.51875 0.1979166666666667 0.50625 0.1979166666666667 0.50625 0.22083333333333338 0.51875 0.22083333333333338
2 0.51484375 0.17604166666666674 0.50390625 0.17604166666666674 0.50390625 0.20104166666666673 0.51484375 0.20104166666666673
1 0.5046875 0.16562500000000005 0.484375 0.16562500000000005 0.484375 0.1927083333333334 0.5046875 0.1927083333333334
1 0.5078125 0.14791666666666672 0.49296875 0.14791666666666672 0.49296875 0.17395833333333338 0.5078125 0.17395833333333338
1 0.49609375 0.14479166666666674 0.47421875 0.14479166666666674 0.47421875 0.16979166666666673 0.49609375 0.16979166666666673
2 0.55390625 0.1718750000000001 0.54453125 0.1718750000000001 0.54453125 0.18645833333333345 0.55390625 0.18645833333333345
2 0.55078125 0.15416666666666676 0.54296875 0.15416666666666673 0.54296875 0.17187500000000008 0.55078125 0.1718750000000001
2 0.55078125 0.1354166666666668 0.546875 0.1354166666666668 0.546875 0.15520833333333345 0.55078125 0.15520833333333345
1 0.54140625 0.13020833333333343 0.53359375 0.13020833333333343 0.53359375 0.15625000000000006 0.54140625 0.15625000000000006
1 0.5078125 0.13229166666666675 0.490625 0.13229166666666675 0.490625 0.15312500000000007 0.5078125 0.15312500000000007
1 0.5453125 0.1468750000000001 0.53359375 0.14687500000000006 0.53359375 0.18541666666666676 0.5453125 0.18541666666666679
2 0.5484375 0.12291666666666676 0.53984375 0.12291666666666676 0.53984375 0.13854166666666676 0.5484375 0.13854166666666679
1 0.5390625 0.11666666666666675 0.5296875 0.11666666666666675 0.5296875 0.13750000000000007 0.5390625 0.13750000000000007
1 0.528125 0.11562500000000009 0.51328125 0.11562500000000009 0.51328125 0.14062500000000006 0.528125 0.14062500000000006
1 0.53671875 0.10833333333333342 0.52265625 0.10833333333333342 0.52265625 0.12395833333333342 0.53671875 0.12395833333333342
1 0.52890625 0.09895833333333343 0.51953125 0.09895833333333343 0.51953125 0.11354166666666675 0.52890625 0.11354166666666675
1 0.521875 0.10833333333333342 0.51171875 0.10833333333333342 0.51171875 0.12395833333333342 0.521875 0.12395833333333342
2 0.5109375 0.11562500000000009 0.50625 0.11562500000000009 0.50625 0.1312500000000001 0.5109375 0.1312500000000001
2 0.503125 0.11875000000000009 0.4953125 0.11875000000000009 0.4953125 0.1270833333333334 0.503125 0.1270833333333334
1 0.503125 0.10833333333333342 0.48984375 0.10833333333333342 0.48984375 0.13020833333333343 0.503125 0.13020833333333343
2 0.51015625 0.10520833333333342 0.50234375 0.10520833333333342 0.50234375 0.11979166666666675 0.51015625 0.11979166666666675
1 0.5109375 0.09270833333333342 0.496875 0.09270833333333342 0.496875 0.11145833333333342 0.5109375 0.11145833333333342
1 0.49765625 0.08333333333333343 0.4921875 0.08333333333333343 0.4921875 0.10312500000000009 0.49765625 0.10312500000000009
2 0.49375 0.1333333333333334 0.484375 0.1333333333333334 0.484375 0.14062500000000006 0.49375 0.14062500000000006
2 0.4921875 0.11875000000000009 0.4875 0.11875000000000009 0.4875 0.1333333333333334 0.4921875 0.1333333333333334
1 0.49140625 0.08750000000000009 0.484375 0.08750000000000009 0.484375 0.10520833333333342 0.49140625 0.10520833333333342
2 0.48359375 0.1281250000000001 0.47578125 0.1281250000000001 0.47578125 0.14270833333333338 0.48359375 0.14270833333333338
2 0.484375 0.19479166666666672 0.4765625 0.19479166666666672 0.4765625 0.2083333333333334 0.484375 0.2083333333333334
2 0.4859375 0.18125000000000005 0.478125 0.18125000000000005 0.478125 0.1927083333333334 0.4859375 0.1927083333333334
2 0.4859375 0.17604166666666674 0.4765625 0.17604166666666674 0.4765625 0.19166666666666674 0.4859375 0.19166666666666674
2 0.4875 0.16562500000000005 0.4734375 0.16562500000000005 0.4734375 0.1802083333333334 0.4875 0.1802083333333334
2 0.4796875 0.20416666666666672 0.47421875 0.20416666666666672 0.47421875 0.21666666666666673 0.4796875 0.21666666666666673
2 0.471875 0.21875000000000006 0.459375 0.21875000000000006 0.459375 0.2447916666666667 0.471875 0.2447916666666667
2 0.46640625 0.20937500000000006 0.4578125 0.20937500000000006 0.4578125 0.22291666666666674 0.46640625 0.22291666666666674
2 0.4703125 0.20625000000000007 0.45703125 0.20625000000000007 0.45703125 0.22083333333333338 0.4703125 0.22083333333333338
2 0.475 0.19375000000000006 0.4671875 0.19375000000000006 0.4671875 0.20520833333333338 0.475 0.20520833333333338
2 0.47578125 0.1833333333333334 0.46796875 0.1833333333333334 0.46796875 0.1958333333333334 0.47578125 0.1958333333333334
2 0.47578125 0.17187500000000006 0.46640625 0.17187500000000006 0.46640625 0.17916666666666672 0.47578125 0.17916666666666672
2 0.46796875 0.19687500000000005 0.459375 0.19687500000000005 0.459375 0.2083333333333334 0.46796875 0.2083333333333334
2 0.46484375 0.18437500000000007 0.459375 0.18437500000000007 0.459375 0.1958333333333334 0.46484375 0.1958333333333334
2 0.46171875 0.17916666666666672 0.45625 0.17916666666666672 0.45625 0.1927083333333334 0.46171875 0.1927083333333334
2 0.459375 0.21979166666666672 0.4484375 0.21979166666666672 0.4484375 0.2458333333333334 0.459375 0.2458333333333334
2 0.44453125 0.21875000000000006 0.43125 0.21875000000000006 0.43125 0.24062500000000006 0.44453125 0.24062500000000006
2 0.4515625 0.20937500000000006 0.43359375 0.20937500000000006 0.43359375 0.22500000000000006 0.4515625 0.22500000000000006
2 0.53671875 0.2427083333333334 0.5296875 0.2427083333333334 0.5296875 0.26250000000000007 0.53671875 0.26250000000000007
2 0.49375 0.26354166666666673 0.4796875 0.26354166666666673 0.4796875 0.3041666666666668 0.49375 0.3041666666666668
2 0.4734375 0.26770833333333344 0.4609375 0.26770833333333344 0.4609375 0.29895833333333344 0.4734375 0.29895833333333344
2 0.41875 0.2760416666666668 0.4015625 0.2760416666666668 0.4015625 0.3447916666666668 0.41875 0.3447916666666668
2 0.40078125 0.31875000000000014 0.38984375 0.31875000000000014 0.38984375 0.35833333333333345 0.40078125 0.35833333333333345
2 0.41171875 0.33958333333333346 0.3859375 0.33958333333333346 0.3859375 0.4072916666666668 0.41171875 0.4072916666666668
2 0.3984375 0.3937500000000001 0.384375 0.3937500000000001 0.384375 0.4385416666666668 0.3984375 0.4385416666666668
2 0.39921875 0.3697916666666668 0.38046875 0.3697916666666668 0.38046875 0.43333333333333346 0.39921875 0.43333333333333346
2 0.37890625 0.34895833333333337 0.36171875 0.3489583333333333 0.36171875 0.4208333333333334 0.37890625 0.42083333333333345
2 0.3609375 0.43125 0.3375 0.43125 0.3375 0.509375 0.3609375000000001 0.509375
2 0.35859375 0.3958333333333333 0.334375 0.3958333333333333 0.334375 0.465625 0.35859375 0.465625
2 0.33515625000000004 0.465625 0.303125 0.465625 0.30312500000000003 0.5385416666666667 0.3351562500000001 0.5385416666666667
2 0.33125000000000004 0.4375 0.3015625 0.4375 0.30156250000000007 0.5 0.3312500000000001 0.5
2 0.515625 0.4739583333333334 0.48828125 0.4739583333333334 0.48828125 0.553125 0.515625 0.553125
2 0.49609375 0.5802083333333333 0.471875 0.5802083333333333 0.471875 0.6958333333333333 0.49609375 0.6958333333333333
2 0.47578125 0.5520833333333334 0.44921875 0.5520833333333334 0.44921875 0.61875 0.47578125 0.61875
2 0.4484375 0.584375 0.42421875 0.584375 0.42421875 0.6875 0.4484375 0.6875
2 0.3726562500000001 0.5458333333333333 0.3453125000000001 0.5458333333333333 0.3453125000000001 0.6229166666666667 0.3726562500000001 0.6229166666666667
2 0.3703125000000001 0.5052083333333334 0.3382812500000001 0.5052083333333334 0.3382812500000001 0.5791666666666667 0.3703125000000001 0.5791666666666667
2 0.3546875000000001 0.5895833333333333 0.3343750000000001 0.5895833333333333 0.3343750000000001 0.678125 0.3546875000000001 0.678125
2 0.44453125 0.6791666666666667 0.409375 0.6791666666666667 0.409375 0.8135416666666667 0.44453125 0.8135416666666667
2 0.503125 0.7947916666666667 0.4484375 0.7947916666666667 0.4484375 0.9458333333333333 0.503125 0.9458333333333333
2 0.08515625000000009 0.9010416666666666 0.046875000000000076 0.9010416666666666 0.04687500000000008 1 0.08515625000000009 1
2 0.2523437500000001 0.91875 0.2000000000000001 0.91875 0.2000000000000001 1 0.2523437500000001 1
2 0.2406250000000001 0.8270833333333333 0.18515625000000008 0.8270833333333333 0.18515625000000008 0.9625 0.2406250000000001 0.9625
2 0.23593750000000008 0.7458333333333333 0.1960937500000001 0.7458333333333333 0.1960937500000001 0.875 0.23593750000000008 0.875
2 0.2179687500000001 0.6677083333333333 0.17265625000000004 0.6677083333333333 0.17265625000000007 0.79375 0.2179687500000001 0.79375
2 0.2578125000000001 0.678125 0.2101562500000001 0.678125 0.2101562500000001 0.771875 0.2578125000000001 0.771875
2 0.3117187500000001 0.696875 0.2554687500000001 0.696875 0.2554687500000001 0.8208333333333333 0.3117187500000001 0.8208333333333333
2 0.2570312500000001 0.6145833333333334 0.23046875000000008 0.6145833333333334 0.23046875000000008 0.7364583333333333 0.2570312500000001 0.7364583333333333
2 0.3023437500000001 0.5697916666666667 0.2726562500000001 0.5697916666666667 0.2726562500000001 0.715625 0.3023437500000001 0.715625
2 0.2828125000000001 0.55625 0.2375000000000001 0.55625 0.2375000000000001 0.6729166666666667 0.2828125000000001 0.6729166666666667
2 0.3351562500000001 0.525 0.2945312500000001 0.525 0.2945312500000001 0.6510416666666666 0.3351562500000001 0.6510416666666666
1 0.1710937500000001 0.915625 0.0750000000000001 0.915625 0.0750000000000001 1 0.1710937500000001 1