3 0.4609375000000001 0.6635416666666667 0.3312500000000001 0.6635416666666667 0.3312500000000001 1 0.46093750000000017 1
1 0.3843750000000001 0.615625 0.32109375000000007 0.615625 0.32109375000000007 0.7854166666666667 0.3843750000000001 0.7854166666666667
1 0.49765625 0.4697916666666668 0.440625 0.4697916666666668 0.440625 0.5822916666666667 0.49765625 0.5822916666666667
1 0.43828125 0.3916666666666668 0.39453125 0.3916666666666668 0.39453125000000006 0.4979166666666668 0.43828125 0.4979166666666668
1 0.4078125 0.3625000000000001 0.371875 0.3625000000000001 0.371875 0.44166666666666676 0.4078125 0.44166666666666676
1 0.46796875 0.3125000000000001 0.43671875 0.3125000000000001 0.43671875 0.36562500000000014 0.46796875 0.36562500000000014
1 0.46953125 0.2687500000000001 0.44765625 0.2687500000000001 0.44765625 0.3156250000000001 0.46953125 0.3156250000000001
2 0.50078125 0.23854166666666674 0.4890625 0.23854166666666674 0.4890625 0.2812500000000001 0.50078125 0.2812500000000001
1 0.48046875 0.2427083333333334 0.46171875 0.2427083333333334 0.46171875 0.28020833333333345 0.48046875 0.28020833333333345
1 0.48984375 0.20937500000000006 0.47265625 0.20937500000000006 0.47265625 0.24687500000000007 0.48984375 0.24687500000000007
3 0.5328125 0.20729166666666674 0.50703125 0.20729166666666674 0.50703125 0.28541666666666676 0.5328125 0.28541666666666676
1 0.53828125 0.1979166666666667 0.52109375 0.1979166666666667 0.52109375 0.22187500000000007 0.53828125 0.22187500000000007
1 0.5 0.17916666666666672 0.4875 0.17916666666666672 0.4875 0.20937500000000006 0.5 0.20937500000000006
0 0.54375 0.11875000000000009 0.525 0.11875000000000009 0.525 0.17395833333333338 0.54375 0.17395833333333338
1 0.51171875 0.15416666666666673 0.4984375 0.15416666666666673 0.4984375 0.17916666666666672 0.51171875 0.17916666666666672
2 0.51875 0.14166666666666672 0.5125 0.14166666666666672 0.5125 0.16979166666666673 0.51875 0.16979166666666673
1 0.52265625 0.1354166666666667 0.5125 0.1354166666666667 0.5125 0.15416666666666673 0.52265625 0.15416666666666673
1 0.5078125 0.12604166666666675 0.49765625 0.12604166666666675 0.49765625 0.14687500000000006 0.5078125 0.14687500000000006
1 0.52421875 0.12604166666666675 0.51484375 0.12604166666666675 0.51484375 0.1364583333333334 0.52421875 0.1364583333333334
1 0.521875 0.11770833333333343 0.51484375 0.11770833333333343 0.51484375 0.12916666666666676 0.521875 0.12916666666666676
2 0.1632812500000001 0.8864583333333333 0.1023437500000001 0.8864583333333333 0.1023437500000001 1 0.1632812500000001 1
2 0.2351562500000001 0.8375 0.18515625000000008 0.8375 0.18515625000000008 0.9822916666666667 0.2351562500000001 0.9822916666666667
2 0.2039062500000001 0.6885416666666667 0.16953125000000005 0.6885416666666667 0.16953125000000008 0.8177083333333334 0.2039062500000001 0.8177083333333334
2 0.2328125000000001 0.7354166666666667 0.2000000000000001 0.7354166666666667 0.2000000000000001 0.8552083333333333 0.2328125000000001 0.8552083333333333
2 0.28593750000000007 0.6354166666666666 0.2531250000000001 0.6354166666666666 0.2531250000000001 0.7635416666666667 0.28593750000000007 0.7635416666666667
2 0.3203125000000001 0.5833333333333334 0.2968750000000001 0.5833333333333334 0.2968750000000001 0.7 0.3203125000000001 0.7
2 0.2968750000000001 0.56875 0.2726562500000001 0.56875 0.2726562500000001 0.6677083333333333 0.2968750000000001 0.6677083333333333
2 0.3492187500000001 0.5395833333333333 0.3281250000000001 0.5395833333333333 0.3281250000000001 0.6322916666666667 0.3492187500000001 0.6322916666666667
2 0.3101562500000001 0.4979166666666667 0.2882812500000001 0.4979166666666667 0.2882812500000001 0.584375 0.3101562500000001 0.584375
2 0.34140625 0.43854166666666666 0.32265625 0.43854166666666666 0.32265625000000003 0.5177083333333333 0.3414062500000001 0.5177083333333333
2 0.34453125 0.403125 0.328125 0.403125 0.328125 0.465625 0.34453125 0.465625
2 0.38359375 0.3395833333333334 0.36171875 0.33958333333333335 0.36171875 0.41250000000000003 0.38359375 0.41250000000000014
2 0.48046875 0.5552083333333333 0.44921875 0.5552083333333333 0.44921875 0.6677083333333333 0.48046875 0.6677083333333333
2 0.49609375 0.6479166666666667 0.46796875 0.6479166666666667 0.46796875 0.78125 0.49609375 0.78125
2 0.51484375 0.40833333333333344 0.4953125 0.40833333333333344 0.4953125 0.4979166666666668 0.51484375 0.4979166666666668
2 0.51953125 0.36770833333333347 0.50234375 0.36770833333333347 0.50234375 0.4229166666666668 0.51953125 0.4229166666666668
2 0.4875 0.38125000000000014 0.47265625 0.38125000000000014 0.47265625 0.4479166666666668 0.4875 0.4479166666666668
2 0.4640625 0.3854166666666668 0.446875 0.3854166666666668 0.446875 0.45729166666666676 0.4640625 0.45729166666666676
2 0.46640625 0.3510416666666668 0.4515625 0.3510416666666668 0.4515625 0.4041666666666668 0.46640625 0.4041666666666668
2 0.49609375 0.33750000000000013 0.4828125 0.33750000000000013 0.4828125 0.4010416666666668 0.49609375 0.4010416666666668
2 0.48828125 0.32083333333333347 0.47421875 0.32083333333333347 0.47421875 0.38437500000000013 0.48828125 0.38437500000000013
2 0.51953125 0.30104166666666676 0.50390625 0.30104166666666676 0.50390625 0.3572916666666668 0.51953125 0.3572916666666668
2 0.51640625 0.2729166666666668 0.50390625 0.2729166666666668 0.50390625 0.3250000000000001 0.51640625 0.3250000000000001
2 0.496875 0.2822916666666668 0.48359375 0.2822916666666668 0.48359375 0.33020833333333344 0.496875 0.33020833333333344
2 0.5078125 0.1927083333333334 0.50078125 0.1927083333333334 0.50078125 0.2270833333333334 0.5078125 0.2270833333333334
2 0.5234375 0.1802083333333334 0.515625 0.1802083333333334 0.515625 0.21041666666666672 0.5234375 0.21041666666666672
2 0.39609375 0.32708333333333345 0.384375 0.32708333333333345 0.384375 0.3666666666666668 0.39609375 0.3666666666666668
2 0.39921875 0.3135416666666668 0.38984375 0.3135416666666668 0.38984375 0.34583333333333344 0.39921875 0.34583333333333344
2 0.409375 0.29270833333333346 0.39921875 0.29270833333333346 0.39921875 0.3385416666666668 0.409375 0.3385416666666668
2 0.41640625 0.3250000000000001 0.40546875 0.3250000000000001 0.40546875 0.36770833333333347 0.41640625 0.36770833333333347
2 0.4234375 0.31666666666666676 0.41328125 0.31666666666666676 0.41328125 0.3625000000000001 0.4234375 0.3625000000000001
2 0.43515625 0.29583333333333345 0.4265625 0.29583333333333345 0.4265625 0.33750000000000013 0.43515625 0.33750000000000013
2 0.421875 0.2864583333333334 0.41484375 0.2864583333333334 0.41484375 0.3250000000000001 0.421875 0.3250000000000001
2 0.4203125 0.2687500000000001 0.41015625 0.2687500000000001 0.41015625 0.3093750000000001 0.4203125 0.3093750000000001
2 0.4375 0.2781250000000001 0.43046875 0.2781250000000001 0.43046875 0.31458333333333344 0.4375 0.31458333333333344
2 0.44296875 0.2614583333333334 0.4359375 0.2614583333333334 0.4359375 0.2968750000000001 0.44296875 0.2968750000000001
2 0.428125 0.25312500000000004 0.421875 0.25312500000000004 0.421875 0.2864583333333334 0.428125 0.2864583333333334
2 0.45390625 0.2427083333333334 0.44609375 0.2427083333333334 0.44609375 0.2822916666666668 0.45390625 0.2822916666666668
2 0.44296875 0.24062500000000006 0.43515625 0.24062500000000006 0.43515625 0.2729166666666668 0.44296875 0.2729166666666668
2 0.4375 0.22812500000000005 0.43125 0.22812500000000005 0.43125 0.26562500000000006 0.4375 0.26562500000000006
2 0.459375 0.2333333333333334 0.4546875 0.2333333333333334 0.4546875 0.26354166666666673 0.459375 0.26354166666666673
2 0.45390625 0.22083333333333338 0.44765625 0.22083333333333338 0.44765625 0.24687500000000007 0.45390625 0.24687500000000007
2 0.4671875 0.2145833333333334 0.46015625 0.2145833333333334 0.46015625 0.24375000000000005 0.4671875 0.24375000000000005
2 0.45859375 0.2020833333333334 0.4515625 0.2020833333333334 0.4515625 0.23125000000000007 0.45859375 0.23125000000000007
2 0.47734375 0.20000000000000007 0.46875 0.20000000000000007 0.46875 0.2302083333333334 0.47734375 0.2302083333333334
2 0.4703125 0.1802083333333334 0.4625 0.1802083333333334 0.4625 0.2083333333333334 0.4703125 0.2083333333333334
2 0.48359375 0.19166666666666674 0.475 0.19166666666666674 0.475 0.21562500000000007 0.48359375 0.21562500000000007
2 0.4828125 0.17604166666666674 0.4765625 0.17604166666666674 0.4765625 0.20104166666666673 0.4828125 0.20104166666666673
2 0.47578125 0.1677083333333334 0.4703125 0.1677083333333334 0.4703125 0.1958333333333334 0.47578125 0.1958333333333334
2 0.48671875 0.15833333333333338 0.48125 0.15833333333333338 0.48125 0.18437500000000007 0.48671875 0.18437500000000007
2 0.52890625 0.10312500000000009 0.5234375 0.10312500000000009 0.5234375 0.1218750000000001 0.52890625 0.1218750000000001
2 0.51484375 0.10729166666666676 0.509375 0.10729166666666676 0.509375 0.12604166666666675 0.51484375 0.12604166666666675
2 0.5078125 0.09583333333333342 0.50234375 0.09583333333333342 0.50234375 0.10833333333333342 0.5078125 0.10833333333333342
2 0.50078125 0.0906250000000001 0.49609375 0.0906250000000001 0.49609375 0.10937500000000008 0.50078125 0.10937500000000008
2 0.49453125 0.09166666666666676 0.490625 0.09166666666666676 0.490625 0.11354166666666675 0.49453125 0.11354166666666675
2 0.4984375 0.12500000000000008 0.4921875 0.12500000000000008 0.4921875 0.15312500000000007 0.4984375 0.15312500000000007
2 0.50078125 0.1520833333333334 0.4953125 0.1520833333333334 0.4953125 0.17291666666666672 0.50078125 0.17291666666666672
2 0.49453125 0.1552083333333334 0.4890625 0.1552083333333334 0.4890625 0.17812500000000006 0.49453125 0.17812500000000006
2 0.48671875 0.15000000000000005 0.48203125 0.15000000000000005 0.48203125 0.1645833333333334 0.48671875 0.1645833333333334
2 0.48203125 0.16250000000000006 0.47578125 0.16250000000000006 0.47578125 0.1833333333333334 0.48203125 0.1833333333333334
2 0.5109375 0.11562500000000009 0.5078125 0.11562500000000009 0.5078125 0.1354166666666667 0.5109375 0.1354166666666667
2 0.50703125 0.11041666666666676 0.50234375 0.11041666666666676 0.50234375 0.1281250000000001 0.50703125 0.1281250000000001
2 0.5015625 0.10833333333333342 0.49609375 0.10833333333333342 0.49609375 0.1270833333333334 0.5015625 0.1270833333333334