2 0.07031250000000008 0.790625 0.019531250000000073 0.790625 0.01953125000000008 0.9385416666666667 0.07031250000000008 0.9385416666666667
2 0.05703125000000009 0.9677083333333333 0.02265625000000009 0.9677083333333333 0.022656250000000093 1 0.05703125000000009 1
2 0.24375000000000008 0.896875 0.2023437500000001 0.896875 0.2023437500000001 1 0.24375000000000008 1
2 0.16562500000000008 0.83125 0.12500000000000008 0.83125 0.12500000000000008 0.9604166666666667 0.16562500000000008 0.9604166666666667
2 0.1179687500000001 0.834375 0.061718750000000065 0.834375 0.06171875000000008 0.9739583333333334 0.1179687500000001 0.9739583333333334
2 0.10703125000000009 0.9291666666666667 0.061718750000000086 0.9291666666666667 0.061718750000000086 1 0.10703125000000009 1
2 0.1414062500000001 0.7989583333333333 0.10703125000000009 0.7989583333333333 0.10703125000000009 0.9041666666666667 0.1414062500000001 0.9041666666666667
2 0.13828125000000008 0.73125 0.07109375000000007 0.73125 0.07109375000000008 0.8572916666666667 0.13828125000000008 0.8572916666666667
2 0.1921875000000001 0.7760416666666666 0.14062500000000008 0.7760416666666666 0.14062500000000008 0.8791666666666667 0.1921875000000001 0.8791666666666667
2 0.2914062500000001 0.790625 0.24765625000000008 0.790625 0.24765625000000008 0.959375 0.2914062500000001 0.959375
2 0.24218750000000008 0.7604166666666666 0.19687500000000008 0.7604166666666666 0.19687500000000008 0.93125 0.24218750000000008 0.93125
2 0.17734375000000008 0.7114583333333333 0.14140625000000004 0.7114583333333333 0.14140625000000007 0.8375 0.17734375000000008 0.8375
2 0.05390625000000006 0.5364583333333334 0.03906250000000004 0.5364583333333334 0.03906250000000005 0.6364583333333333 0.053906250000000065 0.6364583333333333
2 0.2039062500000001 0.7 0.17890625000000004 0.7 0.17890625000000007 0.821875 0.2039062500000001 0.821875
2 0.2273437500000001 0.7135416666666666 0.19843750000000004 0.7135416666666666 0.19843750000000007 0.828125 0.2273437500000001 0.828125
2 0.2695312500000001 0.709375 0.2375000000000001 0.709375 0.2375000000000001 0.8427083333333333 0.2695312500000001 0.8427083333333333
2 0.2984375000000001 0.734375 0.2710937500000001 0.734375 0.2710937500000001 0.834375 0.2984375000000001 0.834375
2 0.3468750000000001 0.671875 0.3039062500000001 0.671875 0.3039062500000001 0.7989583333333333 0.3468750000000001 0.7989583333333333
2 0.3031250000000001 0.6677083333333333 0.2765625000000001 0.6677083333333333 0.2765625000000001 0.7697916666666667 0.3031250000000001 0.7697916666666667
2 0.2726562500000001 0.6458333333333334 0.2484375000000001 0.6458333333333334 0.2484375000000001 0.7291666666666666 0.2726562500000001 0.7291666666666666
2 0.2578125000000001 0.609375 0.2257812500000001 0.609375 0.2257812500000001 0.6947916666666667 0.2578125000000001 0.6947916666666667
2 0.2414062500000001 0.6625 0.2156250000000001 0.6625 0.2156250000000001 0.7520833333333333 0.2414062500000001 0.7520833333333333
2 0.23437500000000008 0.5895833333333333 0.20312500000000008 0.5895833333333333 0.20312500000000008 0.7083333333333334 0.23437500000000008 0.7083333333333334
2 0.4328125 0.6385416666666667 0.40390625 0.6385416666666667 0.40390625 0.7572916666666667 0.4328125 0.7572916666666667
2 0.40546875 0.6291666666666667 0.3742187500000001 0.6291666666666667 0.3742187500000001 0.7385416666666667 0.40546875 0.7385416666666667
2 0.3906250000000001 0.6041666666666666 0.3632812500000001 0.6041666666666666 0.3632812500000001 0.7041666666666667 0.3906250000000001 0.7041666666666667
2 0.4234375 0.56875 0.403125 0.56875 0.403125 0.7083333333333334 0.4234375 0.7083333333333334
2 0.4359375 0.5041666666666668 0.415625 0.5041666666666668 0.415625 0.615625 0.4359375 0.615625
2 0.3296875000000001 0.6114583333333333 0.3000000000000001 0.6114583333333333 0.3000000000000001 0.721875 0.3296875000000001 0.721875
2 0.3039062500000001 0.59375 0.2789062500000001 0.59375 0.2789062500000001 0.678125 0.3039062500000001 0.678125
2 0.2828125000000001 0.553125 0.2578125000000001 0.553125 0.2578125000000001 0.6479166666666667 0.2828125000000001 0.6479166666666667
2 0.25859375000000007 0.5520833333333334 0.23828125000000008 0.5520833333333334 0.23828125000000008 0.6302083333333334 0.25859375000000007 0.6302083333333334
2 0.25078125000000007 0.6125 0.2250000000000001 0.6125 0.2250000000000001 0.715625 0.25078125000000007 0.715625
2 0.29375000000000007 0.575 0.2695312500000001 0.575 0.2695312500000001 0.6729166666666667 0.29375000000000007 0.6729166666666667
2 0.3296875000000001 0.5604166666666667 0.3062500000000001 0.5604166666666667 0.3062500000000001 0.64375 0.3296875000000001 0.64375
2 0.3476562500000001 0.5291666666666667 0.3265625000000001 0.5291666666666667 0.3265625000000001 0.621875 0.3476562500000001 0.621875
2 0.35234375000000007 0.503125 0.3359375000000001 0.503125 0.3359375000000001 0.571875 0.35234375000000007 0.571875
2 0.36250000000000004 0.47291666666666665 0.3421875 0.47291666666666665 0.34218750000000003 0.54375 0.3625000000000001 0.54375
2 0.37734375 0.4177083333333334 0.36015625 0.41770833333333335 0.36015625 0.4770833333333334 0.37734375 0.47708333333333347
2 0.36718750000000006 0.44479166666666675 0.353125 0.44479166666666664 0.353125 0.503125 0.3671875000000001 0.5031250000000002
2 0.34687500000000004 0.44166666666666665 0.32265625 0.44166666666666665 0.32265625000000003 0.5010416666666667 0.3468750000000001 0.5010416666666667
2 0.33515625000000004 0.4739583333333333 0.3140625 0.4739583333333333 0.3140625 0.5395833333333333 0.3351562500000001 0.5395833333333333
2 0.32031250000000006 0.440625 0.303125 0.440625 0.30312500000000003 0.5135416666666667 0.3203125000000001 0.5135416666666667
2 0.30781250000000004 0.4739583333333333 0.2828125 0.4739583333333333 0.2828125 0.56875 0.3078125000000001 0.56875
2 0.2710937500000001 0.4864583333333333 0.2492187500000001 0.4864583333333333 0.2492187500000001 0.5770833333333333 0.2710937500000001 0.5770833333333333
2 0.4015625 0.3468750000000001 0.38359375 0.3468750000000001 0.38359375 0.4093750000000001 0.4015625 0.4093750000000001
2 0.3921875 0.33437500000000014 0.378125 0.33437500000000014 0.378125 0.3697916666666668 0.3921875 0.3697916666666668
2 0.36953125 0.34166666666666673 0.3625 0.3416666666666667 0.3625 0.3635416666666667 0.36953125 0.36354166666666676
2 0.40859375 0.3354166666666668 0.396875 0.3354166666666668 0.396875 0.35833333333333345 0.40859375 0.35833333333333345
2 0.42578125 0.31875000000000014 0.41796875 0.31875000000000014 0.41796875 0.3572916666666668 0.42578125 0.3572916666666668
2 0.41875 0.3333333333333334 0.40859375 0.3333333333333334 0.40859375 0.3572916666666668 0.41875 0.3572916666666668
2 0.45 0.33020833333333344 0.434375 0.33020833333333344 0.434375 0.38333333333333347 0.45 0.38333333333333347
2 0.4625 0.33750000000000013 0.44765625 0.33750000000000013 0.44765625 0.37395833333333345 0.4625 0.37395833333333345
2 0.4609375 0.3572916666666668 0.4453125 0.3572916666666668 0.4453125 0.4218750000000001 0.4609375 0.4218750000000001
2 0.47734375 0.3250000000000001 0.4625 0.3250000000000001 0.4625 0.37916666666666676 0.47734375 0.37916666666666676
2 0.44296875 0.2812500000000001 0.42890625 0.2812500000000001 0.42890625 0.3312500000000001 0.44296875 0.3312500000000001
2 0.54140625 0.2270833333333334 0.5328125 0.2270833333333334 0.5328125 0.26041666666666674 0.54140625 0.26041666666666674
2 0.5515625 0.20833333333333343 0.54140625 0.2083333333333334 0.54140625 0.24583333333333343 0.5515625 0.24583333333333346
2 0.48046875 0.3072916666666668 0.46953125 0.3072916666666668 0.46953125 0.32708333333333345 0.48046875 0.32708333333333345
2 0.4890625 0.30104166666666676 0.48046875 0.30104166666666676 0.48046875 0.33437500000000014 0.4890625 0.33437500000000014
2 0.4734375 0.27187500000000014 0.4671875 0.27187500000000014 0.4671875 0.29583333333333345 0.4734375 0.29583333333333345
2 0.49375 0.26770833333333344 0.48515625 0.26770833333333344 0.48515625 0.28541666666666676 0.49375 0.28541666666666676
2 0.49375 0.2843750000000001 0.4796875 0.2843750000000001 0.4796875 0.30520833333333347 0.49375 0.30520833333333347
2 0.5 0.2458333333333334 0.490625 0.2458333333333334 0.490625 0.2781250000000001 0.5 0.2781250000000001
2 0.4875 0.2489583333333334 0.47890625 0.2489583333333334 0.47890625 0.26770833333333344 0.4875 0.26770833333333344
2 0.44375 0.27708333333333346 0.43046875 0.27708333333333346 0.43046875 0.32708333333333345 0.44375 0.32708333333333345
2 0.453125 0.24062500000000006 0.44140625 0.24062500000000006 0.44140625 0.2687500000000001 0.453125 0.2687500000000001
2 0.45234375 0.25625000000000003 0.4375 0.25625000000000003 0.4375 0.2812500000000001 0.45234375 0.2812500000000001
2 0.45546875 0.22291666666666674 0.44609375 0.22291666666666674 0.44609375 0.2447916666666667 0.45546875 0.2447916666666667
2 0.43671875 0.24375000000000005 0.43203125 0.24375000000000005 0.43203125 0.2666666666666668 0.43671875 0.2666666666666668
2 0.4484375 0.20104166666666673 0.44140625 0.20104166666666673 0.44140625 0.23645833333333338 0.4484375 0.23645833333333338
2 0.43984375 0.2177083333333334 0.43515625 0.2177083333333334 0.43515625 0.24062500000000006 0.43984375 0.24062500000000006
2 0.434375 0.22083333333333338 0.42578125 0.22083333333333338 0.42578125 0.24791666666666673 0.434375 0.24791666666666673
2 0.4578125 0.1927083333333334 0.4515625 0.1927083333333334 0.4515625 0.21250000000000005 0.4578125 0.21250000000000005
2 0.50625 0.2135416666666667 0.49453125 0.2135416666666667 0.49453125 0.24375000000000005 0.50625 0.24375000000000005
2 0.515625 0.18750000000000006 0.50625 0.18750000000000006 0.50625 0.2114583333333334 0.515625 0.2114583333333334
2 0.51953125 0.1677083333333334 0.5125 0.1677083333333334 0.5125 0.18854166666666672 0.51953125 0.18854166666666672
2 0.51171875 0.21979166666666672 0.5046875 0.21979166666666672 0.5046875 0.24062500000000006 0.51171875 0.24062500000000006
2 0.5203125 0.14375000000000007 0.5140625 0.14375000000000007 0.5140625 0.1645833333333334 0.5203125 0.1645833333333334
2 0.50859375 0.14687500000000006 0.503125 0.14687500000000006 0.503125 0.1552083333333334 0.50859375 0.1552083333333334
2 0.4796875 0.1645833333333334 0.471875 0.1645833333333334 0.471875 0.17604166666666674 0.4796875 0.17604166666666674
2 0.4890625 0.16979166666666673 0.484375 0.16979166666666673 0.484375 0.17916666666666672 0.4890625 0.17916666666666672
2 0.5265625 0.1062500000000001 0.5234375 0.1062500000000001 0.5234375 0.12083333333333342 0.5265625 0.12083333333333342
2 0.50078125 0.09895833333333343 0.496875 0.09895833333333343 0.496875 0.1062500000000001 0.50078125 0.1062500000000001
2 0.5 0.11041666666666676 0.49609375 0.11041666666666676 0.49609375 0.11458333333333343 0.5 0.11458333333333343
2 0.5046875 0.11458333333333343 0.50078125 0.11458333333333343 0.50078125 0.1218750000000001 0.5046875 0.1218750000000001
2 0.49921875 0.11770833333333343 0.49375 0.11770833333333343 0.49375 0.1270833333333334 0.49921875 0.1270833333333334
2 0.4984375 0.1281250000000001 0.490625 0.1281250000000001 0.490625 0.1354166666666667 0.4984375 0.1354166666666667
2 0.5046875 0.1218750000000001 0.50234375 0.1218750000000001 0.50234375 0.1281250000000001 0.5046875 0.1281250000000001
2 0.490625 0.1354166666666667 0.4859375 0.1354166666666667 0.4859375 0.14687500000000006 0.490625 0.14687500000000006
2 0.4859375 0.14479166666666674 0.478125 0.14479166666666674 0.478125 0.15729166666666672 0.4859375 0.15729166666666672
1 0.3039062500000001 0.9604166666666667 0.21093750000000008 0.9604166666666667 0.21093750000000008 1 0.3039062500000001 1
2 0.2023437500000001 0.859375 0.16406250000000008 0.859375 0.16406250000000008 0.9895833333333334 0.2023437500000001 0.9895833333333334
1 0.1906250000000001 0.9604166666666667 0.08828125000000009 0.9604166666666667 0.08828125000000009 1 0.1906250000000001 1
1 0.4820312500000001 0.8302083333333333 0.37578125000000007 0.8302083333333333 0.37578125000000007 1 0.4820312500000002 1
1 0.3945312500000001 0.7041666666666667 0.2843750000000001 0.7041666666666667 0.2843750000000001 0.9479166666666666 0.3945312500000001 0.9479166666666666
1 0.49609375 0.6958333333333333 0.39921875000000007 0.6958333333333333 0.39921875000000007 0.8979166666666667 0.49609375 0.8979166666666667
1 0.5046875 0.5427083333333333 0.4265625 0.5427083333333333 0.4265625 0.6947916666666667 0.5046875 0.6947916666666667
1 0.4953125 0.43333333333333346 0.434375 0.43333333333333346 0.434375 0.5520833333333334 0.4953125 0.5520833333333334
1 0.42890625 0.4114583333333334 0.3796875 0.4114583333333334 0.3796875 0.4791666666666668 0.42890625 0.4791666666666668
1 0.42421875 0.4833333333333334 0.34453125 0.48333333333333334 0.34453125000000007 0.6229166666666667 0.42421875 0.6229166666666667
1 0.3875 0.3552083333333334 0.33671875 0.35520833333333335 0.33671875 0.4416666666666667 0.3875 0.44166666666666676
1 0.4453125 0.35520833333333346 0.3890625 0.35520833333333346 0.3890625 0.44583333333333347 0.4453125 0.44583333333333347
1 0.49765625 0.3875000000000001 0.4484375 0.3875000000000001 0.4484375 0.4354166666666668 0.49765625 0.4354166666666668
1 0.5140625 0.33750000000000013 0.46953125 0.33750000000000013 0.46953125 0.41041666666666676 0.5140625 0.41041666666666676
1 0.52109375 0.2937500000000001 0.48828125 0.2937500000000001 0.48828125 0.3666666666666668 0.52109375 0.3666666666666668
1 0.46953125 0.2791666666666668 0.4359375 0.2791666666666668 0.4359375 0.34270833333333345 0.46953125 0.34270833333333345
1 0.428125 0.29583333333333345 0.390625 0.29583333333333345 0.390625 0.34791666666666676 0.428125 0.34791666666666676
1 0.43046875 0.2510416666666667 0.39375 0.2510416666666667 0.39375 0.31458333333333344 0.43046875 0.31458333333333344
1 0.53125 0.26354166666666673 0.49765625 0.26354166666666673 0.49765625 0.31875000000000014 0.53125 0.31875000000000014
1 0.52890625 0.24062500000000006 0.5046875 0.24062500000000006 0.5046875 0.2708333333333334 0.52890625 0.2708333333333334
1 0.53125 0.22500000000000006 0.5109375 0.22500000000000006 0.5109375 0.2427083333333334 0.53125 0.2427083333333334
1 0.53125 0.20000000000000007 0.51171875 0.20000000000000007 0.51171875 0.22604166666666672 0.53125 0.22604166666666672
1 0.5421875 0.19062500000000007 0.5234375 0.19062500000000007 0.5234375 0.2239583333333334 0.5421875 0.2239583333333334
1 0.540625 0.17291666666666672 0.51953125 0.17291666666666672 0.51953125 0.19479166666666672 0.540625 0.19479166666666672
1 0.54765625 0.15729166666666675 0.52890625 0.15729166666666672 0.52890625 0.1906250000000001 0.54765625 0.19062500000000013
1 0.50703125 0.18437500000000007 0.4875 0.18437500000000007 0.4875 0.2083333333333334 0.50703125 0.2083333333333334
1 0.50859375 0.16979166666666673 0.49140625 0.16979166666666673 0.49140625 0.1864583333333334 0.50859375 0.1864583333333334
1 0.51484375 0.15416666666666673 0.50078125 0.15416666666666673 0.50078125 0.1833333333333334 0.51484375 0.1833333333333334
1 0.49609375 0.14791666666666672 0.48125 0.14791666666666672 0.48125 0.17604166666666674 0.49609375 0.17604166666666674
1 0.50390625 0.1395833333333334 0.48984375 0.1395833333333334 0.48984375 0.15312500000000007 0.50390625 0.15312500000000007
1 0.5109375 0.1333333333333334 0.49921875 0.1333333333333334 0.49921875 0.1520833333333334 0.5109375 0.1520833333333334
1 0.51484375 0.1281250000000001 0.50859375 0.1281250000000001 0.50859375 0.13750000000000007 0.51484375 0.13750000000000007
1 0.521875 0.11770833333333343 0.509375 0.11770833333333343 0.509375 0.1364583333333334 0.521875 0.1364583333333334
1 0.5171875 0.10729166666666676 0.5078125 0.10729166666666676 0.5078125 0.11562500000000009 0.5171875 0.11562500000000009
1 0.51796875 0.09479166666666676 0.50625 0.09479166666666676 0.50625 0.10312500000000009 0.51796875 0.10312500000000009
1 0.54140625 0.13854166666666673 0.52421875 0.13854166666666673 0.52421875 0.1614583333333334 0.54140625 0.1614583333333334
1 0.54921875 0.1281250000000001 0.534375 0.1281250000000001 0.534375 0.15625000000000008 0.54921875 0.1562500000000001
3 0.54296875 0.10312500000000009 0.528125 0.10312500000000009 0.528125 0.1364583333333334 0.54296875 0.1364583333333334
2 0.49375 0.09583333333333342 0.48828125 0.09583333333333342 0.48828125 0.11250000000000009 0.49375 0.11250000000000009
3 0.49140625 0.1770833333333334 0.45859375 0.1770833333333334 0.45859375 0.2520833333333334 0.49140625 0.2520833333333334
1 0.48046875 0.2520833333333334 0.45234375 0.2520833333333334 0.45234375 0.28958333333333347 0.48046875 0.28958333333333347