2 0.71171875 0.4444444444444446 0.68828125 0.4444444444444446 0.68828125 0.5083333333333335 0.71171875 0.5083333333333335
2 0.17187500000000006 0.7902777777777777 0.10390625000000005 0.7902777777777777 0.10390625000000005 0.9402777777777778 0.17187500000000006 0.9402777777777778
2 0.65546875 0.6625000000000002 0.6140625 0.6625000000000002 0.6140625 0.7708333333333334 0.65546875 0.7708333333333334
2 0.34062500000000007 0.6805555555555556 0.2882812500000001 0.6805555555555556 0.2882812500000001 0.8055555555555556 0.34062500000000007 0.8055555555555556
2 0.75 0.5055555555555558 0.721875 0.5055555555555558 0.721875 0.5833333333333335 0.75 0.5833333333333335
2 0.865625 0.5305555555555557 0.83125 0.5305555555555557 0.83125 0.6180555555555557 0.865625 0.6180555555555557
2 0.68125 0.47500000000000014 0.65703125 0.47500000000000014 0.65703125 0.5388888888888891 0.68125 0.5388888888888891
2 0.4453125 0.6055555555555557 0.40390625 0.6055555555555557 0.40390625 0.7166666666666667 0.4453125 0.7166666666666667
2 0.58984375 0.640277777777778 0.54609375 0.640277777777778 0.54609375 0.7541666666666667 0.58984375 0.7541666666666667
2 0.70625 0.5916666666666668 0.671875 0.5916666666666668 0.671875 0.6916666666666669 0.70625 0.6916666666666669
2 0.8796875 0.741666666666667 0.83359375 0.741666666666667 0.83359375 0.8750000000000003 0.8796875 0.8750000000000003
2 0.6859375 0.4333333333333335 0.66328125 0.4333333333333335 0.66328125 0.4916666666666668 0.6859375 0.4916666666666668
2 0.665625 0.5055555555555558 0.63828125 0.5055555555555558 0.63828125 0.5819444444444446 0.665625 0.5819444444444446
2 0.81171875 0.4055555555555557 0.790625 0.4055555555555557 0.790625 0.46250000000000013 0.81171875 0.46250000000000013
2 0.52265625 0.6319444444444446 0.4796875 0.6319444444444446 0.4796875 0.7472222222222222 0.52265625 0.7472222222222222
2 0.7796875 0.4277777777777779 0.7609375 0.4277777777777779 0.7609375 0.4833333333333335 0.7796875 0.4833333333333335
2 0.740625 0.3583333333333335 0.721875 0.3583333333333335 0.721875 0.4069444444444446 0.740625 0.4069444444444446
2 0.98515625 0.7875000000000003 0.93125 0.7875000000000003 0.93125 0.9722222222222225 0.98515625 0.9722222222222225
2 0.78828125 0.5236111111111112 0.759375 0.5236111111111112 0.759375 0.6041666666666669 0.78828125 0.6041666666666669
2 0.7546875 0.46111111111111125 0.73046875 0.46111111111111125 0.73046875 0.5194444444444446 0.7546875 0.5194444444444446
2 0.84609375 0.4847222222222224 0.821875 0.4847222222222224 0.821875 0.5555555555555557 0.84609375 0.5555555555555557
2 0.60703125 0.5763888888888891 0.5734375 0.5763888888888891 0.5734375 0.665277777777778 0.60703125 0.665277777777778
2 0.8078125 0.6638888888888891 0.771875 0.6638888888888891 0.771875 0.7680555555555558 0.8078125 0.7680555555555558
2 0.721875 0.3652777777777779 0.7015625 0.3652777777777779 0.7015625 0.41666666666666685 0.721875 0.41666666666666685
2 0.803125 0.4833333333333335 0.778125 0.4833333333333335 0.778125 0.551388888888889 0.803125 0.551388888888889
2 0.65390625 0.5930555555555557 0.62265625 0.5930555555555557 0.62265625 0.6750000000000002 0.65390625 0.6750000000000002
2 0.81953125 0.8000000000000003 0.77421875 0.8000000000000003 0.77421875 0.9402777777777781 0.81953125 0.9402777777777781
2 0.74296875 0.4097222222222224 0.721875 0.4097222222222224 0.721875 0.46666666666666684 0.74296875 0.46666666666666684
2 0.87265625 0.4347222222222224 0.846875 0.4347222222222224 0.846875 0.501388888888889 0.87265625 0.501388888888889
2 0.825 0.4638888888888891 0.80234375 0.4638888888888891 0.80234375 0.5291666666666668 0.825 0.5291666666666668
2 0.70078125 0.4013888888888891 0.67890625 0.4013888888888891 0.67890625 0.45416666666666683 0.70078125 0.45416666666666683
2 0.83046875 0.6000000000000002 0.7953125 0.6000000000000002 0.7953125 0.6944444444444446 0.83046875 0.6944444444444446
2 0.5859375 0.5486111111111113 0.55859375 0.5486111111111113 0.55859375 0.627777777777778 0.5859375 0.627777777777778
2 0.840625 0.4222222222222224 0.81875 0.4222222222222224 0.81875 0.4777777777777779 0.840625 0.4777777777777779
2 0.765625 0.4361111111111113 0.74453125 0.4361111111111113 0.74453125 0.4916666666666668 0.765625 0.4916666666666668
2 0.79375 0.38333333333333347 0.77578125 0.38333333333333347 0.77578125 0.4319444444444446 0.79375 0.4319444444444446
2 0.76640625 0.3875000000000002 0.746875 0.3875000000000002 0.746875 0.43888888888888905 0.76640625 0.43888888888888905
2 0.85546875 0.4069444444444446 0.8359375 0.4069444444444446 0.8359375 0.45972222222222237 0.85546875 0.45972222222222237
1 0.32890625000000007 0.6125 0.20625 0.6125 0.20625000000000004 0.7555555555555555 0.32890625000000007 0.7555555555555555
1 0.50078125 0.502777777777778 0.425 0.502777777777778 0.425 0.5958333333333334 0.50078125 0.5958333333333334
1 0.18750000000000006 0.6291666666666667 0.03671875000000004 0.6291666666666667 0.03671875000000005 0.7638888888888888 0.18750000000000006 0.7638888888888888
1 0.60859375 0.4069444444444446 0.55234375 0.4069444444444446 0.55234375 0.4833333333333335 0.60859375 0.4833333333333335
1 0.640625 0.3652777777777779 0.60390625 0.3652777777777779 0.60390625 0.4194444444444446 0.640625 0.4194444444444446
1 0.66640625 0.3333333333333335 0.63671875 0.3333333333333335 0.63671875 0.3819444444444446 0.66640625 0.3819444444444446
1 0.63203125 0.31527777777777793 0.60390625 0.31527777777777793 0.60390625 0.3569444444444446 0.63203125 0.3569444444444446
1 0.67890625 0.3027777777777779 0.65390625 0.3027777777777779 0.65390625 0.34027777777777796 0.67890625 0.34027777777777796