8 0.63984375 0.313888888888889 0.5328125 0.313888888888889 0.5328125 0.5319444444444446 0.63984375 0.5319444444444446
2 0.76875 0.3097222222222224 0.73515625 0.3097222222222224 0.73515625 0.3875000000000002 0.76875 0.3875000000000002
2 0.7140625 0.27361111111111125 0.67734375 0.27361111111111125 0.67734375 0.3597222222222224 0.7140625 0.3597222222222224
2 0.66875 0.24722222222222237 0.63828125 0.24722222222222237 0.63828125 0.3333333333333335 0.66875 0.3333333333333335
2 0.5890625 0.23750000000000016 0.5609375 0.23750000000000016 0.5609375 0.3027777777777779 0.5890625 0.3027777777777779
2 0.35078125 0.30416666666666675 0.321875 0.30416666666666675 0.321875 0.39305555555555555 0.35078125 0.39305555555555555
2 0.28046875 0.3861111111111111 0.24921875 0.3861111111111111 0.24921875 0.5111111111111111 0.28046875 0.5111111111111111
2 0.21953125 0.4027777777777778 0.19062500000000004 0.4027777777777778 0.19062500000000004 0.49166666666666664 0.21953125 0.49166666666666664
2 0.10625000000000004 0.37777777777777777 0.050000000000000024 0.37777777777777777 0.050000000000000024 0.44027777777777777 0.10625000000000004 0.44027777777777777
2 0.23828125 0.26805555555555566 0.18671875 0.26805555555555566 0.18671875 0.313888888888889 0.23828125 0.313888888888889
1 0.5640625 0.25833333333333347 0.51484375 0.2583333333333334 0.51484375 0.36250000000000016 0.5640625 0.36250000000000016
2 0.459375 0.19861111111111118 0.44296875 0.19861111111111118 0.44296875 0.2597222222222223 0.459375 0.2597222222222223