2 0.75078125 0.4708333333333335 0.7234375 0.4708333333333335 0.7234375 0.6013888888888891 0.75078125 0.6013888888888891
2 0.93984375 0.4777777777777779 0.865625 0.4777777777777779 0.865625 0.5847222222222224 0.93984375 0.5847222222222224
2 0.17734375000000005 0.5166666666666667 0.13984375000000004 0.5166666666666667 0.13984375000000004 0.6597222222222222 0.17734375000000005 0.6597222222222222
2 0.57734375 0.24166666666666684 0.56484375 0.24166666666666684 0.56484375 0.28888888888888903 0.57734375 0.28888888888888903
2 0.346875 0.2347222222222223 0.32578125 0.2347222222222223 0.32578125 0.3000000000000001 0.346875 0.3000000000000001
2 0.61953125 0.22361111111111126 0.60390625 0.22361111111111126 0.60390625 0.2847222222222224 0.61953125 0.2847222222222224
2 0.41328125 0.3069444444444445 0.38671875 0.3069444444444445 0.38671875 0.39861111111111125 0.41328125 0.39861111111111125
2 0.3734375 0.23750000000000007 0.3546875 0.23750000000000007 0.3546875 0.2972222222222223 0.3734375 0.2972222222222223
1 0.48359375 0.8472222222222222 0.3343750000000001 0.8472222222222222 0.3343750000000001 1 0.48359375 1
14 0.478125 0.2819444444444445 0.41875 0.2819444444444445 0.41875 0.44583333333333347 0.478125 0.44583333333333347
1 0.434375 0.19444444444444453 0.39765625 0.19444444444444453 0.39765625 0.26388888888888895 0.434375 0.26388888888888895
14 0.71484375 0.2972222222222224 0.55546875 0.2972222222222224 0.55546875 0.627777777777778 0.71484375 0.627777777777778
14 0.38750000000000007 0.2958333333333334 0.22890625 0.2958333333333334 0.22890625000000003 0.6541666666666668 0.38750000000000007 0.6541666666666668
8 0.47265625 0.20694444444444451 0.4359375 0.20694444444444451 0.4359375 0.2750000000000001 0.47265625 0.2750000000000001
8 0.52265625 0.13333333333333344 0.49609375 0.13333333333333344 0.49609375 0.20555555555555563 0.52265625 0.20555555555555563
2 0.234375 0.4513888888888889 0.2140625 0.4513888888888889 0.2140625 0.5763888888888888 0.234375 0.5763888888888888