2 0.36015625 0.20694444444444451 0.33359375 0.20694444444444451 0.33359375 0.2458333333333334 0.36015625 0.2458333333333334
2 0.45546875 0.20555555555555563 0.42890625 0.20555555555555563 0.42890625 0.2458333333333334 0.45546875 0.2458333333333334
1 0.5203125 0.19305555555555565 0.46171875 0.19305555555555565 0.46171875 0.2472222222222223 0.5203125 0.2472222222222223
1 0.54609375 0.29722222222222233 0.49609375 0.2972222222222223 0.49609375 0.39861111111111125 0.54609375 0.39861111111111125
1 0.70625 0.22638888888888906 0.6640625 0.22638888888888906 0.6640625 0.2763888888888891 0.70625 0.2763888888888891
8 0.8234375 0.4208333333333335 0.50703125 0.4208333333333335 0.50703125 0.9986111111111112 0.8234375 0.9986111111111114
14 0.87421875 0.5180555555555557 0.715625 0.5180555555555557 0.715625 0.8263888888888891 0.87421875 0.8263888888888892
14 0.70625 0.28611111111111126 0.5953125 0.28611111111111126 0.5953125 0.502777777777778 0.70625 0.502777777777778
2 0.76171875 0.36250000000000016 0.73671875 0.36250000000000016 0.73671875 0.4430555555555557 0.76171875 0.4430555555555557
1 0.65625 0.25138888888888905 0.60703125 0.25138888888888905 0.60703125 0.28888888888888903 0.65625 0.28888888888888903
14 0.56015625 0.24305555555555566 0.51015625 0.24305555555555564 0.51015625 0.2986111111111112 0.56015625 0.29861111111111127
1 0.74140625 0.2166666666666668 0.70703125 0.2166666666666668 0.70703125 0.2569444444444446 0.74140625 0.2569444444444446