2 0.2046875 0.44305555555555554 0.17734375000000005 0.44305555555555554 0.17734375000000005 0.5597222222222222 0.2046875 0.5597222222222222
2 0.56953125 0.5236111111111112 0.5359375 0.5236111111111112 0.5359375 0.651388888888889 0.56953125 0.651388888888889
2 0.054687500000000035 0.42083333333333334 0.027343750000000035 0.42083333333333334 0.027343750000000035 0.5305555555555556 0.05468750000000004 0.5305555555555556
2 0.421875 0.1722222222222223 0.40859375 0.1722222222222223 0.40859375 0.2250000000000001 0.421875 0.2250000000000001
2 0.55 0.21111111111111122 0.53828125 0.2111111111111112 0.53828125 0.263888888888889 0.55 0.26388888888888906
2 0.66875 0.27361111111111125 0.6546875 0.27361111111111125 0.6546875 0.34027777777777796 0.66875 0.34027777777777796
2 1 0.8972222222222226 0.975 0.8972222222222226 0.975 1.0000000000000002 1 1.0000000000000002
2 0.61953125 0.21527777777777793 0.60859375 0.21527777777777793 0.60859375 0.2611111111111113 0.61953125 0.2611111111111113
2 0.5859375 0.16111111111111123 0.57578125 0.16111111111111123 0.57578125 0.20416666666666683 0.5859375 0.20416666666666683
1 0.6390625 0.2902777777777779 0.6 0.2902777777777779 0.6 0.37638888888888905 0.6390625 0.37638888888888905
1 0.32890625000000007 0.8263888888888888 0.16015625000000006 0.8263888888888888 0.16015625000000006 1 0.32890625000000007 1
8 0.54453125 0.11388888888888901 0.50625 0.11388888888888901 0.50625 0.201388888888889 0.54453125 0.20138888888888903
8 0.46796875 0.13194444444444453 0.4453125 0.13194444444444453 0.4453125 0.18055555555555564 0.46796875 0.18055555555555564