2 0.1296875 0.1666666666666667 0.11640625 0.1666666666666667 0.11640625 0.21944444444444444 0.1296875 0.21944444444444444
2 0.1765625 0.21805555555555556 0.1609375 0.21805555555555556 0.1609375 0.2791666666666667 0.1765625 0.2791666666666667
1 0.29609375 0.21944444444444453 0.25546875 0.21944444444444453 0.25546875 0.2736111111111112 0.29609375 0.2736111111111112
8 0.4421875 0.16388888888888897 0.34296875 0.16388888888888897 0.34296875 0.24166666666666675 0.4421875 0.24166666666666675
14 0.690625 0.5611111111111112 0.51796875 0.5611111111111112 0.51796875 0.9305555555555556 0.690625 0.9305555555555556
8 0.99921875 0.6055555555555557 0.74453125 0.6055555555555557 0.74453125 0.9944444444444448 0.99921875 0.9944444444444448
1 0.6375 0.41666666666666685 0.5609375 0.41666666666666685 0.5609375 0.5472222222222224 0.6375 0.5472222222222224
14 0.584375 0.21666666666666679 0.51171875 0.21666666666666676 0.51171875 0.44027777777777793 0.584375 0.44027777777777793
14 0.653125 0.22916666666666682 0.6 0.22916666666666682 0.6 0.3791666666666668 0.653125 0.3791666666666668
2 0.7078125 0.2444444444444446 0.69375 0.2444444444444446 0.69375 0.3041666666666668 0.7078125 0.3041666666666668
14 0.73125 0.18055555555555572 0.65390625 0.18055555555555572 0.65390625 0.2694444444444446 0.73125 0.2694444444444446
2 0.76171875 0.3597222222222224 0.73828125 0.3597222222222224 0.73828125 0.4416666666666668 0.76171875 0.4416666666666668
2 0.8828125 0.4833333333333335 0.846875 0.4833333333333335 0.846875 0.5944444444444446 0.8828125 0.5944444444444446
2 0.95234375 0.4694444444444446 0.925 0.4694444444444446 0.925 0.5750000000000002 0.95234375 0.5750000000000002
2 0.978125 0.48611111111111127 0.95703125 0.48611111111111127 0.95703125 0.602777777777778 0.978125 0.602777777777778