2 0.77109375 0.3055555555555557 0.725 0.3055555555555557 0.725 0.41250000000000014 0.77109375 0.41250000000000014
2 0.82265625 0.4944444444444446 0.74296875 0.4944444444444446 0.74296875 0.6736111111111113 0.82265625 0.6736111111111113
2 0.32265625 0.33055555555555566 0.28203125 0.33055555555555566 0.28203125 0.4263888888888889 0.32265625 0.4263888888888889
2 0.12187500000000004 0.3458333333333333 0.051562500000000025 0.3458333333333333 0.051562500000000025 0.4444444444444444 0.12187500000000004 0.4444444444444444
2 0.2375 0.26805555555555566 0.1890625 0.26805555555555566 0.1890625 0.3152777777777779 0.2375 0.3152777777777779
2 0.32109375 0.26527777777777783 0.3046875 0.26527777777777783 0.3046875 0.33055555555555566 0.32109375 0.33055555555555566
2 0.36328125 0.2472222222222223 0.34609375 0.2472222222222223 0.34609375 0.31250000000000006 0.36328125 0.31250000000000006
2 0.59765625 0.3652777777777779 0.56484375 0.3652777777777779 0.56484375 0.48611111111111127 0.59765625 0.48611111111111127
2 0.703125 0.2541666666666668 0.66875 0.2541666666666668 0.66875 0.3194444444444446 0.703125 0.3194444444444446
2 0.62890625 0.2208333333333335 0.60859375 0.2208333333333335 0.60859375 0.2958333333333335 0.62890625 0.2958333333333335
1 0.4609375 0.21805555555555564 0.41875 0.21805555555555564 0.41875 0.2847222222222223 0.4609375 0.2847222222222223
2 0.23046875000000006 0.5055555555555555 0.17578125000000006 0.5055555555555555 0.17578125000000006 0.6541666666666667 0.23046875000000008 0.6541666666666667
2 0.28984375 0.26944444444444454 0.265625 0.26944444444444454 0.265625 0.3500000000000001 0.28984375 0.3500000000000001
2 0.3421875 0.23055555555555562 0.3265625 0.23055555555555562 0.3265625 0.30416666666666675 0.3421875 0.30416666666666675
2 0.3609375 0.1861111111111112 0.3421875 0.1861111111111112 0.3421875 0.2458333333333334 0.3609375 0.2458333333333334