2 0.26093750000000004 0.5263888888888889 0.2015625 0.5263888888888889 0.20156250000000003 0.6875 0.2609375000000001 0.6875
1 0.57421875 0.24444444444444458 0.5296875 0.24444444444444452 0.5296875 0.3250000000000001 0.57421875 0.3250000000000002
1 0.634375 0.26527777777777795 0.5921875 0.26527777777777795 0.5921875 0.3305555555555557 0.634375 0.3305555555555557
14 0.6875 0.19444444444444461 0.6265625 0.19444444444444461 0.6265625 0.2805555555555557 0.6875 0.2805555555555557
1 0.36953125 0.1833333333333334 0.30390625 0.1833333333333334 0.30390625 0.23194444444444454 0.36953125 0.23194444444444454
2 0.50703125 0.24305555555555564 0.48203125 0.24305555555555564 0.48203125 0.2958333333333334 0.50703125 0.2958333333333334
2 0.7796875 0.37638888888888905 0.75234375 0.37638888888888905 0.75234375 0.46527777777777796 0.7796875 0.46527777777777796
8 0.7015625 0.46250000000000013 0.51953125 0.46250000000000013 0.51953125 0.9180555555555555 0.7015625 0.9180555555555555
14 0.7953125 0.44583333333333347 0.66875 0.44583333333333347 0.66875 0.7000000000000002 0.7953125 0.7000000000000002
8 0.221875 0.1180555555555556 0.16875 0.1180555555555556 0.16875 0.20138888888888892 0.221875 0.20138888888888898
2 0.7125 0.2972222222222224 0.6953125 0.2972222222222224 0.6953125 0.3680555555555557 0.7125 0.3680555555555557
14 0.71953125 0.18611111111111128 0.68828125 0.18611111111111128 0.68828125 0.23750000000000016 0.71953125 0.23750000000000016
2 0.4453125 0.19583333333333341 0.4234375 0.19583333333333341 0.4234375 0.23750000000000007 0.4453125 0.23750000000000007
2 0.48359375 0.22777777777777786 0.45546875 0.22777777777777786 0.45546875 0.27777777777777785 0.48359375 0.27777777777777785