2 0.4484375 0.1722222222222223 0.42734375 0.1722222222222223 0.42734375 0.23194444444444454 0.4484375 0.23194444444444454
2 0.72890625 0.3027777777777779 0.7078125 0.3027777777777779 0.7078125 0.3958333333333335 0.72890625 0.3958333333333335
2 0.83671875 0.39166666666666683 0.79609375 0.39166666666666683 0.79609375 0.4958333333333335 0.83671875 0.4958333333333335
2 0.98046875 0.626388888888889 0.9140625 0.626388888888889 0.9140625 0.8138888888888892 0.98046875 0.8138888888888892
2 0.6796875 0.21805555555555572 0.66171875 0.21805555555555572 0.66171875 0.27361111111111125 0.6796875 0.27361111111111125
2 0.6859375 0.2680555555555557 0.665625 0.2680555555555557 0.665625 0.3305555555555557 0.6859375 0.3305555555555557
1 0.48046875 0.11250000000000011 0.46015625 0.11250000000000011 0.46015625 0.1500000000000001 0.48046875 0.1500000000000001
1 0.4859375 0.10555555555555568 0.4671875 0.10555555555555568 0.4671875 0.14166666666666677 0.4859375 0.14166666666666677
1 0.46171875 0.10416666666666677 0.44296875 0.10416666666666674 0.44296875 0.13472222222222233 0.46171875 0.13472222222222235
1 0.45078125 0.11250000000000007 0.42734375 0.11250000000000007 0.42734375 0.14583333333333343 0.45078125 0.14583333333333343
1 0.4765625 0.0625000000000001 0.4625 0.0625000000000001 0.4625 0.0875000000000001 0.4765625 0.0875000000000001
1 0.6734375 0.27222222222222237 0.63046875 0.27222222222222237 0.63046875 0.3666666666666668 0.6734375 0.3666666666666668
8 0.64609375 0.16250000000000014 0.528125 0.16250000000000012 0.528125 0.5500000000000002 0.64609375 0.5500000000000002