2 0.9078125 0.6388888888888891 0.8625 0.6388888888888891 0.8625 0.7930555555555558 0.9078125 0.7930555555555558
2 0.321875 0.36944444444444446 0.29609375 0.36944444444444446 0.29609375 0.48194444444444445 0.321875 0.48194444444444445
2 0.87265625 0.4694444444444446 0.809375 0.4694444444444446 0.809375 0.5805555555555557 0.87265625 0.5805555555555557
2 0.596875 0.24166666666666684 0.58203125 0.24166666666666684 0.58203125 0.32222222222222235 0.596875 0.32222222222222235
2 0.559375 0.2625000000000001 0.53984375 0.26250000000000007 0.53984375 0.34444444444444455 0.559375 0.3444444444444446
2 0.65703125 0.825 0.6 0.825 0.6 0.9916666666666667 0.65703125 0.9916666666666667
2 0.34375 0.3291666666666667 0.32734375 0.3291666666666667 0.32734375 0.39444444444444443 0.34375 0.39444444444444443
2 0.40390625 0.2111111111111112 0.3875 0.2111111111111112 0.3875 0.2805555555555556 0.40390625 0.2805555555555556
2 0.49765625 0.2986111111111112 0.4796875 0.2986111111111112 0.4796875 0.3736111111111113 0.49765625 0.3736111111111113
2 0.6265625 0.21111111111111128 0.609375 0.21111111111111128 0.609375 0.2694444444444446 0.6265625 0.2694444444444446
2 0.58203125 0.19166666666666682 0.565625 0.19166666666666682 0.565625 0.24305555555555572 0.58203125 0.24305555555555572
2 0.6578125 0.29305555555555574 0.615625 0.29305555555555574 0.615625 0.3791666666666668 0.6578125 0.3791666666666668
1 0.390625 0.426388888888889 0.31796875 0.4263888888888889 0.31796875 0.5819444444444445 0.390625 0.5819444444444446
1 0.6671875 0.665277777777778 0.53046875 0.665277777777778 0.53046875 0.8972222222222223 0.6671875 0.8972222222222223
1 0.48046875 0.6458333333333334 0.3554687500000001 0.6458333333333334 0.3554687500000001 1 0.48046875 1
1 0.48359375 0.3347222222222223 0.428125 0.3347222222222223 0.428125 0.45416666666666683 0.48359375 0.45416666666666683
1 0.2296875 0.36527777777777776 0.10390625000000005 0.36527777777777776 0.10390625000000005 0.46944444444444444 0.2296875 0.46944444444444444
1 0.44765625 0.2736111111111112 0.40625 0.2736111111111112 0.40625 0.3500000000000001 0.44765625 0.3500000000000001
1 0.4734375 0.21944444444444453 0.4390625 0.21944444444444453 0.4390625 0.2958333333333334 0.4734375 0.2958333333333334
1 0.6578125 0.29305555555555574 0.615625 0.29305555555555574 0.615625 0.3791666666666668 0.6578125 0.3791666666666668
1 0.540625 0.17083333333333345 0.509375 0.17083333333333345 0.509375 0.22638888888888897 0.540625 0.22638888888888897
8 0.46640625 0.1500000000000001 0.43203125 0.15000000000000008 0.43203125 0.2361111111111112 0.46640625 0.2361111111111112
2 0.3625 0.301388888888889 0.3453125 0.301388888888889 0.3453125 0.3597222222222222 0.3625 0.3597222222222222
2 0.34921875 0.2708333333333334 0.334375 0.2708333333333334 0.334375 0.3291666666666667 0.34921875 0.3291666666666667