2 0.07578125000000005 0.6986111111111111 0.008593750000000048 0.6986111111111111 0.008593750000000056 0.9375 0.07578125000000006 0.9375
2 0.85546875 0.4958333333333335 0.803125 0.4958333333333335 0.803125 0.6527777777777779 0.85546875 0.6527777777777779
2 0.646875 0.26388888888888906 0.62578125 0.26388888888888906 0.62578125 0.34027777777777796 0.646875 0.34027777777777796
2 0.559375 0.22638888888888906 0.54453125 0.22638888888888906 0.54453125 0.2819444444444446 0.559375 0.2819444444444446
2 0.715625 0.25138888888888905 0.69453125 0.25138888888888905 0.69453125 0.31527777777777793 0.715625 0.31527777777777793
2 0.62890625 0.21111111111111128 0.6125 0.21111111111111128 0.6125 0.2625000000000002 0.62890625 0.2625000000000002
2 0.6515625 0.1958333333333335 0.6328125 0.1958333333333335 0.6328125 0.24305555555555572 0.6515625 0.24305555555555572
1 0.57578125 0.1500000000000001 0.54375 0.1500000000000001 0.54375 0.2027777777777779 0.57578125 0.20277777777777795
1 0.4484375 0.1222222222222223 0.41640625 0.1222222222222223 0.41640625 0.17083333333333342 0.4484375 0.17083333333333342
1 0.55546875 0.10000000000000012 0.53046875 0.10000000000000012 0.53046875 0.13611111111111124 0.55546875 0.13611111111111124
8 0.48203125 0.10138888888888899 0.44921875 0.10138888888888897 0.44921875 0.19583333333333341 0.48203125 0.19583333333333341
8 0.5421875 0.1666666666666668 0.5078125 0.1666666666666668 0.5078125 0.251388888888889 0.5421875 0.251388888888889