2 0.6953125 0.6597222222222224 0.60625 0.6597222222222224 0.60625 0.8236111111111111 0.6953125 0.8236111111111111
2 0.2054687500000001 0.6958333333333333 0.15937500000000004 0.6958333333333333 0.15937500000000004 0.9013888888888889 0.2054687500000001 0.9013888888888889
2 0.82890625 0.5958333333333334 0.78359375 0.5958333333333334 0.78359375 0.7486111111111114 0.82890625 0.7486111111111114
2 0.6984375 0.4569444444444446 0.66484375 0.4569444444444446 0.66484375 0.5861111111111112 0.6984375 0.5861111111111112
2 0.93671875 0.8486111111111114 0.86640625 0.8486111111111114 0.86640625 0.9958333333333337 0.93671875 0.9958333333333337
2 0.74375 0.4694444444444446 0.71328125 0.4694444444444446 0.71328125 0.5972222222222224 0.74375 0.5972222222222224
2 0.30546875 0.4 0.24921875 0.4 0.24921875 0.5 0.30546875 0.5
2 0.590625 0.2819444444444446 0.57265625 0.2819444444444446 0.57265625 0.37638888888888905 0.590625 0.37638888888888905
2 0.44765625 0.6333333333333335 0.40703125 0.6333333333333335 0.40703125 0.7958333333333333 0.44765625 0.7958333333333333
2 0.13671875000000006 0.3736111111111111 0.07734375000000002 0.3736111111111111 0.07734375000000002 0.4736111111111111 0.13671875000000006 0.4736111111111111
2 0.57265625 0.627777777777778 0.4953125 0.627777777777778 0.4953125 0.7666666666666667 0.57265625 0.7666666666666667
2 0.32734375 0.2958333333333334 0.3078125 0.2958333333333334 0.3078125 0.3875 0.32734375 0.3875
2 0.62265625 0.2708333333333335 0.60625 0.2708333333333335 0.60625 0.35555555555555574 0.62265625 0.35555555555555574
2 0.87734375 0.4833333333333335 0.8421875 0.4833333333333335 0.8421875 0.6097222222222224 0.87734375 0.6097222222222224
2 0.19921875000000006 0.5597222222222222 0.16406250000000006 0.5597222222222222 0.16406250000000006 0.7083333333333334 0.19921875000000006 0.7083333333333334
2 0.56640625 0.25000000000000017 0.546875 0.25000000000000017 0.546875 0.32916666666666683 0.56640625 0.32916666666666683
2 0.9875 0.6444444444444446 0.94296875 0.6444444444444446 0.94296875 0.8125000000000003 0.9875 0.8125000000000003
2 0.825 0.526388888888889 0.78984375 0.526388888888889 0.78984375 0.6458333333333335 0.825 0.6458333333333335
2 0.36875 0.33055555555555566 0.34453125 0.33055555555555566 0.34453125 0.42777777777777787 0.36875 0.4277777777777779
2 0.72109375 0.3194444444444446 0.69453125 0.3194444444444446 0.69453125 0.4069444444444446 0.72109375 0.4069444444444446
2 0.5171875 0.5805555555555557 0.4578125 0.5805555555555557 0.4578125 0.7083333333333335 0.5171875 0.7083333333333335
2 0.35859375 0.2597222222222223 0.3390625 0.2597222222222223 0.3390625 0.3347222222222223 0.35859375 0.3347222222222223
2 0.3765625 0.2111111111111112 0.36015625 0.2111111111111112 0.36015625 0.2736111111111112 0.3765625 0.2736111111111112
2 0.5890625 0.22916666666666682 0.571875 0.22916666666666682 0.571875 0.28611111111111126 0.5890625 0.28611111111111126
2 0.021093750000000036 0.46944444444444444 3.2338329539984796e-17 0.46944444444444444 3.6595890677645513e-17 0.5930555555555556 0.02109375000000004 0.5930555555555556
2 0.45625 0.22638888888888897 0.43671875 0.22638888888888897 0.43671875 0.2847222222222223 0.45625 0.2847222222222223
2 0.26484375 0.36666666666666664 0.22734375 0.36666666666666664 0.22734375 0.4527777777777778 0.26484375 0.4527777777777778
1 0.3945312500000001 0.6833333333333335 0.2835937500000001 0.6833333333333333 0.2835937500000001 0.9722222222222222 0.3945312500000001 0.9722222222222222
1 0.50625 0.2750000000000001 0.43828125 0.2750000000000001 0.43828125 0.3569444444444446 0.50625 0.3569444444444446
1 0.41953125 0.24444444444444452 0.3828125 0.24444444444444452 0.3828125 0.31666666666666676 0.41953125 0.31666666666666676
14 0.57890625 0.138888888888889 0.51796875 0.138888888888889 0.51796875 0.25833333333333347 0.57890625 0.25833333333333347
14 0.528125 0.41527777777777786 0.35390625 0.4152777777777778 0.35390625 0.626388888888889 0.528125 0.626388888888889
8 0.20234375 0.30833333333333335 0.12890625 0.30833333333333335 0.12890625000000003 0.42777777777777776 0.20234375 0.42777777777777776
2 0.346875 0.3208333333333334 0.33125 0.3208333333333334 0.33125 0.3888888888888889 0.346875 0.3888888888888889