1 0.8265625 0.42500000000000016 0.6921875 0.42500000000000016 0.6921875 0.627777777777778 0.8265625 0.627777777777778
1 0.6875 0.6486111111111112 0.54921875 0.6486111111111112 0.54921875 0.9097222222222222 0.6875 0.9097222222222222
1 0.6234375 0.4222222222222224 0.53828125 0.4222222222222224 0.53828125 0.6069444444444446 0.6234375 0.6069444444444446
8 0.59921875 0.2666666666666668 0.52890625 0.2666666666666667 0.52890625 0.4152777777777779 0.59921875 0.4152777777777779
1 0.6953125 0.2805555555555557 0.6296875 0.2805555555555557 0.6296875 0.40000000000000013 0.6953125 0.40000000000000013
2 0.759375 0.32083333333333347 0.7328125 0.32083333333333347 0.7328125 0.38472222222222235 0.759375 0.38472222222222235
2 0.6953125 0.2694444444444446 0.678125 0.2694444444444446 0.678125 0.3319444444444446 0.6953125 0.3319444444444446
2 0.66484375 0.2458333333333335 0.65 0.2458333333333335 0.65 0.3041666666666668 0.66484375 0.3041666666666668
2 0.33359375 0.2736111111111112 0.3109375 0.2736111111111112 0.3109375 0.35555555555555557 0.33359375 0.35555555555555557
2 0.23125 0.41388888888888886 0.19687500000000005 0.41388888888888886 0.19687500000000005 0.5138888888888888 0.23125 0.5138888888888888
2 0.11328125000000004 0.37916666666666665 0.057812500000000024 0.37916666666666665 0.057812500000000024 0.43194444444444446 0.11328125000000004 0.43194444444444446
2 0.23046875 0.2611111111111112 0.18515625 0.2611111111111112 0.18515625 0.301388888888889 0.23046875 0.301388888888889
2 0.39765625 0.25416666666666676 0.375 0.25416666666666676 0.375 0.3236111111111112 0.39765625 0.3236111111111112
2 0.3375 0.21388888888888896 0.31796875 0.21388888888888896 0.31796875 0.2805555555555556 0.3375 0.2805555555555556
2 0.3734375 0.18888888888888897 0.3578125 0.18888888888888897 0.3578125 0.25000000000000006 0.3734375 0.25000000000000006