2 0.634375 0.31388888888888905 0.603125 0.31388888888888905 0.603125 0.42361111111111127 0.634375 0.42361111111111127
2 0.53828125 0.24027777777777787 0.50078125 0.24027777777777787 0.50078125 0.3097222222222223 0.53828125 0.3097222222222223
2 0.39375 0.20694444444444451 0.3515625 0.20694444444444451 0.3515625 0.28333333333333344 0.39375 0.28333333333333344
2 0.2703125 0.15833333333333338 0.2453125 0.15833333333333338 0.2453125 0.22361111111111118 0.2703125 0.22361111111111118
8 0.475 0.10277777777777787 0.43046875 0.10277777777777786 0.43046875 0.26388888888888895 0.475 0.26388888888888895
14 0.57421875 0.21805555555555567 0.52578125 0.21805555555555564 0.52578125 0.32222222222222235 0.57421875 0.32222222222222235
2 0.7546875 0.3694444444444446 0.72265625 0.3694444444444446 0.72265625 0.48611111111111127 0.7546875 0.48611111111111127
2 0.59453125 0.31250000000000017 0.5671875 0.31250000000000017 0.5671875 0.4055555555555557 0.59453125 0.4055555555555557
2 0.5453125 0.301388888888889 0.52578125 0.301388888888889 0.52578125 0.37777777777777793 0.5453125 0.37777777777777793
14 0.615625 0.1291666666666668 0.56328125 0.1291666666666668 0.56328125 0.22916666666666682 0.615625 0.22916666666666682
8 0.553125 0.15555555555555567 0.51328125 0.15555555555555567 0.51328125 0.22500000000000012 0.553125 0.22500000000000014
8 0.903125 0.5833333333333335 0.6359375 0.5833333333333335 0.6359375 1.0000000000000002 0.903125 1.0000000000000002