8 0.33828125000000003 0.2291666666666667 0.11484375 0.22916666666666666 0.11484375000000002 0.9569444444444445 0.3382812500000001 0.9569444444444445
1 0.66796875 0.35000000000000014 0.60234375 0.35000000000000014 0.60234375 0.4569444444444446 0.66796875 0.4569444444444446
1 0.5765625 0.24861111111111123 0.5359375 0.2486111111111112 0.5359375 0.30833333333333346 0.5765625 0.3083333333333335
8 0.6359375 0.22638888888888906 0.5921875 0.22638888888888906 0.5921875 0.32916666666666683 0.6359375 0.32916666666666683
1 0.6828125 0.2069444444444446 0.63046875 0.2069444444444446 0.63046875 0.26388888888888906 0.6828125 0.26388888888888906
1 0.59609375 0.2319444444444446 0.56796875 0.2319444444444446 0.56796875 0.28750000000000014 0.59609375 0.28750000000000014
1 0.35390625 0.1833333333333334 0.29609375 0.1833333333333334 0.29609375 0.2347222222222223 0.35390625 0.2347222222222223
2 0.04140625000000004 0.47638888888888886 3.281670719590173e-17 0.47638888888888886 3.74091326927043e-17 0.6097222222222223 0.04140625000000005 0.6097222222222223
2 0.55078125 0.2125000000000001 0.52578125 0.21250000000000008 0.52578125 0.24444444444444458 0.55078125 0.2444444444444446
2 0.3890625 0.20416666666666675 0.36484375 0.20416666666666675 0.36484375 0.24166666666666675 0.3890625 0.24166666666666675
2 0.1703125 0.2152777777777778 0.15390625 0.2152777777777778 0.15390625 0.25972222222222224 0.1703125 0.25972222222222224
2 0.15 0.225 0.1328125 0.225 0.1328125 0.2722222222222222 0.15 0.2722222222222222
2 0.4671875 0.21388888888888896 0.446875 0.21388888888888896 0.446875 0.251388888888889 0.4671875 0.251388888888889
2 0.41640625 0.2097222222222223 0.3921875 0.2097222222222223 0.3921875 0.2486111111111112 0.41640625 0.2486111111111112
2 0.45 0.2097222222222223 0.42421875 0.2097222222222223 0.42421875 0.2527777777777779 0.45 0.2527777777777779
2 0.50546875 0.20138888888888898 0.4796875 0.20138888888888898 0.4796875 0.24305555555555564 0.50546875 0.24305555555555564