2 0.25859375000000007 0.7208333333333333 0.20468750000000008 0.7208333333333333 0.20468750000000008 0.8486111111111111 0.25859375000000007 0.8486111111111111
2 0.3125000000000001 0.8027777777777778 0.2562500000000001 0.8027777777777778 0.2562500000000001 0.9333333333333333 0.3125000000000001 0.9333333333333333
2 0.2140625000000001 0.7861111111111111 0.14687500000000003 0.7861111111111111 0.14687500000000003 0.9416666666666667 0.2140625000000001 0.9416666666666667
2 0.6140625 0.6361111111111113 0.5859375 0.6361111111111113 0.5859375 0.7333333333333333 0.6140625 0.7333333333333333
2 0.5484375 0.6527777777777779 0.50625 0.6527777777777779 0.50625 0.7694444444444445 0.5484375 0.7694444444444445
2 0.56484375 0.5055555555555558 0.53125 0.5055555555555558 0.53125 0.5930555555555557 0.56484375 0.5930555555555557
2 0.71953125 0.36388888888888904 0.696875 0.36388888888888904 0.696875 0.4208333333333335 0.71953125 0.4208333333333335
2 0.4734375 0.7194444444444444 0.4265625 0.7194444444444444 0.4265625 0.8416666666666667 0.4734375 0.8416666666666667
2 0.68984375 0.6319444444444446 0.6484375 0.6319444444444446 0.6484375 0.7444444444444445 0.68984375 0.7444444444444445
2 0.5921875 0.6055555555555557 0.5609375 0.6055555555555557 0.5609375 0.7236111111111111 0.5921875 0.7236111111111111
2 0.82734375 0.3930555555555557 0.80625 0.3930555555555557 0.80625 0.45277777777777795 0.82734375 0.45277777777777795
2 0.80703125 0.41666666666666685 0.78203125 0.41666666666666685 0.78203125 0.4819444444444446 0.80703125 0.4819444444444446
2 0.8390625 0.4638888888888891 0.809375 0.4638888888888891 0.809375 0.5416666666666669 0.8390625 0.5416666666666669
2 0.3765625000000001 0.6791666666666667 0.3218750000000001 0.6791666666666667 0.3218750000000001 0.8111111111111111 0.3765625000000001 0.8111111111111111
2 0.73984375 0.3680555555555557 0.72109375 0.3680555555555557 0.72109375 0.4208333333333335 0.73984375 0.4208333333333335
2 0.4921875 0.6444444444444446 0.45 0.6444444444444446 0.45 0.7513888888888889 0.4921875 0.7513888888888889
2 0.84296875 0.3791666666666668 0.82109375 0.3791666666666668 0.82109375 0.4347222222222224 0.84296875 0.4347222222222224
2 0.68125 0.4291666666666668 0.66484375 0.4291666666666668 0.66484375 0.48611111111111127 0.68125 0.48611111111111127
2 0.6453125 0.6861111111111112 0.60625 0.6861111111111112 0.60625 0.8027777777777778 0.6453125 0.8027777777777778
2 0.8828125 0.42361111111111127 0.853125 0.42361111111111127 0.853125 0.4986111111111113 0.8828125 0.4986111111111113
2 0.75234375 0.42500000000000016 0.72578125 0.42500000000000016 0.72578125 0.4958333333333335 0.75234375 0.4958333333333335
2 0.2960937500000001 0.8819444444444444 0.23828125000000008 0.8819444444444444 0.23828125000000008 0.9875 0.2960937500000001 0.9875
2 0.76484375 0.3805555555555557 0.7453125 0.3805555555555557 0.7453125 0.4333333333333335 0.76484375 0.4333333333333335
2 0.78828125 0.3791666666666668 0.76953125 0.3791666666666668 0.76953125 0.4347222222222224 0.78828125 0.4347222222222224
2 0.6671875 0.4583333333333335 0.65 0.4583333333333335 0.65 0.5055555555555558 0.6671875 0.5055555555555558
2 0.74765625 0.3944444444444446 0.728125 0.3944444444444446 0.728125 0.44722222222222235 0.74765625 0.44722222222222235
2 0.81015625 0.3819444444444446 0.79140625 0.3819444444444446 0.79140625 0.4333333333333335 0.81015625 0.4333333333333335
1 0.65703125 0.540277777777778 0.59453125 0.540277777777778 0.59453125 0.6416666666666668 0.65703125 0.6416666666666668
1 0.11406250000000004 0.6819444444444445 0.002343750000000047 0.6819444444444445 0.0023437500000000524 0.8319444444444445 0.11406250000000004 0.8319444444444445
1 0.69921875 0.8111111111111111 0.57890625 0.8111111111111111 0.57890625 0.9013888888888889 0.69921875 0.9013888888888889
1 0.49140625 0.43750000000000017 0.4328125 0.43750000000000017 0.4328125 0.5138888888888891 0.49140625 0.5138888888888891
1 0.696875 0.48611111111111127 0.6390625 0.48611111111111127 0.6390625 0.5833333333333335 0.696875 0.5833333333333335
1 0.62109375 0.34027777777777796 0.59296875 0.34027777777777796 0.59296875 0.39166666666666683 0.62109375 0.39166666666666683
1 0.584375 0.4083333333333335 0.53125 0.4083333333333335 0.53125 0.48750000000000016 0.584375 0.48750000000000016
1 0.6703125 0.32777777777777795 0.6453125 0.32777777777777795 0.6453125 0.3736111111111113 0.6703125 0.3736111111111113
1 0.70390625 0.34166666666666684 0.68046875 0.34166666666666684 0.68046875 0.38472222222222235 0.70390625 0.38472222222222235