2 0.8765625 0.4722222222222224 0.83125 0.4722222222222224 0.83125 0.6611111111111113 0.8765625 0.6611111111111113
2 0.69453125 0.39861111111111125 0.6640625 0.39861111111111125 0.6640625 0.5319444444444446 0.69453125 0.5319444444444446
1 0.6234375 0.32361111111111124 0.53828125 0.3236111111111112 0.53828125 0.4500000000000002 0.6234375 0.4500000000000002
2 0.678125 0.31250000000000017 0.640625 0.31250000000000017 0.640625 0.39861111111111125 0.678125 0.39861111111111125
2 0.71875 0.27777777777777796 0.6859375 0.27777777777777796 0.6859375 0.39722222222222237 0.71875 0.39722222222222237
2 0.66875 0.2333333333333335 0.63984375 0.2333333333333335 0.63984375 0.30000000000000016 0.66875 0.30000000000000016
2 0.68828125 0.2305555555555557 0.66640625 0.2305555555555557 0.66640625 0.31527777777777793 0.68828125 0.31527777777777793
2 0.46171875 0.3694444444444446 0.3734375 0.3694444444444446 0.3734375 0.5444444444444446 0.46171875 0.5444444444444446
1 0.46015625 0.3722222222222224 0.37109375 0.3722222222222224 0.37109375 0.5500000000000002 0.46015625 0.5500000000000002
1 0.20859375000000008 0.7152777777777778 4.927289855944429e-17 0.7152777777777778 5.903180274014976e-17 0.9986111111111111 0.20859375000000008 0.9986111111111111
2 0.259375 0.4583333333333333 0.2140625 0.4583333333333333 0.2140625 0.6 0.259375 0.6
2 0.19609375000000004 0.4236111111111111 0.14843750000000006 0.4236111111111111 0.14843750000000006 0.5361111111111111 0.19609375000000004 0.5361111111111111
2 0.12734375000000003 0.5458333333333333 0.07500000000000004 0.5458333333333333 0.07500000000000004 0.7069444444444445 0.12734375000000003 0.7069444444444445
2 0.35078125 0.31666666666666676 0.32578125 0.31666666666666676 0.32578125 0.4375 0.35078125 0.4375
2 0.32578125 0.26250000000000007 0.3 0.26250000000000007 0.3 0.35833333333333334 0.32578125 0.35833333333333334
2 0.2328125 0.26527777777777783 0.18671875 0.26527777777777783 0.18671875 0.3097222222222223 0.2328125 0.3097222222222223
2 0.11484375000000005 0.36666666666666664 0.04140625000000002 0.36666666666666664 0.041406250000000026 0.44305555555555554 0.11484375000000005 0.44305555555555554
2 0.4265625 0.22638888888888897 0.40390625 0.22638888888888897 0.40390625 0.2986111111111112 0.4265625 0.2986111111111112
2 0.53671875 0.26805555555555566 0.52109375 0.26805555555555566 0.52109375 0.3361111111111112 0.53671875 0.3361111111111112
2 0.375 0.2347222222222223 0.35234375 0.2347222222222223 0.35234375 0.33194444444444454 0.375 0.33194444444444454
2 0.39921875 0.21666666666666676 0.378125 0.21666666666666676 0.378125 0.288888888888889 0.39921875 0.288888888888889