2 0.20859375 0.33472222222222225 0.15468750000000003 0.3347222222222222 0.15468750000000003 0.425 0.20859375 0.425
2 0.14609375000000005 0.4666666666666667 0.07890625000000002 0.4666666666666667 0.07890625000000004 0.5708333333333333 0.14609375000000005 0.5708333333333333
2 0.39453125 0.20694444444444451 0.3765625 0.20694444444444451 0.3765625 0.2805555555555556 0.39453125 0.2805555555555556
2 0.7375 0.36250000000000016 0.709375 0.36250000000000016 0.709375 0.4583333333333335 0.7375 0.4583333333333335
2 0.60625 0.23750000000000016 0.5875 0.23750000000000016 0.5875 0.3083333333333335 0.60625 0.3083333333333335
2 0.3640625 0.2097222222222223 0.3453125 0.2097222222222223 0.3453125 0.2861111111111112 0.3640625 0.2861111111111112
2 0.278125 0.4708333333333333 0.246875 0.4708333333333333 0.246875 0.6041666666666666 0.278125 0.6041666666666666
2 0.13359375000000004 0.6291666666666667 0.07343750000000004 0.6291666666666667 0.07343750000000004 0.8013888888888889 0.13359375000000004 0.8013888888888889
2 0.35859375 0.3611111111111111 0.3328125 0.3611111111111111 0.3328125 0.4777777777777778 0.35859375 0.4777777777777778
2 0.8484375 0.8402777777777781 0.79609375 0.8402777777777781 0.79609375 1.0000000000000002 0.8484375 1.0000000000000002
2 0.6375 0.27361111111111125 0.61328125 0.27361111111111125 0.61328125 0.35000000000000014 0.6375 0.35000000000000014
2 0.996875 0.8625000000000003 0.94453125 0.8625000000000003 0.94453125 1.0000000000000002 0.996875 1.0000000000000002
2 0.58515625 0.20277777777777795 0.5640625 0.20277777777777795 0.5640625 0.2611111111111113 0.58515625 0.2611111111111113
2 1 0.7361111111111114 0.94609375 0.7361111111111114 0.94609375 0.8708333333333337 1 0.8708333333333337
2 0.92734375 0.9097222222222225 0.86171875 0.9097222222222225 0.86171875 1.0000000000000002 0.92734375 1.0000000000000002
2 0.71875 0.3111111111111113 0.69140625 0.3111111111111113 0.69140625 0.39027777777777795 0.71875 0.39027777777777795
2 0.70703125 0.4277777777777779 0.65625 0.4277777777777779 0.65625 0.5305555555555557 0.70703125 0.5305555555555557
2 0.77578125 0.40000000000000013 0.74375 0.40000000000000013 0.74375 0.4930555555555557 0.77578125 0.4930555555555557
1 0.43515625 0.6416666666666667 0.19765625000000003 0.6416666666666667 0.19765625000000003 0.8972222222222223 0.43515625 0.8972222222222223
1 0.68515625 0.33472222222222237 0.60546875 0.33472222222222237 0.60546875 0.4500000000000002 0.68515625 0.4500000000000002
1 0.71875 0.640277777777778 0.615625 0.640277777777778 0.615625 0.8444444444444444 0.71875 0.8444444444444444
1 0.42421875 0.15555555555555564 0.396875 0.15555555555555564 0.396875 0.21527777777777785 0.42421875 0.21527777777777785
14 0.5625 0.126388888888889 0.52265625 0.126388888888889 0.52265625 0.21388888888888902 0.5625 0.21388888888888904
8 0.934375 0.47916666666666685 0.71328125 0.47916666666666685 0.71328125 0.8652777777777779 0.934375 0.8652777777777781
8 0.4734375 0.19305555555555565 0.4359375 0.19305555555555565 0.4359375 0.2930555555555556 0.4734375 0.2930555555555556
8 0.46875 0.26250000000000007 0.3671875 0.26250000000000007 0.3671875 0.5333333333333334 0.46875 0.5333333333333334