1 0.64921875 0.24166666666666684 0.60625 0.24166666666666684 0.60625 0.28750000000000014 0.64921875 0.28750000000000014
1 0.39921875 0.19861111111111118 0.3484375 0.19861111111111118 0.3484375 0.24305555555555564 0.39921875 0.24305555555555564
8 0.496875 0.18194444444444452 0.42578125 0.18194444444444452 0.42578125 0.25555555555555565 0.496875 0.25555555555555565
8 0.396875 0.21944444444444453 0.28203125 0.21944444444444453 0.28203125 0.5027777777777779 0.396875 0.502777777777778
8 0.69296875 0.16250000000000014 0.55546875 0.16250000000000012 0.55546875 0.24861111111111128 0.69296875 0.24861111111111128
8 0.321875 0.1666666666666667 0.26171875 0.1666666666666667 0.26171875 0.24305555555555564 0.321875 0.24305555555555564
8 0.2484375 0.17222222222222225 0.20234375 0.17222222222222225 0.20234375 0.2458333333333334 0.2484375 0.2458333333333334
2 0.9109375 0.5388888888888891 0.8625 0.5388888888888891 0.8625 0.6777777777777779 0.9109375 0.6777777777777779
2 0.70234375 0.3097222222222224 0.67890625 0.3097222222222224 0.67890625 0.3805555555555557 0.70234375 0.3805555555555557
2 0.71328125 0.2847222222222224 0.70234375 0.2847222222222224 0.70234375 0.3444444444444446 0.71328125 0.3444444444444446
8 0.63515625 0.226388888888889 0.48828125 0.22638888888888897 0.48828125 0.6236111111111112 0.63515625 0.6236111111111112