2 0.40390625 0.29166666666666674 0.37578125 0.29166666666666674 0.37578125 0.40000000000000013 0.40390625 0.40000000000000013
2 0.38046875 0.24305555555555564 0.3625 0.24305555555555564 0.3625 0.3222222222222223 0.38046875 0.3222222222222223
2 0.4703125 0.18750000000000008 0.45546875 0.18750000000000008 0.45546875 0.2486111111111112 0.4703125 0.2486111111111112
2 0.42265625 0.17500000000000007 0.40625 0.17500000000000007 0.40625 0.22916666666666674 0.42265625 0.22916666666666674
2 0.63046875 0.1958333333333335 0.6125 0.1958333333333335 0.6125 0.25000000000000017 0.63046875 0.25000000000000017
2 0.66640625 0.22916666666666682 0.646875 0.22916666666666682 0.646875 0.3041666666666668 0.66640625 0.3041666666666668
2 0.7109375 0.2763888888888891 0.690625 0.2763888888888891 0.690625 0.3527777777777779 0.7109375 0.3527777777777779
2 0.709375 0.2444444444444446 0.68828125 0.2444444444444446 0.68828125 0.2902777777777779 0.709375 0.2902777777777779
2 0.54453125 0.15833333333333346 0.528125 0.15833333333333346 0.528125 0.20833333333333345 0.54453125 0.20833333333333348
2 0.5671875 0.15972222222222235 0.54921875 0.15972222222222235 0.54921875 0.2055555555555557 0.5671875 0.2055555555555557
8 0.7015625 0.2916666666666668 0.52578125 0.29166666666666674 0.52578125 0.7152777777777778 0.7015625 0.7152777777777778
14 1 0.46111111111111125 0.74453125 0.46111111111111125 0.74453125 1.0000000000000002 1 1.0000000000000002