2 0.59921875 0.33611111111111125 0.578125 0.33611111111111125 0.578125 0.4277777777777779 0.59921875 0.4277777777777779
2 0.09843750000000004 0.4097222222222222 0.048437500000000036 0.4097222222222222 0.048437500000000036 0.5125 0.09843750000000004 0.5125
2 0.17578125000000006 0.3972222222222222 0.12812500000000004 0.3972222222222222 0.12812500000000004 0.4986111111111111 0.17578125000000006 0.4986111111111111
2 0.36328125 0.2722222222222223 0.33984375 0.2722222222222223 0.33984375 0.3583333333333334 0.36328125 0.3583333333333335
2 0.3203125 0.48055555555555557 0.2890625 0.48055555555555557 0.2890625 0.6166666666666667 0.3203125 0.6166666666666667
2 0.2734375 0.4305555555555556 0.24140625 0.4305555555555556 0.24140625 0.5555555555555556 0.2734375 0.5555555555555556
2 0.04375000000000003 0.41805555555555557 0.007031250000000028 0.41805555555555557 0.007031250000000033 0.5444444444444444 0.04375000000000003 0.5444444444444444
2 0.20468750000000005 0.5902777777777778 0.11640625000000004 0.5902777777777778 0.11640625000000004 0.725 0.20468750000000008 0.725
2 0.6 0.7166666666666667 0.55078125 0.7166666666666667 0.55078125 0.9027777777777778 0.6 0.9027777777777778
2 0.70546875 0.36111111111111127 0.68125 0.36111111111111127 0.68125 0.45277777777777795 0.70546875 0.45277777777777795
2 0.48359375 0.26527777777777783 0.46484375 0.26527777777777783 0.46484375 0.3347222222222223 0.48359375 0.3347222222222223
2 0.63125 0.3250000000000002 0.61015625 0.3250000000000002 0.61015625 0.4055555555555557 0.63125 0.4055555555555557
2 0.73515625 0.33611111111111125 0.7109375 0.33611111111111125 0.7109375 0.4208333333333335 0.73515625 0.4208333333333335
2 0.6671875 0.33750000000000013 0.6375 0.33750000000000013 0.6375 0.41666666666666685 0.6671875 0.41666666666666685
2 0.23281250000000003 0.5416666666666666 0.16250000000000003 0.5416666666666666 0.16250000000000003 0.6652777777777777 0.2328125000000001 0.6652777777777777
2 0.6796875 0.34166666666666684 0.6625 0.34166666666666684 0.6625 0.4055555555555557 0.6796875 0.4055555555555557
2 0.753125 0.4291666666666668 0.721875 0.4291666666666668 0.721875 0.5250000000000001 0.753125 0.5250000000000001
2 0.55078125 0.251388888888889 0.53203125 0.251388888888889 0.53203125 0.3125000000000001 0.55078125 0.31250000000000017
1 0.5109375 0.775 0.4015625 0.775 0.4015625 1 0.5109375 1
1 0.575 0.3111111111111112 0.5265625 0.31111111111111117 0.5265625 0.39861111111111125 0.575 0.39861111111111125
1 0.45078125 0.33194444444444454 0.4015625 0.33194444444444454 0.4015625 0.4305555555555557 0.45078125 0.4305555555555557
1 0.46484375 0.2347222222222223 0.43046875 0.2347222222222223 0.43046875 0.313888888888889 0.46484375 0.313888888888889
1 0.41328125 0.41527777777777786 0.346875 0.4152777777777778 0.346875 0.5986111111111112 0.41328125 0.5986111111111113
1 0.6765625 0.39722222222222237 0.61328125 0.39722222222222237 0.61328125 0.5194444444444446 0.6765625 0.5194444444444446
1 0.59296875 0.24722222222222237 0.55703125 0.24722222222222237 0.55703125 0.3097222222222224 0.59296875 0.3097222222222224
14 1 0.48888888888888904 0.70859375 0.48888888888888904 0.70859375 1.0000000000000002 1 1.0000000000000002
14 0.41875 0.16527777777777786 0.38203125 0.16527777777777786 0.38203125 0.24444444444444452 0.41875 0.24444444444444452
8 0.5421875 0.19583333333333341 0.5046875 0.19583333333333341 0.5046875 0.29027777777777786 0.5421875 0.29027777777777786
8 0.41875 0.16527777777777786 0.38203125 0.16527777777777786 0.38203125 0.24444444444444452 0.41875 0.24444444444444452
2 0.21718750000000003 0.5736111111111111 0.16328125000000004 0.5736111111111111 0.16328125000000004 0.6930555555555555 0.2171875000000001 0.6930555555555555