1 0.41875 0.4097222222222223 0.325 0.4097222222222222 0.325 0.6305555555555556 0.41875 0.6305555555555558
8 0.58671875 0.16805555555555568 0.5265625 0.16805555555555568 0.5265625 0.29444444444444456 0.58671875 0.2944444444444446
2 0.628125 0.22777777777777794 0.60546875 0.22777777777777794 0.60546875 0.30000000000000016 0.628125 0.30000000000000016
2 0.3171875 0.351388888888889 0.2890625 0.351388888888889 0.2890625 0.46111111111111114 0.3171875 0.46111111111111114
2 0.31796875 0.2972222222222223 0.29140625 0.2972222222222223 0.29140625 0.3625 0.31796875 0.3625
2 0.3484375 0.29166666666666674 0.321875 0.29166666666666674 0.321875 0.38055555555555554 0.3484375 0.38055555555555554
2 0.37265625 0.2472222222222223 0.3515625 0.2472222222222223 0.3515625 0.30416666666666675 0.37265625 0.30416666666666675
2 0.4328125 0.23888888888888896 0.3953125 0.23888888888888896 0.3953125 0.31666666666666676 0.4328125 0.31666666666666676
2 0.271875 0.5152777777777777 0.2234375 0.5152777777777777 0.2234375 0.6430555555555556 0.271875 0.6430555555555556
2 0.2390625 0.37916666666666665 0.20078125 0.37916666666666665 0.20078125 0.48055555555555557 0.2390625 0.48055555555555557
2 0.09687500000000002 0.3611111111111111 0.047656250000000025 0.3611111111111111 0.047656250000000025 0.4236111111111111 0.09687500000000002 0.4236111111111111