2 0.31953125 0.36944444444444446 0.29609375 0.36944444444444446 0.29609375 0.4777777777777778 0.31953125 0.4777777777777778
2 0.07734375000000006 0.6402777777777777 0.034375000000000044 0.6402777777777777 0.03437500000000005 0.8472222222222222 0.07734375000000007 0.8472222222222222
2 0.53046875 0.2847222222222223 0.4921875 0.2847222222222223 0.4921875 0.3333333333333334 0.53046875 0.3333333333333334
2 0.50078125 0.5541666666666668 0.4671875 0.5541666666666668 0.4671875 0.7111111111111111 0.50078125 0.7111111111111111
2 0.26796875000000003 0.5888888888888889 0.17578125000000006 0.5888888888888889 0.17578125000000006 0.7277777777777777 0.2679687500000001 0.7277777777777777
2 0.9109375 0.41388888888888903 0.8453125 0.41388888888888903 0.8453125 0.5069444444444446 0.9109375 0.5069444444444446
2 0.51796875 0.4694444444444446 0.4890625 0.4694444444444446 0.4890625 0.6041666666666669 0.51796875 0.6041666666666669
2 0.3359375 0.2819444444444445 0.315625 0.2819444444444445 0.315625 0.37777777777777777 0.3359375 0.37777777777777777
2 0.29296875000000006 0.5402777777777777 0.2109375 0.5402777777777777 0.21093750000000006 0.6583333333333333 0.2929687500000001 0.6583333333333333
1 0.4359375 0.4444444444444446 0.36796875 0.4444444444444446 0.36796875 0.5958333333333334 0.4359375 0.5958333333333334
1 0.4171875 0.7263888888888889 0.2921875000000001 0.7263888888888889 0.2921875000000001 1 0.4171875 1
1 0.46328125 0.30277777777777787 0.4171875 0.30277777777777787 0.4171875 0.40000000000000013 0.46328125 0.40000000000000013
1 0.54609375 0.22222222222222235 0.5078125 0.2222222222222223 0.5078125 0.2916666666666668 0.54609375 0.29166666666666685
1 0.603125 0.2763888888888891 0.5609375 0.2763888888888891 0.5609375 0.3680555555555557 0.603125 0.3680555555555557
1 0.43828125 0.16527777777777786 0.4140625 0.16527777777777786 0.4140625 0.20000000000000007 0.43828125 0.20000000000000007
14 0.8109375 0.3097222222222224 0.61640625 0.3097222222222224 0.61640625 0.6708333333333335 0.8109375 0.6708333333333335
8 0.446875 0.21388888888888896 0.415625 0.21388888888888896 0.415625 0.28333333333333344 0.446875 0.28333333333333344
8 0.4 0.21250000000000008 0.353125 0.21250000000000008 0.353125 0.313888888888889 0.4 0.313888888888889
2 0.82109375 0.40416666666666684 0.7859375 0.40416666666666684 0.7859375 0.4930555555555557 0.82109375 0.4930555555555557
2 0.62734375 0.27916666666666684 0.61328125 0.27916666666666684 0.61328125 0.3305555555555557 0.62734375 0.3305555555555557
2 0.346875 0.23888888888888896 0.32890625 0.23888888888888896 0.32890625 0.29166666666666674 0.346875 0.29166666666666674
2 0.27578125000000003 0.5694444444444444 0.22265625 0.5694444444444444 0.22265625000000006 0.6875 0.2757812500000001 0.6875