14 0.6328125 0.25972222222222235 0.51953125 0.2597222222222223 0.51953125 0.5097222222222224 0.6328125 0.5097222222222224
2 0.90078125 0.7000000000000002 0.82265625 0.7000000000000002 0.82265625 0.8930555555555558 0.90078125 0.8930555555555558
2 0.28984375000000007 0.6777777777777778 0.2375000000000001 0.6777777777777778 0.2375000000000001 0.8611111111111112 0.28984375000000007 0.8611111111111112
2 0.18750000000000006 0.7458333333333333 0.11875000000000005 0.7458333333333333 0.11875000000000005 0.9166666666666666 0.18750000000000006 0.9166666666666666
2 0.10156250000000004 0.35833333333333334 0.051562500000000025 0.35833333333333334 0.051562500000000025 0.44583333333333336 0.10156250000000004 0.44583333333333336
2 0.2296875 0.45694444444444443 0.18437500000000004 0.45694444444444443 0.18437500000000004 0.5569444444444445 0.2296875 0.5569444444444445
2 0.353125 0.4041666666666667 0.31875 0.4041666666666667 0.31875 0.5347222222222222 0.353125 0.5347222222222222
2 0.42421875 0.3666666666666668 0.38984375 0.3666666666666668 0.38984375 0.4944444444444446 0.42421875 0.4944444444444446
2 0.30390625 0.36944444444444446 0.2671875 0.36944444444444446 0.2671875 0.48333333333333334 0.30390625 0.48333333333333334
2 0.28828125 0.3291666666666667 0.253125 0.3291666666666667 0.253125 0.4388888888888889 0.28828125 0.4388888888888889
2 0.2265625 0.3680555555555556 0.18828125000000004 0.3680555555555556 0.18828125000000004 0.4861111111111111 0.2265625 0.4861111111111111
2 0.34140625 0.31805555555555565 0.321875 0.31805555555555565 0.321875 0.41388888888888886 0.34140625 0.41388888888888886
2 0.3171875 0.27638888888888896 0.2875 0.27638888888888896 0.2875 0.351388888888889 0.3171875 0.351388888888889
1 0.471875 0.2222222222222223 0.4265625 0.2222222222222223 0.4265625 0.2986111111111112 0.471875 0.2986111111111112
1 0.6421875 0.21111111111111128 0.58515625 0.21111111111111128 0.58515625 0.29166666666666685 0.6421875 0.29166666666666685
1 0.5484375 0.1916666666666668 0.4984375 0.19166666666666674 0.4984375 0.26805555555555566 0.5484375 0.2680555555555557
2 0.40703125 0.20138888888888898 0.3921875 0.20138888888888898 0.3921875 0.2611111111111112 0.40703125 0.2611111111111112
2 0.38828125 0.18194444444444452 0.35859375 0.18194444444444452 0.35859375 0.26388888888888895 0.38828125 0.26388888888888895
2 0.22500000000000003 0.5458333333333333 0.17343750000000005 0.5458333333333333 0.17343750000000005 0.7263888888888889 0.2250000000000001 0.7263888888888889
2 0.17187500000000006 0.5263888888888889 0.12343750000000005 0.5263888888888889 0.12343750000000005 0.7166666666666667 0.17187500000000006 0.7166666666666667
2 0.35859375 0.24027777777777787 0.340625 0.24027777777777787 0.340625 0.3097222222222223 0.35859375 0.3097222222222223
2 0.3421875 0.2583333333333334 0.32734375 0.2583333333333334 0.32734375 0.3236111111111112 0.3421875 0.3236111111111112
2 0.33046875 0.2250000000000001 0.3125 0.2250000000000001 0.3125 0.29166666666666674 0.33046875 0.29166666666666674
2 0.3578125 0.18888888888888897 0.34140625 0.18888888888888897 0.34140625 0.25000000000000006 0.3578125 0.25000000000000006
2 0.56015625 0.19861111111111127 0.54765625 0.19861111111111127 0.54765625 0.25277777777777793 0.56015625 0.25277777777777793
2 0.675 0.2055555555555557 0.65625 0.2055555555555557 0.65625 0.2680555555555557 0.675 0.2680555555555557