2 0.17578125 0.24027777777777778 0.1578125 0.24027777777777778 0.1578125 0.29583333333333334 0.17578125 0.29583333333333334
2 0.14609375 0.20972222222222223 0.125 0.20972222222222223 0.125 0.26666666666666666 0.14609375 0.26666666666666666
2 0.75625 0.35000000000000014 0.728125 0.35000000000000014 0.728125 0.44027777777777793 0.75625 0.44027777777777793
1 0.70703125 0.7416666666666667 0.54921875 0.7416666666666667 0.54921875 0.9986111111111111 0.70703125 0.9986111111111111
1 0.59375 0.41666666666666685 0.50390625 0.41666666666666685 0.50390625 0.5916666666666668 0.59375 0.5916666666666668
1 0.6765625 0.4291666666666668 0.596875 0.4291666666666668 0.596875 0.5291666666666668 0.6765625 0.5291666666666668
1 0.95390625 0.6819444444444446 0.7109375 0.6819444444444446 0.7109375 0.9986111111111112 0.95390625 0.9986111111111114
1 0.5625 0.29722222222222233 0.51640625 0.2972222222222223 0.51640625 0.37638888888888905 0.5625 0.37638888888888905
1 0.6359375 0.3097222222222224 0.5765625 0.3097222222222224 0.5765625 0.41666666666666685 0.6359375 0.41666666666666685
1 0.54140625 0.26527777777777783 0.49921875 0.26527777777777783 0.49921875 0.3208333333333334 0.54140625 0.3208333333333334
1 0.6453125 0.24305555555555572 0.59453125 0.24305555555555572 0.59453125 0.30000000000000016 0.6453125 0.30000000000000016
14 0.7171875 0.17083333333333348 0.61875 0.17083333333333345 0.61875 0.25972222222222235 0.7171875 0.25972222222222235
8 0.7328125 0.19027777777777793 0.6609375 0.19027777777777793 0.6609375 0.2680555555555557 0.7328125 0.2680555555555557
1 0.603125 0.24166666666666684 0.5578125 0.24166666666666684 0.5578125 0.30000000000000016 0.603125 0.30000000000000016