2 0.14218750000000005 0.5569444444444445 0.07812500000000004 0.5569444444444445 0.07812500000000004 0.7333333333333333 0.14218750000000005 0.7333333333333333
2 0.2140625 0.4722222222222222 0.15390625000000005 0.4722222222222222 0.15390625000000005 0.6055555555555555 0.2140625 0.6055555555555555
2 0.31640625 0.2708333333333334 0.29296875 0.2708333333333334 0.29296875 0.35833333333333334 0.31640625 0.35833333333333334
2 0.34609375 0.27777777777777785 0.325 0.27777777777777785 0.325 0.35833333333333334 0.34609375 0.35833333333333334
2 0.50390625 0.21388888888888896 0.48046875 0.21388888888888896 0.48046875 0.26944444444444454 0.50390625 0.26944444444444454
2 0.63125 0.18750000000000017 0.603125 0.18750000000000017 0.603125 0.25277777777777793 0.63125 0.25277777777777793
8 0.6609375 0.27222222222222237 0.5484375 0.27222222222222237 0.5484375 0.5236111111111112 0.6609375 0.5236111111111112
8 0.4140625 0.5000000000000001 0.06484375000000005 0.5 0.06484375000000006 1 0.4140625 1
8 0.87734375 0.7888888888888891 0.56171875 0.7888888888888889 0.56171875 1.0000000000000002 0.87734375 1.0000000000000002
8 0.46328125 0.15833333333333344 0.4078125 0.1583333333333334 0.4078125 0.30416666666666675 0.46328125 0.30416666666666675
2 0.4015625 0.15555555555555564 0.390625 0.15555555555555564 0.390625 0.19583333333333341 0.4015625 0.19583333333333341
14 0.57734375 0.21111111111111122 0.5296875 0.2111111111111112 0.5296875 0.3111111111111112 0.57734375 0.3111111111111113
8 0.56640625 0.14166666666666677 0.5234375 0.14166666666666677 0.5234375 0.22500000000000012 0.56640625 0.22500000000000014