2 0.51796875 0.7958333333333333 0.47421875 0.7958333333333333 0.47421875 1 0.51796875 1
2 0.375 0.426388888888889 0.3421875 0.4263888888888889 0.3421875 0.5541666666666667 0.375 0.5541666666666668
2 0.39765625 0.3375000000000001 0.37265625 0.3375000000000001 0.37265625 0.4194444444444446 0.39765625 0.4194444444444446
2 0.48828125 0.44583333333333347 0.46015625 0.44583333333333347 0.46015625 0.5527777777777779 0.48828125 0.5527777777777779
2 0.475 0.36250000000000016 0.45625 0.36250000000000016 0.45625 0.4444444444444446 0.475 0.4444444444444446
2 0.51171875 0.3694444444444446 0.490625 0.3694444444444446 0.490625 0.4569444444444446 0.51171875 0.4569444444444446
2 0.5359375 0.33888888888888896 0.515625 0.33888888888888896 0.515625 0.4291666666666668 0.5359375 0.4291666666666668
2 0.42109375 0.2819444444444445 0.409375 0.2819444444444445 0.409375 0.3375000000000001 0.42109375 0.3375000000000001
1 0.47421875 0.23055555555555562 0.4390625 0.23055555555555562 0.4390625 0.2944444444444445 0.47421875 0.2944444444444445
2 0.525 0.2805555555555556 0.5125 0.2805555555555556 0.5125 0.3333333333333334 0.525 0.3333333333333334
2 0.509375 0.2486111111111112 0.4953125 0.2486111111111112 0.4953125 0.30555555555555564 0.509375 0.30555555555555564