2 0.13593750000000004 0.3680555555555556 0.10468750000000004 0.3680555555555556 0.10468750000000004 0.4736111111111111 0.13593750000000004 0.4736111111111111
1 0.59609375 0.44027777777777793 0.5078125 0.44027777777777793 0.5078125 0.602777777777778 0.59609375 0.602777777777778
1 0.565625 0.32361111111111124 0.50625 0.3236111111111112 0.50625 0.43750000000000017 0.565625 0.43750000000000017
1 0.62109375 0.27361111111111125 0.57421875 0.27361111111111125 0.57421875 0.34166666666666684 0.62109375 0.34166666666666684
1 0.5203125 0.20277777777777786 0.4640625 0.20277777777777786 0.4640625 0.25000000000000006 0.5203125 0.25000000000000006
1 0.9703125 0.8777777777777781 0.7703125 0.8777777777777781 0.7703125 0.991666666666667 0.9703125 0.991666666666667
1 0.5796875 0.24861111111111123 0.5328125 0.2486111111111112 0.5328125 0.32083333333333347 0.5796875 0.32083333333333347
1 0.65078125 0.2541666666666668 0.6078125 0.2541666666666668 0.6078125 0.31250000000000017 0.65078125 0.31250000000000017
1 0.63828125 0.32222222222222235 0.58203125 0.32222222222222235 0.58203125 0.4194444444444446 0.63828125 0.4194444444444446
1 0.68828125 0.2166666666666668 0.64921875 0.2166666666666668 0.64921875 0.26666666666666683 0.68828125 0.26666666666666683
1 0.58125 0.22361111111111123 0.534375 0.22361111111111118 0.534375 0.28333333333333344 0.58125 0.2833333333333335
1 0.54296875 0.29027777777777786 0.49609375 0.29027777777777786 0.49609375 0.35416666666666674 0.54296875 0.35416666666666674
14 0.8109375 0.4555555555555557 0.6484375 0.4555555555555557 0.6484375 0.7500000000000001 0.8109375 0.7500000000000003