8 0.34687500000000004 0.21527777777777782 0.175 0.2152777777777778 0.17500000000000002 0.6472222222222223 0.3468750000000001 0.6472222222222223
8 0.771875 0.16111111111111126 0.6234375 0.16111111111111123 0.6234375 0.25972222222222235 0.771875 0.25972222222222235
8 0.38046875 0.16805555555555562 0.30859375 0.16805555555555562 0.30859375 0.24444444444444452 0.38046875 0.24444444444444452
8 0.59765625 0.2916666666666668 0.490625 0.29166666666666674 0.490625 0.5333333333333334 0.59765625 0.5333333333333334
8 0.65078125 0.3180555555555557 0.59453125 0.3180555555555557 0.59453125 0.4361111111111113 0.65078125 0.4361111111111113
8 0.66484375 0.2194444444444446 0.6046875 0.2194444444444446 0.6046875 0.3055555555555557 0.66484375 0.3055555555555557
8 0.6125 0.18333333333333346 0.52421875 0.1833333333333334 0.52421875 0.3041666666666668 0.6125 0.3041666666666668
8 0.79453125 0.21111111111111128 0.67734375 0.21111111111111128 0.67734375 0.27222222222222237 0.79453125 0.27222222222222237
2 0.7203125 0.2958333333333335 0.7046875 0.2958333333333335 0.7046875 0.3583333333333335 0.7203125 0.3583333333333335
2 0.7046875 0.25972222222222235 0.68984375 0.25972222222222235 0.68984375 0.3069444444444446 0.7046875 0.3069444444444446
2 0.1609375 0.2513888888888889 0.14453125 0.2513888888888889 0.14453125 0.30416666666666664 0.1609375 0.30416666666666664
2 0.41640625 0.21388888888888896 0.39296875 0.21388888888888896 0.39296875 0.251388888888889 0.41640625 0.251388888888889
2 0.50234375 0.21805555555555564 0.471875 0.21805555555555564 0.471875 0.2527777777777779 0.50234375 0.2527777777777779
2 0.44296875 0.20277777777777786 0.4265625 0.20277777777777786 0.4265625 0.24305555555555564 0.44296875 0.24305555555555564
2 0.234375 0.19861111111111118 0.21328125 0.19861111111111118 0.21328125 0.23194444444444454 0.234375 0.23194444444444454
2 0.26953125 0.19027777777777785 0.24921875 0.19027777777777785 0.24921875 0.2250000000000001 0.26953125 0.2250000000000001
14 0.990625 0.44027777777777793 0.69375 0.44027777777777793 0.69375 0.9111111111111113 0.990625 0.9111111111111114