2 0.85390625 0.4833333333333335 0.82734375 0.4833333333333335 0.82734375 0.6041666666666669 0.85390625 0.6041666666666669
2 0.675 0.3083333333333335 0.6546875 0.3083333333333335 0.6546875 0.3958333333333335 0.675 0.3958333333333335
2 0.20625000000000004 0.5486111111111112 0.17343750000000005 0.5486111111111112 0.17343750000000005 0.6833333333333333 0.2062500000000001 0.6833333333333333
2 0.05781250000000003 0.3888888888888889 0.02421875000000003 0.3888888888888889 0.024218750000000032 0.5125 0.057812500000000044 0.5125
2 0.59609375 0.17361111111111122 0.58515625 0.17361111111111122 0.58515625 0.2194444444444446 0.59609375 0.2194444444444446
2 0.44375 0.16388888888888897 0.43046875 0.16388888888888897 0.43046875 0.20555555555555563 0.44375 0.20555555555555563
1 0.625 0.27777777777777796 0.5875 0.27777777777777796 0.5875 0.3652777777777779 0.625 0.3652777777777779
1 0.39453125 0.30416666666666675 0.35078125 0.30416666666666675 0.35078125 0.3986111111111112 0.39453125 0.39861111111111125
8 0.56328125 0.2152777777777779 0.5203125 0.21527777777777785 0.5203125 0.31666666666666676 0.56328125 0.3166666666666668
14 0.23671875 0.34166666666666673 0.10781250000000005 0.3416666666666667 0.10781250000000005 0.5541666666666667 0.23671875 0.5541666666666667
2 0.42109375 0.16111111111111118 0.4125 0.16111111111111118 0.4125 0.19583333333333341 0.42109375 0.19583333333333341