8 0.665625 0.16250000000000014 0.56171875 0.16250000000000012 0.56171875 0.2694444444444446 0.665625 0.2694444444444446
1 0.9265625 0.6569444444444446 0.73828125 0.6569444444444446 0.73828125 0.9138888888888892 0.9265625 0.9138888888888892
1 0.58828125 0.3569444444444446 0.53515625 0.3569444444444446 0.53515625 0.4694444444444446 0.58828125 0.4694444444444446
1 0.62578125 0.2972222222222224 0.58359375 0.2972222222222224 0.58359375 0.3680555555555557 0.62578125 0.3680555555555557
1 0.6375 0.2625000000000002 0.596875 0.2625000000000002 0.596875 0.31388888888888905 0.6375 0.31388888888888905
1 0.5578125 0.25555555555555565 0.51328125 0.25555555555555565 0.51328125 0.3194444444444446 0.5578125 0.3194444444444446
1 0.73203125 0.2208333333333335 0.69140625 0.2208333333333335 0.69140625 0.26666666666666683 0.73203125 0.26666666666666683
14 0.721875 0.3805555555555557 0.6171875 0.3805555555555557 0.6171875 0.5597222222222223 0.721875 0.5597222222222223
1 0.546875 0.29722222222222233 0.49609375 0.2972222222222223 0.49609375 0.3930555555555557 0.546875 0.3930555555555557
1 0.71953125 0.8875 0.55703125 0.8875 0.55703125 1 0.71953125 1
2 0.18828125 0.30000000000000004 0.1671875 0.3 0.16718750000000002 0.37222222222222223 0.18828125000000004 0.37222222222222223