2 0.07812500000000004 0.55 0.022656250000000037 0.55 0.02265625000000004 0.6833333333333333 0.07812500000000004 0.6833333333333333
2 0.334375 0.41805555555555557 0.31015625 0.41805555555555557 0.31015625 0.5430555555555555 0.334375 0.5430555555555555
2 0.8578125 0.5361111111111113 0.81953125 0.5361111111111113 0.81953125 0.6750000000000002 0.8578125 0.6750000000000002
2 0.31328125000000007 0.5111111111111111 0.284375 0.5111111111111111 0.28437500000000004 0.6694444444444444 0.31328125000000007 0.6694444444444444
2 0.54453125 0.3486111111111112 0.5125 0.3486111111111112 0.5125 0.4430555555555557 0.54453125 0.4430555555555557
2 0.26015625 0.4444444444444444 0.2328125 0.4444444444444444 0.2328125 0.5638888888888889 0.26015625 0.5638888888888889
2 0.625 0.3333333333333335 0.60234375 0.3333333333333335 0.60234375 0.4222222222222224 0.625 0.4222222222222224
2 0.66171875 0.4083333333333335 0.63828125 0.4083333333333335 0.63828125 0.5138888888888891 0.66171875 0.5138888888888891
2 0.74140625 0.4361111111111113 0.71484375 0.4361111111111113 0.71484375 0.5486111111111113 0.74140625 0.5486111111111113
2 0.30078125 0.4597222222222222 0.26953125 0.4597222222222222 0.26953125 0.5777777777777777 0.30078125 0.5777777777777777
2 0.36484375 0.44166666666666676 0.3421875 0.44166666666666665 0.3421875 0.5680555555555556 0.36484375 0.5680555555555558
2 0.83359375 0.46666666666666684 0.79375 0.46666666666666684 0.79375 0.5763888888888891 0.83359375 0.5763888888888891
2 0.78671875 0.47500000000000014 0.75390625 0.47500000000000014 0.75390625 0.5972222222222224 0.78671875 0.5972222222222224
2 0.70625 0.44583333333333347 0.67890625 0.44583333333333347 0.67890625 0.5625000000000001 0.70625 0.5625000000000001
2 0.23828125 0.4166666666666667 0.21171875 0.4166666666666667 0.21171875 0.4986111111111111 0.23828125 0.4986111111111111
2 0.6359375 0.42500000000000016 0.6015625 0.42500000000000016 0.6015625 0.5236111111111112 0.6359375 0.5236111111111112
2 0.7828125 0.4194444444444446 0.75859375 0.4194444444444446 0.75859375 0.4958333333333335 0.7828125 0.4958333333333335
2 0.4125 0.2805555555555556 0.390625 0.2805555555555556 0.390625 0.36388888888888904 0.4125 0.36388888888888904
2 0.34296875 0.375 0.31796875 0.375 0.31796875 0.46944444444444444 0.34296875 0.46944444444444444
2 1 0.8138888888888892 0.94765625 0.8138888888888892 0.94765625 0.9194444444444447 1 0.9194444444444447
2 1 0.8972222222222226 0.91875 0.8972222222222226 0.91875 1.0000000000000002 1 1.0000000000000002
2 0.32890625 0.251388888888889 0.31640625 0.251388888888889 0.31640625 0.3000000000000001 0.32890625 0.3000000000000001
2 0.7234375 0.4013888888888891 0.7015625 0.4013888888888891 0.7015625 0.4680555555555557 0.7234375 0.4680555555555557
2 0.7453125 0.3583333333333335 0.7234375 0.3583333333333335 0.7234375 0.4291666666666668 0.7453125 0.4291666666666668
1 0.23203125 0.44583333333333336 0.05625000000000002 0.44583333333333336 0.056250000000000036 0.6166666666666667 0.23203125 0.6166666666666667
1 0.4765625 0.2736111111111112 0.4390625 0.2736111111111112 0.4390625 0.3722222222222224 0.4765625 0.3722222222222224
1 0.3609375 0.301388888888889 0.26953125 0.301388888888889 0.26953125 0.4 0.3609375 0.4
1 0.71875 0.5083333333333335 0.5625 0.5083333333333335 0.5625 0.8652777777777778 0.71875 0.8652777777777778
1 0.47109375 0.2208333333333334 0.4421875 0.2208333333333334 0.4421875 0.2875000000000001 0.47109375 0.2875000000000001
1 0.59140625 0.3152777777777779 0.53984375 0.3152777777777779 0.53984375 0.41805555555555574 0.59140625 0.41805555555555574
1 0.63984375 0.29861111111111127 0.55 0.29861111111111127 0.55 0.3458333333333335 0.63984375 0.3458333333333335
1 0.67734375 0.33472222222222237 0.63984375 0.33472222222222237 0.63984375 0.4208333333333335 0.67734375 0.4208333333333335
8 0.46640625 0.3569444444444446 0.37578125 0.3569444444444446 0.37578125000000007 0.6708333333333335 0.46640625 0.6708333333333335
2 0.2359375 0.33888888888888896 0.19921875000000006 0.33888888888888896 0.19921875000000006 0.4013888888888889 0.2359375 0.4013888888888889
2 0.2234375 0.37916666666666665 0.20234375 0.37916666666666665 0.20234375 0.4486111111111111 0.2234375 0.4486111111111111
2 0.2859375 0.3069444444444445 0.2625 0.3069444444444445 0.2625 0.37916666666666665 0.2859375 0.37916666666666665
2 0.95703125 0.4291666666666668 0.8984375 0.4291666666666668 0.8984375 0.5180555555555557 0.95703125 0.5180555555555557
2 0.68828125 0.38333333333333347 0.6734375 0.38333333333333347 0.6734375 0.46250000000000013 0.68828125 0.46250000000000013
2 0.59609375 0.3083333333333335 0.57890625 0.3083333333333335 0.57890625 0.3736111111111113 0.59609375 0.3736111111111113