1 0.63359375 0.27361111111111125 0.59375 0.27361111111111125 0.59375 0.3583333333333335 0.63359375 0.3583333333333335
1 0.46796875 0.19166666666666674 0.40234375 0.19166666666666674 0.40234375 0.251388888888889 0.46796875 0.251388888888889
2 0.20390625 0.2875000000000001 0.18359375 0.2875000000000001 0.18359375000000003 0.3500000000000001 0.20390625 0.3500000000000001
2 0.1609375 0.29305555555555557 0.13984375 0.29305555555555557 0.13984375000000002 0.3597222222222222 0.16093750000000004 0.3597222222222222
8 0.30546875 0.16388888888888895 0.24375 0.16388888888888892 0.24375 0.23333333333333342 0.30546875 0.23333333333333342
1 0.6265625 0.22777777777777794 0.5890625 0.22777777777777794 0.5890625 0.27777777777777796 0.6265625 0.27777777777777796
8 0.67734375 0.21527777777777793 0.62734375 0.21527777777777793 0.62734375 0.2972222222222224 0.67734375 0.2972222222222224
1 0.73125 0.19722222222222238 0.6921875 0.19722222222222238 0.6921875 0.2458333333333335 0.73125 0.2458333333333335
2 0.3671875 0.19583333333333341 0.34296875 0.19583333333333341 0.34296875 0.2347222222222223 0.3671875 0.2347222222222223
2 0.50625 0.21527777777777785 0.48671875 0.21527777777777785 0.48671875 0.2527777777777779 0.50625 0.2527777777777779
2 0.5265625 0.2250000000000001 0.503125 0.2250000000000001 0.503125 0.2583333333333334 0.5265625 0.2583333333333334
2 0.91328125 0.5125000000000002 0.86484375 0.5125000000000002 0.86484375 0.6319444444444446 0.91328125 0.6319444444444446