2 0.9984375 0.8000000000000003 0.97890625 0.8000000000000003 0.97890625 1.0000000000000002 0.9984375 1.0000000000000002
2 0.84609375 0.5375000000000002 0.8234375 0.5375000000000002 0.8234375 0.6152777777777779 0.84609375 0.6152777777777779
2 0.65625 0.7097222222222224 0.61640625 0.7097222222222224 0.61640625 0.8416666666666667 0.65625 0.8416666666666667
2 0.79296875 0.4902777777777779 0.7734375 0.4902777777777779 0.7734375 0.5680555555555558 0.79296875 0.5680555555555558
2 0.77265625 0.4305555555555557 0.75859375 0.4305555555555557 0.75859375 0.48888888888888904 0.77265625 0.48888888888888904
1 0.55625 0.4361111111111113 0.4953125 0.4361111111111113 0.4953125 0.5500000000000002 0.55625 0.5500000000000002
1 0.61328125 0.5805555555555557 0.53125 0.5805555555555557 0.53125 0.7152777777777778 0.61328125 0.7152777777777778
2 0.875 0.5333333333333334 0.846875 0.5333333333333334 0.846875 0.665277777777778 0.875 0.665277777777778
2 0.81796875 0.5791666666666668 0.7953125 0.5791666666666668 0.7953125 0.6777777777777779 0.81796875 0.6777777777777779
2 0.88203125 0.48750000000000016 0.86171875 0.48750000000000016 0.86171875 0.551388888888889 0.88203125 0.551388888888889
2 0.3585937500000001 0.8791666666666667 0.2765625000000001 0.8791666666666667 0.2765625000000001 1 0.3585937500000001 1
2 0.61640625 0.4555555555555557 0.58984375 0.4555555555555557 0.58984375 0.5305555555555557 0.61640625 0.5305555555555557
2 0.74921875 0.6236111111111112 0.72265625 0.6236111111111112 0.72265625 0.7319444444444446 0.74921875 0.7319444444444447
2 0.6578125 0.5277777777777779 0.6375 0.5277777777777779 0.6375 0.6069444444444446 0.6578125 0.6069444444444446
2 0.3156250000000001 0.7986111111111112 0.2531250000000001 0.7986111111111112 0.2531250000000001 0.9722222222222222 0.3156250000000001 0.9722222222222222
2 0.896875 0.577777777777778 0.8703125 0.577777777777778 0.8703125 0.7194444444444448 0.896875 0.7194444444444448
2 0.51640625 0.5569444444444446 0.47734375 0.5569444444444446 0.47734375 0.6819444444444446 0.51640625 0.6819444444444446
2 0.615625 0.8013888888888889 0.5734375 0.8013888888888889 0.5734375 0.9583333333333334 0.615625 0.9583333333333334
1 0.13828125000000008 0.7652777777777777 5.2717217682046225e-17 0.7652777777777777 5.984504475520855e-17 0.9722222222222222 0.13828125000000008 0.9722222222222222
2 0.78984375 0.6708333333333335 0.753125 0.6708333333333335 0.753125 0.7986111111111114 0.78984375 0.7986111111111114
2 0.2117187500000001 0.8277777777777777 0.14609375000000005 0.8277777777777777 0.14609375000000008 1 0.2117187500000001 1
2 0.721875 0.7527777777777778 0.67890625 0.7527777777777778 0.67890625 0.9333333333333333 0.721875 0.9333333333333333
2 0.45390625 0.7222222222222222 0.39531250000000007 0.7222222222222222 0.39531250000000007 0.8902777777777777 0.45390625 0.8902777777777777
2 0.8453125 0.7680555555555558 0.803125 0.7680555555555558 0.803125 0.9305555555555559 0.8453125 0.9305555555555559
14 0.40234375 0.4319444444444445 0.23828125 0.43194444444444446 0.23828125 0.6319444444444445 0.40234375 0.6319444444444446
2 0.53828125 0.5180555555555557 0.5078125 0.5180555555555557 0.5078125 0.6041666666666669 0.53828125 0.6041666666666669
2 0.75703125 0.5527777777777779 0.73671875 0.5527777777777779 0.73671875 0.6361111111111113 0.75703125 0.6361111111111113
2 0.72890625 0.5805555555555557 0.7125 0.5805555555555557 0.7125 0.6861111111111112 0.72890625 0.6861111111111112
2 0.69765625 0.5111111111111113 0.67578125 0.5111111111111113 0.67578125 0.5972222222222224 0.69765625 0.5972222222222224
2 0.64453125 0.46111111111111125 0.625 0.46111111111111125 0.625 0.5347222222222224 0.64453125 0.5347222222222224
2 0.67421875 0.4486111111111113 0.6578125 0.4486111111111113 0.6578125 0.5125000000000002 0.67421875 0.5125000000000002
2 0.8359375 0.4486111111111113 0.8140625 0.4486111111111113 0.8140625 0.5277777777777779 0.8359375 0.5277777777777779
2 0.8 0.4222222222222224 0.778125 0.4222222222222224 0.778125 0.48055555555555574 0.8 0.48055555555555574
2 0.6734375 0.627777777777778 0.64375 0.627777777777778 0.64375 0.7361111111111112 0.6734375 0.7361111111111112
2 0.8578125 0.4333333333333335 0.83671875 0.4333333333333335 0.83671875 0.5097222222222224 0.8578125 0.5097222222222224
1 0.7359375 0.4708333333333335 0.6875 0.4708333333333335 0.6875 0.5555555555555557 0.7359375 0.5555555555555557
1 0.59140625 0.41111111111111126 0.55390625 0.41111111111111126 0.55390625 0.46250000000000013 0.59140625 0.46250000000000013
14 0.7328125 0.3055555555555557 0.69296875 0.3055555555555557 0.69296875 0.3930555555555557 0.7328125 0.3930555555555557
1 0.640625 0.3708333333333335 0.6046875 0.3708333333333335 0.6046875 0.42500000000000016 0.640625 0.42500000000000016
2 0.70234375 0.6597222222222224 0.665625 0.6597222222222224 0.665625 0.7527777777777778 0.70234375 0.7527777777777778
2 0.79140625 0.5958333333333334 0.76875 0.5958333333333334 0.76875 0.676388888888889 0.79140625 0.676388888888889
2 0.5765625 0.7305555555555555 0.54375 0.7305555555555555 0.54375 0.8777777777777778 0.5765625 0.8777777777777778
1 0.60625 0.35000000000000014 0.58125 0.35000000000000014 0.58125 0.39166666666666683 0.60625 0.39166666666666683
1 0.6703125 0.35416666666666685 0.640625 0.35416666666666685 0.640625 0.40000000000000013 0.6703125 0.40000000000000013
1 0.690625 0.39722222222222237 0.65546875 0.39722222222222237 0.65546875 0.4416666666666668 0.690625 0.4416666666666668
2 0.7203125 0.39861111111111125 0.703125 0.39861111111111125 0.703125 0.4583333333333335 0.7203125 0.4583333333333335
2 0.7578125 0.40416666666666684 0.74140625 0.40416666666666684 0.74140625 0.4583333333333335 0.7578125 0.4583333333333335
2 0.85703125 0.38472222222222235 0.8421875 0.38472222222222235 0.8421875 0.4361111111111113 0.85703125 0.4361111111111113
2 0.8234375 0.38472222222222235 0.80859375 0.38472222222222235 0.80859375 0.4333333333333335 0.8234375 0.4333333333333335
2 0.74296875 0.38888888888888906 0.7265625 0.38888888888888906 0.7265625 0.4430555555555557 0.74296875 0.4430555555555557
2 0.88203125 0.4194444444444446 0.86484375 0.4194444444444446 0.86484375 0.48055555555555574 0.88203125 0.48055555555555574
2 0.80703125 0.5083333333333335 0.7859375 0.5083333333333335 0.7859375 0.5694444444444446 0.80703125 0.5694444444444446