2 0.67890625 0.2902777777777779 0.6546875 0.2902777777777779 0.6546875 0.3597222222222224 0.67890625 0.3597222222222224
2 0.65390625 0.25000000000000017 0.62890625 0.25000000000000017 0.62890625 0.30138888888888904 0.65390625 0.30138888888888904
2 0.2984375 0.55 0.25859375 0.55 0.25859375000000007 0.7138888888888889 0.2984375000000001 0.7138888888888889
2 0.27421875 0.46805555555555556 0.22890625 0.46805555555555556 0.22890625 0.6180555555555556 0.27421875 0.6180555555555556
2 0.16718750000000004 0.6013888888888889 0.13593750000000004 0.6013888888888889 0.13593750000000004 0.7305555555555555 0.16718750000000004 0.7305555555555555
2 0.21093750000000006 0.6097222222222223 0.15468750000000003 0.6097222222222223 0.15468750000000003 0.8083333333333333 0.21093750000000008 0.8083333333333333
2 0.12812500000000004 0.5722222222222222 0.08281250000000004 0.5722222222222222 0.08281250000000004 0.7083333333333334 0.12812500000000004 0.7083333333333334
2 0.3703125 0.3472222222222223 0.33671875 0.3472222222222223 0.33671875 0.43750000000000006 0.3703125 0.43750000000000017
2 0.34296875 0.2847222222222223 0.3203125 0.2847222222222223 0.3203125 0.35833333333333334 0.34296875 0.35833333333333334
2 0.38046875 0.25416666666666676 0.36328125 0.25416666666666676 0.36328125 0.32777777777777783 0.38046875 0.32777777777777783
2 0.34921875 0.23750000000000007 0.3328125 0.23750000000000007 0.3328125 0.2847222222222223 0.34921875 0.2847222222222223
14 0.6015625 0.1666666666666668 0.55234375 0.1666666666666668 0.55234375 0.24722222222222237 0.6015625 0.24722222222222237
2 0.3953125 0.21666666666666676 0.38125 0.21666666666666676 0.38125 0.2611111111111112 0.3953125 0.2611111111111112
2 0.375 0.20416666666666675 0.36328125 0.20416666666666675 0.36328125 0.2458333333333334 0.375 0.2458333333333334