2 0.14218750000000005 0.36944444444444446 0.11562500000000005 0.36944444444444446 0.11562500000000005 0.4666666666666667 0.14218750000000005 0.4666666666666667
2 0.18203125 0.2527777777777778 0.15703125 0.25277777777777777 0.15703125 0.3166666666666667 0.18203125 0.31666666666666676
1 0.63828125 0.5666666666666669 0.528125 0.5666666666666669 0.528125 0.775 0.63828125 0.775
1 0.7421875 0.4638888888888891 0.62421875 0.4638888888888891 0.62421875 0.6347222222222224 0.7421875 0.6347222222222224
1 0.55625 0.3250000000000001 0.49375 0.32500000000000007 0.49375 0.4361111111111113 0.55625 0.4361111111111113
1 0.67421875 0.22916666666666682 0.63359375 0.22916666666666682 0.63359375 0.27916666666666684 0.67421875 0.27916666666666684
1 0.559375 0.26944444444444454 0.52421875 0.26944444444444454 0.52421875 0.32222222222222235 0.559375 0.32222222222222235
1 0.61953125 0.31527777777777793 0.56796875 0.31527777777777793 0.56796875 0.4152777777777779 0.61953125 0.4152777777777779
1 0.57421875 0.23194444444444456 0.53046875 0.23194444444444454 0.53046875 0.28055555555555567 0.57421875 0.2805555555555557
1 0.63359375 0.24305555555555572 0.58984375 0.24305555555555572 0.58984375 0.29861111111111127 0.63359375 0.29861111111111127
14 0.73203125 0.17638888888888904 0.66171875 0.17638888888888904 0.66171875 0.24305555555555572 0.73203125 0.24305555555555572
14 0.56015625 0.26805555555555566 0.5234375 0.26805555555555566 0.5234375 0.32222222222222235 0.56015625 0.32222222222222235
8 0.41015625 0.15555555555555564 0.3296875 0.15555555555555564 0.3296875 0.2361111111111112 0.41015625 0.2361111111111112