2 0.71328125 0.7166666666666667 0.64296875 0.7166666666666667 0.64296875 0.8736111111111111 0.71328125 0.8736111111111111
2 0.37265625 0.4736111111111112 0.30546875 0.4736111111111111 0.30546875 0.6375000000000001 0.37265625 0.6375000000000002
2 0.2765625 0.4388888888888889 0.2171875 0.4388888888888889 0.2171875 0.6166666666666667 0.2765625 0.6166666666666667
2 0.11328125000000004 0.5875 0.04531250000000005 0.5875 0.04531250000000005 0.7666666666666667 0.11328125000000004 0.7666666666666667
2 0.3390625000000001 0.6847222222222222 0.2406250000000001 0.6847222222222222 0.2406250000000001 0.95 0.3390625000000001 0.95
2 0.10000000000000005 0.3611111111111111 0.047656250000000025 0.3611111111111111 0.047656250000000025 0.42916666666666664 0.10000000000000005 0.42916666666666664
2 0.33046875 0.2527777777777779 0.3046875 0.2527777777777779 0.3046875 0.3291666666666667 0.33046875 0.3291666666666667
2 0.3765625 0.2708333333333334 0.3453125 0.2708333333333334 0.3453125 0.3500000000000001 0.3765625 0.3500000000000001
2 0.42109375 0.21527777777777785 0.38203125 0.21527777777777785 0.38203125 0.30277777777777787 0.42109375 0.30277777777777787
2 0.61328125 0.20833333333333348 0.5984375 0.20833333333333348 0.5984375 0.2708333333333335 0.61328125 0.2708333333333335
2 0.7 0.2347222222222224 0.6578125 0.2347222222222224 0.6578125 0.32777777777777795 0.7 0.32777777777777795
2 0.36875 0.21250000000000008 0.34453125 0.21250000000000008 0.34453125 0.2847222222222223 0.36875 0.2847222222222223
2 0.25312500000000004 0.5972222222222222 0.2 0.5972222222222222 0.20000000000000004 0.7444444444444445 0.2531250000000001 0.7444444444444445