14 0.79453125 0.23611111111111127 0.64296875 0.23611111111111127 0.64296875 0.4916666666666668 0.79453125 0.4916666666666668
14 0.4203125 0.35277777777777786 0.27734375 0.35277777777777786 0.27734375000000006 0.6625000000000001 0.4203125 0.6625000000000002
2 0.23515625000000004 0.5986111111111111 0.18593750000000003 0.5986111111111111 0.18593750000000003 0.7597222222222222 0.2351562500000001 0.7597222222222222
2 0.15312500000000004 0.6097222222222223 0.07031250000000004 0.6097222222222223 0.07031250000000004 0.7819444444444444 0.15312500000000004 0.7819444444444444
2 0.10468750000000004 0.3680555555555556 0.047656250000000025 0.3680555555555556 0.047656250000000025 0.44305555555555554 0.10468750000000004 0.44305555555555554
2 0.2796875 0.2847222222222223 0.2625 0.2847222222222223 0.2625 0.35555555555555557 0.2796875 0.35555555555555557
2 0.31015625 0.2819444444444445 0.28515625 0.2819444444444445 0.28515625 0.37222222222222223 0.31015625 0.37222222222222223
2 0.3203125 0.3291666666666667 0.2921875 0.3291666666666667 0.2921875 0.39861111111111114 0.3203125 0.39861111111111114
2 0.365625 0.26388888888888895 0.3296875 0.26388888888888895 0.3296875 0.3611111111111112 0.365625 0.36111111111111127
2 0.4 0.24027777777777787 0.38203125 0.24027777777777787 0.38203125 0.31666666666666676 0.4 0.31666666666666676
2 0.4421875 0.2361111111111112 0.4203125 0.2361111111111112 0.4203125 0.32638888888888895 0.4421875 0.32638888888888895
2 0.17890625000000007 0.7972222222222223 0.09062500000000004 0.7972222222222223 0.09062500000000005 0.9916666666666667 0.1789062500000001 0.9916666666666667
2 0.38671875 0.22777777777777786 0.37265625 0.22777777777777786 0.37265625 0.2861111111111112 0.38671875 0.2861111111111112
2 0.3625 0.20277777777777786 0.3453125 0.20277777777777786 0.3453125 0.26250000000000007 0.3625 0.26250000000000007
2 0.54375 0.2819444444444445 0.5125 0.2819444444444445 0.5125 0.37777777777777793 0.54375 0.37777777777777793
2 0.6296875 0.16944444444444456 0.6125 0.16944444444444456 0.6125 0.22916666666666682 0.6296875 0.22916666666666682
1 0.5921875 0.17222222222222233 0.55390625 0.17222222222222233 0.55390625 0.22777777777777794 0.5921875 0.22777777777777794
2 0.41640625 0.21944444444444453 0.403125 0.21944444444444453 0.403125 0.2722222222222223 0.41640625 0.2722222222222223