2 0.14609375000000005 0.6333333333333333 0.09375000000000004 0.6333333333333333 0.09375000000000004 0.7944444444444444 0.14609375000000005 0.7944444444444444
2 0.74453125 0.8125000000000001 0.68203125 0.8125 0.68203125 0.9722222222222224 0.74453125 0.9722222222222225
2 0.2312500000000001 0.8208333333333333 0.16718750000000004 0.8208333333333333 0.16718750000000007 0.9916666666666667 0.2312500000000001 0.9916666666666667
2 0.5546875 0.33750000000000013 0.53046875 0.3375000000000001 0.53046875 0.4319444444444446 0.5546875 0.4319444444444446
2 0.24296875 0.37083333333333335 0.21640625 0.37083333333333335 0.21640625 0.4736111111111111 0.24296875 0.4736111111111111
2 0.4359375 0.6472222222222224 0.3929687500000001 0.6472222222222224 0.3929687500000001 0.8347222222222223 0.4359375 0.8347222222222223
2 0.8078125 0.48611111111111127 0.77265625 0.48611111111111127 0.77265625 0.6111111111111113 0.8078125 0.6111111111111113
2 0.63671875 0.24861111111111128 0.6171875 0.24861111111111128 0.6171875 0.32083333333333347 0.63671875 0.32083333333333347
2 0.83515625 0.7986111111111114 0.7671875 0.7986111111111114 0.7671875 0.9680555555555559 0.83515625 0.9680555555555559
2 0.99609375 0.8180555555555559 0.9328125 0.8180555555555559 0.9328125 0.9972222222222226 0.99609375 0.9972222222222226
2 0.403125 0.3583333333333335 0.3796875 0.3583333333333335 0.3796875 0.46666666666666684 0.403125 0.46666666666666684
2 0.328125 0.4527777777777778 0.2609375 0.4527777777777778 0.2609375 0.5583333333333333 0.328125 0.5583333333333333
2 0.90625 0.8222222222222225 0.85390625 0.8222222222222225 0.85390625 0.9930555555555559 0.90625 0.9930555555555559
2 0.28593750000000007 0.7097222222222223 0.2210937500000001 0.7097222222222223 0.2210937500000001 0.8861111111111111 0.28593750000000007 0.8861111111111111
2 0.25078125000000007 0.5791666666666667 0.20234375 0.5791666666666667 0.20234375000000004 0.7347222222222223 0.25078125000000007 0.7347222222222223
2 0.67734375 0.41111111111111126 0.6515625 0.41111111111111126 0.6515625 0.5250000000000001 0.67734375 0.5250000000000001
2 0.303125 0.34166666666666673 0.2796875 0.34166666666666673 0.2796875 0.44166666666666665 0.303125 0.44166666666666665
2 0.04062500000000003 0.3597222222222222 2.4779962576497225e-17 0.3597222222222222 2.8224281699099153e-17 0.4597222222222222 0.040625000000000036 0.4597222222222222
2 0.328125 0.37222222222222223 0.30625 0.37222222222222223 0.30625 0.47638888888888886 0.328125 0.47638888888888886
2 0.73359375 0.588888888888889 0.69765625 0.588888888888889 0.69765625 0.727777777777778 0.73359375 0.7277777777777781
2 0.690625 0.3236111111111113 0.6609375 0.3236111111111113 0.6609375 0.4152777777777779 0.690625 0.4152777777777779
2 0.56328125 0.2527777777777779 0.53828125 0.2527777777777779 0.53828125 0.31666666666666676 0.56328125 0.3166666666666668
2 0.7671875 0.5305555555555557 0.73515625 0.5305555555555557 0.73515625 0.6680555555555557 0.7671875 0.6680555555555557
2 0.67734375 0.26388888888888906 0.65625 0.26388888888888906 0.65625 0.33611111111111125 0.67734375 0.33611111111111125
2 0.440625 0.3097222222222223 0.41953125 0.3097222222222223 0.41953125 0.4013888888888891 0.440625 0.4013888888888891
2 0.371875 0.33194444444444454 0.35234375 0.33194444444444454 0.35234375 0.4347222222222223 0.371875 0.4347222222222224
2 0.3921875 0.2722222222222223 0.37421875 0.2722222222222223 0.37421875 0.3444444444444445 0.3921875 0.3444444444444445
2 0.89140625 0.7111111111111115 0.846875 0.7111111111111115 0.846875 0.8583333333333336 0.89140625 0.8583333333333336
2 0.8765625 0.5861111111111112 0.83125 0.5861111111111112 0.83125 0.7375000000000003 0.8765625 0.7375000000000003
2 0.3578125 0.2750000000000001 0.3375 0.2750000000000001 0.3375 0.34583333333333344 0.3578125 0.34583333333333344
2 0.34765625 0.33194444444444454 0.32578125 0.33194444444444454 0.32578125 0.4263888888888889 0.34765625 0.4263888888888889
2 0.946875 0.6333333333333335 0.9 0.6333333333333335 0.9 0.7625000000000003 0.946875 0.7625000000000003
2 0.75390625 0.7055555555555557 0.7046875 0.7055555555555557 0.7046875 0.8597222222222224 0.75390625 0.8597222222222225
2 1 0.7513888888888892 0.96875 0.7513888888888892 0.96875 0.8736111111111114 1 0.8736111111111114
1 0.4171875 0.24305555555555564 0.384375 0.24305555555555564 0.384375 0.31944444444444453 0.4171875 0.31944444444444453