2 0.3343750000000001 0.7875 0.2671875000000001 0.7875 0.2671875000000001 0.9458333333333333 0.3343750000000001 0.9458333333333333
2 0.2632812500000001 0.7833333333333333 0.19531250000000006 0.7833333333333333 0.19531250000000006 0.9486111111111111 0.2632812500000001 0.9486111111111111
2 0.675 0.4416666666666668 0.6484375 0.4416666666666668 0.6484375 0.515277777777778 0.675 0.515277777777778
2 0.6796875 0.5791666666666668 0.6421875 0.5791666666666668 0.6421875 0.6805555555555557 0.6796875 0.6805555555555557
2 0.4109375 0.7902777777777777 0.3492187500000001 0.7902777777777777 0.3492187500000001 0.9416666666666667 0.4109375 0.9416666666666667
2 0.70390625 0.44027777777777793 0.68203125 0.44027777777777793 0.68203125 0.5069444444444446 0.70390625 0.5069444444444446
2 0.73125 0.3458333333333335 0.7125 0.3458333333333335 0.7125 0.38888888888888906 0.73125 0.38888888888888906
2 0.5921875 0.688888888888889 0.5421875 0.688888888888889 0.5421875 0.8152777777777778 0.5921875 0.8152777777777778
2 0.82265625 0.5069444444444446 0.7890625 0.5069444444444446 0.7890625 0.5930555555555557 0.82265625 0.5930555555555557
2 0.8703125 0.3680555555555557 0.8484375 0.3680555555555557 0.8484375 0.4208333333333335 0.8703125 0.4208333333333335
2 0.81171875 0.4222222222222224 0.78828125 0.4222222222222224 0.78828125 0.48611111111111127 0.81171875 0.48611111111111127
2 0.7203125 0.48888888888888904 0.690625 0.48888888888888904 0.690625 0.5694444444444446 0.7203125 0.5694444444444446
2 0.89375 0.4222222222222224 0.86484375 0.4222222222222224 0.86484375 0.48611111111111127 0.89375 0.48611111111111127
2 0.64453125 0.5361111111111113 0.62421875 0.5361111111111113 0.62421875 0.6250000000000001 0.64453125 0.6250000000000001
2 0.58828125 0.5291666666666668 0.55234375 0.5291666666666668 0.55234375 0.6250000000000001 0.58828125 0.6250000000000001
2 0.7546875 0.4305555555555557 0.73984375 0.4305555555555557 0.73984375 0.4944444444444446 0.7546875 0.4944444444444446
2 0.85703125 0.3319444444444446 0.83984375 0.3319444444444446 0.83984375 0.37638888888888905 0.85703125 0.37638888888888905
2 0.79375 0.4333333333333335 0.775 0.4333333333333335 0.775 0.5000000000000001 0.79375 0.5000000000000001
2 0.83828125 0.3305555555555557 0.8234375 0.3305555555555557 0.8234375 0.3736111111111113 0.83828125 0.3736111111111113
2 0.7703125 0.34027777777777796 0.753125 0.34027777777777796 0.753125 0.38333333333333347 0.7703125 0.38333333333333347
2 0.75 0.3583333333333335 0.73125 0.3583333333333335 0.73125 0.40416666666666684 0.75 0.40416666666666684
1 0.62109375 0.34166666666666684 0.58671875 0.34166666666666684 0.58671875 0.3930555555555557 0.62109375 0.3930555555555557
1 0.19921875000000006 0.6680555555555555 0.010156250000000047 0.6680555555555555 0.010156250000000054 0.8722222222222222 0.19921875000000006 0.8722222222222222
1 0.578125 0.3666666666666668 0.53671875 0.3666666666666668 0.53671875 0.4277777777777779 0.578125 0.4277777777777779
1 0.67890625 0.3527777777777779 0.64296875 0.3527777777777779 0.64296875 0.4083333333333335 0.67890625 0.4083333333333335
1 0.6203125 0.3944444444444446 0.56953125 0.3944444444444446 0.56953125 0.4694444444444446 0.6203125 0.4694444444444446
1 0.55078125 0.44722222222222235 0.48984375 0.44722222222222235 0.48984375 0.5291666666666668 0.55078125 0.5291666666666668
1 0.5109375 0.41388888888888903 0.4671875 0.41388888888888903 0.4671875 0.4847222222222224 0.5109375 0.4847222222222224
1 0.76640625 0.3930555555555557 0.72578125 0.3930555555555557 0.72578125 0.45416666666666683 0.76640625 0.45416666666666683
1 0.67890625 0.3083333333333335 0.65390625 0.3083333333333335 0.65390625 0.3458333333333335 0.67890625 0.3458333333333335
14 0.19921875000000006 0.6680555555555555 0.010156250000000047 0.6680555555555555 0.010156250000000054 0.8722222222222222 0.19921875000000006 0.8722222222222222
2 0.77109375 0.4152777777777779 0.75625 0.4152777777777779 0.75625 0.47916666666666685 0.77109375 0.47916666666666685
2 0.6328125 0.501388888888889 0.61484375 0.501388888888889 0.61484375 0.5930555555555557 0.6328125 0.5930555555555557