2 0.16328125000000002 0.32222222222222224 0.13828125 0.32222222222222224 0.13828125000000002 0.41388888888888886 0.16328125000000004 0.41388888888888886
1 0.59375 0.4833333333333335 0.509375 0.4833333333333335 0.509375 0.6388888888888891 0.59375 0.6388888888888891
1 0.89296875 0.6722222222222224 0.6921875 0.6722222222222224 0.6921875 0.9694444444444446 0.89296875 0.9694444444444448
1 0.7421875 0.7208333333333334 0.55703125 0.7208333333333333 0.55703125 0.9986111111111112 0.7421875 0.9986111111111114
1 0.6953125 0.4305555555555557 0.603125 0.4305555555555557 0.603125 0.5722222222222224 0.6953125 0.5722222222222224
1 0.54765625 0.3333333333333334 0.49296875 0.3333333333333334 0.49296875 0.4277777777777779 0.54765625 0.4277777777777779
1 0.6203125 0.2944444444444446 0.578125 0.2944444444444446 0.578125 0.36111111111111127 0.6203125 0.36111111111111127
1 0.55078125 0.263888888888889 0.503125 0.26388888888888895 0.503125 0.32361111111111124 0.55078125 0.3236111111111113
1 0.62265625 0.24722222222222237 0.5828125 0.24722222222222237 0.5828125 0.31388888888888905 0.62265625 0.31388888888888905
1 0.7078125 0.21388888888888904 0.6703125 0.21388888888888904 0.6703125 0.26527777777777795 0.7078125 0.26527777777777795
8 0.58046875 0.16250000000000012 0.46875 0.16250000000000012 0.46875 0.24166666666666678 0.58046875 0.24166666666666684
2 0.3218750000000001 0.7305555555555555 0.2453125000000001 0.7305555555555555 0.2453125000000001 0.9569444444444445 0.3218750000000001 0.9569444444444445