2 0.36796875 0.2583333333333334 0.346875 0.2583333333333334 0.346875 0.33888888888888896 0.36796875 0.33888888888888896
2 0.29921875 0.3291666666666667 0.27890625 0.3291666666666667 0.27890625 0.4027777777777778 0.29921875 0.4027777777777778
2 0.271875 0.4222222222222222 0.23984375 0.4222222222222222 0.23984375 0.5513888888888889 0.271875 0.5513888888888889
2 0.3328125 0.36944444444444446 0.31015625 0.36944444444444446 0.31015625 0.4652777777777778 0.3328125 0.4652777777777778
2 0.6046875 0.19027777777777793 0.5921875 0.19027777777777793 0.5921875 0.23750000000000016 0.6046875 0.23750000000000016
2 0.41328125 0.17777777777777787 0.3890625 0.17777777777777787 0.3890625 0.24305555555555564 0.41328125 0.24305555555555564
1 0.46640625 0.24166666666666675 0.4296875 0.24166666666666675 0.4296875 0.3208333333333334 0.46640625 0.3208333333333334
1 0.46875 0.15833333333333344 0.4421875 0.1583333333333334 0.4421875 0.2097222222222223 0.46875 0.2097222222222223
1 0.41328125 0.17777777777777787 0.3890625 0.17777777777777787 0.3890625 0.24305555555555564 0.41328125 0.24305555555555564
8 0.5765625 0.24444444444444458 0.509375 0.24444444444444452 0.509375 0.4097222222222224 0.5765625 0.4097222222222224
8 0.54765625 0.13611111111111124 0.5046875 0.13611111111111124 0.5046875 0.23333333333333345 0.54765625 0.2333333333333335
2 0.3 0.2861111111111112 0.28203125 0.2861111111111112 0.28203125 0.3208333333333334 0.3 0.3208333333333334
1 0.58671875 0.1833333333333335 0.559375 0.1833333333333335 0.559375 0.22638888888888906 0.58671875 0.22638888888888906
2 0.7875 0.2708333333333335 0.75390625 0.2708333333333335 0.75390625 0.32638888888888906 0.7875 0.32638888888888906