2 0.72734375 0.5291666666666668 0.69609375 0.5291666666666668 0.69609375 0.676388888888889 0.72734375 0.676388888888889
2 0.23281250000000003 0.6152777777777778 0.19140625000000006 0.6152777777777778 0.19140625000000006 0.7805555555555556 0.2328125000000001 0.7805555555555556
2 0.86640625 0.8652777777777781 0.79765625 0.8652777777777781 0.79765625 1.0000000000000002 0.86640625 1.0000000000000002
2 0.11250000000000004 0.3597222222222222 0.05078125000000002 0.3597222222222222 0.05078125000000002 0.4513888888888889 0.11250000000000004 0.4513888888888889
2 0.51015625 0.2750000000000001 0.4796875 0.2750000000000001 0.4796875 0.35277777777777786 0.51015625 0.35277777777777786
2 0.36015625 0.3472222222222223 0.33671875 0.3472222222222223 0.33671875 0.44027777777777777 0.36015625 0.44027777777777777
2 0.3875 0.2958333333333334 0.3671875 0.2958333333333334 0.3671875 0.38888888888888906 0.3875 0.38888888888888906
2 0.303125 0.35833333333333334 0.27734375 0.35833333333333334 0.27734375 0.46805555555555556 0.303125 0.46805555555555556
2 0.42578125 0.2486111111111112 0.4078125 0.2486111111111112 0.4078125 0.32777777777777783 0.42578125 0.32777777777777783
2 0.33359375 0.39444444444444443 0.30703125 0.39444444444444443 0.30703125 0.5069444444444444 0.33359375 0.5069444444444444
2 0.2921875000000001 0.7444444444444445 0.23203125000000008 0.7444444444444445 0.23203125000000008 0.9277777777777778 0.2921875000000001 0.9277777777777778
2 0.4078125 0.38472222222222235 0.38203125 0.38472222222222235 0.38203125 0.4958333333333335 0.4078125 0.4958333333333335
2 0.69296875 0.3597222222222224 0.66640625 0.3597222222222224 0.66640625 0.46250000000000013 0.69296875 0.46250000000000013
2 0.5375 0.5083333333333335 0.50390625 0.5083333333333335 0.50390625 0.651388888888889 0.5375 0.651388888888889
2 0.33359375 0.2736111111111112 0.31328125 0.2736111111111112 0.31328125 0.35277777777777786 0.33359375 0.35277777777777786
2 0.5359375 0.21944444444444453 0.51796875 0.21944444444444453 0.51796875 0.2861111111111112 0.5359375 0.2861111111111112
2 0.6796875 0.27500000000000013 0.659375 0.27500000000000013 0.659375 0.3458333333333335 0.6796875 0.3458333333333335
2 0.965625 0.7222222222222225 0.8859375 0.7222222222222225 0.8859375 0.9027777777777781 0.965625 0.9027777777777781
2 0.99609375 0.8944444444444447 0.959375 0.8944444444444447 0.959375 1.0000000000000002 0.99609375 1.0000000000000002
2 0.61328125 0.1958333333333335 0.5984375 0.1958333333333335 0.5984375 0.2569444444444446 0.61328125 0.2569444444444446
2 0.3671875 0.26527777777777783 0.34140625 0.26527777777777783 0.34140625 0.3333333333333334 0.3671875 0.3333333333333334
2 0.57421875 0.21388888888888904 0.5546875 0.21388888888888904 0.5546875 0.2680555555555557 0.57421875 0.2680555555555557
2 0.321875 0.26388888888888895 0.29140625 0.26388888888888895 0.29140625 0.3375000000000001 0.321875 0.3375000000000001
2 0.2921875000000001 0.8888888888888888 0.24375000000000008 0.8888888888888888 0.24375000000000008 1 0.2921875000000001 1
1 0.6078125 0.2763888888888891 0.55234375 0.2763888888888891 0.55234375 0.35138888888888903 0.6078125 0.35138888888888903
1 0.4046875 0.2111111111111112 0.3671875 0.2111111111111112 0.3671875 0.2944444444444445 0.4046875 0.2944444444444445
8 0.475 0.20277777777777786 0.43203125 0.20277777777777786 0.43203125 0.3069444444444445 0.475 0.3069444444444445