2 0.7734375 0.6694444444444446 0.70546875 0.6694444444444446 0.70546875 0.852777777777778 0.7734375 0.8527777777777781
2 0.84375 0.8097222222222226 0.7765625 0.8097222222222226 0.7765625 0.9986111111111114 0.84375 0.9986111111111114
2 0.940625 0.626388888888889 0.8671875 0.626388888888889 0.8671875 0.7708333333333337 0.940625 0.7708333333333337
2 0.796875 0.39861111111111125 0.74609375 0.39861111111111125 0.74609375 0.5305555555555557 0.796875 0.5305555555555557
2 0.7484375 0.3527777777777779 0.71171875 0.3527777777777779 0.71171875 0.4694444444444446 0.7484375 0.4694444444444446
2 0.7078125 0.3250000000000002 0.6859375 0.3250000000000002 0.6859375 0.4069444444444446 0.7078125 0.4069444444444446
2 0.71484375 0.2625000000000002 0.68671875 0.2625000000000002 0.68671875 0.33472222222222237 0.71484375 0.33472222222222237
2 0.684375 0.2680555555555557 0.66328125 0.2680555555555557 0.66328125 0.3180555555555557 0.684375 0.3180555555555557
2 0.6671875 0.26388888888888906 0.65 0.26388888888888906 0.65 0.32222222222222235 0.6671875 0.32222222222222235
2 0.63828125 0.27916666666666684 0.62265625 0.27916666666666684 0.62265625 0.33472222222222237 0.63828125 0.33472222222222237
2 0.61484375 0.2333333333333335 0.59921875 0.2333333333333335 0.59921875 0.28611111111111126 0.61484375 0.28611111111111126
2 0.60703125 0.2541666666666668 0.58515625 0.2541666666666668 0.58515625 0.3097222222222224 0.60703125 0.3097222222222224
1 0.57421875 0.22222222222222235 0.52265625 0.2222222222222223 0.52265625 0.2986111111111112 0.57421875 0.29861111111111127
2 0.10468750000000004 0.3611111111111111 0.047656250000000025 0.3611111111111111 0.047656250000000025 0.43194444444444446 0.10468750000000004 0.43194444444444446
2 0.234375 0.2666666666666667 0.196875 0.2666666666666667 0.196875 0.301388888888889 0.234375 0.301388888888889
2 0.45 0.23194444444444454 0.42578125 0.23194444444444454 0.42578125 0.2847222222222223 0.45 0.2847222222222223
2 0.35390625 0.21388888888888896 0.334375 0.21388888888888896 0.334375 0.27777777777777785 0.35390625 0.27777777777777785