2 0.51328125 0.8097222222222222 0.4625 0.8097222222222222 0.4625 0.9472222222222222 0.51328125 0.9472222222222222
2 0.57265625 0.8444444444444444 0.5265625 0.8444444444444444 0.5265625 0.9736111111111111 0.57265625 0.9736111111111111
2 0.73359375 0.6527777777777779 0.6921875 0.6527777777777779 0.6921875 0.776388888888889 0.73359375 0.7763888888888892
2 0.86015625 0.4305555555555557 0.83359375 0.4305555555555557 0.83359375 0.4958333333333335 0.86015625 0.4958333333333335
2 0.83515625 0.47361111111111126 0.809375 0.47361111111111126 0.809375 0.540277777777778 0.83515625 0.540277777777778
2 0.8046875 0.42361111111111127 0.78046875 0.42361111111111127 0.78046875 0.4819444444444446 0.8046875 0.4819444444444446
2 0.4359375 0.8833333333333333 0.3843750000000001 0.8833333333333333 0.3843750000000001 0.9902777777777778 0.4359375 0.9902777777777778
2 0.8015625 0.6083333333333335 0.76484375 0.6083333333333335 0.76484375 0.7097222222222224 0.8015625 0.7097222222222224
2 0.734375 0.4944444444444446 0.7046875 0.4944444444444446 0.7046875 0.5750000000000002 0.734375 0.5750000000000002
2 0.7734375 0.4944444444444446 0.74453125 0.4944444444444446 0.74453125 0.5708333333333335 0.7734375 0.5708333333333335
2 0.84921875 0.5416666666666669 0.8140625 0.5416666666666669 0.8140625 0.6333333333333335 0.84921875 0.6333333333333335
2 0.45234375 0.6569444444444446 0.4109375 0.6569444444444446 0.4109375 0.7708333333333334 0.45234375 0.7708333333333334
2 0.42890625 0.7402777777777778 0.3851562500000001 0.7402777777777778 0.3851562500000001 0.8583333333333333 0.42890625 0.8583333333333333
2 0.78671875 0.4708333333333335 0.76328125 0.4708333333333335 0.76328125 0.5375000000000002 0.78671875 0.5375000000000002
2 0.66015625 0.5111111111111113 0.628125 0.5111111111111113 0.628125 0.5847222222222224 0.66015625 0.5847222222222224
2 0.53515625 0.5722222222222224 0.503125 0.5722222222222224 0.503125 0.6597222222222224 0.53515625 0.6597222222222224
2 0.70234375 0.4708333333333335 0.675 0.4708333333333335 0.675 0.5430555555555557 0.70234375 0.5430555555555557
2 0.5328125 0.688888888888889 0.490625 0.688888888888889 0.490625 0.7958333333333333 0.5328125 0.7958333333333333
2 0.72734375 0.3666666666666668 0.70234375 0.3666666666666668 0.70234375 0.42361111111111127 0.72734375 0.42361111111111127
2 0.66640625 0.5611111111111112 0.63359375 0.5611111111111112 0.63359375 0.6486111111111112 0.66640625 0.6486111111111112
2 0.6421875 0.6847222222222223 0.59921875 0.6847222222222223 0.59921875 0.7944444444444444 0.6421875 0.7944444444444444
2 0.46015625 0.6055555555555557 0.41953125 0.6055555555555557 0.41953125 0.7055555555555557 0.46015625 0.7055555555555557
2 0.8265625 0.3666666666666668 0.80625 0.3666666666666668 0.80625 0.41666666666666685 0.8265625 0.41666666666666685
2 0.8 0.35416666666666685 0.78046875 0.35416666666666685 0.78046875 0.4069444444444446 0.8 0.4069444444444446
2 0.56015625 0.6000000000000002 0.52578125 0.6000000000000002 0.52578125 0.6930555555555558 0.56015625 0.6930555555555558
2 0.59765625 0.5208333333333335 0.56640625 0.5208333333333335 0.56640625 0.5972222222222224 0.59765625 0.5972222222222224
2 0.8921875 0.4333333333333335 0.86484375 0.4333333333333335 0.86484375 0.5000000000000001 0.8921875 0.5000000000000001
2 0.6015625 0.6055555555555557 0.57421875 0.6055555555555557 0.57421875 0.6819444444444446 0.6015625 0.6819444444444446
2 0.6140625 0.6555555555555557 0.58125 0.6555555555555557 0.58125 0.7472222222222222 0.6140625 0.7472222222222222
1 0.4515625 0.46527777777777796 0.3671875 0.46527777777777796 0.3671875 0.5708333333333335 0.4515625 0.5708333333333335
1 0.40703125 0.5708333333333334 0.30546875 0.5708333333333333 0.30546875000000007 0.6847222222222223 0.40703125 0.6847222222222223
1 0.51875 0.4777777777777779 0.44453125 0.4777777777777779 0.44453125 0.5819444444444446 0.51875 0.5819444444444446
1 0.6953125 0.4444444444444446 0.65 0.4444444444444446 0.65 0.5097222222222224 0.6953125 0.5097222222222224
1 0.7046875 0.40277777777777796 0.66640625 0.40277777777777796 0.66640625 0.4569444444444446 0.7046875 0.4569444444444446
1 0.57265625 0.38333333333333347 0.5234375 0.38333333333333347 0.5234375 0.45277777777777795 0.57265625 0.45277777777777795
14 0.6671875 0.31527777777777793 0.60546875 0.31527777777777793 0.60546875 0.4152777777777779 0.6671875 0.4152777777777779