8 0.08125000000000004 0.5138888888888888 0.03750000000000003 0.5138888888888888 0.03750000000000004 0.6611111111111111 0.08125000000000004 0.6611111111111111
1 0.30078125 0.18194444444444452 0.2484375 0.18194444444444452 0.2484375 0.23194444444444454 0.30078125 0.23194444444444454
1 0.6984375 0.7222222222222222 0.5453125 0.7222222222222222 0.5453125 1 0.6984375 1
1 0.9796875 0.779166666666667 0.7359375 0.779166666666667 0.7359375 1.0000000000000002 0.9796875 1.0000000000000002
1 0.79609375 0.5125000000000002 0.66875 0.5125000000000002 0.66875 0.7041666666666668 0.79609375 0.7041666666666668
1 0.57109375 0.3111111111111112 0.52421875 0.31111111111111117 0.52421875 0.40000000000000013 0.57109375 0.40000000000000013
1 0.62109375 0.27777777777777796 0.58359375 0.27777777777777796 0.58359375 0.3319444444444446 0.62109375 0.3319444444444446
1 0.6640625 0.24722222222222237 0.6265625 0.24722222222222237 0.6265625 0.2902777777777779 0.6640625 0.2902777777777779
1 0.575 0.23750000000000013 0.53359375 0.23750000000000007 0.53359375 0.2902777777777779 0.575 0.2902777777777779
14 0.5375 0.2736111111111112 0.49375 0.2736111111111112 0.49375 0.3486111111111112 0.5375 0.3486111111111112
8 0.69921875 0.15694444444444458 0.6015625 0.15694444444444455 0.6015625 0.2541666666666668 0.69921875 0.2541666666666668
14 0.67265625 0.3180555555555557 0.59765625 0.3180555555555557 0.59765625 0.46527777777777796 0.67265625 0.46527777777777796