2 0.56875 0.26388888888888906 0.5484375 0.26388888888888906 0.5484375 0.33611111111111125 0.56875 0.33611111111111125
2 0.29921875 0.3097222222222223 0.26953125 0.3097222222222223 0.26953125 0.4 0.29921875 0.4
2 0.83125 0.588888888888889 0.7796875 0.588888888888889 0.7796875 0.7222222222222225 0.83125 0.7222222222222225
2 0.6546875 0.2569444444444446 0.634375 0.2569444444444446 0.634375 0.3305555555555557 0.6546875 0.3305555555555557
2 0.3515625 0.3069444444444445 0.32734375 0.3069444444444445 0.32734375 0.4041666666666667 0.3515625 0.4041666666666667
2 0.78125 0.4277777777777779 0.721875 0.4277777777777779 0.721875 0.5361111111111113 0.78125 0.5361111111111113
2 0.51875 0.26527777777777783 0.490625 0.26527777777777783 0.490625 0.3375000000000001 0.51875 0.3375000000000001
2 0.40859375 0.2930555555555556 0.38515625 0.2930555555555556 0.38515625 0.3791666666666668 0.40859375 0.3791666666666668
2 0.60390625 0.24861111111111128 0.58515625 0.24861111111111128 0.58515625 0.3166666666666668 0.60390625 0.3166666666666668
2 0.37890625 0.2750000000000001 0.34765625 0.2750000000000001 0.34765625 0.35277777777777786 0.37890625 0.35277777777777786
2 0.328125 0.2847222222222223 0.3015625 0.2847222222222223 0.3015625 0.37083333333333335 0.328125 0.37083333333333335
2 0.42578125 0.2486111111111112 0.409375 0.2486111111111112 0.409375 0.31666666666666676 0.42578125 0.31666666666666676
2 0.71171875 0.2958333333333335 0.6875 0.2958333333333335 0.6875 0.3875000000000002 0.71171875 0.3875000000000002
1 0.5625 0.33611111111111125 0.45546875 0.3361111111111112 0.45546875 0.42500000000000016 0.5625 0.42500000000000016
8 0.475 0.19861111111111118 0.43359375 0.19861111111111118 0.43359375 0.30555555555555564 0.475 0.30555555555555564
8 0.55 0.13333333333333344 0.51796875 0.13333333333333344 0.51796875 0.21388888888888902 0.55 0.21388888888888904
8 0.5265625 0.11250000000000011 0.49296875 0.11250000000000011 0.49296875 0.19861111111111118 0.5265625 0.19861111111111118