2 0.428125 0.7375 0.3750000000000001 0.7375 0.3750000000000001 0.8833333333333333 0.428125 0.8833333333333333
2 0.7015625 0.3944444444444446 0.6796875 0.3944444444444446 0.6796875 0.45138888888888906 0.7015625 0.45138888888888906
2 0.72421875 0.3805555555555557 0.70390625 0.3805555555555557 0.70390625 0.4347222222222224 0.72421875 0.4347222222222224
2 0.86484375 0.4194444444444446 0.84296875 0.4194444444444446 0.84296875 0.48055555555555574 0.86484375 0.48055555555555574
2 0.76796875 0.8500000000000002 0.721875 0.85 0.721875 0.988888888888889 0.76796875 0.9888888888888892
2 0.753125 0.4972222222222224 0.725 0.4972222222222224 0.725 0.5750000000000002 0.753125 0.5750000000000002
2 0.3617187500000001 0.7236111111111111 0.3046875000000001 0.7236111111111111 0.3046875000000001 0.8694444444444445 0.3617187500000001 0.8694444444444445
2 0.6421875 0.7069444444444446 0.60078125 0.7069444444444446 0.60078125 0.8263888888888888 0.6421875 0.8263888888888888
2 0.58984375 0.6944444444444446 0.5453125 0.6944444444444446 0.5453125 0.8236111111111111 0.58984375 0.8236111111111111
2 0.8421875 0.4416666666666668 0.81875 0.4416666666666668 0.81875 0.5069444444444446 0.8421875 0.5069444444444446
2 0.8265625 0.8208333333333336 0.78515625 0.8208333333333336 0.78515625 0.966666666666667 0.8265625 0.966666666666667
2 0.8484375 0.3569444444444446 0.83203125 0.3569444444444446 0.83203125 0.4055555555555557 0.8484375 0.4055555555555557
2 0.87421875 0.3680555555555557 0.86171875 0.3680555555555557 0.86171875 0.41805555555555574 0.87421875 0.41805555555555574
2 0.83984375 0.7194444444444448 0.796875 0.7194444444444448 0.796875 0.8402777777777781 0.83984375 0.8402777777777781
2 0.75859375 0.4097222222222224 0.74140625 0.4097222222222224 0.74140625 0.4694444444444446 0.75859375 0.4694444444444446
2 0.79140625 0.38472222222222235 0.77265625 0.38472222222222235 0.77265625 0.43750000000000017 0.79140625 0.43750000000000017
2 0.68046875 0.48055555555555574 0.64921875 0.48055555555555574 0.64921875 0.563888888888889 0.68046875 0.563888888888889
2 0.7171875 0.588888888888889 0.68125 0.588888888888889 0.68125 0.6916666666666669 0.7171875 0.6916666666666669
2 0.7453125 0.38333333333333347 0.7265625 0.38333333333333347 0.7265625 0.4333333333333335 0.7453125 0.4333333333333335
2 0.67265625 0.4291666666666668 0.65703125 0.4291666666666668 0.65703125 0.48750000000000016 0.67265625 0.48750000000000016
2 0.71171875 0.8763888888888889 0.65390625 0.8763888888888889 0.65390625 0.9888888888888889 0.71171875 0.9888888888888889
2 0.7609375 0.3472222222222224 0.74375 0.3472222222222224 0.74375 0.3958333333333335 0.7609375 0.3958333333333335
2 0.82109375 0.39861111111111125 0.8015625 0.39861111111111125 0.8015625 0.4555555555555557 0.82109375 0.4555555555555557
2 0.2828125000000001 0.8777777777777778 0.21093750000000008 0.8777777777777778 0.21093750000000008 0.9916666666666667 0.2828125000000001 0.9916666666666667
2 0.8109375 0.36111111111111127 0.79453125 0.36111111111111127 0.79453125 0.41111111111111126 0.8109375 0.41111111111111126
1 0.44296875 0.5291666666666668 0.3484375 0.5291666666666667 0.3484375 0.6416666666666667 0.44296875 0.6416666666666668
1 0.6828125 0.31527777777777793 0.65234375 0.31527777777777793 0.65234375 0.3583333333333335 0.6828125 0.3583333333333335
2 0.86328125 0.36111111111111127 0.85078125 0.36111111111111127 0.85078125 0.41111111111111126 0.86328125 0.41111111111111126
2 0.6625 0.4097222222222224 0.646875 0.4097222222222224 0.646875 0.4680555555555557 0.6625 0.4680555555555557