2 0.55546875 0.8347222222222223 0.49921875 0.8347222222222223 0.49921875 0.9819444444444444 0.55546875 0.9819444444444444
2 0.85234375 0.5138888888888891 0.8265625 0.5138888888888891 0.8265625 0.5875000000000001 0.85234375 0.5875000000000001
2 0.671875 0.8180555555555555 0.61328125 0.8180555555555555 0.61328125 0.9722222222222222 0.671875 0.9722222222222222
2 0.2796875000000001 0.7861111111111111 0.2132812500000001 0.7861111111111111 0.2132812500000001 0.9527777777777777 0.2796875000000001 0.9527777777777777
2 0.4859375 0.6500000000000001 0.44140625 0.6500000000000001 0.44140625 0.775 0.4859375 0.775
2 0.403125 0.6916666666666668 0.35625000000000007 0.6916666666666667 0.35625000000000007 0.8194444444444444 0.403125 0.8194444444444444
2 0.7078125 0.3694444444444446 0.68671875 0.3694444444444446 0.68671875 0.42500000000000016 0.7078125 0.42500000000000016
2 0.07890625000000007 0.8527777777777777 0.0031250000000000583 0.8527777777777777 0.003125000000000063 0.9902777777777778 0.07890625000000007 0.9902777777777778
2 0.82109375 0.5388888888888891 0.79375 0.5388888888888891 0.79375 0.6152777777777779 0.82109375 0.6152777777777779
2 0.82890625 0.6069444444444446 0.79765625 0.6069444444444446 0.79765625 0.7097222222222224 0.82890625 0.7097222222222224
2 0.82578125 0.41111111111111126 0.80546875 0.41111111111111126 0.80546875 0.46666666666666684 0.82578125 0.46666666666666684
2 0.846875 0.41666666666666685 0.82734375 0.41666666666666685 0.82734375 0.4777777777777779 0.846875 0.4777777777777779
2 0.54375 0.5277777777777779 0.5125 0.5277777777777779 0.5125 0.6194444444444446 0.54375 0.6194444444444446
2 0.8640625 0.5722222222222224 0.83515625 0.5722222222222224 0.83515625 0.665277777777778 0.8640625 0.665277777777778
2 0.640625 0.5333333333333334 0.61171875 0.5333333333333334 0.61171875 0.6222222222222223 0.640625 0.6222222222222223
2 0.73828125 0.3444444444444446 0.71875 0.3444444444444446 0.71875 0.39722222222222237 0.73828125 0.39722222222222237
2 0.8671875 0.4291666666666668 0.8453125 0.4291666666666668 0.8453125 0.4916666666666668 0.8671875 0.4916666666666668
2 0.76484375 0.5083333333333335 0.7375 0.5083333333333335 0.7375 0.5944444444444446 0.76484375 0.5944444444444446
2 0.46484375 0.526388888888889 0.43359375 0.526388888888889 0.43359375 0.6152777777777779 0.46484375 0.6152777777777779
2 0.58984375 0.5222222222222224 0.5578125 0.5222222222222224 0.5578125 0.6069444444444446 0.58984375 0.6069444444444446
2 0.5359375 0.6555555555555557 0.49609375 0.6555555555555557 0.49609375 0.7708333333333334 0.5359375 0.7708333333333334
2 0.70546875 0.4347222222222224 0.68359375 0.4347222222222224 0.68359375 0.502777777777778 0.70546875 0.502777777777778
2 0.4390625 0.6000000000000002 0.4 0.6000000000000002 0.4 0.7097222222222224 0.4390625 0.7097222222222224
2 0.8734375 0.7569444444444448 0.8390625 0.7569444444444448 0.8390625 0.8944444444444447 0.8734375 0.8944444444444447
2 0.73125 0.5291666666666668 0.703125 0.5291666666666668 0.703125 0.6166666666666668 0.73125 0.6166666666666668
2 0.840625 0.3666666666666668 0.828125 0.3666666666666668 0.828125 0.4152777777777779 0.840625 0.4152777777777779
2 0.77265625 0.45138888888888906 0.7578125 0.45138888888888906 0.7578125 0.5222222222222224 0.77265625 0.5222222222222224
2 0.68125 0.5500000000000002 0.65234375 0.5500000000000002 0.65234375 0.6458333333333335 0.68125 0.6458333333333335
2 0.7703125 0.3305555555555557 0.75390625 0.3305555555555557 0.75390625 0.37777777777777793 0.7703125 0.37777777777777793
2 0.5140625 0.5583333333333335 0.48359375 0.5583333333333335 0.48359375 0.6541666666666668 0.5140625 0.6541666666666668
2 0.60078125 0.5166666666666668 0.57890625 0.5166666666666668 0.57890625 0.5847222222222224 0.60078125 0.5847222222222224
2 0.81015625 0.4986111111111113 0.7859375 0.4986111111111113 0.7859375 0.563888888888889 0.81015625 0.563888888888889
2 0.8234375 0.4555555555555557 0.80234375 0.4555555555555557 0.80234375 0.5208333333333335 0.8234375 0.5208333333333335
2 0.83203125 0.3250000000000002 0.815625 0.3250000000000002 0.815625 0.3708333333333335 0.83203125 0.3708333333333335
2 0.60859375 0.5611111111111112 0.58125 0.5611111111111112 0.58125 0.6472222222222224 0.60859375 0.6472222222222224
2 0.80625 0.33750000000000013 0.7890625 0.33750000000000013 0.7890625 0.38472222222222235 0.80625 0.38472222222222235
1 0.6 0.5930555555555557 0.5203125 0.5930555555555557 0.5203125 0.7222222222222222 0.6 0.7222222222222222
1 0.46015625 0.4583333333333335 0.3921875 0.4583333333333335 0.3921875 0.5458333333333335 0.46015625 0.5458333333333335
1 0.6609375 0.7125 0.56875 0.7125 0.56875 0.8791666666666667 0.6609375 0.8791666666666667
1 0.7515625 0.41111111111111126 0.7046875 0.41111111111111126 0.7046875 0.48611111111111127 0.7515625 0.48611111111111127
1 0.6234375 0.34027777777777796 0.58671875 0.34027777777777796 0.58671875 0.3930555555555557 0.6234375 0.3930555555555557
14 0.6671875 0.4194444444444446 0.615625 0.4194444444444446 0.615625 0.5347222222222224 0.6671875 0.5347222222222224
2 0.75390625 0.4361111111111113 0.7390625 0.4361111111111113 0.7390625 0.5069444444444446 0.75390625 0.5069444444444446