1 0.3484375 0.33194444444444454 0.2921875 0.33194444444444454 0.2921875 0.44166666666666665 0.3484375 0.44166666666666665
1 0.21484375 0.30694444444444446 0.15625 0.30694444444444446 0.15625000000000003 0.41944444444444445 0.21484375 0.41944444444444445
1 0.18593750000000003 0.5375 3.702643056797076e-17 0.5375 4.960776291858614e-17 0.9027777777777778 0.18593750000000003 0.9027777777777778
1 0.3218750000000001 0.8875 0.17968750000000006 0.8875 0.17968750000000006 0.9986111111111111 0.3218750000000001 0.9986111111111111
1 0.6875 0.7041666666666668 0.51328125 0.7041666666666668 0.51328125 0.9986111111111111 0.6875 0.9986111111111111
1 0.5921875 0.43888888888888905 0.5015625 0.43888888888888905 0.5015625 0.6000000000000002 0.5921875 0.6000000000000002
1 0.84296875 0.6111111111111113 0.68203125 0.6111111111111113 0.68203125 0.8430555555555557 0.84296875 0.8430555555555559
1 0.68046875 0.39027777777777795 0.60703125 0.39027777777777795 0.60703125 0.5194444444444446 0.68046875 0.5194444444444446
1 0.55078125 0.28333333333333344 0.49921875 0.28333333333333344 0.49921875 0.3583333333333335 0.55078125 0.3583333333333335
2 0.84453125 0.4347222222222224 0.80625 0.4347222222222224 0.80625 0.5444444444444446 0.84453125 0.5444444444444446
2 0.72265625 0.3111111111111113 0.70703125 0.3111111111111113 0.70703125 0.3694444444444446 0.72265625 0.3694444444444446
14 0.63046875 0.21527777777777793 0.57890625 0.21527777777777793 0.57890625 0.33750000000000013 0.63046875 0.33750000000000013