2 0.5078125 0.3236111111111112 0.48828125 0.3236111111111112 0.48828125 0.40416666666666684 0.5078125 0.40416666666666684
2 0.50078125 0.3083333333333334 0.48359375 0.3083333333333334 0.48359375 0.36250000000000016 0.50078125 0.36250000000000016
8 0.23203125 0.12777777777777782 0.178125 0.12777777777777782 0.178125 0.23888888888888893 0.23203125 0.23888888888888896
8 0.45625 0.14444444444444451 0.2671875 0.1444444444444445 0.2671875 0.23888888888888896 0.45625 0.23888888888888896
8 0.5578125 0.16527777777777788 0.50078125 0.16527777777777788 0.50078125 0.3708333333333335 0.5578125 0.3708333333333335
8 0.7078125 0.1541666666666668 0.58671875 0.15416666666666679 0.58671875 0.2458333333333335 0.7078125 0.2458333333333335
8 0.60234375 0.19166666666666682 0.55703125 0.19166666666666682 0.55703125 0.28888888888888903 0.60234375 0.28888888888888903
1 0.36484375 0.20833333333333343 0.30703125 0.20833333333333343 0.30703125 0.2527777777777779 0.36484375 0.2527777777777779
2 0.4125 0.2111111111111112 0.38515625 0.2111111111111112 0.38515625 0.25416666666666676 0.4125 0.25416666666666676
2 0.4796875 0.2208333333333334 0.45546875 0.2208333333333334 0.45546875 0.2597222222222223 0.4796875 0.2597222222222223
1 0.74765625 0.20833333333333348 0.70234375 0.20833333333333348 0.70234375 0.24861111111111128 0.74765625 0.24861111111111128