2 0.3664062500000001 0.7347222222222223 0.3085937500000001 0.7347222222222223 0.3085937500000001 0.8902777777777777 0.3664062500000001 0.8902777777777777
2 0.74765625 0.3930555555555557 0.72578125 0.3930555555555557 0.72578125 0.45138888888888906 0.74765625 0.45138888888888906
2 0.675 0.5944444444444446 0.6421875 0.5944444444444446 0.6421875 0.6986111111111113 0.675 0.6986111111111113
2 0.6296875 0.41388888888888903 0.60625 0.41388888888888903 0.60625 0.4819444444444446 0.6296875 0.4819444444444446
2 0.72265625 0.6569444444444446 0.68671875 0.6569444444444446 0.68671875 0.7736111111111111 0.72265625 0.7736111111111111
2 0.7015625 0.45416666666666683 0.6828125 0.45416666666666683 0.6828125 0.5291666666666668 0.7015625 0.5291666666666668
2 0.88359375 0.4986111111111113 0.85703125 0.4986111111111113 0.85703125 0.5722222222222224 0.88359375 0.5722222222222224
2 0.68828125 0.3819444444444446 0.6671875 0.3819444444444446 0.6671875 0.43750000000000017 0.68828125 0.43750000000000017
2 0.7359375 0.5319444444444446 0.7046875 0.5319444444444446 0.7046875 0.6250000000000001 0.7359375 0.6250000000000001
2 0.7578125 0.515277777777778 0.72890625 0.515277777777778 0.72890625 0.6013888888888891 0.7578125 0.6013888888888891
2 0.73359375 0.3694444444444446 0.7140625 0.3694444444444446 0.7140625 0.4208333333333335 0.73359375 0.4208333333333335
2 0.7953125 0.4305555555555557 0.77265625 0.4305555555555557 0.77265625 0.4916666666666668 0.7953125 0.4916666666666668
2 0.81484375 0.44722222222222235 0.79296875 0.44722222222222235 0.79296875 0.5111111111111113 0.81484375 0.5111111111111113
2 0.66640625 0.7055555555555557 0.6265625 0.7055555555555557 0.6265625 0.8347222222222223 0.66640625 0.8347222222222223
2 0.57421875 0.7180555555555556 0.53125 0.7180555555555556 0.53125 0.8555555555555555 0.57421875 0.8555555555555555
2 0.63984375 0.5375000000000002 0.60703125 0.5375000000000002 0.60703125 0.6361111111111113 0.63984375 0.6361111111111113
2 0.88359375 0.4152777777777779 0.86015625 0.4152777777777779 0.86015625 0.47638888888888903 0.88359375 0.47638888888888903
2 0.7171875 0.4722222222222224 0.69453125 0.4722222222222224 0.69453125 0.5486111111111113 0.7171875 0.5486111111111113
2 0.83359375 0.4972222222222224 0.8078125 0.4972222222222224 0.8078125 0.5722222222222224 0.83359375 0.5722222222222224
2 0.83125 0.42361111111111127 0.81171875 0.42361111111111127 0.81171875 0.47916666666666685 0.83125 0.47916666666666685
2 0.85546875 0.4722222222222224 0.83359375 0.4722222222222224 0.83359375 0.540277777777778 0.85546875 0.540277777777778
2 0.85703125 0.42361111111111127 0.8359375 0.42361111111111127 0.8359375 0.48055555555555574 0.85703125 0.48055555555555574
2 0.77890625 0.4708333333333335 0.753125 0.4708333333333335 0.753125 0.5444444444444446 0.77890625 0.5444444444444446
2 0.7609375 0.35416666666666685 0.7421875 0.35416666666666685 0.7421875 0.40416666666666684 0.7609375 0.40416666666666684
2 0.78359375 0.3958333333333335 0.7640625 0.3958333333333335 0.7640625 0.44722222222222235 0.78359375 0.44722222222222235
2 0.80859375 0.39861111111111125 0.79609375 0.39861111111111125 0.79609375 0.4500000000000002 0.80859375 0.4500000000000002
1 0.68125 0.4416666666666668 0.63671875 0.4416666666666668 0.63671875 0.5069444444444446 0.68125 0.5069444444444446
1 0.72109375 0.32916666666666683 0.68828125 0.32916666666666683 0.68828125 0.38333333333333347 0.72109375 0.38333333333333347
1 0.66328125 0.35000000000000014 0.6296875 0.35000000000000014 0.6296875 0.40416666666666684 0.66328125 0.40416666666666684
1 0.97578125 0.5722222222222224 0.8734375 0.5722222222222224 0.8734375 0.6847222222222223 0.97578125 0.6847222222222223
14 0.6203125 0.3444444444444446 0.55390625 0.3444444444444446 0.55390625 0.4486111111111113 0.6203125 0.4486111111111113