2 0.2515625000000001 0.8375 0.17734375000000005 0.8375 0.17734375000000008 1 0.2515625000000001 1
2 0.47109375 0.8263888888888888 0.4203125 0.8263888888888888 0.4203125 0.9986111111111111 0.47109375 0.9986111111111111
2 0.5328125 0.6500000000000001 0.4953125 0.6500000000000001 0.4953125 0.7666666666666667 0.5328125 0.7666666666666667
2 0.53984375 0.5597222222222223 0.50703125 0.5597222222222223 0.50703125 0.6527777777777779 0.53984375 0.6527777777777779
2 0.8375 0.41388888888888903 0.8203125 0.41388888888888903 0.8203125 0.4819444444444446 0.8375 0.4819444444444446
2 0.75234375 0.3597222222222224 0.73671875 0.3597222222222224 0.73671875 0.4055555555555557 0.75234375 0.4055555555555557
2 0.80078125 0.3958333333333335 0.78828125 0.3958333333333335 0.78828125 0.44722222222222235 0.80078125 0.44722222222222235
2 0.7890625 0.38472222222222235 0.7765625 0.38472222222222235 0.7765625 0.4319444444444446 0.7890625 0.4319444444444446
2 0.7765625 0.3583333333333335 0.76015625 0.3583333333333335 0.76015625 0.40416666666666684 0.7765625 0.40416666666666684
2 0.8515625 0.38333333333333347 0.84140625 0.38333333333333347 0.84140625 0.4319444444444446 0.8515625 0.4319444444444446
2 0.84140625 0.3791666666666668 0.8265625 0.3791666666666668 0.8265625 0.42361111111111127 0.84140625 0.42361111111111127
2 0.81796875 0.3236111111111113 0.80703125 0.3236111111111113 0.80703125 0.36250000000000016 0.81796875 0.36250000000000016
2 0.846875 0.33611111111111125 0.834375 0.33611111111111125 0.834375 0.37777777777777793 0.846875 0.37777777777777793
2 0.80859375 0.3444444444444446 0.7953125 0.3444444444444446 0.7953125 0.39166666666666683 0.80859375 0.39166666666666683
2 0.75390625 0.32777777777777795 0.7453125 0.32777777777777795 0.7453125 0.3597222222222224 0.75390625 0.3597222222222224
2 0.771875 0.31527777777777793 0.76015625 0.31527777777777793 0.76015625 0.3472222222222224 0.771875 0.3472222222222224
2 0.78203125 0.32916666666666683 0.77265625 0.32916666666666683 0.77265625 0.36250000000000016 0.78203125 0.36250000000000016
1 0.51484375 0.4708333333333335 0.43984375 0.4708333333333335 0.43984375 0.5500000000000002 0.51484375 0.5500000000000002
1 0.5359375 0.4097222222222224 0.47890625 0.4097222222222224 0.47890625 0.4833333333333335 0.5359375 0.4833333333333335
1 0.640625 0.3055555555555557 0.61796875 0.3055555555555557 0.61796875 0.3458333333333335 0.640625 0.3458333333333335
1 0.64609375 0.27500000000000013 0.63203125 0.27500000000000013 0.63203125 0.30000000000000016 0.64609375 0.30000000000000016
1 0.67734375 0.26527777777777795 0.66171875 0.26527777777777795 0.66171875 0.28888888888888903 0.67734375 0.28888888888888903