2 0.39609375 0.2708333333333334 0.375 0.2708333333333334 0.375 0.35555555555555574 0.39609375 0.35555555555555574
2 0.4234375 0.16111111111111118 0.4078125 0.16111111111111118 0.4078125 0.21250000000000008 0.4234375 0.21250000000000008
2 0.35859375 0.2458333333333334 0.340625 0.2458333333333334 0.340625 0.3208333333333334 0.35859375 0.3208333333333334
2 0.6328125 0.22777777777777794 0.6203125 0.22777777777777794 0.6203125 0.2819444444444446 0.6328125 0.2819444444444446
1 0.6765625 0.31388888888888905 0.6296875 0.31388888888888905 0.6296875 0.41111111111111126 0.6765625 0.41111111111111126
1 0.75703125 0.4694444444444446 0.7 0.4694444444444446 0.7 0.6013888888888891 0.75703125 0.6013888888888891
1 0.921875 0.8111111111111114 0.83125 0.8111111111111114 0.83125 1.0000000000000002 0.921875 1.0000000000000002
14 0.3203125 0.2902777777777778 0.18046875 0.2902777777777778 0.18046875 0.5986111111111111 0.3203125 0.5986111111111111
8 0.6484375 0.3861111111111113 0.54609375 0.3861111111111113 0.54609375 0.6250000000000001 0.6484375 0.6250000000000001
8 0.5953125 0.19583333333333344 0.51953125 0.19583333333333341 0.51953125 0.3666666666666668 0.5953125 0.3666666666666668
8 0.08125000000000006 0.7805555555555556 5.376964852506348e-17 0.7805555555555556 6.132801548855105e-17 1 0.08125000000000007 1
14 0.3203125 0.2902777777777778 0.18046875 0.2902777777777778 0.18046875 0.5986111111111111 0.3203125 0.5986111111111111
8 0.47734375 0.1611111111111112 0.4484375 0.16111111111111118 0.4484375 0.23333333333333342 0.47734375 0.23333333333333342
1 0.609375 0.2333333333333335 0.58671875 0.2333333333333335 0.58671875 0.2902777777777779 0.609375 0.2902777777777779