1 0.353125 0.20000000000000007 0.3015625 0.20000000000000007 0.3015625 0.24027777777777787 0.353125 0.24027777777777787
8 0.56640625 0.18194444444444458 0.4390625 0.18194444444444452 0.4390625 0.25555555555555565 0.56640625 0.2555555555555557
8 0.70859375 0.1819444444444446 0.61796875 0.1819444444444446 0.61796875 0.26388888888888906 0.70859375 0.26388888888888906
8 0.2390625 0.14583333333333337 0.184375 0.14583333333333337 0.184375 0.24305555555555564 0.2390625 0.24305555555555564
2 0.11250000000000004 0.39305555555555555 0.08671875000000002 0.39305555555555555 0.08671875000000004 0.49583333333333335 0.11250000000000004 0.49583333333333335
2 0.15781250000000002 0.28888888888888886 0.14375 0.28888888888888886 0.14375000000000002 0.3472222222222222 0.15781250000000005 0.3472222222222222
2 0.17343750000000002 0.2638888888888889 0.1609375 0.2638888888888889 0.1609375 0.3236111111111111 0.17343750000000005 0.3236111111111111
2 0.2265625 0.2527777777777779 0.2109375 0.2527777777777779 0.2109375 0.30555555555555564 0.2265625 0.30555555555555564
8 0.8328125 0.5472222222222224 0.55625 0.5472222222222224 0.55625 0.9819444444444446 0.8328125 0.9819444444444447
8 0.57109375 0.14861111111111122 0.35625 0.1486111111111112 0.35625 0.263888888888889 0.57109375 0.26388888888888906
2 0.78046875 0.36111111111111127 0.7546875 0.36111111111111127 0.7546875 0.4444444444444446 0.78046875 0.4444444444444446