2 0.2796875000000001 0.7638888888888888 0.2101562500000001 0.7638888888888888 0.2101562500000001 0.9138888888888889 0.2796875000000001 0.9138888888888889
2 0.73046875 0.3805555555555557 0.7140625 0.3805555555555557 0.7140625 0.4333333333333335 0.73046875 0.4333333333333335
2 0.71953125 0.7152777777777778 0.678125 0.7152777777777778 0.678125 0.8458333333333333 0.71953125 0.8458333333333333
2 0.8625 0.602777777777778 0.83046875 0.602777777777778 0.83046875 0.7152777777777781 0.8625 0.7152777777777781
2 0.69453125 0.5555555555555557 0.66796875 0.5555555555555557 0.66796875 0.6541666666666668 0.69453125 0.6541666666666668
2 0.8734375 0.39166666666666683 0.85390625 0.39166666666666683 0.85390625 0.4555555555555557 0.8734375 0.4555555555555557
2 0.82734375 0.4416666666666668 0.80625 0.4416666666666668 0.80625 0.5097222222222224 0.82734375 0.5097222222222224
2 0.6453125 0.6166666666666668 0.609375 0.6166666666666668 0.609375 0.7319444444444444 0.6453125 0.7319444444444444
2 0.55390625 0.588888888888889 0.5171875 0.588888888888889 0.5171875 0.6958333333333335 0.55390625 0.6958333333333335
2 0.52890625 0.7402777777777778 0.47890625 0.7402777777777778 0.47890625 0.8805555555555555 0.52890625 0.8805555555555555
2 0.76015625 0.6041666666666669 0.73046875 0.6041666666666669 0.73046875 0.7069444444444446 0.76015625 0.7069444444444446
2 0.471875 0.6680555555555557 0.4265625 0.6680555555555557 0.4265625 0.7902777777777777 0.471875 0.7902777777777777
2 0.7421875 0.3527777777777779 0.728125 0.3527777777777779 0.728125 0.4013888888888891 0.7421875 0.4013888888888891
2 0.79921875 0.6111111111111113 0.7703125 0.6111111111111113 0.7703125 0.7083333333333335 0.79921875 0.7083333333333335
2 0.77265625 0.40416666666666684 0.7546875 0.40416666666666684 0.7546875 0.46111111111111125 0.77265625 0.46111111111111125
2 0.73125 0.577777777777778 0.7015625 0.577777777777778 0.7015625 0.6791666666666668 0.73125 0.6791666666666668
2 0.91875 0.6861111111111112 0.8796875 0.6861111111111112 0.8796875 0.8263888888888892 0.91875 0.8263888888888892
2 0.85 0.4208333333333335 0.82890625 0.4208333333333335 0.82890625 0.48750000000000016 0.85 0.48750000000000016
2 0.4703125 0.8597222222222223 0.40703125 0.8597222222222223 0.40703125 0.9888888888888889 0.4703125 0.9888888888888889
2 0.81796875 0.5666666666666669 0.79296875 0.5666666666666669 0.79296875 0.6625000000000002 0.81796875 0.6625000000000002
2 0.83359375 0.7583333333333336 0.79921875 0.7583333333333336 0.79921875 0.8944444444444447 0.83359375 0.8944444444444447
2 0.85546875 0.3680555555555557 0.840625 0.3680555555555557 0.840625 0.4208333333333335 0.85546875 0.4208333333333335
2 0.79296875 0.3791666666666668 0.77890625 0.3791666666666668 0.77890625 0.4305555555555557 0.79296875 0.4305555555555557
2 0.8328125 0.3930555555555557 0.81640625 0.3930555555555557 0.81640625 0.44583333333333347 0.8328125 0.44583333333333347
2 0.8078125 0.6722222222222224 0.77734375 0.6722222222222224 0.77734375 0.7819444444444448 0.8078125 0.7819444444444448
2 0.81953125 0.5208333333333335 0.79296875 0.5208333333333335 0.79296875 0.5986111111111113 0.81953125 0.5986111111111113
2 0.76796875 0.3569444444444446 0.75390625 0.3569444444444446 0.75390625 0.4069444444444446 0.76796875 0.4069444444444446
2 0.6140625 0.5861111111111112 0.5953125 0.5861111111111112 0.5953125 0.6930555555555558 0.6140625 0.6930555555555558
2 0.75 0.5458333333333335 0.72578125 0.5458333333333335 0.72578125 0.6291666666666669 0.75 0.6291666666666669
2 0.52265625 0.6791666666666668 0.48515625 0.6791666666666668 0.48515625 0.7763888888888889 0.52265625 0.7763888888888889
2 0.8125 0.3708333333333335 0.7984375 0.3708333333333335 0.7984375 0.42500000000000016 0.8125 0.42500000000000016
2 0.2335937500000001 0.8986111111111111 0.16328125000000004 0.8986111111111111 0.16328125000000007 0.9972222222222222 0.2335937500000001 0.9972222222222222
1 0.56015625 0.39722222222222237 0.50703125 0.39722222222222237 0.50703125 0.46527777777777796 0.56015625 0.46527777777777796
1 0.4125 0.4958333333333334 0.33125 0.49583333333333335 0.33125 0.5875000000000001 0.4125 0.5875000000000001
1 0.70859375 0.33611111111111125 0.678125 0.33611111111111125 0.678125 0.39166666666666683 0.70859375 0.39166666666666683
1 0.64765625 0.2902777777777779 0.621875 0.2902777777777779 0.621875 0.3250000000000002 0.64765625 0.3250000000000002
1 0.684375 0.2833333333333335 0.6625 0.2833333333333335 0.6625 0.32638888888888906 0.684375 0.32638888888888906
14 0.63515625 0.41388888888888903 0.55859375 0.41388888888888903 0.55859375 0.6194444444444446 0.63515625 0.6194444444444446