2 0.10078125000000004 0.3763888888888889 0.059375000000000025 0.3763888888888889 0.059375000000000025 0.4375 0.10078125000000004 0.4375
2 0.225 0.25555555555555565 0.18984375 0.25555555555555565 0.18984375 0.31111111111111117 0.225 0.31111111111111117
8 0.6171875 0.2930555555555557 0.53515625 0.2930555555555556 0.53515625 0.4819444444444446 0.6171875 0.4819444444444446
1 0.5625 0.263888888888889 0.5234375 0.26388888888888895 0.5234375 0.34305555555555567 0.5625 0.3430555555555557
2 0.7640625 0.3055555555555557 0.73125 0.3055555555555557 0.73125 0.40000000000000013 0.7640625 0.40000000000000013
2 0.70859375 0.2819444444444446 0.67734375 0.2819444444444446 0.67734375 0.36388888888888904 0.70859375 0.36388888888888904
2 0.66484375 0.24027777777777792 0.64453125 0.24027777777777792 0.64453125 0.31250000000000017 0.66484375 0.31250000000000017
2 0.43046875 0.22361111111111118 0.4 0.22361111111111118 0.4 0.3083333333333334 0.43046875 0.3083333333333334
2 0.30078125 0.3819444444444444 0.26796875 0.3819444444444444 0.26796875 0.4847222222222222 0.30078125 0.4847222222222222
2 0.57265625 0.21388888888888904 0.55234375 0.21388888888888904 0.55234375 0.27777777777777796 0.57265625 0.27777777777777796
2 0.53515625 0.19444444444444453 0.5125 0.19444444444444453 0.5125 0.251388888888889 0.53515625 0.251388888888889