8 0.2671875 0.23194444444444448 0.1234375 0.23194444444444445 0.12343750000000002 0.5722222222222222 0.2671875 0.5722222222222222
8 0.60078125 0.30833333333333346 0.50078125 0.3083333333333334 0.50078125 0.5375000000000002 0.60078125 0.5375000000000002
8 0.75703125 0.18888888888888905 0.60703125 0.18888888888888905 0.60703125 0.2819444444444446 0.75703125 0.2819444444444446
8 0.621875 0.22222222222222238 0.571875 0.22222222222222238 0.571875 0.3083333333333335 0.621875 0.3083333333333335
1 0.771875 0.48055555555555574 0.65 0.48055555555555574 0.65 0.626388888888889 0.771875 0.626388888888889
1 0.36875 0.32638888888888895 0.32109375 0.32638888888888895 0.32109375 0.40833333333333344 0.36875 0.4083333333333335
1 0.4640625 0.19861111111111118 0.39765625 0.19861111111111118 0.39765625 0.25000000000000006 0.4640625 0.25000000000000006
1 0.63125 0.2958333333333335 0.58046875 0.2958333333333335 0.58046875 0.3875000000000002 0.63125 0.3875000000000002
2 0.715625 0.27361111111111125 0.703125 0.27361111111111125 0.703125 0.32777777777777795 0.715625 0.32777777777777795
2 0.703125 0.2611111111111113 0.6875 0.2611111111111113 0.6875 0.3111111111111113 0.703125 0.3111111111111113
2 0.42421875 0.22777777777777786 0.39765625 0.22777777777777786 0.39765625 0.27777777777777785 0.42421875 0.27777777777777785
2 0.38125 0.20416666666666675 0.35703125 0.20416666666666675 0.35703125 0.24027777777777787 0.38125 0.24027777777777787