1 0.4875 0.5430555555555557 0.3984375 0.5430555555555557 0.39843750000000006 0.7388888888888889 0.4875 0.7388888888888889
2 0.4234375 0.775 0.3726562500000001 0.775 0.3726562500000001 0.9833333333333333 0.4234375 0.9833333333333333
2 0.5015625 0.7708333333333334 0.46015625 0.7708333333333334 0.46015625 0.9861111111111112 0.5015625 0.9861111111111112
2 0.53828125 0.563888888888889 0.503125 0.563888888888889 0.503125 0.7347222222222223 0.53828125 0.7347222222222223
2 0.27343750000000006 0.5944444444444444 0.23828125 0.5944444444444444 0.23828125000000006 0.7680555555555556 0.2734375000000001 0.7680555555555556
2 0.3484375 0.3861111111111111 0.328125 0.3861111111111111 0.328125 0.4930555555555556 0.3484375 0.4930555555555556
2 0.49296875 0.33888888888888896 0.4734375 0.33888888888888896 0.4734375 0.4291666666666668 0.49296875 0.4291666666666668
2 0.5421875 0.3930555555555557 0.521875 0.3930555555555557 0.521875 0.4902777777777779 0.5421875 0.4902777777777779
2 0.51875 0.31944444444444453 0.5015625 0.31944444444444453 0.5015625 0.3958333333333335 0.51875 0.3958333333333335
2 0.43984375 0.2750000000000001 0.421875 0.2750000000000001 0.421875 0.3430555555555556 0.43984375 0.3430555555555556
2 0.39765625 0.31250000000000006 0.3796875 0.31250000000000006 0.3796875 0.3944444444444446 0.39765625 0.3944444444444446
2 0.52421875 0.26388888888888895 0.509375 0.26388888888888895 0.509375 0.313888888888889 0.52421875 0.313888888888889