1 0.63359375 0.45138888888888906 0.53046875 0.45138888888888906 0.53046875 0.6361111111111113 0.63359375 0.6361111111111113
1 0.70625 0.7888888888888889 0.5484375 0.7888888888888889 0.5484375 1 0.70625 1
1 0.578125 0.326388888888889 0.5125 0.32638888888888895 0.5125 0.4347222222222224 0.578125 0.4347222222222224
1 0.26953125 0.23888888888888896 0.2421875 0.23888888888888896 0.2421875 0.2861111111111112 0.26953125 0.2861111111111112
1 0.2484375 0.20138888888888898 0.21328125 0.20138888888888898 0.21328125 0.24305555555555564 0.2484375 0.24305555555555564
8 0.38515625 0.20138888888888898 0.26875 0.20138888888888898 0.26875 0.426388888888889 0.38515625 0.42638888888888904
8 0.6640625 0.15694444444444458 0.51875 0.15694444444444455 0.51875 0.2625000000000001 0.6640625 0.2625000000000002
8 0.99453125 0.5055555555555558 0.68984375 0.5055555555555558 0.68984375 0.9972222222222223 0.99453125 0.9972222222222226
8 0.646875 0.17638888888888904 0.58125 0.176388888888889 0.58125 0.3791666666666668 0.646875 0.3791666666666668
8 0.99453125 0.5055555555555558 0.68984375 0.5055555555555558 0.68984375 0.9972222222222223 0.99453125 0.9972222222222226
8 0.58515625 0.17083333333333345 0.521875 0.17083333333333345 0.521875 0.30833333333333346 0.58515625 0.3083333333333335
8 0.1875 0.16388888888888892 0.1484375 0.16388888888888892 0.1484375 0.23750000000000004 0.1875 0.23750000000000007
8 0.21953125 0.14583333333333337 0.1765625 0.14583333333333337 0.1765625 0.2194444444444445 0.21953125 0.21944444444444453