2 0.1609375 0.29583333333333334 0.13828125 0.29583333333333334 0.13828125000000002 0.37083333333333335 0.16093750000000004 0.37083333333333335
8 0.709375 0.28055555555555567 0.49296875 0.2805555555555556 0.49296875 0.8458333333333333 0.709375 0.8458333333333333
2 0.7515625 0.3319444444444446 0.72421875 0.3319444444444446 0.72421875 0.4055555555555557 0.7515625 0.4055555555555557
2 0.7171875 0.2625000000000002 0.69765625 0.2625000000000002 0.69765625 0.3166666666666668 0.7171875 0.3166666666666668
14 0.6140625 0.17361111111111122 0.50703125 0.17361111111111122 0.50703125 0.25972222222222235 0.6140625 0.25972222222222235
1 0.69296875 0.19861111111111127 0.63515625 0.19861111111111127 0.63515625 0.25138888888888905 0.69296875 0.25138888888888905
1 0.33984375 0.1861111111111112 0.28125 0.1861111111111112 0.28125 0.24444444444444452 0.33984375 0.24444444444444452
2 0.3984375 0.20138888888888898 0.375 0.20138888888888898 0.375 0.23333333333333342 0.3984375 0.23333333333333342
2 0.41875 0.20416666666666675 0.39375 0.20416666666666675 0.39375 0.2458333333333334 0.41875 0.2458333333333334
2 0.44765625 0.20416666666666675 0.4234375 0.20416666666666675 0.4234375 0.2458333333333334 0.44765625 0.2458333333333334
2 0.48203125 0.2111111111111112 0.45390625 0.2111111111111112 0.45390625 0.25416666666666676 0.48203125 0.25416666666666676
2 0.2703125 0.18750000000000008 0.25078125 0.18750000000000008 0.25078125 0.23055555555555562 0.2703125 0.23055555555555562
2 0.23359375 0.20000000000000007 0.21640625 0.20000000000000007 0.21640625 0.23194444444444454 0.23359375 0.23194444444444454
8 0.22421875 0.14722222222222225 0.1875 0.14722222222222225 0.1875 0.21944444444444453 0.22421875 0.21944444444444453