2 0.2453125 0.47638888888888886 0.203125 0.47638888888888886 0.203125 0.6347222222222222 0.2453125 0.6347222222222222
2 0.68984375 0.3736111111111113 0.6671875 0.3736111111111113 0.6671875 0.4680555555555557 0.68984375 0.4680555555555557
2 0.8171875 0.48611111111111127 0.78671875 0.48611111111111127 0.78671875 0.6097222222222224 0.8171875 0.6097222222222224
2 0.13125000000000003 0.5472222222222223 0.07890625000000004 0.5472222222222223 0.07890625000000004 0.7375 0.13125000000000003 0.7375
2 0.665625 0.23888888888888904 0.65234375 0.23888888888888904 0.65234375 0.2944444444444446 0.665625 0.2944444444444446
2 0.14218750000000005 0.46944444444444444 0.11171875000000005 0.46944444444444444 0.11171875000000005 0.5944444444444444 0.14218750000000005 0.5944444444444444
2 0.57734375 0.16250000000000012 0.5703125 0.16250000000000012 0.5703125 0.1958333333333335 0.57734375 0.1958333333333335
1 0.43828125 0.42777777777777787 0.35703125 0.42777777777777776 0.35703125 0.5611111111111112 0.43828125 0.5611111111111112
1 0.459375 0.19305555555555565 0.4265625 0.19305555555555565 0.4265625 0.2611111111111112 0.459375 0.2611111111111112
8 0.553125 0.19583333333333344 0.50546875 0.19583333333333341 0.50546875 0.3152777777777779 0.553125 0.31527777777777793
8 0.5390625 0.11666666666666678 0.503125 0.11666666666666678 0.503125 0.20277777777777786 0.5390625 0.20277777777777786