2 0.690625 0.34027777777777796 0.6625 0.34027777777777796 0.6625 0.4347222222222224 0.690625 0.4347222222222224
2 0.70546875 0.27222222222222237 0.68203125 0.27222222222222237 0.68203125 0.33750000000000013 0.70546875 0.33750000000000013
2 0.56640625 0.20416666666666677 0.5421875 0.20416666666666675 0.5421875 0.2708333333333334 0.56640625 0.2708333333333335
2 0.3296875 0.43194444444444446 0.29453125 0.43194444444444446 0.29453125 0.5513888888888889 0.3296875 0.5513888888888889
2 0.35625 0.3236111111111112 0.32578125 0.3236111111111112 0.32578125 0.4125 0.35625 0.4125
2 0.41484375 0.29166666666666674 0.39296875 0.29166666666666674 0.39296875 0.3666666666666668 0.41484375 0.3666666666666668
2 0.31328125 0.30277777777777787 0.284375 0.30277777777777787 0.284375 0.37083333333333335 0.31328125 0.37083333333333335
2 0.271875 0.3500000000000001 0.246875 0.3500000000000001 0.246875 0.41805555555555557 0.271875 0.41805555555555557
2 0.24453125 0.3208333333333334 0.21875 0.3208333333333334 0.21875 0.4041666666666667 0.24453125 0.4041666666666667
2 0.20000000000000004 0.5194444444444445 0.14687500000000003 0.5194444444444445 0.14687500000000003 0.6638888888888889 0.2000000000000001 0.6638888888888889
1 0.54375 0.18055555555555564 0.4984375 0.18055555555555564 0.4984375 0.26250000000000007 0.54375 0.26250000000000007
2 0.31015625 0.35555555555555557 0.28515625 0.35555555555555557 0.28515625 0.4625 0.31015625 0.4625
2 0.33828125 0.2611111111111112 0.32109375 0.2611111111111112 0.32109375 0.32777777777777783 0.33828125 0.32777777777777783
2 0.40859375 0.2208333333333334 0.39375 0.2208333333333334 0.39375 0.27916666666666673 0.40859375 0.27916666666666673
2 0.3765625 0.22777777777777786 0.36328125 0.22777777777777786 0.36328125 0.27777777777777785 0.3765625 0.27777777777777785
2 0.33828125 0.22638888888888897 0.325 0.22638888888888897 0.325 0.2708333333333334 0.33828125 0.2708333333333334
2 0.3578125 0.22777777777777786 0.34375 0.22777777777777786 0.34375 0.2750000000000001 0.3578125 0.2750000000000001
8 0.48125 0.14444444444444454 0.43984375 0.14444444444444451 0.43984375 0.26527777777777783 0.48125 0.26527777777777783