1 0.5875 0.2777777777777779 0.51875 0.27777777777777785 0.51875 0.39722222222222237 0.5875 0.39722222222222237
2 0.70703125 0.2805555555555557 0.678125 0.2805555555555557 0.678125 0.32083333333333347 0.70703125 0.32083333333333347
2 0.70703125 0.32916666666666683 0.68203125 0.32916666666666683 0.68203125 0.40000000000000013 0.70703125 0.40000000000000013
2 0.76171875 0.3027777777777779 0.72421875 0.3027777777777779 0.72421875 0.37500000000000017 0.76171875 0.37500000000000017
2 0.10546875000000004 0.5458333333333333 0.061718750000000044 0.5458333333333333 0.061718750000000044 0.6805555555555556 0.10546875000000004 0.6805555555555556
2 0.08984375000000003 0.37222222222222223 0.05312500000000002 0.37222222222222223 0.05312500000000002 0.42083333333333334 0.08984375000000003 0.42083333333333334
2 0.2453125 0.26388888888888895 0.19140625 0.26388888888888895 0.19140625000000003 0.3347222222222223 0.2453125 0.3347222222222223
2 0.2140625 0.4111111111111111 0.18671875000000004 0.4111111111111111 0.18671875000000004 0.46944444444444444 0.2140625 0.46944444444444444
2 0.22578125 0.4708333333333333 0.19375000000000003 0.4708333333333333 0.19375000000000003 0.5777777777777777 0.22578125 0.5777777777777777
2 0.2945312500000001 0.6666666666666666 0.2515625000000001 0.6666666666666666 0.2515625000000001 0.8069444444444445 0.2945312500000001 0.8069444444444445
2 0.33203125 0.35416666666666674 0.30078125 0.35416666666666674 0.30078125 0.4666666666666667 0.33203125 0.4666666666666667
2 0.28671875 0.35555555555555557 0.26640625 0.35555555555555557 0.26640625 0.43194444444444446 0.28671875 0.43194444444444446
2 0.30703125 0.29027777777777786 0.27890625 0.29027777777777786 0.27890625 0.36527777777777776 0.30703125 0.36527777777777776
2 0.38671875 0.22916666666666674 0.3625 0.22916666666666674 0.3625 0.301388888888889 0.38671875 0.301388888888889
2 0.67421875 0.4944444444444446 0.625 0.4944444444444446 0.625 0.6222222222222223 0.67421875 0.6222222222222223
2 0.265625 0.4666666666666667 0.221875 0.4666666666666667 0.221875 0.6027777777777777 0.265625 0.6027777777777777
2 0.37578125 0.18888888888888897 0.3578125 0.18888888888888897 0.3578125 0.2486111111111112 0.37578125 0.2486111111111112
1 0.52890625 0.19444444444444453 0.4875 0.19444444444444453 0.4875 0.25416666666666676 0.52890625 0.25416666666666676
2 0.62734375 0.2166666666666668 0.60078125 0.2166666666666668 0.60078125 0.2708333333333335 0.62734375 0.2708333333333335
2 0.64765625 0.2069444444444446 0.62890625 0.2069444444444446 0.62890625 0.27777777777777796 0.64765625 0.27777777777777796
2 0.6640625 0.2055555555555557 0.646875 0.2055555555555557 0.646875 0.26666666666666683 0.6640625 0.26666666666666683