2 0.8671875 0.5138888888888891 0.846875 0.5138888888888891 0.846875 0.5972222222222224 0.8671875 0.5972222222222224
2 0.48828125 0.8041666666666667 0.43984375 0.8041666666666667 0.43984375 0.9541666666666667 0.48828125 0.9541666666666667
2 0.82265625 0.8055555555555559 0.778125 0.8055555555555559 0.778125 0.9583333333333337 0.82265625 0.9583333333333337
2 0.58125 0.5958333333333334 0.54765625 0.5958333333333334 0.54765625 0.6972222222222224 0.58125 0.6972222222222224
2 0.66015625 0.6208333333333335 0.6265625 0.6208333333333335 0.6265625 0.725 0.66015625 0.725
2 0.571875 0.6916666666666669 0.53125 0.6916666666666669 0.53125 0.8194444444444444 0.571875 0.8194444444444444
2 0.72578125 0.39166666666666683 0.71171875 0.39166666666666683 0.71171875 0.45138888888888906 0.72578125 0.45138888888888906
2 0.7140625 0.4694444444444446 0.68828125 0.4694444444444446 0.68828125 0.5458333333333335 0.7140625 0.5458333333333335
2 0.79375 0.5208333333333335 0.7640625 0.5208333333333335 0.7640625 0.6069444444444446 0.79375 0.6069444444444446
2 0.3500000000000001 0.7083333333333334 0.2953125000000001 0.7083333333333334 0.2953125000000001 0.8527777777777777 0.3500000000000001 0.8527777777777777
2 0.7828125 0.4291666666666668 0.76796875 0.4291666666666668 0.76796875 0.4972222222222224 0.7828125 0.4972222222222224
2 0.84140625 0.5944444444444446 0.80625 0.5944444444444446 0.80625 0.7000000000000002 0.84140625 0.7000000000000002
2 0.3742187500000001 0.8597222222222223 0.3148437500000001 0.8597222222222223 0.3148437500000001 0.9861111111111112 0.3742187500000001 0.9861111111111112
2 0.43125 0.7291666666666666 0.3773437500000001 0.7291666666666666 0.3773437500000001 0.8708333333333333 0.43125 0.8708333333333333
2 0.7390625 0.5250000000000001 0.70859375 0.5250000000000001 0.70859375 0.6180555555555557 0.7390625 0.6180555555555557
2 0.86015625 0.4555555555555557 0.8359375 0.4555555555555557 0.8359375 0.5236111111111112 0.86015625 0.5236111111111112
2 0.85 0.729166666666667 0.8078125 0.729166666666667 0.8078125 0.8638888888888892 0.85 0.8638888888888892
2 0.8359375 0.4902777777777779 0.8078125 0.4902777777777779 0.8078125 0.5708333333333335 0.8359375 0.5708333333333335
2 0.71796875 0.4319444444444446 0.69453125 0.4319444444444446 0.69453125 0.4930555555555557 0.71796875 0.4930555555555557
2 0.7875 0.6055555555555557 0.7546875 0.6055555555555557 0.7546875 0.7069444444444446 0.7875 0.7069444444444446
2 0.6015625 0.7680555555555556 0.5578125 0.7680555555555556 0.5578125 0.9055555555555556 0.6015625 0.9055555555555556
2 0.8765625 0.42500000000000016 0.86171875 0.42500000000000016 0.86171875 0.47916666666666685 0.8765625 0.47916666666666685
2 0.6453125 0.4694444444444446 0.61796875 0.4694444444444446 0.61796875 0.5500000000000002 0.6453125 0.5500000000000002
2 0.74296875 0.42361111111111127 0.72578125 0.42361111111111127 0.72578125 0.48750000000000016 0.74296875 0.48750000000000016
2 0.759375 0.4333333333333335 0.7421875 0.4333333333333335 0.7421875 0.5041666666666669 0.759375 0.5041666666666669
2 0.76171875 0.39166666666666683 0.74140625 0.39166666666666683 0.74140625 0.4500000000000002 0.76171875 0.4500000000000002
2 0.81875 0.4277777777777779 0.80390625 0.4277777777777779 0.80390625 0.4916666666666668 0.81875 0.4916666666666668
2 0.10234375000000007 0.8972222222222223 0.03203125000000007 0.8972222222222223 0.03203125000000007 0.9972222222222222 0.1023437500000001 0.9972222222222222
2 0.65703125 0.5708333333333335 0.62890625 0.5708333333333335 0.62890625 0.640277777777778 0.65703125 0.640277777777778
2 0.024218750000000063 0.8944444444444445 0.0007812500000000617 0.8944444444444445 0.0007812500000000654 1 0.024218750000000067 1
2 0.89375 0.43888888888888905 0.878125 0.43888888888888905 0.878125 0.4986111111111113 0.89375 0.4986111111111113
2 0.8203125 0.4152777777777779 0.80703125 0.4152777777777779 0.80703125 0.4833333333333335 0.8203125 0.4833333333333335
2 0.73828125 0.3569444444444446 0.71875 0.3569444444444446 0.71875 0.4069444444444446 0.73828125 0.4069444444444446
1 0.50703125 0.46666666666666684 0.43515625 0.46666666666666684 0.43515625 0.5666666666666669 0.50703125 0.5666666666666669
1 0.7125 0.8569444444444444 0.603125 0.8569444444444444 0.603125 1 0.7125 1
1 0.59140625 0.3958333333333335 0.53984375 0.3958333333333335 0.53984375 0.4708333333333335 0.59140625 0.4708333333333335
1 0.6 0.3569444444444446 0.56484375 0.3569444444444446 0.56484375 0.4069444444444446 0.6 0.4069444444444446
1 0.6671875 0.42500000000000016 0.62109375 0.42500000000000016 0.62109375 0.4944444444444446 0.6671875 0.4944444444444446
1 0.59140625 0.5236111111111112 0.51953125 0.5236111111111112 0.51953125 0.6333333333333335 0.59140625 0.6333333333333335
1 0.63359375 0.37638888888888905 0.59453125 0.37638888888888905 0.59453125 0.4333333333333335 0.63359375 0.4333333333333335
1 0.47421875 0.4305555555555557 0.4203125 0.4305555555555557 0.4203125 0.501388888888889 0.47421875 0.501388888888889
1 0.69375 0.3791666666666668 0.659375 0.3791666666666668 0.659375 0.4333333333333335 0.69375 0.4333333333333335
1 0.63359375 0.32638888888888906 0.603125 0.32638888888888906 0.603125 0.37500000000000017 0.63359375 0.37500000000000017
2 0.79609375 0.4208333333333335 0.78203125 0.4208333333333335 0.78203125 0.48750000000000016 0.79609375 0.48750000000000016
2 0.784375 0.3652777777777779 0.76953125 0.3652777777777779 0.76953125 0.4208333333333335 0.784375 0.4208333333333335
2 0.875 0.3722222222222224 0.86171875 0.3722222222222224 0.86171875 0.4208333333333335 0.875 0.4208333333333335
2 0.7703125 0.36250000000000016 0.75703125 0.36250000000000016 0.75703125 0.41111111111111126 0.7703125 0.41111111111111126
2 0.846875 0.4277777777777779 0.83359375 0.4277777777777779 0.83359375 0.47638888888888903 0.846875 0.47638888888888903
2 0.86015625 0.3652777777777779 0.84765625 0.3652777777777779 0.84765625 0.4208333333333335 0.86015625 0.4208333333333335
2 0.85703125 0.4013888888888891 0.84296875 0.4013888888888891 0.84296875 0.45277777777777795 0.85703125 0.45277777777777795
2 0.80546875 0.39722222222222237 0.79609375 0.39722222222222237 0.79609375 0.4486111111111113 0.80546875 0.4486111111111113