2 0.7671875 0.4916666666666668 0.696875 0.4916666666666668 0.696875 0.6083333333333335 0.7671875 0.6083333333333335
2 0.678125 0.2625000000000002 0.6578125 0.2625000000000002 0.6578125 0.33750000000000013 0.678125 0.33750000000000013
2 0.58984375 0.20138888888888903 0.575 0.20138888888888903 0.575 0.2569444444444446 0.58984375 0.2569444444444446
2 0.32265625 0.3069444444444445 0.2953125 0.3069444444444445 0.2953125 0.3958333333333333 0.32265625 0.3958333333333333
2 0.2921875 0.2972222222222223 0.259375 0.2972222222222223 0.259375 0.39166666666666666 0.2921875 0.39166666666666666
2 0.4359375 0.2597222222222223 0.41640625 0.2597222222222223 0.41640625 0.3375000000000001 0.4359375 0.3375000000000001
2 0.41328125 0.2583333333333334 0.390625 0.2583333333333334 0.390625 0.3347222222222223 0.41328125 0.3347222222222223
2 0.371875 0.2930555555555556 0.3484375 0.2930555555555556 0.3484375 0.3777777777777779 0.371875 0.37777777777777793
2 0.6375 0.19861111111111127 0.61796875 0.19861111111111127 0.61796875 0.26527777777777795 0.6375 0.26527777777777795
2 0.39921875 0.2597222222222223 0.37421875 0.2597222222222223 0.37421875 0.3361111111111112 0.39921875 0.3361111111111112
2 0.3421875 0.28333333333333344 0.321875 0.28333333333333344 0.321875 0.36666666666666664 0.3421875 0.36666666666666664
1 0.54375 0.19166666666666674 0.509375 0.19166666666666674 0.509375 0.25694444444444453 0.54375 0.25694444444444453
1 0.56875 0.23750000000000013 0.5328125 0.23750000000000007 0.5328125 0.32083333333333347 0.56875 0.32083333333333347