2 0.17031250000000003 0.3125 0.15078125 0.3125 0.15078125000000003 0.3902777777777778 0.17031250000000003 0.3902777777777778
1 0.60625 0.4819444444444446 0.5140625 0.4819444444444446 0.5140625 0.665277777777778 0.60625 0.665277777777778
1 0.65078125 0.3430555555555557 0.58671875 0.3430555555555557 0.58671875 0.4500000000000002 0.65078125 0.4500000000000002
1 0.50078125 0.20000000000000007 0.4453125 0.20000000000000007 0.4453125 0.2527777777777779 0.50078125 0.2527777777777779
1 0.63046875 0.28750000000000014 0.57421875 0.28750000000000014 0.57421875 0.3597222222222224 0.63046875 0.3597222222222224
1 0.5546875 0.2902777777777779 0.50078125 0.29027777777777786 0.50078125 0.3666666666666668 0.5546875 0.3666666666666668
1 0.57265625 0.25972222222222235 0.528125 0.2597222222222223 0.528125 0.33194444444444454 0.57265625 0.3319444444444446
1 0.57109375 0.23055555555555568 0.53125 0.23055555555555562 0.53125 0.28055555555555567 0.57109375 0.2805555555555557
1 0.5734375 0.33055555555555566 0.50546875 0.33055555555555566 0.50546875 0.46250000000000013 0.5734375 0.46250000000000013
1 0.6796875 0.22777777777777794 0.6390625 0.22777777777777794 0.6390625 0.27222222222222237 0.6796875 0.27222222222222237
14 0.86171875 0.4986111111111113 0.6625 0.4986111111111113 0.6625 0.8416666666666668 0.86171875 0.841666666666667