2 0.18671875000000004 0.3236111111111111 0.16093750000000004 0.3236111111111111 0.16093750000000004 0.4111111111111111 0.18671875000000004 0.4111111111111111
1 0.67578125 0.6111111111111113 0.5296875 0.6111111111111113 0.5296875 0.9277777777777778 0.67578125 0.9277777777777778
1 0.67265625 0.4013888888888891 0.60078125 0.4013888888888891 0.60078125 0.526388888888889 0.67265625 0.526388888888889
1 0.80234375 0.5555555555555557 0.66875 0.5555555555555557 0.66875 0.7569444444444446 0.80234375 0.7569444444444448
1 0.6078125 0.3069444444444446 0.5578125 0.3069444444444446 0.5578125 0.3958333333333335 0.6078125 0.3958333333333335
1 0.61171875 0.25277777777777793 0.5671875 0.25277777777777793 0.5671875 0.32083333333333347 0.61171875 0.32083333333333347
1 0.9984375 0.8638888888888892 0.81875 0.8638888888888892 0.81875 0.9805555555555558 0.9984375 0.9805555555555558
14 0.578125 0.17500000000000013 0.4578125 0.17500000000000013 0.4578125 0.25555555555555565 0.578125 0.2555555555555557
14 0.73359375 0.2097222222222224 0.69453125 0.2097222222222224 0.69453125 0.26666666666666683 0.73359375 0.26666666666666683
14 0.70078125 0.2208333333333335 0.6640625 0.2208333333333335 0.6640625 0.29305555555555574 0.70078125 0.29305555555555574
8 0.57734375 0.21111111111111122 0.525 0.2111111111111112 0.525 0.2986111111111112 0.57734375 0.29861111111111127