1 0.99921875 0.6430555555555557 0.7609375 0.6430555555555557 0.7609375 0.9986111111111114 0.99921875 0.9986111111111114
2 0.77265625 0.3166666666666668 0.728125 0.3166666666666668 0.728125 0.41388888888888903 0.77265625 0.41388888888888903
2 0.70234375 0.2680555555555557 0.6765625 0.2680555555555557 0.6765625 0.35416666666666685 0.70234375 0.35416666666666685
2 0.6671875 0.24166666666666684 0.63828125 0.24166666666666684 0.63828125 0.3236111111111113 0.6671875 0.3236111111111113
8 0.6125 0.276388888888889 0.5359375 0.27638888888888896 0.5359375 0.46666666666666684 0.6125 0.46666666666666684
1 0.55625 0.2569444444444446 0.51328125 0.25694444444444453 0.51328125 0.3416666666666668 0.55625 0.34166666666666684
2 0.11328125000000004 0.36527777777777776 0.04843750000000002 0.36527777777777776 0.04843750000000003 0.44027777777777777 0.11328125000000004 0.44027777777777777
2 0.234375 0.2708333333333334 0.18515625 0.2708333333333334 0.18515625000000002 0.33194444444444454 0.234375 0.33194444444444454
2 0.19218750000000004 0.5444444444444444 0.11953125000000005 0.5444444444444444 0.11953125000000005 0.6916666666666667 0.19218750000000004 0.6916666666666667
2 0.3859375 0.288888888888889 0.35 0.288888888888889 0.35 0.37500000000000006 0.3859375 0.37500000000000017
2 0.5484375 0.19861111111111124 0.5328125 0.19861111111111118 0.5328125 0.2500000000000001 0.5484375 0.25000000000000017