2 0.30859375000000006 0.5402777777777777 0.25859375 0.5402777777777777 0.25859375000000007 0.6875 0.3085937500000001 0.6875
2 0.17578125000000003 0.2638888888888889 0.153125 0.2638888888888889 0.153125 0.3347222222222222 0.17578125000000006 0.3347222222222222
1 0.61484375 0.4708333333333335 0.5125 0.4708333333333335 0.5125 0.6750000000000002 0.61484375 0.6750000000000002
1 0.56953125 0.19861111111111124 0.5125 0.19861111111111118 0.5125 0.2569444444444446 0.56953125 0.2569444444444446
1 0.775 0.48611111111111127 0.6484375 0.48611111111111127 0.6484375 0.6861111111111112 0.775 0.6861111111111112
1 0.56875 0.38472222222222235 0.503125 0.38472222222222235 0.503125 0.48888888888888904 0.56875 0.48888888888888904
1 0.54921875 0.2500000000000001 0.49921875 0.25000000000000006 0.49921875 0.32361111111111124 0.54921875 0.3236111111111113
1 0.70390625 0.2055555555555557 0.6609375 0.2055555555555557 0.6609375 0.2555555555555557 0.70390625 0.2555555555555557
14 0.64296875 0.2208333333333335 0.57890625 0.2208333333333335 0.57890625 0.35138888888888903 0.64296875 0.35138888888888903
8 0.66875 0.3236111111111113 0.60625 0.3236111111111113 0.60625 0.4583333333333335 0.66875 0.4583333333333335
2 0.7234375 0.27777777777777796 0.7046875 0.27777777777777796 0.7046875 0.3388888888888891 0.7234375 0.3388888888888891