2 0.3773437500000001 0.7902777777777777 0.31718750000000007 0.7902777777777777 0.31718750000000007 0.9444444444444444 0.3773437500000001 0.9444444444444444
2 0.6625 0.6180555555555557 0.625 0.6180555555555557 0.625 0.7236111111111111 0.6625 0.7236111111111111
2 0.6578125 0.7319444444444444 0.6125 0.7319444444444444 0.6125 0.8583333333333333 0.6578125 0.8583333333333333
2 0.75078125 0.4694444444444446 0.7234375 0.4694444444444446 0.7234375 0.5388888888888891 0.75078125 0.5388888888888891
2 0.865625 0.5361111111111113 0.82890625 0.5361111111111113 0.82890625 0.6375000000000002 0.865625 0.6375000000000002
2 0.81796875 0.7694444444444447 0.76875 0.7694444444444447 0.76875 0.9125000000000003 0.81796875 0.9125000000000003
2 0.775 0.5138888888888891 0.74765625 0.5138888888888891 0.74765625 0.5833333333333335 0.775 0.5833333333333335
2 0.7515625 0.7638888888888891 0.70546875 0.7638888888888888 0.70546875 0.9097222222222224 0.7515625 0.9097222222222225
2 0.81875 0.6305555555555558 0.778125 0.6305555555555558 0.778125 0.741666666666667 0.81875 0.741666666666667
2 0.778125 0.5736111111111113 0.74296875 0.5736111111111113 0.74296875 0.665277777777778 0.778125 0.665277777777778
2 0.7984375 0.4958333333333335 0.77265625 0.4958333333333335 0.77265625 0.5680555555555558 0.7984375 0.5680555555555558
2 0.5390625 0.5875000000000001 0.4953125 0.5875000000000001 0.4953125 0.7083333333333335 0.5390625 0.7083333333333335
2 0.78984375 0.4444444444444446 0.76875 0.4444444444444446 0.76875 0.5125000000000002 0.78984375 0.5125000000000002
2 0.4984375 0.6791666666666668 0.45 0.6791666666666668 0.45 0.8125 0.4984375 0.8125
2 0.68828125 0.48055555555555574 0.65859375 0.48055555555555574 0.65859375 0.5625000000000001 0.68828125 0.5625000000000001
2 0.8234375 0.5250000000000001 0.79296875 0.5250000000000001 0.79296875 0.6041666666666669 0.8234375 0.6041666666666669
2 0.61171875 0.6291666666666669 0.57109375 0.6291666666666669 0.57109375 0.7444444444444445 0.61171875 0.7444444444444445
2 0.73515625 0.6041666666666669 0.696875 0.6041666666666669 0.696875 0.7083333333333335 0.73515625 0.7083333333333335
2 0.77109375 0.37777777777777793 0.746875 0.37777777777777793 0.746875 0.43750000000000017 0.77109375 0.43750000000000017
2 0.62734375 0.4819444444444446 0.59609375 0.4819444444444446 0.59609375 0.565277777777778 0.62734375 0.565277777777778
2 0.64296875 0.5625000000000001 0.61015625 0.5625000000000001 0.61015625 0.651388888888889 0.64296875 0.651388888888889
2 0.696875 0.3875000000000002 0.6703125 0.3875000000000002 0.6703125 0.4500000000000002 0.696875 0.4500000000000002
2 0.9875 0.8444444444444448 0.928125 0.8444444444444448 0.928125 0.9958333333333337 0.9875 0.9958333333333337
2 0.74921875 0.5458333333333335 0.72109375 0.5458333333333335 0.72109375 0.6319444444444446 0.74921875 0.6319444444444446
2 0.8421875 0.4416666666666668 0.815625 0.4416666666666668 0.815625 0.5111111111111113 0.8421875 0.5111111111111113
2 0.71640625 0.5291666666666668 0.6859375 0.5291666666666668 0.6859375 0.6152777777777779 0.71640625 0.6152777777777779
2 0.8109375 0.4097222222222224 0.78828125 0.4097222222222224 0.78828125 0.46666666666666684 0.8109375 0.46666666666666684
2 0.79375 0.3666666666666668 0.77421875 0.3666666666666668 0.77421875 0.4208333333333335 0.79375 0.4208333333333335
2 0.603125 0.5902777777777779 0.57109375 0.5902777777777779 0.57109375 0.6722222222222224 0.603125 0.6722222222222224
2 0.2500000000000001 0.8916666666666667 0.17968750000000006 0.8916666666666667 0.17968750000000006 0.9861111111111112 0.2500000000000001 0.9861111111111112
2 0.7265625 0.5000000000000001 0.7 0.5000000000000001 0.7 0.5708333333333335 0.7265625 0.5708333333333335
2 0.809375 0.4486111111111113 0.7875 0.4486111111111113 0.7875 0.5138888888888891 0.809375 0.5138888888888891
2 0.8359375 0.3944444444444446 0.8140625 0.3944444444444446 0.8140625 0.4500000000000002 0.8359375 0.4500000000000002
2 0.34062500000000007 0.7583333333333333 0.3062500000000001 0.7583333333333333 0.3062500000000001 0.8666666666666667 0.34062500000000007 0.8666666666666667
1 0.27031250000000007 0.6555555555555556 0.08125000000000004 0.6555555555555556 0.08125000000000006 0.8263888888888888 0.27031250000000007 0.8263888888888888
1 0.6703125 0.42361111111111127 0.61953125 0.42361111111111127 0.61953125 0.5041666666666669 0.6703125 0.5041666666666669
1 0.4484375 0.4833333333333335 0.37421875 0.4833333333333335 0.37421875 0.5750000000000002 0.4484375 0.5750000000000002
14 0.634375 0.3111111111111113 0.60859375 0.3111111111111113 0.60859375 0.3680555555555557 0.634375 0.3680555555555557
1 0.69921875 0.3430555555555557 0.66640625 0.3430555555555557 0.66640625 0.3930555555555557 0.69921875 0.3930555555555557
1 0.15703125000000004 0.6361111111111111 0.06875000000000005 0.6361111111111111 0.06875000000000005 0.7319444444444444 0.15703125000000004 0.7319444444444444