2 0.11250000000000004 0.35138888888888886 0.042187500000000024 0.35138888888888886 0.04218750000000003 0.4513888888888889 0.11250000000000004 0.4513888888888889
2 0.2265625 0.2583333333333334 0.18828125 0.2583333333333334 0.18828125 0.3069444444444445 0.2265625 0.3069444444444445
1 0.45390625 0.40277777777777785 0.32578125 0.4027777777777778 0.32578125 0.6680555555555556 0.45390625 0.6680555555555557
2 0.76640625 0.3333333333333335 0.72734375 0.3333333333333335 0.72734375 0.4277777777777779 0.76640625 0.4277777777777779
2 0.6484375 0.2611111111111113 0.62421875 0.2611111111111113 0.62421875 0.3388888888888891 0.6484375 0.3388888888888891
2 0.378125 0.25000000000000006 0.35546875 0.25000000000000006 0.35546875 0.3291666666666667 0.378125 0.3291666666666667
1 0.4625 0.2527777777777779 0.40703125 0.2527777777777779 0.40703125 0.351388888888889 0.4625 0.351388888888889
2 0.19453125000000004 0.49166666666666664 0.14765625000000004 0.49166666666666664 0.14765625000000004 0.6486111111111111 0.19453125000000004 0.6486111111111111
2 0.29140625 0.2875000000000001 0.2640625 0.2875000000000001 0.2640625 0.375 0.29140625 0.375
2 0.5484375 0.23055555555555568 0.4984375 0.23055555555555562 0.4984375 0.301388888888889 0.5484375 0.30138888888888904
2 0.37265625 0.17500000000000007 0.35625 0.17500000000000007 0.35625 0.23194444444444454 0.37265625 0.23194444444444454
2 0.4078125 0.21527777777777785 0.3921875 0.21527777777777785 0.3921875 0.27916666666666673 0.4078125 0.27916666666666673
2 0.4 0.19444444444444453 0.38828125 0.19444444444444453 0.38828125 0.23888888888888896 0.4 0.23888888888888896
2 0.60859375 0.18055555555555572 0.58671875 0.18055555555555572 0.58671875 0.24722222222222237 0.60859375 0.24722222222222237