8 0.36328125 0.17222222222222228 0.26953125 0.17222222222222225 0.26953125 0.44305555555555565 0.36328125 0.4430555555555557
2 0.190625 0.23750000000000004 0.17734375 0.2375 0.17734375 0.2916666666666667 0.190625 0.29166666666666674
2 0.7328125 0.2305555555555557 0.72109375 0.2305555555555557 0.72109375 0.2847222222222224 0.7328125 0.2847222222222224
14 1 0.5041666666666669 0.72109375 0.5041666666666669 0.72109375 1.0000000000000002 1 1.0000000000000002
1 0.63203125 0.5527777777777779 0.50546875 0.5527777777777779 0.50546875 0.8 0.63203125 0.8
14 0.55390625 0.3069444444444446 0.4984375 0.3069444444444445 0.4984375 0.4305555555555557 0.55390625 0.4305555555555557
1 0.690625 0.3944444444444446 0.6125 0.3944444444444446 0.6125 0.5250000000000001 0.690625 0.5250000000000001
1 0.61953125 0.3041666666666668 0.575 0.3041666666666668 0.575 0.38472222222222235 0.61953125 0.38472222222222235
1 0.665625 0.2444444444444446 0.62265625 0.2444444444444446 0.62265625 0.2847222222222224 0.665625 0.2847222222222224
1 0.7 0.2305555555555557 0.65703125 0.2305555555555557 0.65703125 0.27500000000000013 0.7 0.27500000000000013
1 0.584375 0.2458333333333335 0.546875 0.2458333333333335 0.546875 0.3069444444444446 0.584375 0.3069444444444446
1 0.6234375 0.2680555555555557 0.58515625 0.2680555555555557 0.58515625 0.3069444444444446 0.6234375 0.3069444444444446