1 0.50625 0.4208333333333335 0.43203125 0.4208333333333335 0.43203125 0.5319444444444446 0.50625 0.5319444444444446
1 0.61015625 0.3305555555555557 0.5734375 0.3305555555555557 0.5734375 0.40000000000000013 0.61015625 0.40000000000000013
1 0.65078125 0.3958333333333335 0.61015625 0.3958333333333335 0.61015625 0.44583333333333347 0.65078125 0.44583333333333347
1 0.67421875 0.34027777777777796 0.63125 0.34027777777777796 0.63125 0.3944444444444446 0.67421875 0.3944444444444446
1 0.7046875 0.35138888888888903 0.6734375 0.35138888888888903 0.6734375 0.38888888888888906 0.7046875 0.38888888888888906
1 0.834375 0.627777777777778 0.7484375 0.627777777777778 0.7484375 0.7666666666666669 0.834375 0.7666666666666669
1 0.775 0.7347222222222224 0.6609375 0.7347222222222223 0.6609375 0.9347222222222223 0.775 0.9347222222222226
2 0.53203125 0.8458333333333333 0.44296875 0.8458333333333333 0.44296875 1 0.53203125 1
2 0.6125 0.5041666666666669 0.57265625 0.5041666666666669 0.57265625 0.6013888888888891 0.6125 0.6013888888888891
2 0.64375 0.48888888888888904 0.6125 0.48888888888888904 0.6125 0.5847222222222224 0.64375 0.5847222222222224
2 0.66484375 0.4361111111111113 0.63671875 0.4361111111111113 0.63671875 0.4958333333333335 0.66484375 0.4958333333333335
2 0.7015625 0.43888888888888905 0.66875 0.43888888888888905 0.66875 0.5055555555555558 0.7015625 0.5055555555555558
2 0.69453125 0.4819444444444446 0.66171875 0.4819444444444446 0.66171875 0.5361111111111113 0.69453125 0.5361111111111113
2 0.71640625 0.46250000000000013 0.696875 0.46250000000000013 0.696875 0.5277777777777779 0.71640625 0.5277777777777779
2 0.74375 0.4722222222222224 0.72265625 0.4722222222222224 0.72265625 0.5347222222222224 0.74375 0.5347222222222224
2 0.7875 0.4194444444444446 0.7640625 0.4194444444444446 0.7640625 0.47916666666666685 0.7875 0.47916666666666685
2 0.815625 0.4416666666666668 0.78984375 0.4416666666666668 0.78984375 0.5097222222222224 0.815625 0.5097222222222224
2 0.83203125 0.46527777777777796 0.81015625 0.46527777777777796 0.81015625 0.5430555555555557 0.83203125 0.5430555555555557
2 0.88828125 0.5069444444444446 0.84921875 0.5069444444444446 0.84921875 0.6125000000000002 0.88828125 0.6125000000000002
2 0.8 0.5541666666666668 0.76328125 0.5541666666666668 0.76328125 0.6500000000000001 0.8 0.6500000000000001
2 0.75078125 0.563888888888889 0.71484375 0.563888888888889 0.71484375 0.6805555555555557 0.75078125 0.6805555555555557
2 0.69921875 0.5819444444444446 0.665625 0.5819444444444446 0.665625 0.6666666666666669 0.69921875 0.6666666666666669
2 0.71015625 0.5208333333333335 0.64140625 0.5208333333333335 0.64140625 0.6097222222222224 0.71015625 0.6097222222222224
2 0.86484375 0.8375000000000004 0.8296875 0.8375000000000004 0.8296875 1.0000000000000002 0.86484375 1.0000000000000002
2 0.896875 0.6972222222222224 0.8578125 0.6972222222222224 0.8578125 0.8333333333333337 0.896875 0.8333333333333337
2 0.9484375 0.8986111111111115 0.88984375 0.8986111111111115 0.88984375 1.0000000000000002 0.9484375 1.0000000000000002
2 0.7421875 0.39027777777777795 0.7125 0.39027777777777795 0.7125 0.4486111111111113 0.7421875 0.4486111111111113
2 0.7484375 0.4194444444444446 0.73125 0.4194444444444446 0.73125 0.4777777777777779 0.7484375 0.4777777777777779
2 0.81796875 0.3930555555555557 0.78359375 0.3930555555555557 0.78359375 0.44583333333333347 0.81796875 0.44583333333333347
2 0.8359375 0.3944444444444446 0.81640625 0.3944444444444446 0.81640625 0.45138888888888906 0.8359375 0.45138888888888906
2 0.846875 0.4013888888888891 0.82734375 0.4013888888888891 0.82734375 0.4555555555555557 0.846875 0.4555555555555557
2 0.63828125 0.7666666666666667 0.5828125 0.7666666666666667 0.5828125 0.9583333333333334 0.63828125 0.9583333333333334