2 0.6828125 0.40000000000000013 0.625 0.40000000000000013 0.625 0.5000000000000001 0.6828125 0.5000000000000001
2 0.53125 0.4972222222222224 0.45859375 0.4972222222222224 0.45859375 0.6152777777777779 0.53125 0.6152777777777779
2 0.31875000000000003 0.5236111111111111 0.2515625 0.5236111111111111 0.2515625 0.6513888888888889 0.3187500000000001 0.6513888888888889
2 0.421875 0.4750000000000001 0.35234375 0.475 0.35234375 0.5875000000000001 0.421875 0.5875000000000001
2 0.29140625000000003 0.6305555555555555 0.19843750000000004 0.6305555555555555 0.19843750000000004 0.7680555555555556 0.2914062500000001 0.7680555555555556
2 0.81875 0.42500000000000016 0.74921875 0.42500000000000016 0.74921875 0.5236111111111112 0.81875 0.5236111111111112
2 0.10234375000000004 0.6791666666666667 0.010156250000000047 0.6791666666666667 0.010156250000000052 0.8277777777777777 0.10234375000000004 0.8277777777777777
2 0.50234375 0.2972222222222223 0.47734375 0.2972222222222223 0.47734375 0.38333333333333347 0.50234375 0.38333333333333347
2 0.5953125 0.18472222222222237 0.57890625 0.18472222222222237 0.57890625 0.2458333333333335 0.5953125 0.2458333333333335
2 0.621875 0.3875000000000002 0.559375 0.3875000000000002 0.559375 0.48055555555555574 0.621875 0.48055555555555574
2 0.76015625 0.3652777777777779 0.73125 0.3652777777777779 0.73125 0.4569444444444446 0.76015625 0.4569444444444446
2 0.31640625 0.2597222222222223 0.29609375 0.2597222222222223 0.29609375 0.3333333333333334 0.31640625 0.3333333333333334
2 0.68046875 0.2625000000000002 0.65859375 0.2625000000000002 0.65859375 0.34166666666666684 0.68046875 0.34166666666666684
2 0.28515625 0.4652777777777778 0.21953125 0.4652777777777778 0.21953125 0.5708333333333333 0.28515625 0.5708333333333333
2 0.12968750000000004 0.5861111111111111 0.061718750000000044 0.5861111111111111 0.061718750000000044 0.7263888888888889 0.12968750000000004 0.7263888888888889
2 0.19062500000000004 0.5430555555555555 0.12734375000000003 0.5430555555555555 0.12734375000000003 0.6902777777777778 0.19062500000000004 0.6902777777777778
2 0.36640625 0.3694444444444445 0.3125 0.36944444444444446 0.3125 0.45694444444444454 0.36640625 0.4569444444444446
2 0.35859375 0.2458333333333334 0.3375 0.2458333333333334 0.3375 0.31666666666666676 0.35859375 0.31666666666666676
2 0.41328125 0.26388888888888895 0.3890625 0.26388888888888895 0.3890625 0.33055555555555566 0.41328125 0.33055555555555566
2 0.8421875 0.40416666666666684 0.78671875 0.40416666666666684 0.78671875 0.5000000000000001 0.8421875 0.5000000000000001
2 0.61328125 0.22638888888888906 0.59453125 0.22638888888888906 0.59453125 0.2833333333333335 0.61328125 0.2833333333333335
2 0.44453125 0.2597222222222223 0.421875 0.2597222222222223 0.421875 0.32777777777777783 0.44453125 0.32777777777777783
2 0.40546875 0.3500000000000001 0.3484375 0.3500000000000001 0.3484375 0.4402777777777779 0.40546875 0.44027777777777793
2 0.2515625 0.5888888888888889 0.17500000000000004 0.5888888888888889 0.17500000000000004 0.725 0.2515625000000001 0.725
2 0.2078125 0.4930555555555556 0.15781250000000005 0.4930555555555556 0.15781250000000005 0.5986111111111111 0.2078125 0.5986111111111111
2 0.39765625 0.4055555555555556 0.34296875 0.40555555555555556 0.34296875 0.4944444444444445 0.39765625 0.4944444444444446
1 0.19140625000000006 0.4027777777777778 0.03359375000000002 0.4027777777777778 0.033593750000000026 0.5305555555555556 0.19140625000000006 0.5305555555555556
1 0.6515625 0.27916666666666684 0.575 0.27916666666666684 0.575 0.3472222222222224 0.6515625 0.3472222222222224
8 0.484375 0.1972222222222223 0.440625 0.1972222222222223 0.440625 0.31111111111111117 0.484375 0.31111111111111117
2 0.11875000000000005 0.5458333333333333 0.03984375000000003 0.5458333333333333 0.03984375000000004 0.6611111111111111 0.11875000000000005 0.6611111111111111