2 0.15078125000000003 0.37916666666666665 0.12734375000000003 0.37916666666666665 0.12734375000000003 0.4791666666666667 0.15078125000000003 0.4791666666666667
2 0.07031250000000003 0.19722222222222222 0.05625000000000002 0.19722222222222222 0.05625000000000002 0.24444444444444444 0.07031250000000003 0.24444444444444444
2 0.421875 0.19166666666666674 0.39921875 0.19166666666666674 0.39921875 0.24027777777777787 0.421875 0.24027777777777787
2 0.79375 0.40000000000000013 0.765625 0.40000000000000013 0.765625 0.4986111111111113 0.79375 0.4986111111111113
2 0.52265625 0.43750000000000017 0.4953125 0.43750000000000017 0.4953125 0.5416666666666669 0.52265625 0.5416666666666669
14 0.15625 0.20277777777777778 0.10390625 0.20277777777777778 0.10390625 0.28194444444444444 0.15625 0.28194444444444444
8 0.34296875 0.19166666666666674 0.271875 0.19166666666666674 0.271875 0.31250000000000006 0.34296875 0.31250000000000006
8 0.56484375 0.26805555555555566 0.49140625 0.26805555555555566 0.49140625 0.4638888888888891 0.56484375 0.4638888888888891
1 0.6546875 0.33750000000000013 0.59609375 0.33750000000000013 0.59609375 0.4486111111111113 0.6546875 0.4486111111111113
1 0.6125 0.2805555555555557 0.578125 0.2805555555555557 0.578125 0.3458333333333335 0.6125 0.3458333333333335
1 0.63515625 0.25138888888888905 0.59453125 0.25138888888888905 0.59453125 0.3097222222222224 0.63515625 0.3097222222222224
1 0.66484375 0.2347222222222224 0.62734375 0.2347222222222224 0.62734375 0.2819444444444446 0.66484375 0.2819444444444446
14 0.72734375 0.18055555555555572 0.64453125 0.18055555555555572 0.64453125 0.25000000000000017 0.72734375 0.25000000000000017
1 0.765625 0.21250000000000016 0.73046875 0.21250000000000016 0.73046875 0.25138888888888905 0.765625 0.25138888888888905
1 0.64140625 0.19166666666666682 0.5796875 0.19166666666666682 0.5796875 0.23750000000000016 0.64140625 0.23750000000000016