2 0.12031250000000004 0.49722222222222223 0.04375000000000003 0.49722222222222223 0.04375000000000004 0.6208333333333333 0.12031250000000004 0.6208333333333333
2 0.18828125000000004 0.39861111111111114 0.12656250000000005 0.39861111111111114 0.12656250000000005 0.4986111111111111 0.18828125000000004 0.4986111111111111
2 0.14296875000000003 0.33611111111111114 0.08281250000000002 0.33611111111111114 0.08281250000000002 0.4305555555555556 0.14296875000000003 0.4305555555555556
2 0.6703125 0.3055555555555557 0.64296875 0.3055555555555557 0.64296875 0.40277777777777796 0.6703125 0.40277777777777796
2 0.440625 0.26805555555555566 0.421875 0.26805555555555566 0.421875 0.35416666666666674 0.440625 0.35416666666666674
2 0.6203125 0.1958333333333335 0.60546875 0.1958333333333335 0.60546875 0.2569444444444446 0.6203125 0.2569444444444446
2 0.32734375 0.2486111111111112 0.30703125 0.2486111111111112 0.30703125 0.3222222222222223 0.32734375 0.3222222222222223
2 0.49765625 0.25694444444444453 0.4765625 0.25694444444444453 0.4765625 0.33194444444444454 0.49765625 0.33194444444444454
2 0.35703125 0.2583333333333334 0.33515625 0.2583333333333334 0.33515625 0.33055555555555566 0.35703125 0.33055555555555566
1 0.11718750000000004 0.6569444444444444 4.525452624974203e-17 0.6569444444444444 5.348262193151332e-17 0.8958333333333334 0.11718750000000004 0.8958333333333334
1 0.41953125 0.24166666666666675 0.38125 0.24166666666666675 0.38125 0.3222222222222223 0.41953125 0.3222222222222223
2 0.46328125 0.26805555555555566 0.4484375 0.26805555555555566 0.4484375 0.33055555555555566 0.46328125 0.33055555555555566