2 0.4609375 0.8416666666666667 0.3859375000000001 0.8416666666666667 0.3859375000000001 0.9972222222222222 0.4609375 0.9972222222222222
2 0.390625 0.45416666666666683 0.36328125 0.45416666666666683 0.36328125 0.5819444444444446 0.390625 0.5819444444444446
2 0.16406250000000006 0.46111111111111114 0.13515625000000003 0.46111111111111114 0.13515625000000003 0.5847222222222223 0.16406250000000006 0.5847222222222223
2 0.278125 0.39861111111111114 0.2578125 0.39861111111111114 0.2578125 0.5055555555555555 0.278125 0.5055555555555555
2 0.44453125 0.5555555555555557 0.40859375 0.5555555555555557 0.40859375 0.7055555555555557 0.44453125 0.7055555555555557
2 0.3218750000000001 0.8138888888888889 0.2773437500000001 0.8138888888888889 0.2773437500000001 1 0.3218750000000001 1
2 0.8859375 0.6861111111111112 0.8265625 0.6861111111111112 0.8265625 0.8555555555555558 0.8859375 0.8555555555555558
2 0.7046875 0.5333333333333334 0.67265625 0.5333333333333334 0.67265625 0.6722222222222224 0.7046875 0.6722222222222224
2 0.8109375 0.7944444444444447 0.75625 0.7944444444444447 0.75625 0.9458333333333336 0.8109375 0.9458333333333336
2 0.54453125 0.2861111111111112 0.528125 0.2861111111111112 0.528125 0.3736111111111113 0.54453125 0.3736111111111113
2 0.21406250000000004 0.6305555555555555 0.17656250000000004 0.6305555555555555 0.17656250000000004 0.7986111111111112 0.2140625000000001 0.7986111111111112
2 0.3203125 0.44027777777777777 0.29453125 0.44027777777777777 0.29453125 0.5625 0.3203125 0.5625
2 0.22734375000000004 0.5 0.19687500000000005 0.5 0.19687500000000005 0.65 0.2273437500000001 0.65
2 0.76171875 0.39722222222222237 0.73203125 0.39722222222222237 0.73203125 0.5041666666666669 0.76171875 0.5041666666666669
2 0.734375 0.4708333333333335 0.69921875 0.4708333333333335 0.69921875 0.6097222222222224 0.734375 0.6097222222222224
2 0.65859375 0.33750000000000013 0.6328125 0.33750000000000013 0.6328125 0.42500000000000016 0.65859375 0.42500000000000016
2 0.2796875 0.4986111111111111 0.2484375 0.4986111111111111 0.2484375 0.6291666666666667 0.2796875 0.6291666666666667
2 0.3734375 0.2708333333333334 0.35390625 0.2708333333333334 0.35390625 0.34583333333333344 0.3734375 0.34583333333333344
2 0.7765625 0.6083333333333335 0.73359375 0.6083333333333335 0.73359375 0.7736111111111115 0.7765625 0.7736111111111115
2 0.83203125 0.5944444444444446 0.78203125 0.5944444444444446 0.78203125 0.7527777777777781 0.83203125 0.7527777777777781
2 0.30781250000000004 0.5805555555555556 0.27109375 0.5805555555555556 0.27109375 0.7347222222222223 0.3078125000000001 0.7347222222222223
2 0.29609375 0.3500000000000001 0.27734375 0.3500000000000001 0.27734375 0.4444444444444444 0.29609375 0.4444444444444444
2 0.35625 0.34583333333333344 0.33125 0.34583333333333344 0.33125 0.4527777777777778 0.35625 0.4527777777777778
2 0.66640625 0.44027777777777793 0.63828125 0.44027777777777793 0.63828125 0.5472222222222224 0.66640625 0.5472222222222224
2 0.578125 0.31388888888888905 0.55703125 0.31388888888888905 0.55703125 0.39722222222222237 0.578125 0.39722222222222237
2 0.11796875000000004 0.3347222222222222 0.05703125000000002 0.3347222222222222 0.05703125000000002 0.4222222222222222 0.11796875000000004 0.4222222222222222
2 0.621875 0.3722222222222224 0.596875 0.3722222222222224 0.596875 0.48055555555555574 0.621875 0.48055555555555574
2 0.9921875 0.9000000000000004 0.94765625 0.9000000000000004 0.94765625 1.0000000000000002 0.9921875 1.0000000000000002
2 0.78203125 0.5208333333333335 0.75703125 0.5208333333333335 0.75703125 0.6541666666666668 0.78203125 0.6541666666666668
2 0.62421875 0.31527777777777793 0.59921875 0.31527777777777793 0.59921875 0.3958333333333335 0.62421875 0.3958333333333335
2 0.228125 0.4486111111111111 0.19765625000000003 0.4486111111111111 0.19765625000000003 0.5638888888888889 0.228125 0.5638888888888889
2 0.3484375 0.26388888888888895 0.32890625 0.26388888888888895 0.32890625 0.33194444444444454 0.3484375 0.33194444444444454
2 0.68203125 0.4208333333333335 0.66484375 0.4208333333333335 0.66484375 0.5125000000000002 0.68203125 0.5125000000000002
2 0.58359375 0.2555555555555557 0.56484375 0.2555555555555557 0.56484375 0.3166666666666668 0.58359375 0.3166666666666668
2 0.71171875 0.32222222222222235 0.6859375 0.32222222222222235 0.6859375 0.4069444444444446 0.71171875 0.4069444444444446
2 0.3296875000000001 0.675 0.2835937500000001 0.675 0.2835937500000001 0.8347222222222223 0.3296875000000001 0.8347222222222223
2 0.33359375 0.3236111111111112 0.3109375 0.3236111111111112 0.3109375 0.4125 0.33359375 0.4125
2 0.6015625 0.3111111111111113 0.57578125 0.3111111111111113 0.57578125 0.38888888888888906 0.6015625 0.38888888888888906
1 0.43671875 0.3236111111111112 0.3859375 0.3236111111111112 0.3859375 0.4305555555555557 0.43671875 0.4305555555555557
1 0.646875 0.4819444444444446 0.56484375 0.4819444444444446 0.56484375 0.665277777777778 0.646875 0.665277777777778
1 0.41796875 0.21250000000000008 0.38671875 0.21250000000000008 0.38671875 0.27777777777777785 0.41796875 0.27777777777777785
14 0.48125 0.251388888888889 0.43203125 0.251388888888889 0.43203125 0.351388888888889 0.48125 0.351388888888889
2 0.69140625 0.35000000000000014 0.671875 0.35000000000000014 0.671875 0.40416666666666684 0.69140625 0.40416666666666684
2 0.68984375 0.3805555555555557 0.66640625 0.3805555555555557 0.66640625 0.44583333333333347 0.68984375 0.44583333333333347
2 0.2250000000000001 0.9180555555555555 0.16718750000000004 0.9180555555555555 0.16718750000000007 1 0.2250000000000001 1
2 0.31484375 0.31250000000000006 0.29921875 0.31250000000000006 0.29921875 0.39305555555555555 0.31484375 0.39305555555555555