2 0.28593750000000007 0.7013888888888888 0.2390625000000001 0.7013888888888888 0.2390625000000001 0.8958333333333334 0.28593750000000007 0.8958333333333334
2 0.80546875 0.45277777777777795 0.74921875 0.45277777777777795 0.74921875 0.5597222222222223 0.80546875 0.5597222222222223
2 0.3539062500000001 0.7236111111111111 0.31328125000000007 0.7236111111111111 0.31328125000000007 0.9263888888888889 0.3539062500000001 0.9263888888888889
2 0.21484375000000008 0.7055555555555556 0.17031250000000003 0.7055555555555556 0.17031250000000003 0.8930555555555556 0.21484375000000008 0.8930555555555556
2 0.11562500000000005 0.5097222222222222 0.04531250000000003 0.5097222222222222 0.04531250000000004 0.6361111111111111 0.11562500000000005 0.6361111111111111
2 0.38046875 0.3222222222222223 0.3609375 0.3222222222222223 0.3609375 0.4194444444444445 0.38046875 0.4194444444444446
2 0.33671875 0.5041666666666667 0.31015625 0.5041666666666667 0.31015625 0.6430555555555556 0.33671875 0.6430555555555556
2 0.26640625 0.3597222222222222 0.22265625 0.3597222222222222 0.22265625 0.45416666666666666 0.26640625 0.45416666666666666
2 0.27968750000000003 0.5416666666666666 0.240625 0.5416666666666666 0.24062500000000003 0.6944444444444444 0.2796875000000001 0.6944444444444444
2 0.9265625 0.41805555555555574 0.8609375 0.41805555555555574 0.8609375 0.5208333333333335 0.9265625 0.5208333333333335
2 0.34296875 0.2611111111111112 0.32421875 0.2611111111111112 0.32421875 0.33888888888888896 0.34296875 0.33888888888888896
2 0.75390625 0.4013888888888891 0.6921875 0.4013888888888891 0.6921875 0.5055555555555558 0.75390625 0.5055555555555558
2 0.621875 0.22500000000000014 0.6046875 0.22500000000000014 0.6046875 0.2944444444444446 0.621875 0.2944444444444446
2 0.13281250000000006 0.33055555555555555 0.07734375000000002 0.33055555555555555 0.07734375000000002 0.4236111111111111 0.13281250000000006 0.4236111111111111
2 0.22734375 0.3347222222222223 0.18281250000000004 0.3347222222222223 0.18281250000000004 0.4222222222222222 0.22734375 0.4222222222222222
2 0.18125000000000005 0.5416666666666666 0.13593750000000004 0.5416666666666666 0.13593750000000004 0.6902777777777778 0.18125000000000005 0.6902777777777778
2 0.24296875000000004 0.49583333333333335 0.2015625 0.49583333333333335 0.20156250000000003 0.6541666666666667 0.2429687500000001 0.6541666666666667
2 0.19375000000000003 0.5916666666666667 0.15546875000000004 0.5916666666666667 0.15546875000000004 0.7527777777777778 0.19375000000000003 0.7527777777777778
2 0.4203125 0.3430555555555556 0.39609375 0.3430555555555556 0.39609375 0.4444444444444446 0.4203125 0.4444444444444446
2 0.72421875 0.3458333333333335 0.6890625 0.3458333333333335 0.6890625 0.43888888888888905 0.72421875 0.43888888888888905
2 0.43046875 0.23333333333333342 0.415625 0.23333333333333342 0.415625 0.30555555555555564 0.43046875 0.30555555555555564
2 0.38125 0.46666666666666673 0.35546875 0.4666666666666667 0.35546875 0.6000000000000001 0.38125 0.6000000000000002
2 0.365625 0.3986111111111112 0.340625 0.39861111111111114 0.340625 0.5041666666666668 0.365625 0.5041666666666669
2 0.69375 0.3055555555555557 0.66640625 0.3055555555555557 0.66640625 0.39722222222222237 0.69375 0.39722222222222237
2 0.55 0.18472222222222234 0.5375 0.1847222222222223 0.5375 0.24444444444444458 0.55 0.2444444444444446
2 0.67421875 0.31250000000000017 0.63984375 0.31250000000000017 0.63984375 0.3958333333333335 0.67421875 0.3958333333333335
2 0.31953125 0.3736111111111111 0.29453125 0.3736111111111111 0.29453125 0.4708333333333333 0.31953125 0.4708333333333333
2 0.59609375 0.20138888888888903 0.57890625 0.20138888888888903 0.57890625 0.2611111111111113 0.59609375 0.2611111111111113
1 0.61953125 0.2847222222222223 0.53046875 0.2847222222222223 0.53046875 0.3652777777777779 0.61953125 0.3652777777777779
1 0.403125 0.22777777777777786 0.36953125 0.22777777777777786 0.36953125 0.29166666666666674 0.403125 0.29166666666666674
8 0.48359375 0.20138888888888898 0.4390625 0.20138888888888898 0.4390625 0.313888888888889 0.48359375 0.313888888888889
8 0.48203125 0.4319444444444446 0.38203125 0.4319444444444446 0.38203125000000004 0.6972222222222224 0.48203125 0.6972222222222224