2 0.38515625 0.32500000000000007 0.36484375 0.32500000000000007 0.36484375 0.40277777777777796 0.38515625 0.40277777777777796
1 0.95625 0.6944444444444446 0.72265625 0.6944444444444446 0.72265625 0.9986111111111112 0.95625 0.9986111111111114
1 0.58125 0.39027777777777795 0.5 0.39027777777777795 0.5 0.5388888888888891 0.58125 0.5388888888888891
1 0.70859375 0.6250000000000001 0.56640625 0.6250000000000001 0.56640625 0.8875 0.70859375 0.8875
1 0.6453125 0.33472222222222237 0.5796875 0.33472222222222237 0.5796875 0.4305555555555557 0.6453125 0.4305555555555557
1 0.7203125 0.41805555555555574 0.615625 0.41805555555555574 0.615625 0.5680555555555558 0.7203125 0.5680555555555558
1 0.5609375 0.30833333333333346 0.50703125 0.3083333333333334 0.50703125 0.39722222222222237 0.5609375 0.39722222222222237
14 0.71484375 0.1819444444444446 0.63046875 0.1819444444444446 0.63046875 0.2763888888888891 0.71484375 0.2763888888888891
14 0.6046875 0.19305555555555567 0.521875 0.19305555555555565 0.521875 0.29583333333333345 0.6046875 0.2958333333333335
8 0.64375 0.25138888888888905 0.578125 0.25138888888888905 0.578125 0.3430555555555557 0.64375 0.3430555555555557
2 0.26484375000000004 0.5236111111111111 0.22109375 0.5236111111111111 0.22109375000000003 0.6666666666666666 0.2648437500000001 0.6666666666666666