14 0.79609375 0.3722222222222224 0.5203125 0.3722222222222224 0.5203125 1.0000000000000002 0.79609375 1.0000000000000002
1 0.9984375 0.7861111111111114 0.80390625 0.7861111111111114 0.80390625 1.0000000000000002 0.9984375 1.0000000000000002
1 0.478125 0.20138888888888898 0.4203125 0.20138888888888898 0.4203125 0.25416666666666676 0.478125 0.25416666666666676
1 0.571875 0.25833333333333347 0.53203125 0.2583333333333334 0.53203125 0.32222222222222235 0.571875 0.32222222222222235
1 0.63125 0.3319444444444446 0.5828125 0.3319444444444446 0.5828125 0.3944444444444446 0.63125 0.3944444444444446
1 0.62734375 0.27361111111111125 0.5859375 0.27361111111111125 0.5859375 0.3319444444444446 0.62734375 0.3319444444444446
1 0.6453125 0.2458333333333335 0.609375 0.2458333333333335 0.609375 0.29305555555555574 0.6453125 0.29305555555555574
1 0.67421875 0.22777777777777794 0.63671875 0.22777777777777794 0.63671875 0.2708333333333335 0.67421875 0.2708333333333335
1 0.72265625 0.2055555555555557 0.68203125 0.2055555555555557 0.68203125 0.24861111111111128 0.72265625 0.24861111111111128
8 0.24140625 0.14166666666666672 0.17109375 0.14166666666666672 0.17109375 0.2569444444444445 0.24140625 0.25694444444444453
2 0.69921875 0.2680555555555557 0.684375 0.2680555555555557 0.684375 0.32083333333333347 0.69921875 0.32083333333333347
2 0.12421875000000004 0.375 0.09843750000000002 0.375 0.09843750000000002 0.4652777777777778 0.12421875000000004 0.4652777777777778