2 0.71953125 0.725 0.67578125 0.725 0.67578125 0.8652777777777778 0.71953125 0.8652777777777778
2 0.59375 0.8361111111111111 0.5375 0.8361111111111111 0.5375 0.9791666666666666 0.59375 0.9791666666666666
2 0.2921875000000001 0.7916666666666666 0.23203125000000008 0.7916666666666666 0.23203125000000008 0.9430555555555555 0.2921875000000001 0.9430555555555555
2 0.61484375 0.515277777777778 0.57890625 0.515277777777778 0.57890625 0.6055555555555557 0.61484375 0.6055555555555557
2 0.75 0.38888888888888906 0.725 0.38888888888888906 0.725 0.4500000000000002 0.75 0.4500000000000002
2 0.79921875 0.5166666666666668 0.765625 0.5166666666666668 0.765625 0.6055555555555557 0.79921875 0.6055555555555557
2 0.5890625 0.5708333333333335 0.5546875 0.5708333333333335 0.5546875 0.6666666666666669 0.5890625 0.6666666666666669
2 0.84140625 0.4319444444444446 0.81796875 0.4319444444444446 0.81796875 0.4972222222222224 0.84140625 0.4972222222222224
2 0.86171875 0.44583333333333347 0.83515625 0.44583333333333347 0.83515625 0.5125000000000002 0.86171875 0.5125000000000002
2 0.778125 0.40416666666666684 0.75546875 0.40416666666666684 0.75546875 0.46527777777777796 0.778125 0.46527777777777796
2 0.74453125 0.5291666666666668 0.71328125 0.5291666666666668 0.71328125 0.6180555555555557 0.74453125 0.6180555555555557
2 0.70234375 0.4152777777777779 0.67734375 0.4152777777777779 0.67734375 0.47916666666666685 0.70234375 0.47916666666666685
2 0.721875 0.37777777777777793 0.7015625 0.37777777777777793 0.7015625 0.43750000000000017 0.721875 0.43750000000000017
2 0.68203125 0.5583333333333335 0.6484375 0.5583333333333335 0.6484375 0.6500000000000001 0.68203125 0.6500000000000001
2 0.66953125 0.5138888888888891 0.63203125 0.5138888888888891 0.63203125 0.6041666666666669 0.66953125 0.6041666666666669
2 0.81796875 0.40416666666666684 0.79609375 0.40416666666666684 0.79609375 0.46527777777777796 0.81796875 0.46527777777777796
2 0.86640625 0.3652777777777779 0.84609375 0.3652777777777779 0.84609375 0.4194444444444446 0.86640625 0.4194444444444446
1 0.26640625000000007 0.6069444444444444 0.12968750000000004 0.6069444444444444 0.12968750000000004 0.7375 0.26640625000000007 0.7375
1 0.95703125 0.5763888888888891 0.79921875 0.5763888888888891 0.79921875 0.7097222222222224 0.95703125 0.7097222222222224
1 0.51015625 0.4361111111111113 0.4484375 0.4361111111111113 0.4484375 0.5166666666666668 0.51015625 0.5166666666666668
1 0.5734375 0.3944444444444446 0.5359375 0.3944444444444446 0.5359375 0.44722222222222235 0.5734375 0.44722222222222235
1 0.74453125 0.46527777777777796 0.6921875 0.46527777777777796 0.6921875 0.5361111111111113 0.74453125 0.5361111111111113