2 0.59453125 0.3583333333333335 0.55625 0.3583333333333335 0.55625 0.4944444444444446 0.59453125 0.4944444444444446
2 0.35546875 0.3444444444444445 0.3015625 0.3444444444444445 0.3015625 0.4722222222222222 0.35546875 0.4722222222222222
2 0.203125 0.45694444444444443 0.15546875000000004 0.45694444444444443 0.15546875000000004 0.6097222222222223 0.203125 0.6097222222222223
2 0.10937500000000004 0.37777777777777777 0.04531250000000002 0.37777777777777777 0.045312500000000026 0.44027777777777777 0.10937500000000004 0.44027777777777777
2 0.3578125 0.21527777777777785 0.33359375 0.21527777777777785 0.33359375 0.2805555555555556 0.3578125 0.2805555555555556
2 0.39453125 0.2097222222222223 0.3734375 0.2097222222222223 0.3734375 0.28333333333333344 0.39453125 0.28333333333333344
2 0.38046875 0.2097222222222223 0.36015625 0.2097222222222223 0.36015625 0.2930555555555556 0.38046875 0.2930555555555556
2 0.17968750000000006 0.6388888888888888 0.13437500000000005 0.6388888888888888 0.13437500000000005 0.8055555555555556 0.17968750000000006 0.8055555555555556
2 0.2843750000000001 0.6527777777777778 0.19218750000000004 0.6527777777777778 0.19218750000000004 0.8666666666666667 0.2843750000000001 0.8666666666666667
1 0.80546875 0.7694444444444446 0.61484375 0.7694444444444445 0.61484375 0.9986111111111112 0.80546875 0.9986111111111114
2 0.38515625 0.2875000000000001 0.35703125 0.2875000000000001 0.35703125 0.3597222222222223 0.38515625 0.3597222222222224
2 0.9703125 0.5291666666666668 0.9046875 0.5291666666666668 0.9046875 0.7236111111111114 0.9703125 0.7236111111111114