2 0.7296875 0.37638888888888905 0.6984375 0.37638888888888905 0.6984375 0.47638888888888903 0.7296875 0.47638888888888903
2 0.39453125000000006 0.5305555555555557 0.3484375 0.5305555555555556 0.34843750000000007 0.6944444444444445 0.3945312500000001 0.6944444444444446
2 0.2984375 0.4305555555555556 0.26640625 0.4305555555555556 0.26640625 0.5375 0.2984375 0.5375
2 0.30312500000000003 0.5375 0.2484375 0.5375 0.24843750000000003 0.7194444444444444 0.3031250000000001 0.7194444444444444
2 0.19843750000000004 0.5833333333333334 0.13281250000000006 0.5833333333333334 0.13281250000000006 0.7638888888888888 0.19843750000000004 0.7638888888888888
2 0.23828125 0.4236111111111111 0.2078125 0.4236111111111111 0.2078125 0.5125 0.23828125 0.5125
2 0.3421875 0.3597222222222222 0.30625 0.3597222222222222 0.30625 0.4638888888888889 0.3421875 0.4638888888888889
2 0.403125 0.37777777777777793 0.3734375 0.37777777777777793 0.3734375 0.4347222222222224 0.403125 0.4347222222222224
2 0.4046875 0.32638888888888895 0.378125 0.32638888888888895 0.378125 0.3861111111111113 0.4046875 0.3861111111111113
2 0.35390625 0.2972222222222223 0.33515625 0.2972222222222223 0.33515625 0.3625 0.35390625 0.3625
2 0.3671875 0.2472222222222223 0.346875 0.2472222222222223 0.346875 0.3097222222222223 0.3671875 0.3097222222222223
2 0.42421875 0.2250000000000001 0.40625 0.2250000000000001 0.40625 0.29027777777777786 0.42421875 0.29027777777777786
1 0.54921875 0.1916666666666668 0.5078125 0.19166666666666674 0.5078125 0.251388888888889 0.54921875 0.25138888888888905
2 0.4015625 0.21527777777777785 0.38515625 0.21527777777777785 0.38515625 0.2722222222222223 0.4015625 0.2722222222222223