2 0.76796875 0.5319444444444446 0.740625 0.5319444444444446 0.740625 0.6222222222222223 0.76796875 0.6222222222222223
2 0.7890625 0.4347222222222224 0.76796875 0.4347222222222224 0.76796875 0.4930555555555557 0.7890625 0.4930555555555557
2 0.875 0.627777777777778 0.83671875 0.627777777777778 0.83671875 0.7430555555555559 0.875 0.7430555555555559
2 0.75625 0.4347222222222224 0.73515625 0.4347222222222224 0.73515625 0.5000000000000001 0.75625 0.5000000000000001
2 0.33437500000000003 0.6041666666666666 0.29296875 0.6041666666666666 0.29296875000000006 0.7152777777777778 0.3343750000000001 0.7152777777777778
2 0.8640625 0.3791666666666668 0.8453125 0.3791666666666668 0.8453125 0.4361111111111113 0.8640625 0.4361111111111113
2 0.62578125 0.5180555555555557 0.596875 0.5180555555555557 0.596875 0.6041666666666669 0.62578125 0.6041666666666669
2 0.7328125 0.5138888888888891 0.70625 0.5138888888888891 0.70625 0.602777777777778 0.7328125 0.602777777777778
2 0.7859375 0.48055555555555574 0.76484375 0.48055555555555574 0.76484375 0.551388888888889 0.7859375 0.551388888888889
2 0.68359375 0.5194444444444446 0.65625 0.5194444444444446 0.65625 0.602777777777778 0.68359375 0.602777777777778
2 0.76875 0.3791666666666668 0.7515625 0.3791666666666668 0.7515625 0.4319444444444446 0.76875 0.4319444444444446
2 0.85390625 0.4194444444444446 0.83359375 0.4194444444444446 0.83359375 0.4833333333333335 0.85390625 0.4833333333333335
2 0.8140625 0.6486111111111112 0.78359375 0.6486111111111112 0.78359375 0.754166666666667 0.8140625 0.754166666666667
2 0.86640625 0.8819444444444448 0.81171875 0.8819444444444448 0.81171875 0.9833333333333336 0.86640625 0.9833333333333336
2 0.65234375 0.6472222222222224 0.6140625 0.6472222222222224 0.6140625 0.7611111111111111 0.65234375 0.7611111111111111
2 0.840625 0.3944444444444446 0.8234375 0.3944444444444446 0.8234375 0.44583333333333347 0.840625 0.44583333333333347
2 0.79375 0.36388888888888904 0.77734375 0.36388888888888904 0.77734375 0.41666666666666685 0.79375 0.41666666666666685
2 0.8375 0.7083333333333335 0.79921875 0.7083333333333335 0.79921875 0.8333333333333337 0.8375 0.8333333333333337
2 0.83125 0.5861111111111112 0.8046875 0.5861111111111112 0.8046875 0.6708333333333335 0.83125 0.6708333333333335
2 0.66328125 0.5722222222222224 0.62890625 0.5722222222222224 0.62890625 0.6680555555555557 0.66328125 0.6680555555555557
2 0.75703125 0.35555555555555574 0.74140625 0.35555555555555574 0.74140625 0.40416666666666684 0.75703125 0.40416666666666684
2 0.609375 0.502777777777778 0.58203125 0.502777777777778 0.58203125 0.588888888888889 0.609375 0.588888888888889
2 0.5578125 0.5847222222222224 0.52109375 0.5847222222222224 0.52109375 0.6972222222222224 0.5578125 0.6972222222222224
2 0.7 0.4680555555555557 0.6765625 0.4680555555555557 0.6765625 0.5430555555555557 0.7 0.5430555555555557
2 0.85625 0.5180555555555557 0.828125 0.5180555555555557 0.828125 0.5986111111111113 0.85625 0.5986111111111113
2 0.821875 0.39722222222222237 0.803125 0.39722222222222237 0.803125 0.4583333333333335 0.821875 0.4583333333333335
2 0.83203125 0.3166666666666668 0.8171875 0.3166666666666668 0.8171875 0.3597222222222224 0.83203125 0.3597222222222224
2 0.7375 0.47361111111111126 0.715625 0.47361111111111126 0.715625 0.5388888888888891 0.7375 0.5388888888888891
2 0.84609375 0.3652777777777779 0.83125 0.3652777777777779 0.83125 0.41666666666666685 0.84609375 0.41666666666666685
2 0.77265625 0.32083333333333347 0.76015625 0.32083333333333347 0.76015625 0.36250000000000016 0.77265625 0.36250000000000016
2 0.8125 0.3333333333333335 0.7984375 0.3333333333333335 0.7984375 0.38472222222222235 0.8125 0.38472222222222235
1 0.5953125 0.8208333333333333 0.4890625 0.8208333333333333 0.4890625 0.9888888888888889 0.5953125 0.9888888888888889
1 0.06953125000000006 0.7125 4.9081547497077516e-17 0.7125 5.381748629065516e-17 0.85 0.06953125000000007 0.85
1 0.53671875 0.4819444444444446 0.465625 0.4819444444444446 0.465625 0.5763888888888891 0.53671875 0.5763888888888891
1 0.47734375 0.45972222222222237 0.43515625 0.45972222222222237 0.43515625 0.5180555555555557 0.47734375 0.5180555555555557
14 0.3273437500000001 0.7569444444444444 0.19218750000000004 0.7569444444444444 0.19218750000000007 1 0.3273437500000001 1
1 0.71484375 0.3527777777777779 0.68515625 0.3527777777777779 0.68515625 0.4055555555555557 0.71484375 0.4055555555555557
1 0.68125 0.3083333333333335 0.6546875 0.3083333333333335 0.6546875 0.35000000000000014 0.68125 0.35000000000000014
1 0.55546875 0.39166666666666683 0.5078125 0.39166666666666683 0.5078125 0.45972222222222237 0.55546875 0.45972222222222237
1 0.62890625 0.32222222222222235 0.60390625 0.32222222222222235 0.60390625 0.3569444444444446 0.62890625 0.3569444444444446
14 0.68984375 0.37500000000000017 0.61328125 0.37500000000000017 0.61328125 0.5125000000000002 0.68984375 0.5125000000000002
14 0.65625 0.3319444444444446 0.6234375 0.3319444444444446 0.6234375 0.38472222222222235 0.65625 0.38472222222222235
1 0.6296875 0.3791666666666668 0.6046875 0.3791666666666668 0.6046875 0.4277777777777779 0.6296875 0.4277777777777779