2 0.46015625 0.7236111111111111 0.4203125 0.7236111111111111 0.4203125 0.9236111111111112 0.46015625 0.9236111111111112
2 0.53359375 0.7875 0.4953125 0.7875 0.4953125 0.9777777777777777 0.53359375 0.9777777777777777
2 0.4796875 0.515277777777778 0.45234375 0.515277777777778 0.45234375 0.6638888888888891 0.4796875 0.6638888888888891
2 0.29296875000000006 0.5180555555555556 0.26875 0.5180555555555556 0.26875000000000004 0.6555555555555556 0.2929687500000001 0.6555555555555556
2 0.52109375 0.4930555555555557 0.4984375 0.4930555555555557 0.4984375 0.6125000000000002 0.52109375 0.6125000000000002
2 0.55 0.4500000000000002 0.52734375 0.4500000000000002 0.52734375 0.5569444444444446 0.55 0.5569444444444446
2 0.51484375 0.41666666666666685 0.48984375 0.41666666666666685 0.48984375 0.515277777777778 0.51484375 0.515277777777778
1 0.4421875 0.36111111111111127 0.371875 0.36111111111111127 0.371875 0.515277777777778 0.4421875 0.515277777777778
2 0.5203125 0.2944444444444445 0.503125 0.2944444444444445 0.503125 0.3680555555555557 0.5203125 0.3680555555555557
2 0.5484375 0.3111111111111112 0.53203125 0.31111111111111117 0.53203125 0.38333333333333347 0.5484375 0.38333333333333347
8 0.496875 0.15694444444444455 0.4578125 0.15694444444444455 0.4578125 0.2486111111111112 0.496875 0.2486111111111112