2 0.8296875 0.45416666666666683 0.809375 0.45416666666666683 0.809375 0.5166666666666668 0.8296875 0.5166666666666668
2 0.8484375 0.42361111111111127 0.83671875 0.42361111111111127 0.83671875 0.48055555555555574 0.8484375 0.48055555555555574
2 0.78515625 0.4444444444444446 0.76875 0.4444444444444446 0.76875 0.5055555555555558 0.78515625 0.5055555555555558
2 0.7625 0.4333333333333335 0.7484375 0.4333333333333335 0.7484375 0.501388888888889 0.7625 0.501388888888889
2 0.72734375 0.41388888888888903 0.7125 0.41388888888888903 0.7125 0.46666666666666684 0.72734375 0.46666666666666684
2 0.73125 0.3680555555555557 0.7203125 0.3680555555555557 0.7203125 0.41111111111111126 0.73125 0.41111111111111126
2 0.8109375 0.4222222222222224 0.7953125 0.4222222222222224 0.7953125 0.4847222222222224 0.8109375 0.4847222222222224
2 0.85234375 0.36111111111111127 0.83828125 0.36111111111111127 0.83828125 0.41111111111111126 0.85234375 0.41111111111111126
2 0.809375 0.3680555555555557 0.7953125 0.3680555555555557 0.7953125 0.41666666666666685 0.809375 0.41666666666666685
2 0.796875 0.3805555555555557 0.78515625 0.3805555555555557 0.78515625 0.4305555555555557 0.796875 0.4305555555555557
2 0.78203125 0.39027777777777795 0.76953125 0.39027777777777795 0.76953125 0.4416666666666668 0.78203125 0.4416666666666668
2 0.76875 0.3944444444444446 0.753125 0.3944444444444446 0.753125 0.44027777777777793 0.76875 0.44027777777777793
2 0.76796875 0.3444444444444446 0.75546875 0.3444444444444446 0.75546875 0.38333333333333347 0.76796875 0.38333333333333347
2 0.75625 0.3236111111111113 0.74765625 0.3236111111111113 0.74765625 0.36388888888888904 0.75625 0.36388888888888904
2 0.79609375 0.34027777777777796 0.7828125 0.34027777777777796 0.7828125 0.3736111111111113 0.79609375 0.3736111111111113
2 0.82109375 0.3444444444444446 0.80625 0.3444444444444446 0.80625 0.39027777777777795 0.82109375 0.39027777777777795
1 0.35078125000000004 0.5319444444444444 0.23203125 0.5319444444444444 0.23203125000000005 0.6472222222222223 0.3507812500000001 0.6472222222222223
1 0.6125 0.35555555555555574 0.5765625 0.35555555555555574 0.5765625 0.41250000000000014 0.6125 0.41250000000000014
1 0.64375 0.30138888888888904 0.62265625 0.30138888888888904 0.62265625 0.3319444444444446 0.64375 0.3319444444444446