14 0.5765625 0.28194444444444455 0.50859375 0.2819444444444445 0.50859375 0.47361111111111126 0.5765625 0.47361111111111126
14 0.45546875 0.17083333333333342 0.32734375 0.17083333333333342 0.32734375 0.2597222222222223 0.45546875 0.2597222222222223
8 0.834375 0.43750000000000017 0.65546875 0.43750000000000017 0.65546875 0.7847222222222224 0.834375 0.7847222222222225
8 0.56484375 0.188888888888889 0.50546875 0.18888888888888897 0.50546875 0.3000000000000001 0.56484375 0.30000000000000016
1 0.63515625 0.31388888888888905 0.58984375 0.31388888888888905 0.58984375 0.40000000000000013 0.63515625 0.40000000000000013
1 0.63515625 0.2541666666666668 0.59140625 0.2541666666666668 0.59140625 0.32916666666666683 0.63515625 0.32916666666666683
2 0.7046875 0.2625000000000002 0.6921875 0.2625000000000002 0.6921875 0.3236111111111113 0.7046875 0.3236111111111113
2 0.31171875 0.19166666666666674 0.2921875 0.19166666666666674 0.2921875 0.23333333333333342 0.31171875 0.23333333333333342
2 0.27421875 0.19444444444444453 0.253125 0.19444444444444453 0.253125 0.23750000000000007 0.27421875 0.23750000000000007
2 0.49453125 0.19444444444444453 0.471875 0.19444444444444453 0.471875 0.251388888888889 0.49453125 0.251388888888889
1 0.69921875 0.21527777777777793 0.65234375 0.21527777777777793 0.65234375 0.2569444444444446 0.69921875 0.2569444444444446