2 0.72265625 0.40277777777777796 0.684375 0.40277777777777796 0.684375 0.5500000000000002 0.72265625 0.5500000000000002
2 0.78046875 0.35000000000000014 0.7390625 0.35000000000000014 0.7390625 0.4833333333333335 0.78046875 0.4833333333333335
2 0.72265625 0.3569444444444446 0.68515625 0.3569444444444446 0.68515625 0.43750000000000017 0.72265625 0.43750000000000017
2 0.70625 0.2555555555555557 0.684375 0.2555555555555557 0.684375 0.3305555555555557 0.70625 0.3305555555555557
2 0.67109375 0.2625000000000002 0.6453125 0.2625000000000002 0.6453125 0.3305555555555557 0.67109375 0.3305555555555557
2 0.63046875 0.24305555555555572 0.60390625 0.24305555555555572 0.60390625 0.3041666666666668 0.63046875 0.3041666666666668
2 0.6390625 0.3111111111111113 0.6125 0.3111111111111113 0.6125 0.37638888888888905 0.6390625 0.37638888888888905
1 0.59765625 0.2791666666666668 0.53046875 0.27916666666666673 0.53046875 0.37638888888888905 0.59765625 0.37638888888888905
2 0.328125 0.33055555555555566 0.29296875 0.33055555555555566 0.29296875 0.4361111111111111 0.328125 0.4361111111111111
2 0.32265625 0.45416666666666666 0.2890625 0.45416666666666666 0.2890625 0.5875 0.32265625 0.5875
2 0.26640625 0.4847222222222222 0.21640625 0.4847222222222222 0.21640625 0.6180555555555556 0.26640625 0.6180555555555556
2 0.22421875 0.41944444444444445 0.18125000000000005 0.41944444444444445 0.18125000000000005 0.5055555555555555 0.22421875 0.5055555555555555
2 0.3828125 0.17083333333333342 0.365625 0.17083333333333342 0.365625 0.24027777777777787 0.3828125 0.24027777777777787
2 0.11406250000000004 0.3486111111111111 0.051562500000000025 0.3486111111111111 0.051562500000000025 0.43333333333333335 0.11406250000000004 0.43333333333333335
2 0.2390625 0.26250000000000007 0.18984375 0.26250000000000007 0.18984375 0.3208333333333334 0.2390625 0.3208333333333334
2 0.50703125 0.19583333333333341 0.484375 0.19583333333333341 0.484375 0.26388888888888895 0.50703125 0.26388888888888895