2 0.3804687500000001 0.8083333333333333 0.3390625000000001 0.8083333333333333 0.3390625000000001 0.9944444444444445 0.3804687500000001 0.9944444444444445
2 0.42734375 0.5986111111111113 0.38359375 0.5986111111111113 0.38359375000000007 0.7583333333333333 0.42734375 0.7583333333333333
2 0.503125 0.6097222222222224 0.465625 0.6097222222222224 0.465625 0.7680555555555556 0.503125 0.7680555555555556
2 0.54296875 0.5180555555555557 0.509375 0.5180555555555557 0.509375 0.6416666666666668 0.54296875 0.6416666666666668
2 0.41328125 0.3236111111111112 0.39609375 0.3236111111111112 0.39609375 0.4083333333333335 0.41328125 0.4083333333333335
2 0.42734375 0.27638888888888896 0.4109375 0.27638888888888896 0.4109375 0.3486111111111112 0.42734375 0.3486111111111112
2 0.50234375 0.31944444444444453 0.48515625 0.31944444444444453 0.48515625 0.40277777777777796 0.50234375 0.40277777777777796
2 0.53046875 0.36111111111111127 0.50859375 0.36111111111111127 0.50859375 0.4555555555555557 0.53046875 0.4555555555555557
2 0.51796875 0.26250000000000007 0.503125 0.26250000000000007 0.503125 0.3208333333333334 0.51796875 0.3208333333333334
2 0.5359375 0.27638888888888896 0.51953125 0.27638888888888896 0.51953125 0.3486111111111112 0.5359375 0.3486111111111112
1 0.48046875 0.20694444444444451 0.453125 0.20694444444444451 0.453125 0.26388888888888895 0.48046875 0.26388888888888895
2 0.43984375 0.23194444444444454 0.42265625 0.23194444444444454 0.42265625 0.2986111111111112 0.43984375 0.2986111111111112