2 0.26953125 0.4263888888888889 0.21328125 0.4263888888888889 0.21328125 0.5583333333333333 0.26953125 0.5583333333333333
2 0.11171875000000005 0.3638888888888889 0.047656250000000025 0.3638888888888889 0.047656250000000025 0.44305555555555554 0.11171875000000005 0.44305555555555554
2 0.22734375 0.25694444444444453 0.19140625 0.25694444444444453 0.19140625 0.30416666666666675 0.22734375 0.30416666666666675
2 0.34765625 0.37083333333333335 0.30390625 0.37083333333333335 0.30390625 0.48194444444444445 0.34765625 0.48194444444444445
1 0.44609375 0.34583333333333344 0.3765625 0.34583333333333344 0.3765625 0.47638888888888903 0.44609375 0.47638888888888903
2 0.33046875 0.30555555555555564 0.3125 0.30555555555555564 0.3125 0.39166666666666666 0.33046875 0.39166666666666666
2 0.35625 0.24027777777777787 0.34140625 0.24027777777777787 0.34140625 0.3083333333333334 0.35625 0.3083333333333334
2 0.31875 0.2583333333333334 0.3 0.2583333333333334 0.3 0.33055555555555566 0.31875 0.33055555555555566
2 0.40625 0.26388888888888895 0.3796875 0.26388888888888895 0.3796875 0.34027777777777785 0.40625 0.34027777777777785
2 0.95390625 0.7083333333333335 0.87265625 0.7083333333333335 0.87265625 0.9027777777777781 0.95390625 0.9027777777777781
2 0.9390625 0.5527777777777779 0.89140625 0.5527777777777779 0.89140625 0.6958333333333335 0.9390625 0.6958333333333335