2 0.3703125 0.23194444444444454 0.3578125 0.23194444444444454 0.3578125 0.2986111111111112 0.3703125 0.2986111111111112
2 0.40390625 0.22916666666666674 0.38984375 0.22916666666666674 0.38984375 0.30277777777777787 0.40390625 0.30277777777777787
2 0.6828125 0.30138888888888904 0.6671875 0.30138888888888904 0.6671875 0.3708333333333335 0.6828125 0.3708333333333335
2 0.8671875 0.38888888888888906 0.84140625 0.38888888888888906 0.84140625 0.4819444444444446 0.8671875 0.4819444444444446
2 0.42890625 0.1847222222222223 0.41796875 0.1847222222222223 0.41796875 0.24027777777777787 0.42890625 0.24027777777777787
1 0.6 0.2333333333333335 0.56875 0.2333333333333335 0.56875 0.2847222222222224 0.6 0.2847222222222224
8 0.590625 0.28750000000000014 0.525 0.2875000000000001 0.525 0.4444444444444446 0.590625 0.4444444444444446
8 0.74375 0.41250000000000014 0.6671875 0.41250000000000014 0.6671875 0.5944444444444446 0.74375 0.5944444444444446
8 0.55859375 0.22222222222222235 0.52421875 0.2222222222222223 0.52421875 0.2777777777777779 0.55859375 0.27777777777777796
8 0.8078125 0.2194444444444446 0.67734375 0.2194444444444446 0.67734375 0.32916666666666683 0.8078125 0.32916666666666683
2 0.57265625 0.4847222222222224 0.54140625 0.4847222222222224 0.54140625 0.6152777777777779 0.57265625 0.6152777777777779