2 0.58203125 0.4777777777777779 0.5453125 0.4777777777777779 0.5453125 0.626388888888889 0.58203125 0.626388888888889
2 0.5359375 0.20694444444444451 0.5015625 0.20694444444444451 0.5015625 0.3097222222222223 0.5359375 0.3097222222222223
2 0.61640625 0.19444444444444461 0.59453125 0.19444444444444461 0.59453125 0.2458333333333335 0.61640625 0.2458333333333335
1 0.4625 0.4583333333333334 0.36015625 0.4583333333333333 0.36015625000000007 0.7055555555555556 0.4625 0.7055555555555557
2 0.31875 0.49166666666666664 0.26953125 0.49166666666666664 0.26953125 0.6222222222222222 0.31875 0.6222222222222222
2 0.37265625 0.3708333333333334 0.3296875 0.37083333333333335 0.3296875 0.4597222222222223 0.37265625 0.45972222222222237
2 0.24765625 0.3958333333333333 0.2125 0.3958333333333333 0.2125 0.4986111111111111 0.24765625 0.4986111111111111
2 0.21484375000000006 0.5222222222222223 0.16250000000000003 0.5222222222222223 0.16250000000000003 0.6625 0.21484375000000008 0.6625
2 0.2234375000000001 0.6958333333333333 0.16250000000000003 0.6958333333333333 0.16250000000000003 0.8888888888888888 0.2234375000000001 0.8888888888888888
2 0.11015625000000004 0.3680555555555556 0.06093750000000002 0.3680555555555556 0.06093750000000002 0.4361111111111111 0.11015625000000004 0.4361111111111111
2 0.41796875 0.2583333333333334 0.3921875 0.2583333333333334 0.3921875 0.33055555555555566 0.41796875 0.33055555555555566
2 0.3546875 0.24027777777777787 0.33125 0.24027777777777787 0.33125 0.31111111111111117 0.3546875 0.31111111111111117
2 0.403125 0.19305555555555565 0.38046875 0.19305555555555565 0.38046875 0.2347222222222223 0.403125 0.2347222222222223
2 0.2625 0.45694444444444443 0.2359375 0.45694444444444443 0.2359375 0.5569444444444445 0.2625 0.5569444444444445
2 0.24921875 0.3333333333333334 0.2234375 0.3333333333333334 0.2234375 0.40555555555555556 0.24921875 0.40555555555555556
2 0.08750000000000005 0.6305555555555555 0.021875000000000044 0.6305555555555555 0.02187500000000005 0.8138888888888889 0.08750000000000006 0.8138888888888889