1 0.28203125000000007 0.5902777777777778 0.12187500000000004 0.5902777777777778 0.12187500000000004 0.7180555555555556 0.28203125000000007 0.7180555555555556
1 0.4609375 0.4777777777777779 0.3671875 0.4777777777777779 0.3671875 0.5569444444444446 0.4609375 0.5569444444444446
1 0.54453125 0.3722222222222224 0.496875 0.3722222222222224 0.496875 0.47916666666666685 0.54453125 0.47916666666666685
1 0.69453125 0.651388888888889 0.590625 0.651388888888889 0.590625 0.8388888888888889 0.69453125 0.8388888888888889
1 0.65078125 0.44583333333333347 0.5953125 0.44583333333333347 0.5953125 0.5319444444444446 0.65078125 0.5319444444444446
1 0.621875 0.33611111111111125 0.575 0.33611111111111125 0.575 0.40000000000000013 0.621875 0.40000000000000013
14 0.690625 0.31250000000000017 0.6390625 0.31250000000000017 0.6390625 0.4347222222222224 0.690625 0.4347222222222224
2 0.68515625 0.5055555555555558 0.65 0.5055555555555558 0.65 0.588888888888889 0.68515625 0.588888888888889
2 0.5875 0.5000000000000001 0.53515625 0.5000000000000001 0.53515625 0.6069444444444446 0.5875 0.6069444444444446
2 0.4625 0.6347222222222224 0.41796875 0.6347222222222224 0.41796875 0.7694444444444445 0.4625 0.7694444444444445
2 0.496875 0.7166666666666667 0.46015625 0.7166666666666667 0.46015625 0.8569444444444444 0.496875 0.8569444444444444
2 0.5328125 0.7666666666666667 0.4734375 0.7666666666666667 0.4734375 0.9125 0.5328125 0.9125
2 0.66953125 0.7638888888888888 0.596875 0.7638888888888888 0.596875 0.9041666666666667 0.66953125 0.9041666666666667
2 0.3117187500000001 0.7638888888888888 0.2468750000000001 0.7638888888888888 0.2468750000000001 0.9125 0.3117187500000001 0.9125
2 0.38359375000000007 0.7791666666666667 0.3203125000000001 0.7791666666666667 0.3203125000000001 0.9194444444444444 0.38359375000000007 0.9194444444444444
2 0.7796875 0.5472222222222224 0.7328125 0.5472222222222224 0.7328125 0.6486111111111112 0.7796875 0.6486111111111112
2 0.75546875 0.4694444444444446 0.71796875 0.4694444444444446 0.71796875 0.5430555555555557 0.75546875 0.5430555555555557
2 0.79453125 0.5277777777777779 0.7671875 0.5277777777777779 0.7671875 0.6194444444444446 0.79453125 0.6194444444444446
2 0.83828125 0.502777777777778 0.809375 0.502777777777778 0.809375 0.5958333333333334 0.83828125 0.5958333333333334
2 0.84375 0.5930555555555557 0.81015625 0.5930555555555557 0.81015625 0.7138888888888892 0.84375 0.7138888888888892
2 0.80703125 0.4694444444444446 0.7671875 0.4694444444444446 0.7671875 0.5375000000000002 0.80703125 0.5375000000000002
2 0.83046875 0.45138888888888906 0.80703125 0.45138888888888906 0.80703125 0.5111111111111113 0.83046875 0.5111111111111113
2 0.88515625 0.43888888888888905 0.85703125 0.43888888888888905 0.85703125 0.5222222222222224 0.88515625 0.5222222222222224