2 0.3328125 0.24444444444444452 0.3125 0.24444444444444452 0.3125 0.30416666666666675 0.3328125 0.30416666666666675
2 0.23203125 0.3375000000000001 0.21484375 0.3375000000000001 0.21484375 0.41805555555555557 0.23203125 0.41805555555555557
2 0.75546875 0.3388888888888891 0.72890625 0.3388888888888891 0.72890625 0.44722222222222235 0.75546875 0.44722222222222235
2 0.515625 0.2347222222222223 0.50390625 0.2347222222222223 0.50390625 0.288888888888889 0.515625 0.288888888888889
2 0.5328125 0.21805555555555564 0.515625 0.21805555555555564 0.515625 0.26527777777777783 0.5328125 0.26527777777777783
2 0.5484375 0.20833333333333345 0.53359375 0.20833333333333343 0.53359375 0.2708333333333334 0.5484375 0.2708333333333335
1 0.578125 0.18750000000000017 0.54765625 0.18750000000000017 0.54765625 0.2319444444444446 0.578125 0.2319444444444446
8 0.4640625 0.1250000000000001 0.4015625 0.12500000000000008 0.4015625 0.3069444444444445 0.4640625 0.3069444444444445
8 0.40703125 0.3402777777777778 2.3440505139929808e-17 0.3402777777777778 4.6163443795984215e-17 1 0.40703125 1
8 0.6953125 0.1833333333333335 0.615625 0.1833333333333335 0.615625 0.3583333333333335 0.6953125 0.3583333333333335
8 0.54140625 0.15833333333333346 0.5125 0.15833333333333346 0.5125 0.23194444444444454 0.54140625 0.23194444444444454