1 0.665625 0.41666666666666685 0.5734375 0.41666666666666685 0.5734375 0.5805555555555557 0.665625 0.5805555555555557
2 0.74453125 0.32083333333333347 0.71640625 0.32083333333333347 0.71640625 0.4055555555555557 0.74453125 0.4055555555555557
1 0.8390625 0.7722222222222224 0.6609375 0.7722222222222223 0.6609375 0.9986111111111112 0.8390625 0.9986111111111114
1 0.459375 0.46527777777777785 0.3484375 0.4652777777777778 0.34843750000000007 0.688888888888889 0.459375 0.688888888888889
2 0.11875000000000005 0.35555555555555557 0.047656250000000025 0.35555555555555557 0.047656250000000025 0.4361111111111111 0.11875000000000005 0.4361111111111111
2 0.23359375 0.2666666666666667 0.1796875 0.26666666666666666 0.1796875 0.31111111111111117 0.23359375 0.31111111111111117
1 0.46484375 0.2486111111111112 0.4125 0.2486111111111112 0.4125 0.3486111111111112 0.46484375 0.3486111111111112
1 0.40625 0.22777777777777786 0.35546875 0.22777777777777786 0.35546875 0.31250000000000006 0.40625 0.31250000000000006
2 0.53671875 0.2361111111111112 0.49609375 0.2361111111111112 0.49609375 0.30416666666666675 0.53671875 0.30416666666666675
2 0.8484375 0.32222222222222235 0.784375 0.32222222222222235 0.784375 0.4430555555555557 0.8484375 0.4430555555555557
2 0.16250000000000003 0.5361111111111111 0.12109375000000004 0.5361111111111111 0.12109375000000004 0.7069444444444445 0.16250000000000003 0.7069444444444445
2 0.340625 0.21527777777777785 0.32421875 0.21527777777777785 0.32421875 0.288888888888889 0.340625 0.288888888888889
2 0.6671875 0.21527777777777793 0.65078125 0.21527777777777793 0.65078125 0.27916666666666684 0.6671875 0.27916666666666684