2 0.2648437500000001 0.7361111111111112 0.2054687500000001 0.7361111111111112 0.2054687500000001 0.8819444444444444 0.2648437500000001 0.8819444444444444
2 0.85078125 0.3791666666666668 0.82890625 0.3791666666666668 0.82890625 0.4361111111111113 0.85078125 0.4361111111111113
2 0.5796875 0.6180555555555557 0.540625 0.6180555555555557 0.540625 0.7305555555555555 0.5796875 0.7305555555555555
2 0.4796875 0.6944444444444446 0.4375 0.6944444444444446 0.4375 0.8180555555555555 0.4796875 0.8180555555555555
2 0.77734375 0.3680555555555557 0.75703125 0.3680555555555557 0.75703125 0.4222222222222224 0.77734375 0.4222222222222224
2 0.61015625 0.4555555555555557 0.58125 0.4555555555555557 0.58125 0.5333333333333334 0.61015625 0.5333333333333334
2 0.6109375 0.5416666666666669 0.58203125 0.5416666666666669 0.58203125 0.6319444444444446 0.6109375 0.6319444444444446
2 0.79921875 0.5541666666666668 0.76484375 0.5541666666666668 0.76484375 0.6500000000000001 0.79921875 0.6500000000000001
2 0.45234375 0.6680555555555557 0.41171875 0.6680555555555557 0.41171875 0.7861111111111111 0.45234375 0.7861111111111111
2 0.8875 0.5097222222222224 0.85078125 0.5097222222222224 0.85078125 0.6069444444444446 0.8875 0.6069444444444446
2 0.725 0.5569444444444446 0.69296875 0.5569444444444446 0.69296875 0.6541666666666668 0.725 0.6541666666666668
2 0.43984375 0.5958333333333334 0.4078125 0.5958333333333334 0.4078125 0.6916666666666669 0.43984375 0.6916666666666669
2 0.6640625 0.5930555555555557 0.62421875 0.5930555555555557 0.62421875 0.702777777777778 0.6640625 0.702777777777778
2 0.2882812500000001 0.9 0.2156250000000001 0.9 0.2156250000000001 1 0.2882812500000001 1
2 0.815625 0.35555555555555574 0.796875 0.35555555555555574 0.796875 0.4055555555555557 0.815625 0.4055555555555557
2 0.7453125 0.3708333333333335 0.725 0.3708333333333335 0.725 0.42638888888888904 0.7453125 0.42638888888888904
2 0.7125 0.4083333333333335 0.68984375 0.4083333333333335 0.68984375 0.4722222222222224 0.7125 0.4722222222222224
2 0.71640625 0.3722222222222224 0.69609375 0.3722222222222224 0.69609375 0.4208333333333335 0.71640625 0.4208333333333335
2 0.79296875 0.3444444444444446 0.77734375 0.3444444444444446 0.77734375 0.39027777777777795 0.79296875 0.39027777777777795
2 0.66875 0.551388888888889 0.62421875 0.551388888888889 0.62421875 0.6180555555555557 0.66875 0.6180555555555557
1 0.79453125 0.48888888888888904 0.72578125 0.48888888888888904 0.72578125 0.5805555555555557 0.79453125 0.5805555555555557
1 0.5421875 0.4708333333333335 0.47890625 0.4708333333333335 0.47890625 0.5611111111111112 0.5421875 0.5611111111111112
1 0.69140625 0.48611111111111127 0.609375 0.48611111111111127 0.609375 0.5847222222222224 0.69140625 0.5847222222222224