2 0.76796875 0.4222222222222224 0.73359375 0.4222222222222224 0.73359375 0.5472222222222224 0.76796875 0.5472222222222224
2 0.82734375 0.4083333333333335 0.79140625 0.4083333333333335 0.79140625 0.5430555555555557 0.82734375 0.5430555555555557
2 0.7890625 0.8791666666666669 0.7015625 0.8791666666666667 0.7015625 1.0000000000000002 0.7890625 1.0000000000000002
2 0.6265625 0.2902777777777779 0.61015625 0.2902777777777779 0.61015625 0.3527777777777779 0.6265625 0.3527777777777779
2 0.66015625 0.21388888888888904 0.64609375 0.21388888888888904 0.64609375 0.2694444444444446 0.66015625 0.2694444444444446
2 0.6875 0.21111111111111128 0.67109375 0.21111111111111128 0.67109375 0.27361111111111125 0.6875 0.27361111111111125
2 0.596875 0.17361111111111122 0.584375 0.17361111111111122 0.584375 0.22638888888888906 0.596875 0.22638888888888906
2 0.61171875 0.17500000000000013 0.59765625 0.17500000000000013 0.59765625 0.2208333333333335 0.61171875 0.2208333333333335
1 0.28046875 0.4444444444444444 0.17109375000000004 0.4444444444444444 0.17109375000000004 0.6277777777777778 0.28046875 0.6277777777777778
1 0.48515625 0.19444444444444453 0.4375 0.19444444444444453 0.4375 0.2611111111111112 0.48515625 0.2611111111111112
1 0.61875 0.32083333333333347 0.5515625 0.32083333333333347 0.5515625 0.45138888888888906 0.61875 0.45138888888888906
1 0.4265625 0.33194444444444454 0.334375 0.33194444444444454 0.334375 0.4958333333333334 0.4265625 0.4958333333333335
8 0.565625 0.17916666666666678 0.5171875 0.17916666666666675 0.5171875 0.301388888888889 0.565625 0.30138888888888904
14 0.40078125 0.17500000000000007 0.36640625 0.17500000000000007 0.36640625 0.2583333333333334 0.40078125 0.2583333333333334