2 0.7109375 0.3597222222222224 0.68671875 0.3597222222222224 0.68671875 0.4555555555555557 0.7109375 0.4555555555555557
2 0.74296875 0.30000000000000016 0.71015625 0.30000000000000016 0.71015625 0.36250000000000016 0.74296875 0.36250000000000016
2 0.43359375 0.17500000000000007 0.4171875 0.17500000000000007 0.4171875 0.21388888888888896 0.43359375 0.21388888888888896
1 0.621875 0.25277777777777793 0.59296875 0.25277777777777793 0.59296875 0.3027777777777779 0.621875 0.3027777777777779
2 0.628125 0.2194444444444446 0.61484375 0.2194444444444446 0.61484375 0.2611111111111113 0.628125 0.2611111111111113
1 0.5390625 0.20138888888888898 0.50234375 0.20138888888888898 0.50234375 0.2750000000000001 0.5390625 0.2750000000000001
1 0.590625 0.26527777777777795 0.546875 0.26527777777777795 0.546875 0.33611111111111125 0.590625 0.33611111111111125
14 0.709375 0.5166666666666668 0.54140625 0.5166666666666668 0.54140625 0.8472222222222222 0.709375 0.8472222222222222
8 0.5421875 0.14166666666666677 0.5109375 0.14166666666666677 0.5109375 0.21527777777777785 0.5421875 0.21527777777777785
8 0.48125 0.17638888888888898 0.44921875 0.17638888888888896 0.44921875 0.2486111111111112 0.48125 0.2486111111111112
8 0.57265625 0.1402777777777779 0.54296875 0.1402777777777779 0.54296875 0.2027777777777779 0.57265625 0.20277777777777795
2 0.41171875 0.16388888888888897 0.40078125 0.16388888888888897 0.40078125 0.20833333333333343 0.41171875 0.20833333333333343