1 0.384375 0.19027777777777785 0.3265625 0.19027777777777785 0.3265625 0.24027777777777787 0.384375 0.24027777777777787
1 0.6421875 0.5916666666666668 0.53515625 0.5916666666666668 0.53515625 0.7930555555555555 0.6421875 0.7930555555555555
1 0.8328125 0.6041666666666669 0.67265625 0.6041666666666669 0.67265625 0.8319444444444446 0.8328125 0.8319444444444447
1 0.70234375 0.4055555555555557 0.6234375 0.4055555555555557 0.6234375 0.540277777777778 0.70234375 0.540277777777778
1 0.565625 0.2902777777777779 0.52421875 0.29027777777777786 0.52421875 0.3666666666666668 0.565625 0.3666666666666668
1 0.63203125 0.25000000000000017 0.58984375 0.25000000000000017 0.58984375 0.29305555555555574 0.63203125 0.29305555555555574
1 0.5984375 0.2305555555555557 0.55703125 0.2305555555555557 0.55703125 0.27916666666666684 0.5984375 0.27916666666666684
1 0.69765625 0.2305555555555557 0.6578125 0.2305555555555557 0.6578125 0.2694444444444446 0.69765625 0.2694444444444446
14 0.64765625 0.2944444444444446 0.5828125 0.2944444444444446 0.5828125 0.4083333333333335 0.64765625 0.4083333333333335
1 0.55078125 0.2527777777777779 0.50546875 0.2527777777777779 0.50546875 0.32083333333333347 0.55078125 0.32083333333333347
8 0.72890625 0.15972222222222238 0.63984375 0.15972222222222238 0.63984375 0.24861111111111128 0.72890625 0.24861111111111128