2 0.88671875 0.7986111111111114 0.8359375 0.7986111111111114 0.8359375 0.9347222222222226 0.88671875 0.9347222222222226
2 0.48046875 0.725 0.43125 0.725 0.43125 0.8416666666666667 0.48046875 0.8416666666666667
2 0.79609375 0.7263888888888892 0.75625 0.7263888888888892 0.75625 0.841666666666667 0.79609375 0.841666666666667
2 0.653125 0.7583333333333333 0.60625 0.7583333333333333 0.60625 0.8861111111111111 0.653125 0.8861111111111111
2 0.71875 0.45972222222222237 0.6921875 0.45972222222222237 0.6921875 0.5236111111111112 0.71875 0.5236111111111112
2 0.815625 0.5555555555555557 0.7828125 0.5555555555555557 0.7828125 0.651388888888889 0.815625 0.651388888888889
2 0.7015625 0.44583333333333347 0.678125 0.44583333333333347 0.678125 0.5083333333333335 0.7015625 0.5083333333333335
2 0.76796875 0.5333333333333334 0.73515625 0.5333333333333334 0.73515625 0.6180555555555557 0.76796875 0.6180555555555557
2 0.7234375 0.6305555555555558 0.6859375 0.6305555555555558 0.6859375 0.7416666666666667 0.7234375 0.7416666666666667
2 0.5609375 0.9083333333333333 0.5078125 0.9083333333333333 0.5078125 0.9930555555555556 0.5609375 0.9930555555555556
2 0.7 0.39722222222222237 0.67890625 0.39722222222222237 0.67890625 0.4486111111111113 0.7 0.4486111111111113
2 0.72734375 0.39027777777777795 0.70390625 0.39027777777777795 0.70390625 0.4486111111111113 0.72734375 0.4486111111111113
2 0.7671875 0.4555555555555557 0.74140625 0.4555555555555557 0.74140625 0.5236111111111112 0.7671875 0.5236111111111112
2 0.74296875 0.4208333333333335 0.71796875 0.4208333333333335 0.71796875 0.4847222222222224 0.74296875 0.4847222222222224
2 0.67734375 0.5763888888888891 0.64140625 0.5763888888888891 0.64140625 0.6805555555555557 0.67734375 0.6805555555555557
2 0.67265625 0.42638888888888904 0.646875 0.42638888888888904 0.646875 0.4944444444444446 0.67265625 0.4944444444444446
2 0.85703125 0.6805555555555557 0.82265625 0.6805555555555557 0.82265625 0.7763888888888892 0.85703125 0.7763888888888892
2 0.8625 0.5458333333333335 0.828125 0.5458333333333335 0.828125 0.6291666666666669 0.8625 0.6291666666666669
2 0.78203125 0.4319444444444446 0.75859375 0.4319444444444446 0.75859375 0.4902777777777779 0.78203125 0.4902777777777779
2 0.2648437500000001 0.9277777777777778 0.2093750000000001 0.9277777777777778 0.2093750000000001 1 0.2648437500000001 1
2 0.85625 0.6083333333333335 0.82109375 0.6083333333333335 0.82109375 0.7055555555555557 0.85625 0.7055555555555557
2 0.809375 0.4222222222222224 0.7875 0.4222222222222224 0.7875 0.4833333333333335 0.809375 0.4833333333333335
2 0.72265625 0.577777777777778 0.690625 0.577777777777778 0.690625 0.6555555555555557 0.72265625 0.6555555555555557
2 0.84453125 0.4319444444444446 0.81875 0.4319444444444446 0.81875 0.4972222222222224 0.84453125 0.4972222222222224
2 0.6859375 0.41805555555555574 0.6640625 0.41805555555555574 0.6640625 0.47361111111111126 0.6859375 0.47361111111111126
1 0.3578125000000001 0.7111111111111111 0.19453125000000004 0.7111111111111111 0.19453125000000004 0.8597222222222223 0.3578125000000001 0.8597222222222223
1 0.66796875 0.5347222222222224 0.60859375 0.5347222222222224 0.60859375 0.626388888888889 0.66796875 0.626388888888889
1 0.628125 0.3819444444444446 0.5765625 0.3819444444444446 0.5765625 0.4583333333333335 0.628125 0.4583333333333335
1 0.040625000000000064 0.8486111111111111 5.845774955304943e-17 0.8486111111111111 6.271531069071016e-17 0.9722222222222222 0.040625000000000064 0.9722222222222222
1 0.6296875 0.31250000000000017 0.59375 0.31250000000000017 0.59375 0.3680555555555557 0.6296875 0.3680555555555557
1 0.48046875 0.4444444444444446 0.4171875 0.4444444444444446 0.4171875 0.5305555555555557 0.48046875 0.5305555555555557
8 0.5734375 0.3861111111111113 0.50859375 0.3861111111111113 0.50859375 0.5097222222222224 0.5734375 0.5097222222222224
1 0.45625 0.5111111111111113 0.37890625 0.5111111111111113 0.37890625 0.5916666666666668 0.45625 0.5916666666666668