2 0.18671875000000004 0.5375 0.12265625000000005 0.5375 0.12265625000000005 0.7597222222222222 0.18671875000000004 0.7597222222222222
2 0.36015625 0.2805555555555556 0.33671875 0.2805555555555556 0.33671875 0.37083333333333335 0.36015625 0.37083333333333335
2 0.69921875 0.3597222222222224 0.66796875 0.3597222222222224 0.66796875 0.4555555555555557 0.69921875 0.4555555555555557
1 0.5828125 0.2902777777777779 0.5234375 0.29027777777777786 0.5234375 0.40277777777777796 0.5828125 0.40277777777777796
8 0.590625 0.14722222222222234 0.5171875 0.14722222222222234 0.5171875 0.3041666666666668 0.590625 0.3041666666666668
2 0.63515625 0.2819444444444446 0.61640625 0.2819444444444446 0.61640625 0.34166666666666684 0.63515625 0.34166666666666684
2 0.64765625 0.2319444444444446 0.6234375 0.2319444444444446 0.6234375 0.29305555555555574 0.64765625 0.29305555555555574
1 0.61171875 0.2055555555555557 0.58203125 0.2055555555555557 0.58203125 0.25833333333333347 0.61171875 0.25833333333333347
2 0.40390625 0.22638888888888897 0.38828125 0.22638888888888897 0.38828125 0.3000000000000001 0.40390625 0.3000000000000001
2 0.3625 0.2111111111111112 0.34921875 0.2111111111111112 0.34921875 0.26388888888888895 0.3625 0.26388888888888895
2 0.43359375 0.2097222222222223 0.41640625 0.2097222222222223 0.41640625 0.26250000000000007 0.43359375 0.26250000000000007
2 0.38203125 0.18750000000000008 0.36953125 0.18750000000000008 0.36953125 0.23194444444444454 0.38203125 0.23194444444444454