2 0.17265625 0.2569444444444444 0.14921875 0.2569444444444444 0.14921875 0.32222222222222224 0.17265625 0.32222222222222224
2 0.4203125 0.21666666666666676 0.39375 0.21666666666666676 0.39375 0.25416666666666676 0.4203125 0.25416666666666676
2 0.3890625 0.2111111111111112 0.359375 0.2111111111111112 0.359375 0.251388888888889 0.3890625 0.251388888888889
2 0.72421875 0.2611111111111113 0.70625 0.2611111111111113 0.70625 0.3069444444444446 0.72421875 0.3069444444444446
2 0.721875 0.24861111111111128 0.7015625 0.24861111111111128 0.7015625 0.28750000000000014 0.721875 0.28750000000000014
8 0.63984375 0.21111111111111122 0.496875 0.2111111111111112 0.496875 0.6097222222222224 0.63984375 0.6097222222222224
8 1 0.39722222222222237 0.6796875 0.39722222222222237 0.6796875 1.0000000000000002 1 1.0000000000000002
8 0.63125 0.176388888888889 0.58046875 0.176388888888889 0.58046875 0.2847222222222224 0.63125 0.2847222222222224
8 0.328125 0.16111111111111118 0.25390625 0.16111111111111115 0.25390625 0.24027777777777787 0.328125 0.24027777777777787
8 0.55625 0.15277777777777787 0.41015625 0.15277777777777785 0.41015625 0.24444444444444458 0.55625 0.2444444444444446
14 0.73828125 0.18750000000000017 0.696875 0.18750000000000017 0.696875 0.2444444444444446 0.73828125 0.2444444444444446
14 0.77578125 0.19166666666666682 0.7453125 0.19166666666666682 0.7453125 0.24722222222222237 0.77578125 0.24722222222222237