2 0.51953125 0.6666666666666669 0.471875 0.6666666666666669 0.471875 0.8388888888888889 0.51953125 0.8388888888888889
2 0.25000000000000006 0.5972222222222222 0.21171875 0.5972222222222222 0.21171875000000004 0.7791666666666667 0.2500000000000001 0.7791666666666667
2 0.30937500000000007 0.5694444444444444 0.26796875 0.5694444444444444 0.26796875000000003 0.7305555555555555 0.30937500000000007 0.7305555555555555
2 0.34296875 0.48194444444444445 0.3171875 0.48194444444444445 0.3171875 0.6083333333333333 0.34296875 0.6083333333333333
2 0.36171875 0.4083333333333333 0.33828125 0.4083333333333333 0.33828125 0.5180555555555556 0.36171875 0.5180555555555556
2 0.40390625 0.3236111111111112 0.3875 0.3236111111111112 0.3875 0.40000000000000013 0.40390625 0.40000000000000013
2 0.43046875 0.3569444444444446 0.4109375 0.3569444444444446 0.4109375 0.4444444444444446 0.43046875 0.4444444444444446
2 0.521875 0.36111111111111127 0.5 0.36111111111111127 0.5 0.46666666666666684 0.521875 0.46666666666666684
2 0.53984375 0.3375000000000001 0.51875 0.3375000000000001 0.51875 0.4222222222222224 0.53984375 0.4222222222222224
1 0.4953125 0.33194444444444454 0.4375 0.33194444444444454 0.4375 0.4444444444444446 0.4953125 0.4444444444444446
2 0.51328125 0.2819444444444445 0.4953125 0.2819444444444445 0.4953125 0.3472222222222223 0.51328125 0.3472222222222223