2 0.296875 0.33055555555555566 0.27421875 0.33055555555555566 0.27421875 0.42777777777777776 0.296875 0.42777777777777776
2 0.25703125000000004 0.49583333333333335 0.22109375 0.49583333333333335 0.22109375000000003 0.6472222222222223 0.2570312500000001 0.6472222222222223
2 0.15781250000000005 0.5486111111111112 0.11796875000000004 0.5486111111111112 0.11796875000000004 0.7069444444444445 0.15781250000000005 0.7069444444444445
2 0.21015625 0.38055555555555554 0.18828125000000004 0.38055555555555554 0.18828125000000004 0.48055555555555557 0.21015625 0.48055555555555557
2 0.34140625 0.2750000000000001 0.32578125 0.2750000000000001 0.32578125 0.33888888888888896 0.34140625 0.33888888888888896
8 0.46015625 0.26388888888888895 0.35625 0.26388888888888895 0.35625 0.5722222222222223 0.46015625 0.5722222222222224
8 0.6203125 0.18333333333333346 0.50859375 0.1833333333333334 0.50859375 0.45972222222222237 0.6203125 0.45972222222222237
8 0.74140625 0.5250000000000001 0.56328125 0.5250000000000001 0.56328125 0.9208333333333335 0.74140625 0.9208333333333336
1 0.475 0.163888888888889 0.44296875 0.16388888888888897 0.44296875 0.21527777777777785 0.475 0.21527777777777785
14 0.4265625 0.19583333333333341 0.34765625 0.19583333333333341 0.34765625 0.3611111111111112 0.4265625 0.36111111111111127
8 0.65078125 0.2069444444444446 0.6015625 0.2069444444444446 0.6015625 0.33611111111111125 0.65078125 0.33611111111111125