2 0.834375 0.8388888888888892 0.78359375 0.8388888888888892 0.78359375 0.9805555555555558 0.834375 0.9805555555555558
2 0.69375 0.4444444444444446 0.6703125 0.4444444444444446 0.6703125 0.5111111111111113 0.69375 0.5111111111111113
2 0.13281250000000006 0.775 0.06484375000000005 0.775 0.06484375000000006 0.9305555555555556 0.13281250000000006 0.9305555555555556
2 0.81640625 0.4208333333333335 0.7953125 0.4208333333333335 0.7953125 0.4819444444444446 0.81640625 0.4819444444444446
2 0.77421875 0.6722222222222224 0.73671875 0.6722222222222224 0.73671875 0.7819444444444448 0.77421875 0.7819444444444448
2 0.75546875 0.7416666666666668 0.7171875 0.7416666666666667 0.7171875 0.8569444444444446 0.75546875 0.8569444444444447
2 0.86875 0.7013888888888891 0.82734375 0.7013888888888891 0.82734375 0.8333333333333337 0.86875 0.8333333333333337
2 0.3585937500000001 0.6847222222222222 0.3078125000000001 0.6847222222222222 0.3078125000000001 0.8222222222222222 0.3585937500000001 0.8222222222222222
2 0.4125 0.8361111111111111 0.3539062500000001 0.8361111111111111 0.3539062500000001 0.9861111111111112 0.4125 0.9861111111111112
2 0.6296875 0.5458333333333335 0.59921875 0.5458333333333335 0.59921875 0.6361111111111113 0.6296875 0.6361111111111113
2 0.71015625 0.8083333333333333 0.66953125 0.8083333333333333 0.66953125 0.95 0.71015625 0.95
2 0.58984375 0.5375000000000002 0.55703125 0.5375000000000002 0.55703125 0.6361111111111113 0.58984375 0.6361111111111113
2 0.56875 0.7180555555555556 0.525 0.7180555555555556 0.525 0.8486111111111111 0.56875 0.8486111111111111
2 0.74921875 0.3694444444444446 0.73046875 0.3694444444444446 0.73046875 0.4222222222222224 0.74921875 0.4222222222222224
2 0.63046875 0.47500000000000014 0.61484375 0.47500000000000014 0.61484375 0.5388888888888891 0.63046875 0.5388888888888891
2 0.82734375 0.5375000000000002 0.8 0.5375000000000002 0.8 0.6194444444444446 0.82734375 0.6194444444444446
2 0.82265625 0.48888888888888904 0.796875 0.48888888888888904 0.796875 0.5555555555555557 0.82265625 0.5555555555555557
2 0.73984375 0.4486111111111113 0.715625 0.4486111111111113 0.715625 0.515277777777778 0.73984375 0.515277777777778
2 0.6890625 0.5527777777777779 0.66484375 0.5527777777777779 0.66484375 0.627777777777778 0.6890625 0.627777777777778
2 0.73359375 0.5416666666666669 0.70625 0.5416666666666669 0.70625 0.6291666666666669 0.73359375 0.6291666666666669
2 0.84765625 0.4152777777777779 0.825 0.4152777777777779 0.825 0.4777777777777779 0.84765625 0.4777777777777779
2 0.78828125 0.5861111111111112 0.75859375 0.5861111111111112 0.75859375 0.6750000000000002 0.78828125 0.6750000000000002
2 0.77578125 0.3430555555555557 0.7578125 0.3430555555555557 0.7578125 0.3930555555555557 0.77578125 0.3930555555555557
2 0.68515625 0.6194444444444446 0.65390625 0.6194444444444446 0.65390625 0.7208333333333333 0.68515625 0.7208333333333333
2 0.659375 0.4708333333333335 0.634375 0.4708333333333335 0.634375 0.5472222222222224 0.659375 0.5472222222222224
2 0.66484375 0.6583333333333334 0.6296875 0.6583333333333334 0.6296875 0.7722222222222223 0.66484375 0.7722222222222223
2 0.73984375 0.6361111111111113 0.70859375 0.6361111111111113 0.70859375 0.7402777777777779 0.73984375 0.7402777777777781
2 0.7828125 0.4097222222222224 0.765625 0.4097222222222224 0.765625 0.4694444444444446 0.7828125 0.4694444444444446
2 0.8203125 0.6444444444444446 0.78515625 0.6444444444444446 0.78515625 0.7500000000000003 0.8203125 0.7500000000000003
2 0.896875 0.36250000000000016 0.8734375 0.36250000000000016 0.8734375 0.41666666666666685 0.896875 0.41666666666666685
2 0.6984375 0.5138888888888891 0.67265625 0.5138888888888891 0.67265625 0.5875000000000001 0.6984375 0.5875000000000001
2 0.79375 0.3875000000000002 0.77421875 0.3875000000000002 0.77421875 0.43888888888888905 0.79375 0.43888888888888905
2 0.82578125 0.3708333333333335 0.80703125 0.3708333333333335 0.80703125 0.4194444444444446 0.82578125 0.4194444444444446
2 0.8 0.32777777777777795 0.784375 0.32777777777777795 0.784375 0.3708333333333335 0.8 0.3708333333333335
1 0.715625 0.40416666666666684 0.6765625 0.40416666666666684 0.6765625 0.4638888888888891 0.715625 0.4638888888888891
1 0.64765625 0.3666666666666668 0.6109375 0.3666666666666668 0.6109375 0.42638888888888904 0.64765625 0.42638888888888904
2 0.61875 0.4569444444444446 0.603125 0.4569444444444446 0.603125 0.5208333333333335 0.61875 0.5208333333333335