2 0.940625 0.651388888888889 0.89609375 0.651388888888889 0.89609375 0.8263888888888892 0.940625 0.8263888888888892
2 0.36171875 0.20694444444444451 0.346875 0.20694444444444451 0.346875 0.2708333333333334 0.36171875 0.2708333333333334
2 0.4015625 0.1847222222222223 0.3890625 0.1847222222222223 0.3890625 0.24444444444444452 0.4015625 0.24444444444444452
2 0.684375 0.28750000000000014 0.66875 0.28750000000000014 0.66875 0.3569444444444446 0.684375 0.3569444444444446
2 0.20078125000000005 0.5486111111111112 0.16328125000000004 0.5486111111111112 0.16328125000000004 0.7083333333333334 0.20078125000000008 0.7083333333333334
2 0.653125 0.27361111111111125 0.63984375 0.27361111111111125 0.63984375 0.34166666666666684 0.653125 0.34166666666666684
2 0.24453125 0.35555555555555557 0.21875 0.35555555555555557 0.21875 0.46111111111111114 0.24453125 0.46111111111111114
1 0.60625 0.3680555555555557 0.55 0.3680555555555557 0.55 0.4694444444444446 0.60625 0.4694444444444446
1 0.60546875 0.2055555555555557 0.57109375 0.2055555555555557 0.57109375 0.27500000000000013 0.60546875 0.27500000000000013
8 0.55 0.13055555555555567 0.5015625 0.13055555555555567 0.5015625 0.24583333333333346 0.55 0.2458333333333335
8 0.60546875 0.2055555555555557 0.57109375 0.2055555555555557 0.57109375 0.27500000000000013 0.60546875 0.27500000000000013
2 0.61953125 0.1958333333333335 0.609375 0.1958333333333335 0.609375 0.23750000000000016 0.61953125 0.23750000000000016