2 0.11093750000000005 0.3638888888888889 0.04531250000000002 0.3638888888888889 0.045312500000000026 0.44166666666666665 0.11093750000000005 0.44166666666666665
2 0.34921875 0.2750000000000001 0.31796875 0.2750000000000001 0.31796875 0.36666666666666664 0.34921875 0.36666666666666664
2 0.37890625 0.3152777777777779 0.35078125 0.3152777777777779 0.35078125 0.4097222222222223 0.37890625 0.4097222222222224
2 0.6578125 0.2944444444444446 0.62890625 0.2944444444444446 0.62890625 0.3694444444444446 0.6578125 0.3694444444444446
2 0.6484375 0.20277777777777795 0.62578125 0.20277777777777795 0.62578125 0.2833333333333335 0.6484375 0.2833333333333335
2 0.5484375 0.23194444444444456 0.5265625 0.23194444444444454 0.5265625 0.3027777777777779 0.5484375 0.3027777777777779
2 0.39375 0.2347222222222223 0.36875 0.2347222222222223 0.36875 0.30555555555555564 0.39375 0.30555555555555564
2 0.3671875 0.2097222222222223 0.34765625 0.2097222222222223 0.34765625 0.27638888888888896 0.3671875 0.27638888888888896
2 0.8484375 0.4208333333333335 0.79296875 0.4208333333333335 0.79296875 0.5500000000000002 0.8484375 0.5500000000000002
2 0.425 0.20694444444444451 0.403125 0.20694444444444451 0.403125 0.2750000000000001 0.425 0.2750000000000001
2 0.37578125 0.16388888888888897 0.36328125 0.16388888888888897 0.36328125 0.2097222222222223 0.37578125 0.2097222222222223