2 0.58515625 0.775 0.5171875 0.775 0.5171875 0.9569444444444445 0.58515625 0.9569444444444445
2 0.3656250000000001 0.7833333333333333 0.3101562500000001 0.7833333333333333 0.3101562500000001 0.9791666666666666 0.3656250000000001 0.9791666666666666
2 0.9828125 0.7458333333333337 0.93046875 0.7458333333333337 0.93046875 0.9305555555555559 0.9828125 0.9305555555555559
2 0.2421875 0.42083333333333334 0.21640625 0.42083333333333334 0.21640625 0.5388888888888889 0.2421875 0.5388888888888889
2 0.65390625 0.38472222222222235 0.63203125 0.38472222222222235 0.63203125 0.4930555555555557 0.65390625 0.4930555555555557
2 0.2375000000000001 0.7791666666666667 0.18750000000000006 0.7791666666666667 0.18750000000000006 0.9791666666666666 0.2375000000000001 0.9791666666666666
2 0.67109375 0.5666666666666669 0.634375 0.5666666666666669 0.634375 0.7208333333333333 0.67109375 0.7208333333333333
2 0.68828125 0.45416666666666683 0.659375 0.45416666666666683 0.659375 0.5833333333333335 0.68828125 0.5833333333333335
2 0.28046875 0.4791666666666667 0.253125 0.4791666666666667 0.253125 0.6138888888888889 0.28046875 0.6138888888888889
2 0.80859375 0.5347222222222224 0.77421875 0.5347222222222224 0.77421875 0.6694444444444446 0.80859375 0.6694444444444446
2 0.7625 0.6111111111111113 0.71640625 0.6111111111111113 0.71640625 0.7611111111111113 0.7625 0.7611111111111114
2 0.42734375 0.7041666666666668 0.3726562500000001 0.7041666666666668 0.3726562500000001 0.8944444444444445 0.42734375 0.8944444444444445
2 0.20625000000000004 0.5513888888888889 0.17343750000000005 0.5513888888888889 0.17343750000000005 0.7055555555555556 0.2062500000000001 0.7055555555555556
2 0.85859375 0.526388888888889 0.821875 0.526388888888889 0.821875 0.6569444444444446 0.85859375 0.6569444444444446
2 0.74921875 0.4972222222222224 0.71328125 0.4972222222222224 0.71328125 0.6305555555555558 0.74921875 0.6305555555555558
2 0.6015625 0.34861111111111126 0.578125 0.34861111111111126 0.578125 0.45138888888888906 0.6015625 0.45138888888888906
2 0.80390625 0.7402777777777781 0.74921875 0.7402777777777781 0.74921875 0.9083333333333337 0.80390625 0.9083333333333337
2 0.309375 0.4236111111111111 0.28671875 0.4236111111111111 0.28671875 0.5583333333333333 0.309375 0.5583333333333333
2 0.39375 0.3430555555555556 0.371875 0.3430555555555556 0.371875 0.45138888888888906 0.39375 0.45138888888888906
2 0.16328125000000004 0.5402777777777777 0.12656250000000005 0.5402777777777777 0.12656250000000005 0.6875 0.16328125000000004 0.6875
2 0.72265625 0.42500000000000016 0.69296875 0.42500000000000016 0.69296875 0.5375000000000002 0.72265625 0.5375000000000002
2 0.81875 0.6375000000000002 0.7828125 0.6375000000000002 0.7828125 0.7861111111111114 0.81875 0.7861111111111114
2 0.63671875 0.32222222222222235 0.61328125 0.32222222222222235 0.61328125 0.41111111111111126 0.63671875 0.41111111111111126
2 0.56328125 0.23750000000000016 0.54765625 0.23750000000000016 0.54765625 0.2972222222222224 0.56328125 0.2972222222222224
2 0.91171875 0.7958333333333336 0.846875 0.7958333333333336 0.846875 0.9680555555555559 0.91171875 0.9680555555555559
2 0.69609375 0.38888888888888906 0.67109375 0.38888888888888906 0.67109375 0.4833333333333335 0.69609375 0.4833333333333335
2 0.33203125 0.31944444444444453 0.30859375 0.31944444444444453 0.30859375 0.42083333333333334 0.33203125 0.42083333333333334
2 0.2984375 0.35694444444444445 0.271875 0.35694444444444445 0.271875 0.45694444444444443 0.2984375 0.45694444444444443
2 0.88515625 0.6208333333333335 0.84140625 0.6208333333333335 0.84140625 0.7500000000000003 0.88515625 0.7500000000000003
2 0.31171875 0.2875000000000001 0.28828125 0.2875000000000001 0.28828125 0.3611111111111111 0.31171875 0.3611111111111111
2 0.59765625 0.2958333333333335 0.578125 0.2958333333333335 0.578125 0.37777777777777793 0.59765625 0.37777777777777793
2 0.76484375 0.42361111111111127 0.7359375 0.42361111111111127 0.7359375 0.5347222222222224 0.76484375 0.5347222222222224
2 0.2921875 0.32638888888888895 0.26328125 0.32638888888888895 0.26328125 0.4097222222222222 0.2921875 0.4097222222222222
1 0.53125 0.6111111111111113 0.36796875 0.6111111111111113 0.36796875000000007 0.8125 0.53125 0.8125
1 0.55859375 0.16944444444444456 0.52734375 0.16944444444444456 0.52734375 0.22361111111111123 0.55859375 0.22361111111111126
1 0.3859375 0.24444444444444452 0.34140625 0.24444444444444452 0.34140625 0.3444444444444445 0.3859375 0.3444444444444445
1 0.46328125 0.22916666666666674 0.4296875 0.22916666666666674 0.4296875 0.2875000000000001 0.46328125 0.2875000000000001
8 0.48125 0.2930555555555556 0.41328125 0.2930555555555556 0.41328125 0.46527777777777796 0.48125 0.46527777777777796
2 0.9078125 0.6986111111111113 0.85546875 0.6986111111111113 0.85546875 0.8125000000000003 0.9078125 0.8125000000000003