2 0.3742187500000001 0.688888888888889 0.32109375000000007 0.6888888888888889 0.32109375000000007 0.8180555555555555 0.3742187500000001 0.8180555555555555
2 0.41640625 0.6944444444444446 0.3710937500000001 0.6944444444444446 0.3710937500000001 0.8180555555555555 0.41640625 0.8180555555555555
2 0.8796875 0.8805555555555559 0.82734375 0.8805555555555559 0.82734375 0.9902777777777781 0.8796875 0.9902777777777781
2 0.66171875 0.725 0.621875 0.725 0.621875 0.8402777777777778 0.66171875 0.8402777777777778
2 0.5359375 0.8652777777777778 0.48828125 0.8652777777777778 0.48828125 0.9791666666666666 0.5359375 0.9791666666666666
2 0.54921875 0.5680555555555558 0.51640625 0.5680555555555558 0.51640625 0.665277777777778 0.54921875 0.665277777777778
2 0.79453125 0.6347222222222224 0.75703125 0.6347222222222224 0.75703125 0.741666666666667 0.79453125 0.741666666666667
2 0.43046875 0.8583333333333333 0.3734375000000001 0.8583333333333333 0.3734375000000001 0.9847222222222223 0.43046875 0.9847222222222223
2 0.62734375 0.651388888888889 0.59453125 0.651388888888889 0.59453125 0.7513888888888889 0.62734375 0.7513888888888889
2 0.778125 0.4500000000000002 0.75546875 0.4500000000000002 0.75546875 0.5055555555555558 0.778125 0.5055555555555558
2 0.70859375 0.5972222222222224 0.671875 0.5972222222222224 0.671875 0.6930555555555558 0.70859375 0.6930555555555558
2 0.73359375 0.4347222222222224 0.71015625 0.4347222222222224 0.71015625 0.4930555555555557 0.73359375 0.4930555555555557
2 0.8296875 0.5472222222222224 0.80078125 0.5472222222222224 0.80078125 0.626388888888889 0.8296875 0.626388888888889
2 0.4984375 0.6861111111111112 0.4578125 0.6861111111111112 0.4578125 0.7972222222222223 0.4984375 0.7972222222222223
2 0.72421875 0.47500000000000014 0.703125 0.47500000000000014 0.703125 0.5333333333333334 0.72421875 0.5333333333333334
2 0.59921875 0.6069444444444446 0.565625 0.6069444444444446 0.565625 0.7055555555555557 0.59921875 0.7055555555555557
2 0.884375 0.4722222222222224 0.85546875 0.4722222222222224 0.85546875 0.5416666666666669 0.884375 0.5416666666666669
2 0.665625 0.5319444444444446 0.63515625 0.5319444444444446 0.63515625 0.6152777777777779 0.665625 0.6152777777777779
2 0.63046875 0.47500000000000014 0.609375 0.47500000000000014 0.609375 0.5347222222222224 0.63046875 0.5347222222222224
2 0.7390625 0.5277777777777779 0.70546875 0.5277777777777779 0.70546875 0.6166666666666668 0.7390625 0.6166666666666668
2 0.5859375 0.5361111111111113 0.559375 0.5361111111111113 0.559375 0.6111111111111113 0.5859375 0.6111111111111113
2 0.5125 0.6111111111111113 0.475 0.6111111111111113 0.475 0.7041666666666668 0.5125 0.7041666666666668
2 0.84140625 0.6250000000000001 0.8078125 0.6250000000000001 0.8078125 0.716666666666667 0.84140625 0.716666666666667
2 0.70234375 0.501388888888889 0.67578125 0.501388888888889 0.67578125 0.5694444444444446 0.70234375 0.5694444444444446
2 0.81171875 0.8083333333333337 0.76875 0.8083333333333337 0.76875 0.9541666666666669 0.81171875 0.9541666666666669
2 0.81328125 0.4694444444444446 0.7890625 0.4694444444444446 0.7890625 0.5347222222222224 0.81328125 0.5347222222222224
2 0.784375 0.4958333333333335 0.7546875 0.4958333333333335 0.7546875 0.5736111111111113 0.784375 0.5736111111111113
2 0.8703125 0.5555555555555557 0.83828125 0.5555555555555557 0.83828125 0.6444444444444446 0.8703125 0.6444444444444446
2 0.82265625 0.7222222222222225 0.7796875 0.7222222222222225 0.7796875 0.8402777777777781 0.82265625 0.8402777777777781
2 0.803125 0.4361111111111113 0.78203125 0.4361111111111113 0.78203125 0.4930555555555557 0.803125 0.4930555555555557
2 0.8359375 0.4486111111111113 0.8125 0.4486111111111113 0.8125 0.5111111111111113 0.8359375 0.5111111111111113
2 0.45078125 0.7805555555555556 0.40078125 0.7805555555555556 0.40078125 0.9027777777777778 0.45078125 0.9027777777777778
2 0.60703125 0.4986111111111113 0.584375 0.4986111111111113 0.584375 0.565277777777778 0.60703125 0.565277777777778
2 0.6328125 0.5333333333333334 0.60390625 0.5333333333333334 0.60390625 0.6111111111111113 0.6328125 0.6111111111111113
2 0.6734375 0.4694444444444446 0.646875 0.4694444444444446 0.646875 0.5347222222222224 0.6734375 0.5347222222222224
2 0.7734375 0.4055555555555557 0.75078125 0.4055555555555557 0.75078125 0.46250000000000013 0.7734375 0.46250000000000013
2 0.85625 0.4361111111111113 0.83359375 0.4361111111111113 0.83359375 0.4958333333333335 0.85625 0.4958333333333335
2 0.65546875 0.48750000000000016 0.63203125 0.48750000000000016 0.63203125 0.5486111111111113 0.65546875 0.5486111111111113
2 0.8203125 0.3930555555555557 0.79921875 0.3930555555555557 0.79921875 0.44722222222222235 0.8203125 0.44722222222222235
1 0.5765625 0.42638888888888904 0.521875 0.42638888888888904 0.521875 0.5000000000000001 0.5765625 0.5000000000000001
1 0.56015625 0.4819444444444446 0.4953125 0.4819444444444446 0.4953125 0.5750000000000002 0.56015625 0.5750000000000002
1 0.62734375 0.32777777777777795 0.59453125 0.32777777777777795 0.59453125 0.3736111111111113 0.62734375 0.3736111111111113
1 0.69609375 0.37500000000000017 0.65078125 0.37500000000000017 0.65078125 0.4444444444444446 0.69609375 0.4444444444444446
1 0.053906250000000065 0.8319444444444445 5.73096431788488e-17 0.8319444444444445 6.151936655091781e-17 0.9541666666666667 0.053906250000000065 0.9541666666666667
1 0.6796875 0.32777777777777795 0.65078125 0.32777777777777795 0.65078125 0.37500000000000017 0.6796875 0.37500000000000017