2 0.8296875 0.42638888888888904 0.8203125 0.42638888888888904 0.8203125 0.48611111111111127 0.8296875 0.48611111111111127
2 0.29375000000000007 0.8708333333333333 0.2601562500000001 0.8708333333333333 0.2601562500000001 1 0.29375000000000007 1
14 0.18984375 2.0665914735611586e-17 0 0 4.975127621536123e-18 0.14444444444444446 0.18984375 0.1444444444444445
2 0.8515625 0.3111111111111113 0.83671875 0.3111111111111113 0.83671875 0.34861111111111126 0.8515625 0.34861111111111126
1 0.3742187500000001 0.8444444444444444 0.3125000000000001 0.8444444444444444 0.3125000000000001 0.9972222222222222 0.3742187500000001 0.9972222222222222
2 0.85703125 0.47500000000000014 0.83671875 0.47500000000000014 0.83671875 0.5347222222222224 0.85703125 0.5347222222222224
2 0.060156250000000064 0.9222222222222223 6.352855270576895e-17 0.9222222222222223 6.587260321976193e-17 0.9902777777777778 0.060156250000000064 0.9902777777777778
2 0.884375 0.37500000000000017 0.86796875 0.37500000000000017 0.86796875 0.43888888888888905 0.884375 0.43888888888888905
2 0.80546875 0.4208333333333335 0.78828125 0.4208333333333335 0.78828125 0.48888888888888904 0.80546875 0.48888888888888904
1 0.08906250000000006 0.6930555555555555 4.77420900605101e-17 0.6930555555555555 5.1903975666987426e-17 0.8138888888888889 0.08906250000000007 0.8138888888888889
2 0.8796875 0.8513888888888892 0.83671875 0.8513888888888892 0.83671875 1.0000000000000002 0.8796875 1.0000000000000002
2 0.77890625 0.34861111111111126 0.76640625 0.34861111111111126 0.76640625 0.39861111111111125 0.77890625 0.39861111111111125
2 0.81875 0.8638888888888892 0.77734375 0.8638888888888892 0.77734375 0.9986111111111114 0.81875 0.9986111111111114
2 0.2210937500000001 0.9083333333333333 0.16718750000000004 0.9083333333333333 0.16718750000000007 1 0.2210937500000001 1
2 0.28593750000000007 0.825 0.2367187500000001 0.825 0.2367187500000001 0.9972222222222222 0.28593750000000007 0.9972222222222222
1 0.62734375 0.5416666666666669 0.55625 0.5416666666666669 0.55625 0.6527777777777779 0.62734375 0.6527777777777779
1 0.27812500000000007 0.6444444444444445 0.13281250000000006 0.6444444444444445 0.13281250000000006 0.7777777777777778 0.27812500000000007 0.7777777777777778
2 0.6453125 0.501388888888889 0.625 0.501388888888889 0.625 0.5708333333333335 0.6453125 0.5708333333333335
1 0.38359375000000007 0.6458333333333334 0.2734375000000001 0.6458333333333334 0.2734375000000001 0.7902777777777777 0.38359375000000007 0.7902777777777777
1 0.4984375 0.7125 0.39140625000000007 0.7125 0.39140625000000007 0.8958333333333334 0.4984375 0.8958333333333334
2 0.48125 0.8430555555555556 0.4140625 0.8430555555555556 0.4140625 0.9875 0.48125 0.9875
2 0.3742187500000001 0.8486111111111111 0.3117187500000001 0.8486111111111111 0.3117187500000001 0.9972222222222222 0.3742187500000001 0.9972222222222222
2 0.58515625 0.4694444444444446 0.56015625 0.4694444444444446 0.56015625 0.5291666666666668 0.58515625 0.5291666666666668
2 0.509375 0.5166666666666668 0.48359375 0.5166666666666668 0.48359375 0.5986111111111113 0.509375 0.5986111111111113
1 0.4765625 0.4638888888888891 0.40234375 0.4638888888888891 0.40234375 0.5666666666666669 0.4765625 0.5666666666666669
2 0.85390625 0.6388888888888891 0.82109375 0.6388888888888891 0.82109375 0.7569444444444448 0.85390625 0.7569444444444448
2 0.88515625 0.7152777777777781 0.846875 0.7152777777777781 0.846875 0.8680555555555559 0.88515625 0.8680555555555559
14 0.775 0.48611111111111127 0.671875 0.48611111111111127 0.671875 0.7680555555555557 0.775 0.7680555555555558
1 0.66484375 0.7694444444444445 0.56484375 0.7694444444444445 0.56484375 0.9583333333333334 0.66484375 0.9583333333333334
2 0.64453125 0.4486111111111113 0.6265625 0.4486111111111113 0.6265625 0.5000000000000001 0.64453125 0.5000000000000001
2 0.66328125 0.4583333333333335 0.64765625 0.4583333333333335 0.64765625 0.5222222222222224 0.66328125 0.5222222222222224
2 0.69921875 0.4222222222222224 0.684375 0.4222222222222224 0.684375 0.4819444444444446 0.69921875 0.4819444444444446
2 0.73359375 0.4208333333333335 0.7171875 0.4208333333333335 0.7171875 0.4777777777777779 0.73359375 0.4777777777777779
2 0.7578125 0.3944444444444446 0.74453125 0.3944444444444446 0.74453125 0.44583333333333347 0.7578125 0.44583333333333347
2 0.790625 0.4486111111111113 0.77265625 0.4486111111111113 0.77265625 0.5111111111111113 0.790625 0.5111111111111113
2 0.765625 0.4361111111111113 0.74921875 0.4361111111111113 0.74921875 0.4902777777777779 0.765625 0.4902777777777779
1 0.6515625 0.3875000000000002 0.61484375 0.3875000000000002 0.61484375 0.44722222222222235 0.6515625 0.44722222222222235
1 0.5546875 0.4069444444444446 0.50859375 0.4069444444444446 0.50859375 0.46527777777777796 0.5546875 0.46527777777777796
1 0.609375 0.35416666666666685 0.57265625 0.35416666666666685 0.57265625 0.40416666666666684 0.609375 0.40416666666666684
1 0.665625 0.3444444444444446 0.63203125 0.3444444444444446 0.63203125 0.39166666666666683 0.665625 0.39166666666666683
1 0.709375 0.3388888888888891 0.68203125 0.3388888888888891 0.68203125 0.38472222222222235 0.709375 0.38472222222222235
2 0.56796875 0.5958333333333334 0.54375 0.5958333333333334 0.54375 0.7083333333333335 0.56796875 0.7083333333333335
2 0.60078125 0.627777777777778 0.56953125 0.627777777777778 0.56953125 0.7402777777777778 0.60078125 0.7402777777777778
2 0.85546875 0.5916666666666668 0.83671875 0.5916666666666668 0.83671875 0.6861111111111112 0.85546875 0.6861111111111112
2 0.85078125 0.40416666666666684 0.83515625 0.40416666666666684 0.83515625 0.45972222222222237 0.85078125 0.45972222222222237
2 0.75546875 0.3472222222222224 0.740625 0.3472222222222224 0.740625 0.3861111111111113 0.75546875 0.3861111111111113
1 0.32031250000000006 0.5625 0.221875 0.5625 0.22187500000000004 0.6486111111111111 0.3203125000000001 0.6486111111111111
1 0.73125 0.3819444444444446 0.69765625 0.3819444444444446 0.69765625 0.41805555555555574 0.73125 0.41805555555555574
2 0.81875 0.3652777777777779 0.8046875 0.3652777777777779 0.8046875 0.41250000000000014 0.81875 0.41250000000000014