2 0.11796875000000004 0.6541666666666667 0.055468750000000046 0.6541666666666667 0.05546875000000005 0.8708333333333333 0.11796875000000004 0.8708333333333333
2 0.16015625000000006 0.5236111111111111 0.10937500000000004 0.5236111111111111 0.10937500000000004 0.6888888888888889 0.16015625000000006 0.6888888888888889
2 0.2234375 0.44722222222222224 0.18671875000000004 0.44722222222222224 0.18671875000000004 0.5833333333333334 0.2234375 0.5833333333333334
2 0.57578125 0.34861111111111126 0.55 0.34861111111111126 0.55 0.46250000000000013 0.57578125 0.46250000000000013
2 0.6890625 0.38333333333333347 0.6421875 0.38333333333333347 0.6421875 0.48888888888888904 0.6890625 0.48888888888888904
2 0.73828125 0.36388888888888904 0.70859375 0.36388888888888904 0.70859375 0.4444444444444446 0.73828125 0.4444444444444446
2 0.78203125 0.4777777777777779 0.73828125 0.4777777777777779 0.73828125 0.6250000000000001 0.78203125 0.6250000000000001
2 0.9359375 0.627777777777778 0.871875 0.627777777777778 0.871875 0.8083333333333337 0.9359375 0.8083333333333337
2 0.7890625 0.3583333333333335 0.76328125 0.3583333333333335 0.76328125 0.4583333333333335 0.7890625 0.4583333333333335
2 0.72890625 0.3236111111111113 0.7078125 0.3236111111111113 0.7078125 0.38333333333333347 0.72890625 0.38333333333333347
2 0.67578125 0.24305555555555572 0.6515625 0.24305555555555572 0.6515625 0.3041666666666668 0.67578125 0.3041666666666668
2 0.6265625 0.19166666666666682 0.61015625 0.19166666666666682 0.61015625 0.23888888888888904 0.6265625 0.23888888888888904
2 0.5640625 0.17361111111111122 0.55390625 0.17361111111111122 0.55390625 0.2347222222222224 0.5640625 0.2347222222222224
2 0.3828125 0.16388888888888897 0.371875 0.16388888888888897 0.371875 0.21388888888888896 0.3828125 0.21388888888888896
1 0.6765625 0.3180555555555557 0.59921875 0.3180555555555557 0.59921875 0.4208333333333335 0.6765625 0.4208333333333335
8 0.4109375 0.4583333333333334 0.23828125 0.4583333333333333 0.23828125000000006 0.9666666666666667 0.4109375 0.9666666666666667
8 0.46328125 0.17361111111111122 0.409375 0.1736111111111112 0.409375 0.32777777777777783 0.46328125 0.32777777777777783
8 0.57421875 0.20833333333333345 0.51953125 0.20833333333333343 0.51953125 0.3486111111111112 0.57421875 0.34861111111111126
1 0.6328125 0.22361111111111126 0.590625 0.22361111111111126 0.590625 0.3097222222222224 0.6328125 0.3097222222222224