2 0.09843750000000005 0.7083333333333334 0.04687500000000004 0.7083333333333334 0.046875000000000056 0.9125 0.09843750000000007 0.9125
2 0.93828125 0.47500000000000014 0.86796875 0.47500000000000014 0.86796875 0.5847222222222224 0.93828125 0.5847222222222224
2 0.32734375 0.2583333333333334 0.30859375 0.2583333333333334 0.30859375 0.3361111111111112 0.32734375 0.3361111111111112
2 0.678125 0.3333333333333335 0.65390625 0.3333333333333335 0.65390625 0.4347222222222224 0.678125 0.4347222222222224
2 0.4140625 0.313888888888889 0.39609375 0.313888888888889 0.39609375 0.3875000000000002 0.4140625 0.3875000000000002
2 0.35703125 0.2611111111111112 0.33515625 0.2611111111111112 0.33515625 0.3361111111111112 0.35703125 0.3361111111111112
2 0.496875 0.26805555555555566 0.47265625 0.26805555555555566 0.47265625 0.35416666666666674 0.496875 0.35416666666666674
2 0.390625 0.3486111111111112 0.36875 0.3486111111111112 0.36875 0.45416666666666683 0.390625 0.45416666666666683
2 0.30390625 0.2875000000000001 0.27734375 0.2875000000000001 0.27734375 0.3638888888888889 0.30390625 0.3638888888888889
2 0.4046875 0.25555555555555565 0.38046875 0.25555555555555565 0.38046875 0.3375000000000001 0.4046875 0.3375000000000001
2 0.38046875 0.2611111111111112 0.35703125 0.2611111111111112 0.35703125 0.3333333333333334 0.38046875 0.3333333333333334
1 0.42734375 0.20277777777777786 0.3921875 0.20277777777777786 0.3921875 0.2805555555555556 0.42734375 0.2805555555555556
14 0.65625 0.2500000000000001 0.54375 0.25000000000000006 0.54375 0.47916666666666685 0.65625 0.47916666666666685
14 0.36484375 0.34166666666666673 0.16328125000000004 0.3416666666666667 0.16328125000000004 0.8263888888888888 0.3648437500000001 0.8263888888888888
8 0.47578125 0.18055555555555564 0.4328125 0.18055555555555564 0.4328125 0.2986111111111112 0.47578125 0.2986111111111112
14 0.47421875 0.34166666666666673 0.40703125 0.34166666666666673 0.40703125 0.5430555555555557 0.47421875 0.5430555555555557
2 0.17031250000000003 0.5805555555555556 0.13906250000000003 0.5805555555555556 0.13906250000000003 0.7555555555555555 0.17031250000000003 0.7555555555555555