2 0.18984375000000003 0.43472222222222223 0.14296875000000003 0.43472222222222223 0.14296875000000003 0.5597222222222222 0.18984375000000003 0.5597222222222222
2 0.74140625 0.3333333333333335 0.70390625 0.3333333333333335 0.70390625 0.4347222222222224 0.74140625 0.4347222222222224
2 0.325 0.24305555555555564 0.29609375 0.24305555555555564 0.29609375 0.33194444444444454 0.325 0.33194444444444454
8 0.45546875 0.19861111111111118 0.3328125 0.19861111111111118 0.3328125 0.5361111111111112 0.45546875 0.5361111111111113
1 0.6765625 0.26388888888888906 0.6296875 0.26388888888888906 0.6296875 0.35138888888888903 0.6765625 0.35138888888888903
8 0.621875 0.19722222222222238 0.56640625 0.19722222222222238 0.56640625 0.3333333333333335 0.621875 0.3333333333333335
2 0.70390625 0.2680555555555557 0.6796875 0.2680555555555557 0.6796875 0.3430555555555557 0.70390625 0.3430555555555557
14 0.54296875 0.14444444444444457 0.51015625 0.14444444444444457 0.51015625 0.22361111111111118 0.54296875 0.22361111111111118
2 0.52109375 0.19027777777777785 0.50625 0.19027777777777785 0.50625 0.2527777777777779 0.52109375 0.2527777777777779
2 0.54296875 0.19305555555555565 0.528125 0.19305555555555565 0.528125 0.25000000000000006 0.54296875 0.25000000000000006
2 0.56171875 0.188888888888889 0.54375 0.18888888888888897 0.54375 0.2569444444444446 0.56171875 0.2569444444444446