2 0.15468750000000003 0.36527777777777776 0.12187500000000004 0.36527777777777776 0.12187500000000004 0.4638888888888889 0.15468750000000003 0.4638888888888889
1 0.54609375 0.3194444444444446 0.50234375 0.31944444444444453 0.50234375 0.40416666666666684 0.54609375 0.40416666666666684
1 0.6640625 0.3652777777777779 0.59609375 0.3652777777777779 0.59609375 0.47361111111111126 0.6640625 0.47361111111111126
1 0.6328125 0.29861111111111127 0.58359375 0.29861111111111127 0.58359375 0.36388888888888904 0.6328125 0.36388888888888904
1 0.640625 0.2541666666666668 0.603125 0.2541666666666668 0.603125 0.3097222222222224 0.640625 0.3097222222222224
1 0.66875 0.2347222222222224 0.62578125 0.2347222222222224 0.62578125 0.2833333333333335 0.66875 0.2833333333333335
8 0.56015625 0.2027777777777779 0.49765625 0.20277777777777786 0.49765625 0.338888888888889 0.56015625 0.3388888888888891
8 0.68359375 0.16250000000000014 0.60859375 0.16250000000000012 0.60859375 0.25138888888888905 0.68359375 0.25138888888888905
1 0.74765625 0.2069444444444446 0.71171875 0.2069444444444446 0.71171875 0.25277777777777793 0.74765625 0.25277777777777793
8 0.31875 0.1694444444444445 0.2359375 0.16944444444444448 0.2359375 0.2861111111111112 0.31875 0.2861111111111112
14 0.21484375 0.15277777777777782 0.13515625 0.15277777777777782 0.13515625 0.23333333333333336 0.21484375 0.23333333333333342