2 0.7375 0.3333333333333335 0.70703125 0.3333333333333335 0.70703125 0.4291666666666668 0.7375 0.4291666666666668
2 0.8171875 0.48888888888888904 0.7546875 0.48888888888888904 0.7546875 0.6013888888888891 0.8171875 0.6013888888888891
2 0.17812500000000003 0.3347222222222222 0.12343750000000005 0.3347222222222222 0.12343750000000005 0.4222222222222222 0.17812500000000003 0.4222222222222222
2 0.61796875 0.39722222222222237 0.5875 0.39722222222222237 0.5875 0.5083333333333335 0.61796875 0.5083333333333335
2 0.296875 0.31111111111111117 0.2671875 0.31111111111111117 0.2671875 0.39305555555555555 0.296875 0.39305555555555555
2 0.34921875 0.27638888888888896 0.3265625 0.27638888888888896 0.3265625 0.35416666666666674 0.34921875 0.35416666666666674
2 0.615625 0.2902777777777779 0.59375 0.2902777777777779 0.59375 0.3819444444444446 0.615625 0.3819444444444446
2 0.3125 0.2611111111111112 0.29296875 0.2611111111111112 0.29296875 0.3361111111111112 0.3125 0.3361111111111112
2 0.6140625 0.2347222222222224 0.59765625 0.2347222222222224 0.59765625 0.30000000000000016 0.6140625 0.30000000000000016
2 0.42578125 0.25000000000000006 0.4078125 0.25000000000000006 0.4078125 0.3236111111111112 0.42578125 0.3236111111111112
2 0.6515625 0.23611111111111127 0.63671875 0.23611111111111127 0.63671875 0.3111111111111113 0.6515625 0.3111111111111113
2 0.59140625 0.2097222222222224 0.575 0.2097222222222224 0.575 0.27222222222222237 0.59140625 0.27222222222222237
2 0.2765625 0.3888888888888889 0.24453125 0.3888888888888889 0.24453125 0.4791666666666667 0.2765625 0.4791666666666667
2 0.36328125 0.26250000000000007 0.3453125 0.26250000000000007 0.3453125 0.3347222222222223 0.36328125 0.3347222222222223
2 0.41328125 0.26527777777777783 0.38984375 0.26527777777777783 0.38984375 0.3291666666666667 0.41328125 0.3291666666666667
1 0.396875 0.4055555555555556 0.26640625 0.40555555555555556 0.26640625 0.5222222222222223 0.396875 0.5222222222222224
1 0.521875 0.4638888888888891 0.40625 0.4638888888888891 0.40625 0.5847222222222224 0.521875 0.5847222222222224
1 0.565625 0.2625000000000001 0.51953125 0.26250000000000007 0.51953125 0.33750000000000013 0.565625 0.33750000000000013
1 0.975 0.46111111111111125 0.81484375 0.46111111111111125 0.81484375 0.5763888888888891 0.975 0.5763888888888891
1 0.5375 0.17500000000000013 0.5125 0.17500000000000013 0.5125 0.22916666666666674 0.5375 0.22916666666666674
1 0.5703125 0.16527777777777788 0.54609375 0.16527777777777788 0.54609375 0.21250000000000016 0.5703125 0.21250000000000016
8 0.48359375 0.19861111111111118 0.4421875 0.19861111111111118 0.4421875 0.31250000000000006 0.48359375 0.31250000000000006