2 0.3812500000000001 0.6986111111111112 0.3148437500000001 0.6986111111111111 0.3148437500000001 0.8986111111111111 0.3812500000000001 0.8986111111111111
2 0.34296875 0.34166666666666673 0.31875 0.34166666666666673 0.31875 0.4486111111111111 0.34296875 0.4486111111111111
2 0.47734375 0.5555555555555557 0.434375 0.5555555555555557 0.434375 0.7083333333333335 0.47734375 0.7083333333333335
2 0.76484375 0.37500000000000017 0.725 0.37500000000000017 0.725 0.4694444444444446 0.76484375 0.4694444444444446
2 0.44140625 0.2819444444444445 0.4203125 0.2819444444444445 0.4203125 0.37500000000000017 0.44140625 0.37500000000000017
2 0.17343750000000005 0.4638888888888889 0.10156250000000004 0.4638888888888889 0.10156250000000004 0.5708333333333333 0.17343750000000005 0.5708333333333333
2 0.821875 0.7597222222222225 0.76328125 0.7597222222222225 0.76328125 0.9222222222222225 0.821875 0.9222222222222225
2 0.253125 0.38333333333333336 0.19140625000000006 0.38333333333333336 0.19140625000000006 0.48194444444444445 0.253125 0.48194444444444445
2 0.828125 0.640277777777778 0.78359375 0.640277777777778 0.78359375 0.8125000000000003 0.828125 0.8125000000000003
2 0.53125 0.2972222222222223 0.50390625 0.2972222222222223 0.50390625 0.3805555555555557 0.53125 0.3805555555555557
2 0.3062500000000001 0.7944444444444444 0.2335937500000001 0.7944444444444444 0.2335937500000001 0.9694444444444444 0.3062500000000001 0.9694444444444444
2 0.67109375 0.27361111111111125 0.64609375 0.27361111111111125 0.64609375 0.35000000000000014 0.67109375 0.35000000000000014
2 0.60234375 0.3111111111111113 0.571875 0.3111111111111113 0.571875 0.3944444444444446 0.60234375 0.3944444444444446
2 0.7203125 0.5361111111111113 0.68984375 0.5361111111111113 0.68984375 0.6805555555555557 0.7203125 0.6805555555555557
2 0.93125 0.6069444444444446 0.87265625 0.6069444444444446 0.87265625 0.741666666666667 0.93125 0.741666666666667
2 0.31796875 0.31666666666666676 0.29296875 0.31666666666666676 0.29296875 0.41388888888888886 0.31796875 0.41388888888888886
2 0.38125 0.30416666666666675 0.359375 0.30416666666666675 0.359375 0.40277777777777785 0.38125 0.40277777777777796
2 0.95234375 0.6972222222222224 0.8953125 0.6972222222222224 0.8953125 0.8625000000000003 0.95234375 0.8625000000000003
2 0.41796875 0.31805555555555565 0.39609375 0.31805555555555565 0.39609375 0.42500000000000016 0.41796875 0.42500000000000016
2 1 0.9013888888888892 0.94140625 0.9013888888888892 0.94140625 1.0000000000000002 1 1.0000000000000002
2 0.26796875 0.3375000000000001 0.23671875 0.3375000000000001 0.23671875 0.4236111111111111 0.26796875 0.4236111111111111
2 0.4875 0.9069444444444444 0.42421875 0.9069444444444444 0.42421875 0.9972222222222222 0.4875 0.9972222222222222
2 0.828125 0.8805555555555559 0.7734375 0.8805555555555559 0.7734375 0.9972222222222226 0.828125 0.9972222222222226
2 0.71015625 0.24861111111111128 0.68828125 0.24861111111111128 0.68828125 0.3236111111111113 0.71015625 0.3236111111111113
1 0.42109375 0.23194444444444454 0.38203125 0.23194444444444454 0.38203125 0.3083333333333334 0.42109375 0.3083333333333334
2 0.396875 0.3083333333333334 0.38359375 0.3083333333333334 0.38359375 0.3819444444444446 0.396875 0.3819444444444446