8 0.590625 0.18611111111111123 0.515625 0.1861111111111112 0.515625 0.2986111111111112 0.590625 0.29861111111111127
1 0.753125 0.6625000000000002 0.5859375 0.6625000000000002 0.5859375 0.9541666666666668 0.753125 0.9541666666666669
1 1 0.8777777777777781 0.81171875 0.8777777777777781 0.81171875 1.0000000000000002 1 1.0000000000000002
1 0.54921875 0.33194444444444454 0.5015625 0.33194444444444454 0.5015625 0.4152777777777779 0.54921875 0.4152777777777779
1 0.6515625 0.24027777777777792 0.6046875 0.24027777777777792 0.6046875 0.28888888888888903 0.6515625 0.28888888888888903
14 0.68359375 0.3472222222222224 0.5890625 0.3472222222222224 0.5890625 0.5041666666666669 0.68359375 0.5041666666666669
1 0.5859375 0.42361111111111127 0.50625 0.42361111111111127 0.50625 0.5819444444444446 0.5859375 0.5819444444444446
14 0.73125 0.17638888888888904 0.665625 0.17638888888888904 0.665625 0.26527777777777795 0.73125 0.26527777777777795
2 0.75859375 0.3569444444444446 0.73125 0.3569444444444446 0.73125 0.4430555555555557 0.75859375 0.4430555555555557
2 0.70546875 0.2805555555555557 0.6890625 0.2805555555555557 0.6890625 0.3458333333333335 0.70546875 0.3458333333333335
2 0.978125 0.6500000000000001 0.92578125 0.6500000000000001 0.92578125 0.8027777777777781 0.978125 0.8027777777777781
2 0.965625 0.5722222222222224 0.92265625 0.5722222222222224 0.92265625 0.6861111111111112 0.965625 0.6861111111111112