2 0.09375000000000004 0.5638888888888889 0.055468750000000046 0.5638888888888889 0.055468750000000046 0.7180555555555556 0.09375000000000004 0.7180555555555556
2 0.346875 0.25694444444444453 0.33203125 0.25694444444444453 0.33203125 0.33055555555555566 0.346875 0.33055555555555566
2 0.996875 0.7083333333333335 0.9453125 0.7083333333333335 0.9453125 0.8847222222222225 0.996875 0.8847222222222225
2 0.67734375 0.2972222222222224 0.65859375 0.2972222222222224 0.65859375 0.37500000000000017 0.67734375 0.37500000000000017
2 0.24531250000000004 0.49722222222222223 0.21015625 0.49722222222222223 0.21015625000000004 0.6472222222222223 0.2453125000000001 0.6472222222222223
2 0.62109375 0.2458333333333335 0.6046875 0.2458333333333335 0.6046875 0.3097222222222224 0.62109375 0.3097222222222224
2 0.38125 0.25555555555555565 0.3640625 0.25555555555555565 0.3640625 0.3347222222222223 0.38125 0.3347222222222223
2 0.41328125 0.16111111111111118 0.40234375 0.16111111111111118 0.40234375 0.21388888888888896 0.41328125 0.21388888888888896
2 0.390625 0.19027777777777785 0.37890625 0.19027777777777785 0.37890625 0.24027777777777787 0.390625 0.24027777777777787
2 0.42890625 0.15138888888888896 0.41875 0.15138888888888896 0.41875 0.1972222222222223 0.42890625 0.1972222222222223
2 0.36875 0.22361111111111118 0.35625 0.22361111111111118 0.35625 0.2847222222222223 0.36875 0.2847222222222223
8 0.44140625 0.4097222222222223 0.24765625 0.4097222222222222 0.24765625000000005 0.8791666666666667 0.44140625 0.8791666666666667
8 0.4828125 0.15277777777777787 0.44609375 0.15277777777777785 0.44609375 0.24444444444444452 0.4828125 0.24444444444444452
2 0.6890625 0.2944444444444446 0.6734375 0.2944444444444446 0.6734375 0.3597222222222224 0.6890625 0.3597222222222224