1 0.4109375 0.5319444444444446 0.3078125 0.5319444444444444 0.30781250000000004 0.7458333333333333 0.4109375 0.7458333333333333
2 0.3203125 0.4708333333333333 0.2953125 0.4708333333333333 0.2953125 0.5902777777777778 0.3203125 0.5902777777777778
2 0.53984375 0.5236111111111112 0.5109375 0.5236111111111112 0.5109375 0.6583333333333334 0.53984375 0.6583333333333334
2 0.48125 0.41250000000000014 0.45859375 0.41250000000000014 0.45859375 0.5111111111111113 0.48125 0.5111111111111113
2 0.51953125 0.4069444444444446 0.49609375 0.4069444444444446 0.49609375 0.5125000000000002 0.51953125 0.5125000000000002
2 0.38515625 0.3833333333333334 0.3609375 0.38333333333333336 0.3609375 0.4861111111111112 0.38515625 0.48611111111111127
2 0.42421875 0.3652777777777779 0.40703125 0.3652777777777779 0.40703125 0.4569444444444446 0.42421875 0.4569444444444446
2 0.4890625 0.34166666666666673 0.46796875 0.34166666666666673 0.46796875 0.4208333333333335 0.4890625 0.4208333333333335
2 0.51015625 0.24027777777777787 0.49765625 0.24027777777777787 0.49765625 0.301388888888889 0.51015625 0.301388888888889
2 0.53984375 0.23333333333333342 0.5265625 0.23333333333333342 0.5265625 0.2944444444444445 0.53984375 0.2944444444444445
2 0.425 0.3097222222222223 0.41171875 0.3097222222222223 0.41171875 0.3694444444444446 0.425 0.3694444444444446
2 0.4375 0.2944444444444445 0.4265625 0.2944444444444445 0.4265625 0.35555555555555574 0.4375 0.35555555555555574
2 0.3890625 0.33194444444444454 0.37265625 0.33194444444444454 0.37265625 0.39722222222222237 0.3890625 0.39722222222222237