14 0.73046875 0.4958333333333335 0.5328125 0.4958333333333335 0.5328125 0.9472222222222224 0.73046875 0.9472222222222225
8 0.58984375 0.24166666666666678 0.49609375 0.24166666666666675 0.49609375 0.47916666666666685 0.58984375 0.47916666666666685
1 0.69296875 0.39166666666666683 0.6171875 0.39166666666666683 0.6171875 0.5138888888888891 0.69296875 0.5138888888888891
1 0.8359375 0.5875000000000001 0.70390625 0.5875000000000001 0.70390625 0.765277777777778 0.8359375 0.7652777777777781
1 0.384375 0.19444444444444453 0.31953125 0.19444444444444453 0.31953125 0.23888888888888896 0.384375 0.23888888888888896
1 0.61875 0.22638888888888906 0.57109375 0.22638888888888906 0.57109375 0.2763888888888891 0.61875 0.2763888888888891
8 0.70078125 0.16250000000000014 0.5796875 0.16250000000000012 0.5796875 0.23888888888888904 0.70078125 0.23888888888888904
8 0.56328125 0.1777777777777779 0.496875 0.17777777777777787 0.496875 0.24305555555555566 0.56328125 0.24305555555555572
2 0.19453125 0.25138888888888894 0.178125 0.2513888888888889 0.178125 0.30833333333333335 0.19453125 0.3083333333333334
2 0.10703125000000005 0.4027777777777778 0.07578125000000002 0.4027777777777778 0.07578125000000004 0.49444444444444446 0.10703125000000005 0.49444444444444446
14 0.18125 0.14861111111111114 0.125 0.14861111111111114 0.125 0.225 0.18125 0.225
2 0.28046875 0.1847222222222223 0.2609375 0.1847222222222223 0.2609375 0.22638888888888897 0.28046875 0.22638888888888897
2 0.48984375 0.20694444444444451 0.46015625 0.20694444444444451 0.46015625 0.25416666666666676 0.48984375 0.25416666666666676
1 0.71328125 0.2194444444444446 0.6671875 0.2194444444444446 0.6671875 0.26666666666666683 0.71328125 0.26666666666666683