2 0.425 0.676388888888889 0.3781250000000001 0.676388888888889 0.3781250000000001 0.8652777777777778 0.425 0.8652777777777778
2 0.19687500000000005 0.5388888888888889 0.15703125000000004 0.5388888888888889 0.15703125000000004 0.6263888888888889 0.19687500000000005 0.6263888888888889
2 0.43359375 0.4500000000000002 0.39296875 0.4500000000000002 0.39296875 0.6097222222222224 0.43359375 0.6097222222222224
2 0.3359375 0.2986111111111112 0.31328125 0.2986111111111112 0.31328125 0.37916666666666665 0.3359375 0.37916666666666665
2 0.10546875000000004 0.3541666666666667 0.050000000000000024 0.3541666666666667 0.050000000000000024 0.4361111111111111 0.10546875000000004 0.4361111111111111
2 0.13906250000000003 0.3111111111111111 0.103125 0.3111111111111111 0.10312500000000002 0.39444444444444443 0.13906250000000003 0.39444444444444443
1 0.571875 0.24305555555555566 0.5125 0.24305555555555564 0.5125 0.33194444444444454 0.571875 0.3319444444444446
1 0.6546875 0.2305555555555557 0.5984375 0.2305555555555557 0.5984375 0.32777777777777795 0.6546875 0.32777777777777795
2 0.36796875 0.2222222222222223 0.34609375 0.2222222222222223 0.34609375 0.2958333333333334 0.36796875 0.2958333333333334
2 0.33671875 0.4861111111111111 0.28203125 0.4861111111111111 0.28203125 0.6416666666666667 0.33671875 0.6416666666666667
2 0.346875 0.35694444444444445 0.3140625 0.35694444444444445 0.3140625 0.46805555555555556 0.346875 0.46805555555555556
2 0.4265625 0.16944444444444454 0.409375 0.16944444444444454 0.409375 0.23055555555555562 0.4265625 0.23055555555555562
2 0.67421875 0.20000000000000015 0.65703125 0.20000000000000015 0.65703125 0.2555555555555557 0.67421875 0.2555555555555557