2 0.84375 0.4833333333333335 0.8203125 0.4833333333333335 0.8203125 0.5555555555555557 0.84375 0.5555555555555557
2 0.72578125 0.4569444444444446 0.703125 0.4569444444444446 0.703125 0.526388888888889 0.72578125 0.526388888888889
2 0.5234375 0.7111111111111111 0.4703125 0.7111111111111111 0.4703125 0.8541666666666666 0.5234375 0.8541666666666666
2 0.50546875 0.551388888888889 0.46796875 0.551388888888889 0.46796875 0.6541666666666668 0.50546875 0.6541666666666668
2 0.76171875 0.5680555555555558 0.73125 0.5680555555555558 0.73125 0.6638888888888891 0.76171875 0.6638888888888891
2 0.696875 0.7263888888888889 0.65078125 0.7263888888888889 0.65078125 0.8736111111111111 0.696875 0.8736111111111111
2 0.65625 0.515277777777778 0.62734375 0.515277777777778 0.62734375 0.6055555555555557 0.65625 0.6055555555555557
2 0.871875 0.602777777777778 0.83671875 0.602777777777778 0.83671875 0.7125000000000004 0.871875 0.7125000000000004
2 0.2054687500000001 0.7902777777777777 0.13125000000000003 0.7902777777777777 0.13125000000000003 0.9486111111111111 0.2054687500000001 0.9486111111111111
2 0.3023437500000001 0.775 0.23984375000000008 0.775 0.23984375000000008 0.9375 0.3023437500000001 0.9375
2 0.87421875 0.5055555555555558 0.85390625 0.5055555555555558 0.85390625 0.5861111111111112 0.87421875 0.5861111111111112
2 0.684375 0.4847222222222224 0.66015625 0.4847222222222224 0.66015625 0.5583333333333335 0.684375 0.5583333333333335
2 0.60859375 0.7458333333333333 0.56484375 0.7458333333333333 0.56484375 0.8736111111111111 0.60859375 0.8736111111111111
2 0.8140625 0.5222222222222224 0.79453125 0.5222222222222224 0.79453125 0.5944444444444446 0.8140625 0.5944444444444446
2 0.69921875 0.46111111111111125 0.678125 0.46111111111111125 0.678125 0.5305555555555557 0.69921875 0.5305555555555557
2 0.78671875 0.613888888888889 0.75703125 0.613888888888889 0.75703125 0.7250000000000003 0.78671875 0.7250000000000003
2 0.7578125 0.5000000000000001 0.7375 0.5000000000000001 0.7375 0.5694444444444446 0.7578125 0.5694444444444446
2 0.63515625 0.46527777777777796 0.61171875 0.46527777777777796 0.61171875 0.540277777777778 0.63515625 0.540277777777778
2 0.84140625 0.4333333333333335 0.825 0.4333333333333335 0.825 0.4944444444444446 0.84140625 0.4944444444444446
2 0.79375 0.4555555555555557 0.775 0.4555555555555557 0.775 0.5277777777777779 0.79375 0.5277777777777779
2 0.871875 0.41805555555555574 0.85703125 0.41805555555555574 0.85703125 0.4694444444444446 0.871875 0.4694444444444446
2 0.81875 0.4500000000000002 0.803125 0.4500000000000002 0.803125 0.5069444444444446 0.81875 0.5069444444444446
2 0.87265625 0.45972222222222237 0.85703125 0.45972222222222237 0.85703125 0.5111111111111113 0.87265625 0.5111111111111113
2 0.74140625 0.46250000000000013 0.72109375 0.46250000000000013 0.72109375 0.5291666666666668 0.74140625 0.5291666666666668
2 0.778125 0.43888888888888905 0.7640625 0.43888888888888905 0.7640625 0.48750000000000016 0.778125 0.48750000000000016
2 0.7578125 0.40277777777777796 0.746875 0.40277777777777796 0.746875 0.4486111111111113 0.7578125 0.4486111111111113
2 0.65234375 0.47500000000000014 0.63359375 0.47500000000000014 0.63359375 0.5347222222222224 0.65234375 0.5347222222222224
2 0.75546875 0.4486111111111113 0.73515625 0.4486111111111113 0.73515625 0.5069444444444446 0.75546875 0.5069444444444446
2 0.8078125 0.40000000000000013 0.7921875 0.40000000000000013 0.7921875 0.44722222222222235 0.8078125 0.44722222222222235
1 0.4515625 0.47638888888888903 0.38125 0.47638888888888903 0.38125 0.5666666666666669 0.4515625 0.5666666666666669
1 0.615625 0.6194444444444446 0.5390625 0.6194444444444446 0.5390625 0.7291666666666666 0.615625 0.7291666666666666
1 0.68671875 0.42500000000000016 0.6453125 0.42500000000000016 0.6453125 0.4958333333333335 0.68671875 0.4958333333333335
1 0.10390625000000005 0.7638888888888888 5.262154215086284e-17 0.7638888888888888 5.86491006154162e-17 0.9388888888888889 0.10390625000000005 0.9388888888888889
1 0.6296875 0.32916666666666683 0.596875 0.32916666666666683 0.596875 0.3819444444444446 0.6296875 0.3819444444444446
2 0.83046875 0.38472222222222235 0.81796875 0.38472222222222235 0.81796875 0.4277777777777779 0.83046875 0.4277777777777779
2 0.853125 0.3666666666666668 0.83671875 0.3666666666666668 0.83671875 0.4152777777777779 0.853125 0.4152777777777779
2 0.74453125 0.36388888888888904 0.73515625 0.36388888888888904 0.73515625 0.4083333333333335 0.74453125 0.4083333333333335
2 0.7734375 0.3875000000000002 0.76171875 0.3875000000000002 0.76171875 0.4347222222222224 0.7734375 0.4347222222222224
2 0.790625 0.39722222222222237 0.775 0.39722222222222237 0.775 0.4430555555555557 0.790625 0.4430555555555557
2 0.80546875 0.46527777777777796 0.7921875 0.46527777777777796 0.7921875 0.5291666666666668 0.80546875 0.5291666666666668
1 0.6765625 0.32083333333333347 0.646875 0.32083333333333347 0.646875 0.36388888888888904 0.6765625 0.36388888888888904