2 0.62265625 0.2194444444444446 0.61015625 0.2194444444444446 0.61015625 0.27500000000000013 0.62265625 0.27500000000000013
2 0.8921875 0.35138888888888903 0.86796875 0.35138888888888903 0.86796875 0.4361111111111113 0.8921875 0.4361111111111113
2 0.022656250000000065 0.8708333333333333 5.998855805198363e-17 0.8708333333333333 6.338503940899386e-17 0.9694444444444444 0.022656250000000065 0.9694444444444444
2 0.6796875 0.30138888888888904 0.65859375 0.30138888888888904 0.65859375 0.37638888888888905 0.6796875 0.37638888888888905
1 0.60390625 0.38472222222222235 0.55625 0.38472222222222235 0.55625 0.48750000000000016 0.60390625 0.48750000000000016
1 0.6875 0.34861111111111126 0.64609375 0.34861111111111126 0.64609375 0.4430555555555557 0.6875 0.4430555555555557
8 0.54375 0.16250000000000012 0.5109375 0.16250000000000012 0.5109375 0.2361111111111112 0.54375 0.2361111111111112
8 0.5828125 0.1500000000000001 0.54921875 0.1500000000000001 0.54921875 0.21805555555555572 0.5828125 0.21805555555555572
8 0.490625 0.13055555555555567 0.46015625 0.13055555555555567 0.46015625 0.20000000000000007 0.490625 0.20000000000000007
1 0.54921875 0.2625000000000001 0.5078125 0.26250000000000007 0.5078125 0.31805555555555565 0.54921875 0.3180555555555557
2 0.6109375 0.19444444444444461 0.6 0.19444444444444461 0.6 0.24027777777777792 0.6109375 0.24027777777777792