2 0.50703125 0.5000000000000001 0.4359375 0.5000000000000001 0.4359375 0.6208333333333335 0.50703125 0.6208333333333335
2 0.7453125 0.5138888888888891 0.68203125 0.5138888888888891 0.68203125 0.6319444444444446 0.7453125 0.6319444444444446
2 0.4765625 0.3486111111111112 0.4359375 0.3486111111111112 0.4359375 0.4416666666666668 0.4765625 0.4416666666666668
2 0.17421875000000003 0.5888888888888889 0.08125000000000004 0.5888888888888889 0.08125000000000004 0.7236111111111111 0.17421875000000003 0.7236111111111111
2 0.5515625 0.3736111111111113 0.49765625 0.3736111111111113 0.49765625 0.4694444444444446 0.5515625 0.4694444444444446
2 0.28125 0.46111111111111114 0.21328125 0.46111111111111114 0.21328125 0.5791666666666667 0.28125 0.5791666666666667
2 0.80625 0.4944444444444446 0.7484375 0.4944444444444446 0.7484375 0.6069444444444446 0.80625 0.6069444444444446
2 0.44140625 0.2708333333333334 0.42109375 0.2708333333333334 0.42109375 0.35416666666666674 0.44140625 0.35416666666666674
2 0.8453125 0.7569444444444448 0.80078125 0.7569444444444448 0.80078125 0.9513888888888892 0.8453125 0.9513888888888892
2 0.659375 0.35138888888888903 0.60859375 0.35138888888888903 0.60859375 0.4444444444444446 0.659375 0.4444444444444446
2 0.07265625000000003 0.44166666666666665 0.01015625000000003 0.44166666666666665 0.010156250000000033 0.5430555555555555 0.07265625000000005 0.5430555555555555
2 0.67109375 0.6680555555555557 0.6203125 0.6680555555555557 0.6203125 0.8402777777777778 0.67109375 0.8402777777777778
2 0.37265625 0.2486111111111112 0.35078125 0.2486111111111112 0.35078125 0.3208333333333334 0.37265625 0.3208333333333334
2 0.3671875 0.3625000000000001 0.31171875 0.3625 0.31171875 0.4583333333333334 0.3671875 0.4583333333333335
2 0.4171875 0.36250000000000016 0.37265625 0.36250000000000016 0.37265625 0.46250000000000013 0.4171875 0.46250000000000013
2 0.2015625 0.4236111111111111 0.13359375000000004 0.4236111111111111 0.13359375000000004 0.5333333333333333 0.2015625 0.5333333333333333
2 0.33515625 0.26944444444444454 0.315625 0.26944444444444454 0.315625 0.35277777777777786 0.33515625 0.35277777777777786
2 0.14218750000000005 0.45 0.07031250000000003 0.45 0.07031250000000003 0.5583333333333333 0.14218750000000005 0.5583333333333333
2 0.04296875000000005 0.6597222222222222 4.544587731210881e-17 0.6597222222222222 5.0038302808911385e-17 0.7930555555555555 0.042968750000000056 0.7930555555555555
2 0.546875 0.2861111111111112 0.52578125 0.2861111111111112 0.52578125 0.3708333333333335 0.546875 0.3708333333333335
2 0.2015625 0.3527777777777778 0.14921875000000004 0.3527777777777778 0.14921875000000004 0.44027777777777777 0.2015625 0.44027777777777777
2 0.46875 0.2486111111111112 0.4484375 0.2486111111111112 0.4484375 0.3208333333333334 0.46875 0.3208333333333334
2 0.2921875 0.3638888888888889 0.24375 0.3638888888888889 0.24375 0.4597222222222222 0.2921875 0.4597222222222222
2 0.58203125 0.27222222222222237 0.5625 0.27222222222222237 0.5625 0.35138888888888903 0.58203125 0.35138888888888903
2 0.8828125 0.4152777777777779 0.8109375 0.4152777777777779 0.8109375 0.5125000000000002 0.8828125 0.5125000000000002
2 0.94765625 0.44583333333333347 0.88359375 0.44583333333333347 0.88359375 0.5319444444444446 0.94765625 0.5319444444444446
2 0.14062500000000006 0.3861111111111111 0.08671875000000002 0.3861111111111111 0.08671875000000004 0.4875 0.14062500000000006 0.4875
2 0.06328125000000002 0.3680555555555556 0.014843750000000027 0.3680555555555556 0.01484375000000003 0.4513888888888889 0.06328125000000002 0.4513888888888889
2 0.55859375 0.20694444444444457 0.54296875 0.20694444444444451 0.54296875 0.2708333333333334 0.55859375 0.2708333333333335
2 0.38046875 0.31805555555555565 0.36015625 0.31805555555555565 0.36015625 0.38888888888888895 0.38046875 0.38888888888888906
2 0.60859375 0.2625000000000002 0.58828125 0.2625000000000002 0.58828125 0.33472222222222237 0.60859375 0.33472222222222237
2 0.23984375 0.36666666666666664 0.20625 0.36666666666666664 0.20625 0.45416666666666666 0.23984375 0.45416666666666666
2 0.58828125 0.2097222222222224 0.57265625 0.2097222222222224 0.57265625 0.2680555555555557 0.58828125 0.2680555555555557
2 0.259375 0.4166666666666667 0.21484375 0.4166666666666667 0.21484375 0.5111111111111111 0.259375 0.5111111111111111
1 0.41875 0.2472222222222223 0.38046875 0.2472222222222223 0.38046875 0.3222222222222223 0.41875 0.3222222222222223
1 0.6390625 0.23888888888888904 0.5984375 0.23888888888888904 0.5984375 0.30138888888888904 0.6390625 0.30138888888888904
2 0.5703125 0.23750000000000016 0.559375 0.23750000000000016 0.559375 0.28611111111111126 0.5703125 0.28611111111111126
2 0.48984375 0.25555555555555565 0.47578125 0.25555555555555565 0.47578125 0.31666666666666676 0.48984375 0.31666666666666676
2 0.2796875 0.32500000000000007 0.24921875 0.32500000000000007 0.24921875 0.3888888888888889 0.2796875 0.3888888888888889
2 0.203125 0.33472222222222225 0.17656250000000004 0.3347222222222222 0.17656250000000004 0.4013888888888889 0.203125 0.4013888888888889