2 0.33359375 0.25416666666666676 0.3109375 0.25416666666666676 0.3109375 0.3333333333333334 0.33359375 0.3333333333333334
2 0.12500000000000006 0.5736111111111111 0.06875000000000005 0.5736111111111111 0.06875000000000005 0.7444444444444445 0.12500000000000006 0.7444444444444445
2 0.65078125 0.3319444444444446 0.62265625 0.3319444444444446 0.62265625 0.4361111111111113 0.65078125 0.4361111111111113
2 0.59921875 0.16944444444444456 0.57890625 0.16944444444444456 0.57890625 0.21527777777777793 0.59921875 0.21527777777777793
2 0.65859375 0.18750000000000017 0.64140625 0.18750000000000017 0.64140625 0.23750000000000016 0.65859375 0.23750000000000016
2 0.6421875 0.17222222222222236 0.628125 0.17222222222222233 0.628125 0.2208333333333335 0.6421875 0.2208333333333335
1 0.34453125 0.34583333333333344 0.25859375 0.34583333333333344 0.25859375 0.5097222222222222 0.34453125 0.5097222222222222
1 0.3218750000000001 0.8347222222222223 0.12500000000000006 0.8347222222222223 0.12500000000000006 1 0.3218750000000001 1
1 0.74921875 0.3083333333333335 0.66171875 0.3083333333333335 0.66171875 0.4222222222222224 0.74921875 0.4222222222222224
8 0.60859375 0.20833333333333348 0.54765625 0.20833333333333348 0.54765625 0.36111111111111127 0.60859375 0.36111111111111127
8 0.4671875 0.08055555555555566 0.4140625 0.08055555555555566 0.4140625 0.2097222222222223 0.4671875 0.2097222222222223