2 0.71484375 0.30000000000000016 0.68515625 0.30000000000000016 0.68515625 0.3805555555555557 0.71484375 0.3805555555555557
1 0.43203125 0.4958333333333334 0.3078125 0.49583333333333335 0.30781250000000004 0.7652777777777777 0.43203125 0.7652777777777777
2 0.16640625000000003 0.475 0.12343750000000005 0.475 0.12343750000000005 0.6027777777777777 0.16640625000000003 0.6027777777777777
2 0.27421875 0.351388888888889 0.2453125 0.351388888888889 0.2453125 0.4263888888888889 0.27421875 0.4263888888888889
2 0.3390625 0.4083333333333333 0.30546875 0.4083333333333333 0.30546875 0.5222222222222223 0.3390625 0.5222222222222223
2 0.38984375 0.33055555555555566 0.3640625 0.33055555555555566 0.3640625 0.4416666666666668 0.38984375 0.4416666666666668
2 0.42265625 0.351388888888889 0.39765625 0.351388888888889 0.39765625 0.43750000000000017 0.42265625 0.43750000000000017
2 0.54140625 0.2527777777777779 0.525 0.2527777777777779 0.525 0.3083333333333334 0.54140625 0.3083333333333334
2 0.384375 0.2736111111111112 0.3578125 0.2736111111111112 0.3578125 0.34583333333333344 0.384375 0.34583333333333344
2 0.39609375 0.2250000000000001 0.3796875 0.2250000000000001 0.3796875 0.30555555555555564 0.39609375 0.30555555555555564
2 0.06875000000000006 0.6291666666666667 4.3341015626074294e-17 0.6291666666666667 5.046884269923662e-17 0.8361111111111111 0.06875000000000006 0.8361111111111111