2 0.8625 0.4416666666666668 0.81875 0.4416666666666668 0.81875 0.5708333333333335 0.8625 0.5708333333333335
2 0.11093750000000005 0.6166666666666667 0.06093750000000005 0.6166666666666667 0.06093750000000005 0.8041666666666667 0.11093750000000005 0.8041666666666667
2 0.2828125 0.41805555555555557 0.2515625 0.41805555555555557 0.2515625 0.5430555555555555 0.2828125 0.5430555555555555
2 0.2671875 0.35277777777777786 0.23671875 0.35277777777777786 0.23671875 0.4583333333333333 0.2671875 0.4583333333333333
2 0.39296875 0.1722222222222223 0.37734375 0.1722222222222223 0.37734375 0.24027777777777787 0.39296875 0.24027777777777787
2 0.60625 0.15138888888888902 0.5875 0.15138888888888902 0.5875 0.21250000000000016 0.60625 0.21250000000000016
2 0.50234375 0.19444444444444453 0.47109375 0.19444444444444453 0.47109375 0.2736111111111112 0.50234375 0.2736111111111112
8 0.82421875 0.5430555555555557 0.553125 0.5430555555555557 0.553125 1.0000000000000002 0.82421875 1.0000000000000002
8 0.634375 0.24166666666666684 0.54453125 0.24166666666666684 0.54453125 0.4916666666666668 0.634375 0.4916666666666668
8 0.45703125 0.1847222222222223 0.39296875 0.1847222222222223 0.39296875 0.3736111111111113 0.45703125 0.3736111111111113
8 0.5671875 0.1916666666666668 0.5234375 0.19166666666666674 0.5234375 0.3041666666666668 0.5671875 0.3041666666666668
8 0.55859375 0.14166666666666677 0.51875 0.14166666666666677 0.51875 0.20694444444444457 0.55859375 0.2069444444444446