2 0.2257812500000001 0.7958333333333333 0.15312500000000004 0.7958333333333333 0.15312500000000004 0.9652777777777778 0.2257812500000001 0.9652777777777778
2 0.85859375 0.4319444444444446 0.8375 0.4319444444444446 0.8375 0.4944444444444446 0.85859375 0.4944444444444446
2 0.3703125000000001 0.8527777777777777 0.30937500000000007 0.8527777777777777 0.30937500000000007 0.9888888888888889 0.3703125000000001 0.9888888888888889
2 0.76328125 0.4319444444444446 0.7421875 0.4319444444444446 0.7421875 0.4958333333333335 0.76328125 0.4958333333333335
2 0.79453125 0.3583333333333335 0.7796875 0.3583333333333335 0.7796875 0.40277777777777796 0.79453125 0.40277777777777796
2 0.79296875 0.5819444444444446 0.7578125 0.5819444444444446 0.7578125 0.6777777777777779 0.79296875 0.6777777777777779
2 0.76875 0.3055555555555557 0.75546875 0.3055555555555557 0.75546875 0.34166666666666684 0.76875 0.34166666666666684
2 0.83828125 0.4083333333333335 0.8203125 0.4083333333333335 0.8203125 0.4638888888888891 0.83828125 0.4638888888888891
2 0.8046875 0.3305555555555557 0.79296875 0.3305555555555557 0.79296875 0.3680555555555557 0.8046875 0.3680555555555557
2 0.53515625 0.7625 0.48984375 0.7625 0.48984375 0.8875 0.53515625 0.8875
2 0.6484375 0.4722222222222224 0.62578125 0.4722222222222224 0.62578125 0.5347222222222224 0.6484375 0.5347222222222224
2 0.66015625 0.6861111111111112 0.6234375 0.6861111111111112 0.6234375 0.7986111111111112 0.66015625 0.7986111111111112
2 0.6734375 0.5597222222222223 0.64140625 0.5597222222222223 0.64140625 0.6486111111111112 0.6734375 0.6486111111111112
2 0.6296875 0.5444444444444446 0.596875 0.5444444444444446 0.596875 0.6333333333333335 0.6296875 0.6333333333333335
2 0.7015625 0.4944444444444446 0.67734375 0.4944444444444446 0.67734375 0.563888888888889 0.7015625 0.563888888888889
2 0.4796875 0.6458333333333335 0.434375 0.6458333333333335 0.434375 0.7597222222222222 0.4796875 0.7597222222222222
2 0.7296875 0.4486111111111113 0.7078125 0.4486111111111113 0.7078125 0.5083333333333335 0.7296875 0.5083333333333335
2 0.7875 0.40416666666666684 0.76953125 0.40416666666666684 0.76953125 0.45972222222222237 0.7875 0.45972222222222237
2 0.76796875 0.3666666666666668 0.75234375 0.3666666666666668 0.75234375 0.41111111111111126 0.76796875 0.41111111111111126
2 0.709375 0.39861111111111125 0.690625 0.39861111111111125 0.690625 0.44722222222222235 0.709375 0.44722222222222235
2 0.684375 0.4500000000000002 0.66484375 0.4500000000000002 0.66484375 0.5083333333333335 0.684375 0.5083333333333335
2 0.690625 0.4222222222222224 0.671875 0.4222222222222224 0.671875 0.4722222222222224 0.690625 0.4722222222222224
2 0.65546875 0.43888888888888905 0.6359375 0.43888888888888905 0.6359375 0.48888888888888904 0.65546875 0.48888888888888904
2 0.82578125 0.3236111111111113 0.8140625 0.3236111111111113 0.8140625 0.3597222222222224 0.82578125 0.3597222222222224
2 0.7828125 0.2805555555555557 0.771875 0.2805555555555557 0.771875 0.31250000000000017 0.7828125 0.31250000000000017
1 0.378125 0.5208333333333334 0.28515625 0.5208333333333334 0.28515625 0.6222222222222223 0.378125 0.6222222222222223
1 0.5609375 0.41388888888888903 0.5078125 0.41388888888888903 0.5078125 0.4819444444444446 0.5609375 0.4819444444444446
1 0.6296875 0.3680555555555557 0.59921875 0.3680555555555557 0.59921875 0.41666666666666685 0.6296875 0.41666666666666685
1 0.65859375 0.34027777777777796 0.62578125 0.34027777777777796 0.62578125 0.3875000000000002 0.65859375 0.3875000000000002
1 0.665625 0.3875000000000002 0.62578125 0.3875000000000002 0.62578125 0.4486111111111113 0.665625 0.4486111111111113
1 0.57734375 0.37777777777777793 0.5359375 0.37777777777777793 0.5359375 0.4319444444444446 0.57734375 0.4319444444444446
1 0.70546875 0.3305555555555557 0.678125 0.3305555555555557 0.678125 0.3805555555555557 0.70546875 0.3805555555555557
1 0.65 0.28611111111111126 0.6234375 0.28611111111111126 0.6234375 0.3250000000000002 0.65 0.3250000000000002
1 0.709375 0.2902777777777779 0.6875 0.2902777777777779 0.6875 0.32777777777777795 0.709375 0.32777777777777795