1 0.64296875 0.5069444444444446 0.525 0.5069444444444446 0.525 0.7208333333333333 0.64296875 0.7208333333333333
8 0.58203125 0.18472222222222234 0.51875 0.1847222222222223 0.51875 0.326388888888889 0.58203125 0.32638888888888906
8 0.38359375000000007 0.5208333333333334 0.20234375 0.5208333333333334 0.20234375000000004 0.9958333333333333 0.38359375000000007 0.9958333333333333
8 1 0.5597222222222223 0.728125 0.5597222222222223 0.728125 1.0000000000000002 1 1.0000000000000002
8 0.6859375 0.17222222222222236 0.59296875 0.17222222222222233 0.59296875 0.26527777777777795 0.6859375 0.26527777777777795
2 0.709375 0.28750000000000014 0.68671875 0.28750000000000014 0.68671875 0.34166666666666684 0.709375 0.34166666666666684
2 0.7359375 0.3069444444444446 0.71875 0.3069444444444446 0.71875 0.3680555555555557 0.7359375 0.3680555555555557
2 0.715625 0.2625000000000002 0.70234375 0.2625000000000002 0.70234375 0.28888888888888903 0.715625 0.28888888888888903
2 0.16015625000000006 0.37916666666666665 0.13046875000000005 0.37916666666666665 0.13046875000000005 0.4791666666666667 0.16015625000000006 0.4791666666666667
2 0.19921875000000003 0.30555555555555564 0.1828125 0.30555555555555564 0.18281250000000002 0.37083333333333335 0.19921875000000006 0.37083333333333335
2 0.16640625000000003 0.3013888888888889 0.1453125 0.3013888888888889 0.1453125 0.36666666666666664 0.16640625000000003 0.36666666666666664
14 0.690625 0.3791666666666668 0.6234375 0.3791666666666668 0.6234375 0.5069444444444446 0.690625 0.5069444444444446