2 0.26171875 0.351388888888889 0.225 0.351388888888889 0.225 0.46111111111111114 0.26171875 0.46111111111111114
2 0.38515625 0.16805555555555562 0.36640625 0.16805555555555562 0.36640625 0.22777777777777786 0.38515625 0.22777777777777786
2 0.52421875 0.2222222222222223 0.5078125 0.2222222222222223 0.5078125 0.2847222222222223 0.52421875 0.2847222222222223
2 0.61953125 0.3027777777777779 0.58828125 0.3027777777777779 0.58828125 0.3958333333333335 0.61953125 0.3958333333333335
2 0.61796875 0.18611111111111128 0.59921875 0.18611111111111128 0.59921875 0.23888888888888904 0.61796875 0.23888888888888904
1 0.3890625 0.26388888888888895 0.3203125 0.26388888888888895 0.3203125 0.3847222222222223 0.3890625 0.38472222222222235
1 0.61171875 0.36388888888888904 0.5375 0.36388888888888904 0.5375 0.4930555555555557 0.61171875 0.4930555555555557
1 0.43515625 0.13055555555555565 0.40859375 0.13055555555555565 0.40859375 0.17500000000000007 0.43515625 0.17500000000000007
1 0.36796875 0.14166666666666675 0.32421875 0.14166666666666675 0.32421875 0.1861111111111112 0.36796875 0.1861111111111112
1 0.5015625 0.12361111111111123 0.4765625 0.12361111111111123 0.4765625 0.17083333333333345 0.5015625 0.17083333333333345
1 0.53828125 0.10972222222222235 0.5140625 0.10972222222222235 0.5140625 0.15694444444444455 0.53828125 0.15694444444444455
1 0.55546875 0.11388888888888901 0.5375 0.11388888888888901 0.5375 0.14583333333333345 0.55546875 0.14583333333333345
1 0.52890625 0.09444444444444457 0.509375 0.09444444444444457 0.509375 0.1277777777777779 0.52890625 0.1277777777777779
8 0.54609375 0.13611111111111124 0.51640625 0.13611111111111124 0.51640625 0.23194444444444456 0.54609375 0.2319444444444446
8 0.5875 0.11944444444444456 0.55546875 0.11944444444444456 0.55546875 0.19444444444444461 0.5875 0.19444444444444461