2 0.26796875 0.3638888888888889 0.22421875 0.3638888888888889 0.22421875 0.46944444444444444 0.26796875 0.46944444444444444
2 0.24296875 0.5041666666666667 0.19921875000000006 0.5041666666666667 0.19921875000000006 0.6347222222222222 0.24296875 0.6347222222222222
2 0.10000000000000005 0.5763888888888888 0.023437500000000038 0.5763888888888888 0.02343750000000005 0.8305555555555556 0.10000000000000005 0.8305555555555556
2 0.67421875 0.3430555555555557 0.64765625 0.3430555555555557 0.64765625 0.43750000000000017 0.67421875 0.43750000000000017
2 0.75078125 0.33472222222222237 0.71484375 0.33472222222222237 0.71484375 0.42638888888888904 0.75078125 0.42638888888888904
2 0.98515625 0.5736111111111113 0.90546875 0.5736111111111113 0.90546875 0.7569444444444448 0.98515625 0.7569444444444448
2 0.69375 0.29305555555555574 0.6734375 0.29305555555555574 0.6734375 0.40000000000000013 0.69375 0.40000000000000013
2 0.62578125 0.2569444444444446 0.5921875 0.2569444444444446 0.5921875 0.3597222222222224 0.62578125 0.3597222222222224
2 0.646875 0.25138888888888905 0.621875 0.25138888888888905 0.621875 0.3319444444444446 0.646875 0.3319444444444446
2 0.66796875 0.26527777777777795 0.65 0.26527777777777795 0.65 0.33611111111111125 0.66796875 0.33611111111111125
2 0.70546875 0.2444444444444446 0.67265625 0.2444444444444446 0.67265625 0.3097222222222224 0.70546875 0.3097222222222224
1 0.590625 0.2527777777777779 0.52890625 0.2527777777777779 0.52890625 0.3583333333333335 0.590625 0.3583333333333335
2 0.36875 0.18750000000000008 0.35 0.18750000000000008 0.35 0.26250000000000007 0.36875 0.26250000000000007
2 0.12031250000000004 0.3611111111111111 0.04843750000000002 0.3611111111111111 0.04843750000000003 0.45416666666666666 0.12031250000000004 0.45416666666666666
2 0.24375 0.25555555555555565 0.1859375 0.25555555555555565 0.18593750000000003 0.32638888888888895 0.24375 0.32638888888888895