2 0.17734375 0.24861111111111112 0.15859375 0.24861111111111112 0.15859375 0.3013888888888889 0.17734375 0.3013888888888889
2 0.26484375 0.19444444444444453 0.24765625 0.19444444444444453 0.24765625 0.2361111111111112 0.26484375 0.2361111111111112
2 0.3109375 0.20138888888888898 0.2890625 0.20138888888888898 0.2890625 0.24166666666666675 0.3109375 0.24166666666666675
2 0.33359375 0.1972222222222223 0.3125 0.1972222222222223 0.3125 0.23750000000000007 0.33359375 0.23750000000000007
2 0.40390625 0.20416666666666675 0.37734375 0.20416666666666675 0.37734375 0.2472222222222223 0.40390625 0.2472222222222223
2 0.47578125 0.20833333333333343 0.4546875 0.20833333333333343 0.4546875 0.2472222222222223 0.47578125 0.2472222222222223
2 0.7171875 0.2763888888888891 0.70078125 0.2763888888888891 0.70078125 0.32916666666666683 0.7171875 0.32916666666666683
8 0.72265625 0.43750000000000017 0.515625 0.43750000000000017 0.515625 0.8138888888888889 0.72265625 0.8138888888888889
8 0.5984375 0.20833333333333345 0.484375 0.20833333333333343 0.484375 0.5180555555555557 0.5984375 0.5180555555555557
14 0.63203125 0.18333333333333346 0.5328125 0.1833333333333334 0.5328125 0.251388888888889 0.63203125 0.25138888888888905
8 0.7546875 0.18472222222222237 0.70078125 0.18472222222222237 0.70078125 0.2541666666666668 0.7546875 0.2541666666666668
1 0.709375 0.2166666666666668 0.67421875 0.2166666666666668 0.67421875 0.25277777777777793 0.709375 0.25277777777777793