1 0.59375 0.41388888888888903 0.51171875 0.41388888888888903 0.51171875 0.5555555555555557 0.59375 0.5555555555555557
1 0.7484375 0.47916666666666685 0.6421875 0.47916666666666685 0.6421875 0.6291666666666669 0.7484375 0.6291666666666669
1 0.6234375 0.31250000000000017 0.58515625 0.31250000000000017 0.58515625 0.37500000000000017 0.6234375 0.37500000000000017
1 0.64453125 0.2444444444444446 0.6 0.2444444444444446 0.6 0.30000000000000016 0.64453125 0.30000000000000016
1 0.73203125 0.21805555555555572 0.696875 0.21805555555555572 0.696875 0.2541666666666668 0.73203125 0.2541666666666668
8 0.39921875 0.1555555555555556 0.26171875 0.15555555555555559 0.26171875 0.2472222222222223 0.39921875 0.2472222222222223
8 0.7390625 0.16111111111111126 0.66640625 0.16111111111111126 0.66640625 0.22222222222222238 0.7390625 0.22222222222222238
8 0.63046875 0.18750000000000017 0.571875 0.18750000000000017 0.571875 0.24305555555555572 0.63046875 0.24305555555555572
2 0.17578125 0.24166666666666667 0.159375 0.24166666666666667 0.159375 0.2916666666666667 0.17578125 0.2916666666666667
2 0.48046875 0.2708333333333334 0.45390625 0.2708333333333334 0.45390625 0.3236111111111112 0.48046875 0.3236111111111112
14 0.58515625 0.18194444444444458 0.51640625 0.18194444444444452 0.51640625 0.3069444444444446 0.58515625 0.3069444444444446