2 0.653125 0.25972222222222235 0.63671875 0.25972222222222235 0.63671875 0.3333333333333335 0.653125 0.3333333333333335
2 0.69921875 0.4152777777777779 0.66953125 0.4152777777777779 0.66953125 0.5222222222222224 0.69921875 0.5222222222222224
2 0.9953125 0.7583333333333336 0.9609375 0.7583333333333336 0.9609375 0.8888888888888892 0.9953125 0.8888888888888892
2 0.6625 0.36388888888888904 0.64453125 0.36388888888888904 0.64453125 0.4444444444444446 0.6625 0.4444444444444446
2 0.628125 0.2347222222222224 0.61328125 0.2347222222222224 0.61328125 0.2819444444444446 0.628125 0.2819444444444446
2 0.4 0.17500000000000007 0.3890625 0.17500000000000007 0.3890625 0.2250000000000001 0.4 0.2250000000000001
8 0.465625 0.20138888888888898 0.3890625 0.20138888888888898 0.3890625 0.4319444444444446 0.465625 0.4319444444444446
8 0.56171875 0.15833333333333346 0.5109375 0.15833333333333346 0.5109375 0.2652777777777779 0.56171875 0.26527777777777795
8 0.58984375 0.1666666666666668 0.55859375 0.1666666666666668 0.55859375 0.22916666666666682 0.58984375 0.22916666666666682
1 0.559375 0.26944444444444454 0.51640625 0.26944444444444454 0.51640625 0.3569444444444446 0.559375 0.3569444444444446
8 0.32031250000000006 0.3166666666666667 0.0031250000000000223 0.31666666666666665 0.0031250000000000457 1 0.3203125000000001 1
2 0.7140625 0.3708333333333335 0.68984375 0.3708333333333335 0.68984375 0.45138888888888906 0.7140625 0.45138888888888906
1 0.390625 0.26805555555555566 0.34453125 0.26805555555555566 0.34453125 0.35277777777777786 0.390625 0.35277777777777786