8 0.70078125 0.4291666666666668 0.56171875 0.4291666666666668 0.56171875 0.7861111111111111 0.70078125 0.7861111111111111
1 0.57578125 0.2708333333333334 0.515625 0.2708333333333334 0.515625 0.3583333333333335 0.57578125 0.3583333333333335
2 0.6171875 0.3166666666666668 0.59453125 0.3166666666666668 0.59453125 0.4055555555555557 0.6171875 0.4055555555555557
2 0.68203125 0.2819444444444446 0.65703125 0.2819444444444446 0.65703125 0.3458333333333335 0.68203125 0.3458333333333335
2 0.703125 0.26388888888888906 0.67734375 0.26388888888888906 0.67734375 0.33611111111111125 0.703125 0.33611111111111125
2 0.76171875 0.28611111111111126 0.73203125 0.28611111111111126 0.73203125 0.40000000000000013 0.76171875 0.40000000000000013
2 0.29453125 0.38333333333333336 0.2640625 0.38333333333333336 0.2640625 0.4986111111111111 0.29453125 0.4986111111111111
2 0.12656250000000005 0.6138888888888889 0.06718750000000004 0.6138888888888889 0.06718750000000004 0.7152777777777778 0.12656250000000005 0.7152777777777778
2 0.11250000000000004 0.36527777777777776 0.05625000000000002 0.36527777777777776 0.05625000000000002 0.42777777777777776 0.11250000000000004 0.42777777777777776
2 0.22265625 0.26250000000000007 0.1828125 0.26250000000000007 0.1828125 0.2958333333333334 0.22265625 0.2958333333333334
2 0.32734375 0.24166666666666675 0.30390625 0.24166666666666675 0.30390625 0.3291666666666667 0.32734375 0.3291666666666667
2 0.3625 0.2250000000000001 0.34375 0.2250000000000001 0.34375 0.288888888888889 0.3625 0.288888888888889
2 0.3921875 0.2222222222222223 0.36875 0.2222222222222223 0.36875 0.2958333333333334 0.3921875 0.2958333333333334
2 0.578125 0.1833333333333335 0.56015625 0.1833333333333335 0.56015625 0.2444444444444446 0.578125 0.2444444444444446
2 0.56328125 0.20833333333333345 0.54296875 0.20833333333333343 0.54296875 0.276388888888889 0.56328125 0.2763888888888891
2 0.64375 0.1930555555555557 0.61875 0.1930555555555557 0.61875 0.2555555555555557 0.64375 0.2555555555555557