2 0.22890625 0.25416666666666676 0.18984375 0.25416666666666676 0.18984375 0.3097222222222223 0.22890625 0.3097222222222223
2 0.11015625000000004 0.3527777777777778 0.04687500000000002 0.3527777777777778 0.04687500000000003 0.44722222222222224 0.11015625000000004 0.44722222222222224
2 0.17031250000000003 0.6541666666666667 0.08437500000000005 0.6541666666666667 0.08437500000000006 0.8847222222222222 0.17031250000000003 0.8847222222222222
2 0.29296875 0.36527777777777776 0.253125 0.36527777777777776 0.253125 0.4861111111111111 0.29296875 0.4861111111111111
2 0.32734375 0.2583333333333334 0.28515625 0.2583333333333334 0.28515625 0.3680555555555556 0.32734375 0.3680555555555556
2 0.359375 0.26527777777777783 0.33203125 0.26527777777777783 0.33203125 0.35277777777777786 0.359375 0.35277777777777786
2 0.38828125 0.2472222222222223 0.3625 0.2472222222222223 0.3625 0.3236111111111112 0.38828125 0.3236111111111112
1 0.4625 0.35416666666666674 0.36640625 0.35416666666666674 0.36640625 0.563888888888889 0.4625 0.563888888888889
2 0.79375 0.40000000000000013 0.753125 0.40000000000000013 0.753125 0.5125000000000002 0.79375 0.5125000000000002
2 0.9765625 0.5430555555555557 0.921875 0.5430555555555557 0.921875 0.7194444444444448 0.9765625 0.7194444444444448
2 0.62578125 0.3388888888888891 0.6 0.3388888888888891 0.6 0.4416666666666668 0.62578125 0.4416666666666668
2 0.653125 0.24166666666666684 0.6359375 0.24166666666666684 0.6359375 0.3069444444444446 0.653125 0.3069444444444446
2 0.72890625 0.27500000000000013 0.70625 0.27500000000000013 0.70625 0.3652777777777779 0.72890625 0.3652777777777779
2 0.54375 0.2097222222222223 0.52109375 0.2097222222222223 0.52109375 0.2861111111111112 0.54375 0.2861111111111112
2 0.3671875 0.2222222222222223 0.34765625 0.2222222222222223 0.34765625 0.29027777777777786 0.3671875 0.29027777777777786
2 0.39609375 0.20138888888888898 0.38046875 0.20138888888888898 0.38046875 0.25416666666666676 0.39609375 0.25416666666666676
2 0.415625 0.1847222222222223 0.3953125 0.1847222222222223 0.3953125 0.2361111111111112 0.415625 0.2361111111111112
2 0.38125 0.17500000000000007 0.3640625 0.17500000000000007 0.3640625 0.2361111111111112 0.38125 0.2361111111111112
2 0.46015625 0.19861111111111118 0.43984375 0.19861111111111118 0.43984375 0.26805555555555566 0.46015625 0.26805555555555566
2 0.6296875 0.22222222222222238 0.6109375 0.22222222222222238 0.6109375 0.28611111111111126 0.6296875 0.28611111111111126