2 0.18046875000000004 0.5444444444444444 0.12500000000000006 0.5444444444444444 0.12500000000000006 0.725 0.18046875000000004 0.725
2 0.15781250000000005 0.4986111111111111 0.11875000000000005 0.4986111111111111 0.11875000000000005 0.6055555555555555 0.15781250000000005 0.6055555555555555
2 0.2546875 0.5166666666666667 0.215625 0.5166666666666667 0.215625 0.6069444444444444 0.2546875 0.6069444444444444
2 0.221875 0.3861111111111111 0.19375000000000003 0.3861111111111111 0.19375000000000003 0.4583333333333333 0.221875 0.4583333333333333
1 0.3984375 0.3069444444444445 0.33359375 0.3069444444444445 0.33359375 0.438888888888889 0.3984375 0.43888888888888905
2 0.65234375 0.26666666666666683 0.625 0.26666666666666683 0.625 0.34861111111111126 0.65234375 0.34861111111111126
2 0.7375 0.32916666666666683 0.70859375 0.32916666666666683 0.70859375 0.4152777777777779 0.7375 0.4152777777777779
2 0.834375 0.4638888888888891 0.784375 0.4638888888888891 0.784375 0.6236111111111112 0.834375 0.6236111111111112
2 0.45546875 0.32638888888888895 0.4359375 0.32638888888888895 0.4359375 0.4194444444444446 0.45546875 0.4194444444444446
2 0.44296875 0.28333333333333344 0.42890625 0.28333333333333344 0.42890625 0.35277777777777786 0.44296875 0.35277777777777786
2 0.2875 0.2805555555555556 0.26484375 0.2805555555555556 0.26484375 0.3625 0.2875 0.3625
2 0.31484375 0.2666666666666667 0.29609375 0.2666666666666667 0.29609375 0.3361111111111112 0.31484375 0.3361111111111112
2 0.334375 0.2958333333333334 0.3171875 0.2958333333333334 0.3171875 0.36944444444444446 0.334375 0.36944444444444446
2 0.34453125 0.21944444444444453 0.3234375 0.21944444444444453 0.3234375 0.27638888888888896 0.34453125 0.27638888888888896
2 0.3546875 0.25416666666666676 0.3359375 0.25416666666666676 0.3359375 0.31666666666666676 0.3546875 0.31666666666666676
2 0.3828125 0.24027777777777787 0.36171875 0.24027777777777787 0.36171875 0.313888888888889 0.3828125 0.313888888888889
1 0.4484375 0.23333333333333342 0.40234375 0.23333333333333342 0.40234375 0.3069444444444445 0.4484375 0.3069444444444445
14 0.434375 0.4847222222222223 0.029687500000000033 0.4847222222222222 0.02968750000000005 0.9986111111111111 0.434375 0.9986111111111111