2 0.625 0.725 0.5828125 0.725 0.5828125 0.9319444444444445 0.625 0.9319444444444445
2 0.625 0.2819444444444446 0.6 0.2819444444444446 0.6 0.3666666666666668 0.625 0.3666666666666668
2 0.509375 0.7236111111111111 0.465625 0.7236111111111111 0.465625 0.8944444444444445 0.509375 0.8944444444444445
2 0.859375 0.8055555555555559 0.79765625 0.8055555555555559 0.79765625 0.9805555555555558 0.859375 0.9805555555555558
2 0.35625 0.27777777777777785 0.33984375 0.27777777777777785 0.33984375 0.37083333333333335 0.35625 0.37083333333333335
2 0.3046875 0.37777777777777777 0.28203125 0.37777777777777777 0.28203125 0.49166666666666664 0.3046875 0.49166666666666664
2 0.91796875 0.7347222222222225 0.86484375 0.7347222222222225 0.86484375 0.9083333333333337 0.91796875 0.9083333333333337
2 0.9484375 0.4555555555555557 0.8859375 0.4555555555555557 0.8859375 0.5500000000000002 0.9484375 0.5500000000000002
2 0.71015625 0.4222222222222224 0.68125 0.4222222222222224 0.68125 0.540277777777778 0.71015625 0.540277777777778
2 0.64921875 0.3597222222222224 0.6265625 0.3597222222222224 0.6265625 0.4680555555555557 0.64921875 0.4680555555555557
2 0.48359375 0.6041666666666669 0.43984375 0.6041666666666669 0.43984375 0.7666666666666667 0.48359375 0.7666666666666667
2 0.275 0.3083333333333334 0.23515625 0.3083333333333334 0.23515625 0.4041666666666667 0.275 0.4041666666666667
2 0.3796875 0.21944444444444453 0.3625 0.21944444444444453 0.3625 0.2875000000000001 0.3796875 0.2875000000000001
2 0.55 0.6000000000000002 0.4875 0.6000000000000002 0.4875 0.7763888888888889 0.55 0.7763888888888889
2 0.5984375 0.19861111111111127 0.58125 0.19861111111111127 0.58125 0.2611111111111113 0.5984375 0.2611111111111113
2 0.54296875 0.2736111111111112 0.5078125 0.2736111111111112 0.5078125 0.3444444444444445 0.54296875 0.3444444444444445
2 0.58125 0.2208333333333335 0.56171875 0.2208333333333335 0.56171875 0.2847222222222224 0.58125 0.2847222222222224
2 0.28203125 0.4625 0.2484375 0.4625 0.2484375 0.5986111111111111 0.28203125 0.5986111111111111
2 0.55546875 0.16111111111111123 0.53984375 0.16111111111111123 0.53984375 0.21944444444444455 0.55546875 0.2194444444444446
2 0.34765625 0.2250000000000001 0.33046875 0.2250000000000001 0.33046875 0.2875000000000001 0.34765625 0.2875000000000001
1 0.56484375 0.5111111111111113 0.45546875 0.5111111111111113 0.45546875 0.6708333333333335 0.56484375 0.6708333333333335
1 0.40859375 0.5000000000000001 0.3296875 0.5 0.3296875 0.6777777777777778 0.40859375 0.6777777777777779
1 0.43125 0.20277777777777786 0.403125 0.20277777777777786 0.403125 0.24166666666666675 0.43125 0.24166666666666675
8 0.43671875 0.26805555555555566 0.36171875 0.26805555555555566 0.36171875 0.4583333333333334 0.43671875 0.4583333333333335
1 0.4171875 0.24305555555555564 0.38671875 0.24305555555555564 0.38671875 0.2708333333333334 0.4171875 0.2708333333333334