8 0.81640625 0.6222222222222223 0.51953125 0.6222222222222223 0.51953125 0.9986111111111112 0.81640625 0.9986111111111114
1 0.6984375 0.4305555555555557 0.6203125 0.4305555555555557 0.6203125 0.5583333333333335 0.6984375 0.5583333333333335
1 0.571875 0.4291666666666668 0.5125 0.4291666666666668 0.5125 0.540277777777778 0.571875 0.540277777777778
1 0.97578125 0.6875000000000001 0.75859375 0.6875000000000001 0.75859375 0.991666666666667 0.97578125 0.991666666666667
1 0.5734375 0.24722222222222234 0.53046875 0.2472222222222223 0.53046875 0.3069444444444446 0.5734375 0.3069444444444446
1 0.47578125 0.20416666666666675 0.43359375 0.20416666666666675 0.43359375 0.2472222222222223 0.47578125 0.2472222222222223
1 0.69609375 0.19722222222222238 0.66328125 0.19722222222222238 0.66328125 0.2319444444444446 0.69609375 0.2319444444444446
1 0.7390625 0.21805555555555572 0.70625 0.21805555555555572 0.70625 0.25138888888888905 0.7390625 0.25138888888888905
14 0.5671875 0.3000000000000001 0.5015625 0.3000000000000001 0.5015625 0.4444444444444446 0.5671875 0.4444444444444446
14 0.65234375 0.22638888888888906 0.59296875 0.22638888888888906 0.59296875 0.3569444444444446 0.65234375 0.3569444444444446
2 0.2828125 0.2944444444444445 0.25625 0.2944444444444445 0.25625 0.38472222222222224 0.2828125 0.38472222222222224
2 0.3734375 0.25000000000000006 0.3515625 0.25000000000000006 0.3515625 0.33055555555555566 0.3734375 0.33055555555555566
8 0.3765625 0.40138888888888896 2.7650228511998833e-17 0.4013888888888889 4.8220467716427034e-17 0.9986111111111111 0.3765625000000001 0.9986111111111111