2 0.18515625000000005 0.4722222222222222 0.13515625000000003 0.4722222222222222 0.13515625000000003 0.6291666666666667 0.18515625000000005 0.6291666666666667
2 0.828125 0.4708333333333335 0.78984375 0.4708333333333335 0.78984375 0.5958333333333334 0.828125 0.5958333333333334
2 0.7890625 0.3722222222222224 0.75546875 0.3722222222222224 0.75546875 0.4722222222222224 0.7890625 0.4722222222222224
2 0.440625 0.15555555555555564 0.4234375 0.15555555555555564 0.4234375 0.20000000000000007 0.440625 0.20000000000000007
2 0.478125 0.15555555555555567 0.465625 0.15555555555555567 0.465625 0.20416666666666675 0.478125 0.20416666666666675
1 0.69765625 0.2972222222222224 0.63828125 0.2972222222222224 0.63828125 0.4013888888888891 0.69765625 0.4013888888888891
1 0.48125 0.11666666666666678 0.46015625 0.11666666666666678 0.46015625 0.14861111111111122 0.48125 0.14861111111111122
1 0.48515625 0.1027777777777779 0.46875 0.1027777777777779 0.46875 0.13611111111111124 0.48515625 0.13611111111111124
1 0.4609375 0.10833333333333343 0.44453125 0.1083333333333334 0.44453125 0.1361111111111112 0.4609375 0.13611111111111124
1 0.45 0.11527777777777785 0.4265625 0.11527777777777785 0.4265625 0.14305555555555563 0.45 0.14305555555555563
8 0.65078125 0.15694444444444458 0.52421875 0.15694444444444455 0.52421875 0.5388888888888891 0.65078125 0.5388888888888891