2 0.834375 0.4916666666666668 0.76328125 0.4916666666666668 0.76328125 0.6013888888888891 0.834375 0.6013888888888891
2 0.59609375 0.5138888888888891 0.5234375 0.5138888888888891 0.5234375 0.640277777777778 0.59609375 0.640277777777778
2 0.35468750000000004 0.5875 0.26328125 0.5875 0.26328125 0.7263888888888889 0.3546875000000001 0.7263888888888889
2 0.221875 0.4125 0.16406250000000006 0.4125 0.16406250000000006 0.5180555555555556 0.221875 0.5180555555555556
2 0.25859375000000007 0.6375 0.17187500000000006 0.6375 0.17187500000000006 0.7861111111111111 0.25859375000000007 0.7861111111111111
2 0.059375000000000046 0.5791666666666667 3.989669650347236e-17 0.5791666666666667 4.434560870349986e-17 0.7083333333333334 0.059375000000000046 0.7083333333333334
2 0.90078125 0.5041666666666669 0.834375 0.5041666666666669 0.834375 0.6208333333333335 0.90078125 0.6208333333333335
2 0.34140625 0.25416666666666676 0.3234375 0.25416666666666676 0.3234375 0.30416666666666675 0.34140625 0.30416666666666675
2 0.4890625 0.44722222222222235 0.42890625 0.44722222222222235 0.42890625 0.5430555555555557 0.4890625 0.5430555555555557
2 0.36015625 0.25694444444444453 0.346875 0.25694444444444453 0.346875 0.31805555555555565 0.36015625 0.31805555555555565
2 0.15546875000000004 0.3861111111111111 0.10390625000000005 0.3861111111111111 0.10390625000000005 0.49027777777777776 0.15546875000000004 0.49027777777777776
2 0.3515625 0.3291666666666667 0.3109375 0.3291666666666667 0.3109375 0.40694444444444444 0.3515625 0.40694444444444444
2 0.54453125 0.35000000000000014 0.51484375 0.3500000000000001 0.51484375 0.44722222222222235 0.54453125 0.44722222222222235
2 0.47109375 0.5680555555555558 0.3921875 0.5680555555555558 0.3921875 0.690277777777778 0.47109375 0.690277777777778
2 0.41484375 0.5305555555555557 0.3359375 0.5305555555555556 0.33593750000000006 0.6500000000000001 0.41484375 0.6500000000000001
2 0.31953125 0.42916666666666664 0.2609375 0.42916666666666664 0.2609375 0.5208333333333334 0.31953125 0.5208333333333334
2 0.048437500000000064 0.8291666666666667 5.711829211648202e-17 0.8291666666666667 6.252395962834339e-17 0.9861111111111112 0.048437500000000064 0.9861111111111112
2 0.40546875 0.39861111111111125 0.36328125 0.39861111111111125 0.36328125 0.4958333333333335 0.40546875 0.4958333333333335
2 0.43515625 0.2486111111111112 0.4203125 0.2486111111111112 0.4203125 0.30416666666666675 0.43515625 0.30416666666666675
2 0.10312500000000005 0.3527777777777778 0.05859375000000002 0.3527777777777778 0.05859375000000002 0.43333333333333335 0.10312500000000005 0.43333333333333335
2 0.42265625 0.35555555555555574 0.371875 0.35555555555555574 0.371875 0.4152777777777779 0.42265625 0.4152777777777779
2 0.3046875 0.313888888888889 0.265625 0.313888888888889 0.265625 0.39166666666666666 0.3046875 0.39166666666666666
2 0.38203125 0.26527777777777783 0.36640625 0.26527777777777783 0.36640625 0.32777777777777783 0.38203125 0.32777777777777783
2 0.378125 0.4541666666666667 0.31328125 0.45416666666666666 0.31328125 0.5569444444444446 0.378125 0.5569444444444446
2 0.41796875 0.26527777777777783 0.4046875 0.26527777777777783 0.4046875 0.3430555555555556 0.41796875 0.3430555555555556
2 0.13281250000000006 0.3388888888888889 0.09218750000000002 0.3388888888888889 0.09218750000000002 0.425 0.13281250000000006 0.425
2 0.3140625 0.35555555555555557 0.271875 0.35555555555555557 0.271875 0.43472222222222223 0.3140625 0.43472222222222223
2 0.34765625 0.39861111111111114 0.29609375 0.39861111111111114 0.29609375 0.48055555555555557 0.34765625 0.48055555555555557
2 0.87265625 0.4555555555555557 0.80625 0.4555555555555557 0.80625 0.5569444444444446 0.87265625 0.5569444444444446
2 0.5015625 0.4194444444444446 0.45546875 0.4194444444444446 0.45546875 0.5055555555555558 0.5015625 0.5055555555555558
8 0.97734375 0.3430555555555558 0.771875 0.3430555555555557 0.771875 0.5111111111111113 0.97734375 0.5111111111111113
2 0.3984375 0.26250000000000007 0.3828125 0.26250000000000007 0.3828125 0.3291666666666667 0.3984375 0.3291666666666667
2 0.478125 0.37500000000000017 0.43984375 0.37500000000000017 0.43984375 0.4555555555555557 0.478125 0.4555555555555557
2 0.5203125 0.3930555555555557 0.4875 0.3930555555555557 0.4875 0.48888888888888904 0.5203125 0.48888888888888904
2 0.48046875 0.3430555555555556 0.46640625 0.3430555555555556 0.46640625 0.40277777777777796 0.48046875 0.40277777777777796
2 0.49375 0.37638888888888905 0.47734375 0.37638888888888905 0.47734375 0.42638888888888904 0.49375 0.42638888888888904
2 0.38125 0.513888888888889 0.3234375 0.5138888888888888 0.3234375 0.6055555555555556 0.38125 0.6055555555555557