8 0.34375 0.16388888888888895 0.240625 0.16388888888888892 0.240625 0.24027777777777787 0.34375 0.24027777777777787
8 0.5671875 0.22500000000000012 0.50546875 0.2250000000000001 0.50546875 0.32361111111111124 0.5671875 0.3236111111111113
1 0.67734375 0.22638888888888906 0.63203125 0.22638888888888906 0.63203125 0.2833333333333335 0.67734375 0.2833333333333335
2 0.15546875 0.23333333333333334 0.13984375 0.23333333333333334 0.13984375 0.28055555555555556 0.15546875 0.28055555555555556
2 0.2421875 0.1972222222222223 0.22890625 0.1972222222222223 0.22890625 0.2361111111111112 0.2421875 0.2361111111111112
2 0.20390625 0.1861111111111112 0.19140625 0.1861111111111112 0.19140625 0.21805555555555564 0.20390625 0.21805555555555564
2 0.43828125 0.20833333333333343 0.41640625 0.20833333333333343 0.41640625 0.2486111111111112 0.43828125 0.2486111111111112
2 0.4125 0.19861111111111118 0.3921875 0.19861111111111118 0.3921875 0.2472222222222223 0.4125 0.2472222222222223
2 0.45234375 0.20416666666666675 0.43125 0.20416666666666675 0.43125 0.24027777777777787 0.45234375 0.24027777777777787
14 0.88984375 0.39861111111111125 0.653125 0.39861111111111125 0.653125 0.801388888888889 0.88984375 0.8013888888888892
14 0.70859375 0.16250000000000014 0.62421875 0.16250000000000012 0.62421875 0.2458333333333335 0.70859375 0.2458333333333335