2 0.54296875 0.5277777777777779 0.51171875 0.5277777777777779 0.51171875 0.6236111111111112 0.54296875 0.6236111111111112
2 0.3101562500000001 0.6861111111111111 0.25468750000000007 0.6861111111111111 0.25468750000000007 0.8291666666666667 0.3101562500000001 0.8291666666666667
2 0.3078125000000001 0.8513888888888889 0.2468750000000001 0.8513888888888889 0.2468750000000001 0.9916666666666667 0.3078125000000001 0.9916666666666667
2 0.86875 0.6097222222222224 0.8390625 0.6097222222222224 0.8390625 0.7083333333333335 0.86875 0.7083333333333335
2 0.75234375 0.5847222222222224 0.725 0.5847222222222224 0.725 0.6736111111111113 0.75234375 0.6736111111111113
2 0.6734375 0.5361111111111113 0.64765625 0.5361111111111113 0.64765625 0.6208333333333335 0.6734375 0.6208333333333335
2 0.66953125 0.6388888888888891 0.6359375 0.6388888888888891 0.6359375 0.7625 0.66953125 0.7625
2 0.890625 0.5111111111111113 0.86875 0.5111111111111113 0.86875 0.5944444444444446 0.890625 0.5944444444444446
2 0.71953125 0.6916666666666669 0.68125 0.6916666666666669 0.68125 0.8208333333333333 0.71953125 0.8208333333333333
2 0.78984375 0.40277777777777796 0.76875 0.40277777777777796 0.76875 0.46527777777777796 0.78984375 0.46527777777777796
2 0.6125 0.5861111111111112 0.5828125 0.5861111111111112 0.5828125 0.6750000000000002 0.6125 0.6750000000000002
2 0.815625 0.6388888888888891 0.78203125 0.6388888888888891 0.78203125 0.7375000000000003 0.815625 0.7375000000000003
2 0.87578125 0.6958333333333335 0.83828125 0.6958333333333335 0.83828125 0.8194444444444448 0.87578125 0.8194444444444448
2 0.51484375 0.6180555555555557 0.48125 0.6180555555555557 0.48125 0.7263888888888889 0.51484375 0.7263888888888889
2 0.43125 0.7541666666666667 0.3828125000000001 0.7541666666666667 0.3828125000000001 0.8902777777777777 0.43125 0.8902777777777777
2 0.7375 0.6333333333333335 0.703125 0.6333333333333335 0.703125 0.7416666666666668 0.7375 0.741666666666667
2 0.70546875 0.4069444444444446 0.68203125 0.4069444444444446 0.68203125 0.47500000000000014 0.70546875 0.47500000000000014
2 0.72578125 0.48611111111111127 0.70234375 0.48611111111111127 0.70234375 0.5583333333333335 0.72578125 0.5583333333333335
2 0.40625 0.6791666666666668 0.3671875000000001 0.6791666666666668 0.3671875000000001 0.8027777777777778 0.40625 0.8027777777777778
2 0.86953125 0.5527777777777779 0.84296875 0.5527777777777779 0.84296875 0.627777777777778 0.86953125 0.627777777777778
2 0.69609375 0.5819444444444446 0.66484375 0.5819444444444446 0.66484375 0.6833333333333335 0.69609375 0.6833333333333335
2 0.85546875 0.7819444444444448 0.81171875 0.7819444444444448 0.81171875 0.929166666666667 0.85546875 0.929166666666667
2 0.840625 0.4013888888888891 0.81796875 0.4013888888888891 0.81796875 0.46527777777777796 0.840625 0.46527777777777796
2 0.9171875 0.5791666666666668 0.88359375 0.5791666666666668 0.88359375 0.6875000000000001 0.9171875 0.6875000000000001
2 0.81875 0.5875000000000001 0.80390625 0.5875000000000001 0.80390625 0.6666666666666669 0.81875 0.6666666666666669
2 0.84765625 0.5083333333333335 0.821875 0.5083333333333335 0.821875 0.588888888888889 0.84765625 0.588888888888889
2 0.7890625 0.5055555555555558 0.76875 0.5055555555555558 0.76875 0.5791666666666668 0.7890625 0.5791666666666668
2 0.71484375 0.5569444444444446 0.68828125 0.5569444444444446 0.68828125 0.6527777777777779 0.71484375 0.6527777777777779
2 0.58203125 0.565277777777778 0.5578125 0.565277777777778 0.5578125 0.6666666666666669 0.58203125 0.6666666666666669
2 0.73046875 0.39027777777777795 0.71171875 0.39027777777777795 0.71171875 0.4486111111111113 0.73046875 0.4486111111111113
2 0.77421875 0.7902777777777781 0.72734375 0.7902777777777781 0.72734375 0.9486111111111114 0.77421875 0.9486111111111114
2 0.79453125 0.7055555555555557 0.75390625 0.7055555555555557 0.75390625 0.8347222222222226 0.79453125 0.8347222222222226
2 0.825 0.47916666666666685 0.80390625 0.47916666666666685 0.80390625 0.5541666666666668 0.825 0.5541666666666668
2 0.85859375 0.4708333333333335 0.834375 0.4708333333333335 0.834375 0.5430555555555557 0.85859375 0.5430555555555557
2 0.46328125 0.6638888888888891 0.4234375 0.6638888888888891 0.4234375 0.7861111111111111 0.46328125 0.7861111111111111
2 0.85703125 0.3527777777777779 0.8375 0.3527777777777779 0.8375 0.4097222222222224 0.85703125 0.4097222222222224
2 0.65078125 0.6013888888888891 0.61953125 0.6013888888888891 0.61953125 0.7111111111111111 0.65078125 0.7111111111111111
2 0.8734375 0.4847222222222224 0.85078125 0.4847222222222224 0.85078125 0.5569444444444446 0.8734375 0.5569444444444446
2 0.77890625 0.5847222222222224 0.75 0.5847222222222224 0.75 0.6819444444444446 0.77890625 0.6819444444444446
2 0.71796875 0.3680555555555557 0.6984375 0.3680555555555557 0.6984375 0.4208333333333335 0.71796875 0.4208333333333335
2 0.8109375 0.3875000000000002 0.79140625 0.3875000000000002 0.79140625 0.4486111111111113 0.8109375 0.4486111111111113
2 0.67734375 0.4277777777777779 0.65078125 0.4277777777777779 0.65078125 0.502777777777778 0.67734375 0.502777777777778
2 0.64375 0.5305555555555557 0.61875 0.5305555555555557 0.61875 0.613888888888889 0.64375 0.613888888888889
2 0.64375 0.4930555555555557 0.6234375 0.4930555555555557 0.6234375 0.5625000000000001 0.64375 0.5625000000000001
2 0.7546875 0.38888888888888906 0.73515625 0.38888888888888906 0.73515625 0.4500000000000002 0.7546875 0.4500000000000002
2 0.77890625 0.3666666666666668 0.7625 0.3666666666666668 0.7625 0.4208333333333335 0.77890625 0.4208333333333335
2 0.771875 0.5000000000000001 0.74609375 0.5000000000000001 0.74609375 0.5736111111111113 0.771875 0.5736111111111113
2 0.7421875 0.5250000000000001 0.7171875 0.5250000000000001 0.7171875 0.6013888888888891 0.7421875 0.6013888888888891
2 0.696875 0.502777777777778 0.67421875 0.502777777777778 0.67421875 0.5861111111111112 0.696875 0.5861111111111112
2 0.8046875 0.4847222222222224 0.7828125 0.4847222222222224 0.7828125 0.5583333333333335 0.8046875 0.5583333333333335
2 0.4921875 0.5902777777777779 0.46328125 0.5902777777777779 0.46328125 0.6916666666666669 0.4921875 0.6916666666666669
2 0.8109375 0.5250000000000001 0.7890625 0.5250000000000001 0.7890625 0.5972222222222224 0.8109375 0.5972222222222224
2 0.67890625 0.4930555555555557 0.65390625 0.4930555555555557 0.65390625 0.5680555555555558 0.67890625 0.5680555555555558
2 0.7390625 0.3444444444444446 0.721875 0.3444444444444446 0.721875 0.3930555555555557 0.7390625 0.3930555555555557
1 0.39843750000000006 0.5652777777777779 0.29609375 0.5652777777777778 0.29609375000000004 0.6902777777777779 0.3984375000000001 0.690277777777778
1 0.58984375 0.7319444444444444 0.49609375 0.7319444444444444 0.49609375 0.8958333333333334 0.58984375 0.8958333333333334
1 0.55625 0.40277777777777796 0.51015625 0.40277777777777796 0.51015625 0.4708333333333335 0.55625 0.4708333333333335
1 0.76875 0.4486111111111113 0.71953125 0.4486111111111113 0.71953125 0.5291666666666668 0.76875 0.5291666666666668
2 0.61796875 0.5416666666666669 0.590625 0.5416666666666669 0.590625 0.5902777777777779 0.61796875 0.5902777777777779
2 0.8046875 0.5555555555555557 0.7890625 0.5555555555555557 0.7890625 0.6347222222222224 0.8046875 0.6347222222222224
2 0.56171875 0.5430555555555557 0.546875 0.5430555555555557 0.546875 0.6347222222222224 0.56171875 0.6347222222222224
14 0.6703125 0.3069444444444446 0.64453125 0.3069444444444446 0.64453125 0.35555555555555574 0.6703125 0.35555555555555574
1 0.7125 0.32083333333333347 0.6875 0.32083333333333347 0.6875 0.3666666666666668 0.7125 0.3666666666666668