2 0.228125 0.3680555555555556 0.19140625000000006 0.3680555555555556 0.19140625000000006 0.48333333333333334 0.228125 0.48333333333333334
14 0.275 0.13472222222222227 0.1765625 0.13472222222222227 0.1765625 0.2430555555555556 0.275 0.24305555555555564
14 0.16875 0.13750000000000004 0.10078125 0.13750000000000004 0.10078125 0.23472222222222222 0.16875 0.23472222222222222
1 0.5625 0.2916666666666668 0.50703125 0.29166666666666674 0.50703125 0.39861111111111125 0.5625 0.39861111111111125
14 0.8109375 0.36388888888888904 0.62734375 0.36388888888888904 0.62734375 0.7111111111111112 0.8109375 0.7111111111111115
2 0.85390625 0.4500000000000002 0.825 0.4500000000000002 0.825 0.5611111111111112 0.85390625 0.5611111111111112
1 0.80078125 0.8736111111111112 0.60703125 0.8736111111111111 0.60703125 1.0000000000000002 0.80078125 1.0000000000000002
1 0.68671875 0.21805555555555572 0.6515625 0.21805555555555572 0.6515625 0.2694444444444446 0.68671875 0.2694444444444446
8 0.5109375 0.16805555555555565 0.42109375 0.16805555555555562 0.42109375 0.23750000000000007 0.5109375 0.23750000000000007
2 0.4171875 0.21944444444444453 0.39140625 0.21944444444444453 0.39140625 0.2666666666666667 0.4171875 0.2666666666666667
2 0.73359375 0.24027777777777792 0.71484375 0.24027777777777792 0.71484375 0.2944444444444446 0.73359375 0.2944444444444446