2 0.628125 0.5333333333333334 0.59765625 0.5333333333333334 0.59765625 0.6180555555555557 0.628125 0.6180555555555557
2 0.3460937500000001 0.6763888888888889 0.2890625000000001 0.6763888888888889 0.2890625000000001 0.8111111111111111 0.3460937500000001 0.8111111111111111
2 0.38359375000000007 0.7986111111111112 0.3218750000000001 0.7986111111111112 0.3218750000000001 0.9583333333333334 0.38359375000000007 0.9583333333333334
2 0.6203125 0.4430555555555557 0.5921875 0.4430555555555557 0.5921875 0.515277777777778 0.6203125 0.515277777777778
2 0.478125 0.6152777777777779 0.43203125 0.6152777777777779 0.43203125 0.7333333333333333 0.478125 0.7333333333333333
2 0.846875 0.5180555555555557 0.815625 0.5180555555555557 0.815625 0.6041666666666669 0.846875 0.6041666666666669
2 0.603125 0.4930555555555557 0.575 0.4930555555555557 0.575 0.5722222222222224 0.603125 0.5722222222222224
2 0.82265625 0.4972222222222224 0.7953125 0.4972222222222224 0.7953125 0.5722222222222224 0.82265625 0.5722222222222224
2 0.60703125 0.6055555555555557 0.56796875 0.6055555555555557 0.56796875 0.7138888888888889 0.60703125 0.7138888888888889
2 0.64765625 0.6236111111111112 0.61015625 0.6236111111111112 0.61015625 0.7277777777777777 0.64765625 0.7277777777777777
2 0.7828125 0.5208333333333335 0.753125 0.5208333333333335 0.753125 0.5986111111111113 0.7828125 0.5986111111111113
2 0.98671875 0.8069444444444448 0.9296875 0.8069444444444448 0.9296875 0.9861111111111114 0.98671875 0.9861111111111114
2 0.65859375 0.47916666666666685 0.63046875 0.47916666666666685 0.63046875 0.5555555555555557 0.65859375 0.5555555555555557
2 0.8109375 0.7666666666666669 0.7609375 0.7666666666666669 0.7609375 0.9097222222222225 0.8109375 0.9097222222222225
2 0.71484375 0.5625000000000001 0.678125 0.5625000000000001 0.678125 0.6666666666666669 0.71484375 0.6666666666666669
2 0.80390625 0.4694444444444446 0.77890625 0.4694444444444446 0.77890625 0.5388888888888891 0.80390625 0.5388888888888891
2 0.8546875 0.4416666666666668 0.82890625 0.4416666666666668 0.82890625 0.5138888888888891 0.8546875 0.5138888888888891
2 0.84375 0.6680555555555557 0.80234375 0.6680555555555557 0.80234375 0.7861111111111114 0.84375 0.7861111111111114
2 0.67265625 0.5611111111111112 0.6421875 0.5611111111111112 0.6421875 0.651388888888889 0.67265625 0.651388888888889
2 0.703125 0.4680555555555557 0.67734375 0.4680555555555557 0.67734375 0.5375000000000002 0.703125 0.5375000000000002
2 0.7140625 0.40277777777777796 0.68828125 0.40277777777777796 0.68828125 0.4694444444444446 0.7140625 0.4694444444444446
2 0.771875 0.4583333333333335 0.746875 0.4583333333333335 0.746875 0.5277777777777779 0.771875 0.5277777777777779
2 0.884375 0.40000000000000013 0.8578125 0.40000000000000013 0.8578125 0.46666666666666684 0.884375 0.46666666666666684
2 0.734375 0.41805555555555574 0.7125 0.41805555555555574 0.7125 0.47638888888888903 0.734375 0.47638888888888903
2 0.7484375 0.45416666666666683 0.721875 0.45416666666666683 0.721875 0.526388888888889 0.7484375 0.526388888888889
2 0.7890625 0.5708333333333335 0.75234375 0.5708333333333335 0.75234375 0.6708333333333335 0.7890625 0.6708333333333335
2 0.74140625 0.3666666666666668 0.71796875 0.3666666666666668 0.71796875 0.4222222222222224 0.74140625 0.4222222222222224
2 0.68046875 0.4819444444444446 0.65625 0.4819444444444446 0.65625 0.5541666666666668 0.68046875 0.5541666666666668
2 0.68515625 0.5111111111111113 0.66015625 0.5111111111111113 0.66015625 0.5875000000000001 0.68515625 0.5875000000000001
2 0.83359375 0.7388888888888892 0.7984375 0.7388888888888892 0.7984375 0.8555555555555558 0.83359375 0.8555555555555558
2 0.8265625 0.4319444444444446 0.80546875 0.4319444444444446 0.80546875 0.4944444444444446 0.8265625 0.4944444444444446
2 0.81015625 0.4194444444444446 0.78828125 0.4194444444444446 0.78828125 0.4777777777777779 0.81015625 0.4777777777777779
2 0.84375 0.4069444444444446 0.821875 0.4069444444444446 0.821875 0.46250000000000013 0.84375 0.46250000000000013
1 0.70546875 0.7083333333333335 0.596875 0.7083333333333335 0.596875 0.9166666666666666 0.70546875 0.9166666666666666
1 0.17734375000000005 0.7277777777777777 0.01562500000000005 0.7277777777777777 0.015625000000000056 0.8972222222222223 0.17734375000000005 0.8972222222222223
1 0.57890625 0.42361111111111127 0.51953125 0.42361111111111127 0.51953125 0.5097222222222224 0.57890625 0.5097222222222224
1 0.53671875 0.40416666666666684 0.4984375 0.40416666666666684 0.4984375 0.4638888888888891 0.53671875 0.4638888888888891
1 0.45234375 0.45416666666666683 0.4 0.45416666666666683 0.4 0.5361111111111113 0.45234375 0.5361111111111113
1 0.51328125 0.4819444444444446 0.44375 0.4819444444444446 0.44375 0.5763888888888891 0.51328125 0.5763888888888891
1 0.603125 0.3597222222222224 0.565625 0.3597222222222224 0.565625 0.4152777777777779 0.603125 0.4152777777777779