2 0.271875 0.4111111111111111 0.24765625 0.4111111111111111 0.24765625 0.5236111111111111 0.271875 0.5236111111111111
2 0.35859375 0.40694444444444444 0.334375 0.40694444444444444 0.334375 0.5222222222222223 0.35859375 0.5222222222222223
2 0.72109375 0.5069444444444446 0.69296875 0.5069444444444446 0.69296875 0.6500000000000001 0.72109375 0.6500000000000001
2 0.19062500000000004 0.3388888888888889 0.14218750000000005 0.3388888888888889 0.14218750000000005 0.42916666666666664 0.19062500000000004 0.42916666666666664
2 0.4 0.3222222222222223 0.3765625 0.3222222222222223 0.3765625 0.41666666666666685 0.4 0.41666666666666685
2 0.4 0.4291666666666668 0.375 0.4291666666666668 0.375 0.5555555555555557 0.4 0.5555555555555557
2 0.3984375000000001 0.8694444444444445 0.3414062500000001 0.8694444444444445 0.3414062500000001 1 0.3984375000000001 1
2 0.6421875 0.5000000000000001 0.6078125 0.5000000000000001 0.6078125 0.6083333333333335 0.6421875 0.6083333333333335
2 0.8234375 0.6222222222222223 0.76015625 0.6222222222222223 0.76015625 0.7819444444444448 0.8234375 0.7819444444444448
2 0.5828125 0.2694444444444446 0.5609375 0.2694444444444446 0.5609375 0.34861111111111126 0.5828125 0.34861111111111126
2 0.271875 0.3361111111111112 0.24453125 0.3361111111111112 0.24453125 0.4083333333333333 0.271875 0.4083333333333333
2 0.8546875 0.5958333333333334 0.809375 0.5958333333333334 0.809375 0.754166666666667 0.8546875 0.754166666666667
2 0.9953125 0.8944444444444447 0.965625 0.8944444444444447 0.965625 1.0000000000000002 0.9953125 1.0000000000000002
2 0.61171875 0.3055555555555557 0.5875 0.3055555555555557 0.5875 0.3958333333333335 0.61171875 0.3958333333333335
2 0.91796875 0.6972222222222224 0.8640625 0.6972222222222224 0.8640625 0.8555555555555558 0.91796875 0.8555555555555558
2 0.71875 0.4444444444444446 0.69140625 0.4444444444444446 0.69140625 0.5611111111111112 0.71875 0.5611111111111112
2 0.64375 0.3097222222222224 0.61875 0.3097222222222224 0.61875 0.39166666666666683 0.64375 0.39166666666666683
2 0.321875 0.3819444444444444 0.2984375 0.3819444444444444 0.2984375 0.4875 0.321875 0.4875
2 0.99453125 0.7083333333333335 0.96328125 0.7083333333333335 0.96328125 0.8527777777777781 0.99453125 0.8527777777777781
2 0.68359375 0.2708333333333335 0.66171875 0.2708333333333335 0.66171875 0.3458333333333335 0.68359375 0.3458333333333335
2 0.29765625 0.30555555555555564 0.278125 0.30555555555555564 0.278125 0.36944444444444446 0.29765625 0.36944444444444446
2 0.4265625 0.26250000000000007 0.4109375 0.26250000000000007 0.4109375 0.31666666666666676 0.4265625 0.31666666666666676
2 0.59609375 0.2555555555555557 0.58125 0.2555555555555557 0.58125 0.32083333333333347 0.59609375 0.32083333333333347
1 0.54375 0.20000000000000007 0.50859375 0.20000000000000007 0.50859375 0.2819444444444445 0.54375 0.2819444444444445
1 0.53828125 0.1500000000000001 0.5109375 0.1500000000000001 0.5109375 0.21944444444444453 0.53828125 0.21944444444444453
8 0.4734375 0.16666666666666677 0.42734375 0.16666666666666674 0.42734375 0.29166666666666674 0.4734375 0.29166666666666674
8 0.62890625 0.1958333333333335 0.59765625 0.1958333333333335 0.59765625 0.2847222222222224 0.62890625 0.2847222222222224
2 0.328125 0.3291666666666667 0.31171875 0.3291666666666667 0.31171875 0.4013888888888889 0.328125 0.4013888888888889
2 0.36796875 0.301388888888889 0.3484375 0.301388888888889 0.3484375 0.3444444444444445 0.36796875 0.3444444444444445
2 0.35 0.35277777777777786 0.33359375 0.35277777777777786 0.33359375 0.40694444444444444 0.35 0.40694444444444444
2 0.36328125 0.33055555555555566 0.34765625 0.33055555555555566 0.34765625 0.3958333333333334 0.36328125 0.3958333333333335
2 0.65625 0.4555555555555557 0.63671875 0.4555555555555557 0.63671875 0.5819444444444446 0.65625 0.5819444444444446
2 0.91953125 0.5569444444444446 0.86640625 0.5569444444444446 0.86640625 0.6791666666666668 0.91953125 0.6791666666666668
2 0.95234375 0.6597222222222224 0.9109375 0.6597222222222224 0.9109375 0.8222222222222225 0.95234375 0.8222222222222225
1 0.91171875 0.776388888888889 0.7140625 0.7763888888888889 0.7140625 1.0000000000000002 0.91171875 1.0000000000000002
2 0.66796875 0.9236111111111112 0.5953125 0.9236111111111112 0.5953125 1 0.66796875 1
1 0.48203125 0.2958333333333334 0.434375 0.2958333333333334 0.434375 0.4069444444444446 0.48203125 0.4069444444444446
1 0.40390625 0.24027777777777787 0.37265625 0.24027777777777787 0.37265625 0.3000000000000001 0.40390625 0.3000000000000001