2 0.12500000000000006 0.38472222222222224 0.06796875000000002 0.38472222222222224 0.06796875000000004 0.4875 0.12500000000000006 0.4875
2 0.65234375 0.27222222222222237 0.6359375 0.27222222222222237 0.6359375 0.3527777777777779 0.65234375 0.3527777777777779
2 0.38359375 0.4125000000000001 0.32734375 0.4125 0.32734375 0.5111111111111112 0.38359375 0.5111111111111113
2 0.609375 0.40416666666666684 0.55546875 0.40416666666666684 0.55546875 0.5055555555555558 0.609375 0.5055555555555558
2 0.725 0.34861111111111126 0.7 0.34861111111111126 0.7 0.43888888888888905 0.725 0.43888888888888905
2 0.2390625 0.3888888888888889 0.18515625000000005 0.3888888888888889 0.18515625000000005 0.4888888888888889 0.2390625 0.4888888888888889
2 0.2515625 0.3236111111111112 0.21015625 0.3236111111111112 0.21015625 0.41388888888888886 0.2515625 0.41388888888888886
2 0.76171875 0.36250000000000016 0.73203125 0.36250000000000016 0.73203125 0.46250000000000013 0.76171875 0.46250000000000013
2 0.84296875 0.41388888888888903 0.7859375 0.41388888888888903 0.7859375 0.5097222222222224 0.84296875 0.5097222222222224
2 0.18828125000000004 0.4013888888888889 0.13281250000000006 0.4013888888888889 0.13281250000000006 0.5055555555555555 0.18828125000000004 0.5055555555555555
2 0.55625 0.28888888888888903 0.53125 0.288888888888889 0.53125 0.36388888888888904 0.55625 0.36388888888888904
2 0.51171875 0.2527777777777779 0.4921875 0.2527777777777779 0.4921875 0.3208333333333334 0.51171875 0.3208333333333334
2 0.30625 0.28333333333333344 0.278125 0.28333333333333344 0.278125 0.37777777777777777 0.30625 0.37777777777777777
2 0.60546875 0.25277777777777793 0.584375 0.25277777777777793 0.584375 0.32638888888888906 0.60546875 0.32638888888888906
2 0.375 0.2708333333333334 0.35078125 0.2708333333333334 0.35078125 0.3555555555555556 0.375 0.35555555555555574
2 0.35 0.37777777777777777 0.2984375 0.37777777777777777 0.2984375 0.4652777777777778 0.35 0.4652777777777778
2 0.3296875 0.28333333333333344 0.30078125 0.28333333333333344 0.30078125 0.36944444444444446 0.3296875 0.36944444444444446
2 0.6859375 0.2763888888888891 0.6625 0.2763888888888891 0.6625 0.3430555555555557 0.6859375 0.3430555555555557
2 0.41171875 0.2583333333333334 0.38984375 0.2583333333333334 0.38984375 0.3291666666666667 0.41171875 0.3291666666666667
2 0.57578125 0.3055555555555557 0.55625 0.3055555555555557 0.55625 0.3736111111111113 0.57578125 0.3736111111111113
2 0.02187500000000006 0.8416666666666667 5.79793718971325e-17 0.8416666666666667 6.266747292511846e-17 0.9777777777777777 0.021875000000000068 0.9777777777777777
2 0.44453125 0.2486111111111112 0.41875 0.2486111111111112 0.41875 0.31666666666666676 0.44453125 0.31666666666666676
2 0.2695312500000001 0.8986111111111111 0.2078125000000001 0.8986111111111111 0.2078125000000001 1 0.2695312500000001 1
2 0.7046875 0.2902777777777779 0.6796875 0.2902777777777779 0.6796875 0.36250000000000016 0.7046875 0.36250000000000016
1 0.51328125 0.3152777777777779 0.40625 0.3152777777777779 0.40625 0.4069444444444446 0.51328125 0.4069444444444446
1 0.571875 0.22500000000000012 0.5421875 0.2250000000000001 0.5421875 0.28750000000000014 0.571875 0.28750000000000014