1 0.68203125 0.5166666666666668 0.5765625 0.5166666666666668 0.5765625 0.7097222222222224 0.68203125 0.7097222222222224
2 0.81640625 0.5736111111111113 0.76171875 0.5736111111111113 0.76171875 0.7486111111111114 0.81640625 0.7486111111111114
2 0.66875 0.2708333333333335 0.64296875 0.2708333333333335 0.64296875 0.34166666666666684 0.66875 0.34166666666666684
2 0.3625 0.4708333333333333 0.315625 0.4708333333333333 0.315625 0.6305555555555555 0.3625 0.6305555555555555
2 0.24531250000000004 0.5541666666666667 0.19609375000000004 0.5541666666666667 0.19609375000000004 0.6875 0.2453125000000001 0.6875
2 0.31953125000000004 0.5833333333333334 0.2640625 0.5833333333333334 0.26406250000000003 0.7569444444444444 0.3195312500000001 0.7569444444444444
2 0.30390625 0.38333333333333336 0.265625 0.38333333333333336 0.265625 0.4875 0.30390625 0.4875
2 0.3421875 0.31250000000000006 0.3109375 0.31250000000000006 0.3109375 0.4166666666666667 0.3421875 0.4166666666666667
2 0.371875 0.2666666666666667 0.353125 0.2666666666666667 0.353125 0.34166666666666673 0.371875 0.34166666666666673
2 0.40546875 0.2750000000000001 0.38125 0.2750000000000001 0.38125 0.3375000000000001 0.40546875 0.3375000000000001
2 0.43203125 0.48055555555555574 0.38046875 0.48055555555555574 0.38046875 0.6097222222222224 0.43203125 0.6097222222222224
2 0.14531250000000007 0.7333333333333333 0.07812500000000004 0.7333333333333333 0.07812500000000006 0.9694444444444444 0.1453125000000001 0.9694444444444444
2 0.08750000000000005 0.6611111111111111 0.020312500000000046 0.6611111111111111 0.020312500000000053 0.8513888888888889 0.08750000000000006 0.8513888888888889
2 0.36171875 0.24305555555555564 0.34921875 0.24305555555555564 0.34921875 0.2986111111111112 0.36171875 0.2986111111111112