1 0.65703125 0.48750000000000016 0.54453125 0.48750000000000016 0.54453125 0.7222222222222222 0.65703125 0.7222222222222222
2 0.74609375 0.3736111111111113 0.659375 0.3736111111111113 0.659375 0.4944444444444446 0.74609375 0.4944444444444446
8 0.60859375 0.276388888888889 0.5296875 0.27638888888888896 0.5296875 0.4305555555555557 0.60859375 0.4305555555555557
2 0.6609375 0.25000000000000017 0.6484375 0.25000000000000017 0.6484375 0.3097222222222224 0.6609375 0.3097222222222224
2 0.69609375 0.26388888888888906 0.671875 0.26388888888888906 0.671875 0.35000000000000014 0.69609375 0.35000000000000014
2 0.334375 0.3000000000000001 0.3046875 0.3000000000000001 0.3046875 0.4013888888888889 0.334375 0.4013888888888889
1 0.45234375 0.2250000000000001 0.40546875 0.2250000000000001 0.40546875 0.313888888888889 0.45234375 0.313888888888889
2 0.11718750000000004 0.37222222222222223 0.050000000000000024 0.37222222222222223 0.050000000000000024 0.44583333333333336 0.11718750000000004 0.44583333333333336
2 0.221875 0.26944444444444454 0.19375 0.26944444444444454 0.19375 0.30277777777777787 0.221875 0.30277777777777787
1 0.9984375 0.8250000000000003 0.821875 0.8250000000000003 0.821875 0.991666666666667 0.9984375 0.991666666666667
2 0.75859375 0.2958333333333335 0.728125 0.2958333333333335 0.728125 0.3930555555555557 0.75859375 0.3930555555555557
2 0.725 0.3166666666666668 0.696875 0.3166666666666668 0.696875 0.37500000000000017 0.725 0.37500000000000017