2 0.47421875 0.7138888888888889 0.42578125 0.7138888888888889 0.42578125 0.8527777777777777 0.47421875 0.8527777777777777
2 0.75 0.4569444444444446 0.72421875 0.4569444444444446 0.72421875 0.5277777777777779 0.75 0.5277777777777779
2 0.671875 0.6777777777777779 0.62734375 0.6777777777777779 0.62734375 0.8041666666666667 0.671875 0.8041666666666667
2 0.70859375 0.613888888888889 0.67734375 0.613888888888889 0.67734375 0.7097222222222224 0.70859375 0.7097222222222224
2 0.6953125 0.5569444444444446 0.6640625 0.5569444444444446 0.6640625 0.6388888888888891 0.6953125 0.6388888888888891
2 0.8375 0.41805555555555574 0.81328125 0.41805555555555574 0.81328125 0.47916666666666685 0.8375 0.47916666666666685
2 0.5359375 0.5666666666666669 0.50078125 0.5666666666666669 0.50078125 0.6638888888888891 0.5359375 0.6638888888888891
2 0.5546875 0.9027777777777778 0.496875 0.9027777777777778 0.496875 0.9972222222222222 0.5546875 0.9972222222222222
2 0.7578125 0.6166666666666668 0.7203125 0.6166666666666668 0.7203125 0.7236111111111113 0.7578125 0.7236111111111114
2 0.715625 0.4583333333333335 0.68671875 0.4583333333333335 0.68671875 0.5347222222222224 0.715625 0.5347222222222224
2 0.86796875 0.4819444444444446 0.83984375 0.4819444444444446 0.83984375 0.5541666666666668 0.86796875 0.5541666666666668
2 0.778125 0.4416666666666668 0.7546875 0.4416666666666668 0.7546875 0.5097222222222224 0.778125 0.5097222222222224
2 0.88515625 0.5194444444444446 0.853125 0.5194444444444446 0.853125 0.6055555555555557 0.88515625 0.6055555555555557
2 0.8359375 0.35555555555555574 0.8140625 0.35555555555555574 0.8140625 0.40416666666666684 0.8359375 0.40416666666666684
2 0.64140625 0.5055555555555558 0.609375 0.5055555555555558 0.609375 0.5958333333333334 0.64140625 0.5958333333333334
2 0.803125 0.7888888888888892 0.76171875 0.7888888888888892 0.76171875 0.9180555555555558 0.803125 0.9180555555555558
2 0.57578125 0.7166666666666667 0.5296875 0.7166666666666667 0.5296875 0.8444444444444444 0.57578125 0.8444444444444444
2 0.29765625000000007 0.8944444444444445 0.22421875000000008 0.8944444444444445 0.22421875000000008 1 0.29765625000000007 1
2 0.75 0.4208333333333335 0.728125 0.4208333333333335 0.728125 0.47638888888888903 0.75 0.47638888888888903
2 0.76875 0.38888888888888906 0.74453125 0.38888888888888906 0.74453125 0.44722222222222235 0.76875 0.44722222222222235
2 0.80078125 0.41805555555555574 0.778125 0.41805555555555574 0.778125 0.4777777777777779 0.80078125 0.4777777777777779
2 0.55234375 0.5166666666666668 0.521875 0.5166666666666668 0.521875 0.5986111111111113 0.55234375 0.5986111111111113
2 0.8296875 0.48055555555555574 0.8046875 0.48055555555555574 0.8046875 0.5347222222222224 0.8296875 0.5347222222222224
2 0.92265625 0.5458333333333335 0.88125 0.5458333333333335 0.88125 0.6333333333333335 0.92265625 0.6333333333333335
1 0.11718750000000004 0.7791666666666667 5.367397299388009e-17 0.7791666666666667 5.955801816165839e-17 0.95 0.11718750000000004 0.95
1 0.8484375 0.5097222222222224 0.7390625 0.5097222222222224 0.7390625 0.6319444444444446 0.8484375 0.6319444444444446
1 0.69453125 0.38888888888888906 0.65625 0.38888888888888906 0.65625 0.4500000000000002 0.69453125 0.4500000000000002
1 0.59453125 0.36388888888888904 0.55625 0.36388888888888904 0.55625 0.4208333333333335 0.59453125 0.4208333333333335
1 0.52421875 0.4833333333333335 0.45 0.4833333333333335 0.45 0.5694444444444446 0.52421875 0.5694444444444446
1 0.72421875 0.32777777777777795 0.68984375 0.32777777777777795 0.68984375 0.37638888888888905 0.72421875 0.37638888888888905
1 0.6671875 0.35555555555555574 0.6296875 0.35555555555555574 0.6296875 0.41111111111111126 0.6671875 0.41111111111111126