2 0.34765625 0.24166666666666675 0.32578125 0.24166666666666675 0.32578125 0.32500000000000007 0.34765625 0.32500000000000007
2 0.23359375 0.25555555555555565 0.1828125 0.25555555555555565 0.1828125 0.31111111111111117 0.23359375 0.31111111111111117
2 0.11328125000000004 0.3638888888888889 0.05312500000000002 0.3638888888888889 0.05312500000000002 0.44166666666666665 0.11328125000000004 0.44166666666666665
2 0.53515625 0.29166666666666674 0.5171875 0.29166666666666674 0.5171875 0.35416666666666674 0.53515625 0.35416666666666674
2 0.5265625 0.251388888888889 0.51171875 0.251388888888889 0.51171875 0.3097222222222223 0.5265625 0.3097222222222223
1 0.5890625 0.24305555555555566 0.5328125 0.24305555555555564 0.5328125 0.33611111111111125 0.5890625 0.33611111111111125
2 0.60234375 0.24166666666666684 0.5859375 0.24166666666666684 0.5859375 0.30138888888888904 0.60234375 0.30138888888888904
2 0.62734375 0.24166666666666684 0.6046875 0.24166666666666684 0.6046875 0.3027777777777779 0.62734375 0.3027777777777779
2 0.6421875 0.24722222222222237 0.628125 0.24722222222222237 0.628125 0.32222222222222235 0.6421875 0.32222222222222235
2 0.67109375 0.26388888888888906 0.64765625 0.26388888888888906 0.64765625 0.3250000000000002 0.67109375 0.3250000000000002
2 0.70859375 0.27222222222222237 0.68984375 0.27222222222222237 0.68984375 0.3472222222222224 0.70859375 0.3472222222222224
2 0.68984375 0.2541666666666668 0.66953125 0.2541666666666668 0.66953125 0.32222222222222235 0.68984375 0.32222222222222235
2 0.33203125 0.23055555555555562 0.31875 0.23055555555555562 0.31875 0.301388888888889 0.33203125 0.301388888888889