2 0.3671875000000001 0.725 0.32109375000000007 0.725 0.32109375000000007 0.8736111111111111 0.3671875000000001 0.8736111111111111
2 0.46015625 0.7166666666666667 0.4171875 0.7166666666666667 0.4171875 0.85 0.46015625 0.85
2 0.5875 0.6986111111111113 0.54921875 0.6986111111111113 0.54921875 0.825 0.5875 0.825
2 0.70859375 0.702777777777778 0.67421875 0.702777777777778 0.67421875 0.8333333333333334 0.70859375 0.8333333333333334
2 0.646875 0.48750000000000016 0.62421875 0.48750000000000016 0.62421875 0.5680555555555558 0.646875 0.5680555555555558
2 0.853125 0.4930555555555557 0.83203125 0.4930555555555557 0.83203125 0.5750000000000002 0.853125 0.5750000000000002
2 0.7765625 0.4902777777777779 0.753125 0.4902777777777779 0.753125 0.5680555555555558 0.7765625 0.5680555555555558
2 0.69765625 0.45277777777777795 0.68125 0.45277777777777795 0.68125 0.5208333333333335 0.69765625 0.5208333333333335
2 0.74453125 0.4361111111111113 0.73046875 0.4361111111111113 0.73046875 0.501388888888889 0.74453125 0.501388888888889
2 0.78984375 0.4361111111111113 0.771875 0.4361111111111113 0.771875 0.4916666666666668 0.78984375 0.4916666666666668
2 0.7734375 0.41388888888888903 0.76171875 0.41388888888888903 0.76171875 0.4680555555555557 0.7734375 0.4680555555555557
2 0.759375 0.3819444444444446 0.74609375 0.3819444444444446 0.74609375 0.4291666666666668 0.759375 0.4291666666666668
2 0.796875 0.3805555555555557 0.784375 0.3805555555555557 0.784375 0.42638888888888904 0.796875 0.42638888888888904
2 0.81875 0.35000000000000014 0.80859375 0.35000000000000014 0.80859375 0.3930555555555557 0.81875 0.3930555555555557
2 0.84296875 0.3250000000000002 0.83359375 0.3250000000000002 0.83359375 0.3597222222222224 0.84296875 0.3597222222222224
2 0.75859375 0.32083333333333347 0.746875 0.32083333333333347 0.746875 0.36111111111111127 0.75859375 0.36111111111111127
2 0.77109375 0.34166666666666684 0.7625 0.34166666666666684 0.7625 0.3819444444444446 0.77109375 0.3819444444444446
2 0.80390625 0.3388888888888891 0.79296875 0.3388888888888891 0.79296875 0.3722222222222224 0.80390625 0.3722222222222224
2 0.78828125 0.3069444444444446 0.77890625 0.3069444444444446 0.77890625 0.3388888888888891 0.78828125 0.3388888888888891
1 0.10937500000000004 0.6805555555555556 4.6881010279859617e-17 0.6805555555555556 5.152127354225388e-17 0.8152777777777778 0.10937500000000004 0.8152777777777778
1 0.35625000000000007 0.5847222222222223 0.2359375 0.5847222222222223 0.23593750000000005 0.7180555555555556 0.35625000000000007 0.7180555555555556
1 0.58046875 0.4416666666666668 0.52109375 0.4416666666666668 0.52109375 0.5208333333333335 0.58046875 0.5208333333333335
1 0.5875 0.38888888888888906 0.5484375 0.38888888888888906 0.5484375 0.4416666666666668 0.5875 0.4416666666666668
1 0.6453125 0.29166666666666685 0.6296875 0.29166666666666685 0.6296875 0.3250000000000002 0.6453125 0.3250000000000002
1 0.64140625 0.25138888888888905 0.625 0.25138888888888905 0.625 0.27777777777777796 0.64140625 0.27777777777777796
1 0.65859375 0.24166666666666684 0.64453125 0.24166666666666684 0.64453125 0.26527777777777795 0.65859375 0.26527777777777795