2 0.75 0.41805555555555574 0.7265625 0.41805555555555574 0.7265625 0.48055555555555574 0.75 0.48055555555555574
2 0.77421875 0.6833333333333335 0.73203125 0.6833333333333335 0.73203125 0.8000000000000003 0.77421875 0.8000000000000003
2 0.709375 0.6722222222222224 0.671875 0.6722222222222224 0.671875 0.7833333333333333 0.709375 0.7833333333333333
2 0.3546875000000001 0.8388888888888889 0.2960937500000001 0.8388888888888889 0.2960937500000001 0.9861111111111112 0.3546875000000001 0.9861111111111112
2 0.734375 0.4986111111111113 0.70703125 0.4986111111111113 0.70703125 0.5722222222222224 0.734375 0.5722222222222224
2 0.46875 0.8638888888888889 0.4171875 0.8638888888888889 0.4171875 0.9861111111111112 0.46875 0.9861111111111112
2 0.69609375 0.4958333333333335 0.66796875 0.4958333333333335 0.66796875 0.5750000000000002 0.69609375 0.5750000000000002
2 0.61953125 0.7791666666666667 0.56875 0.7791666666666667 0.56875 0.9222222222222223 0.61953125 0.9222222222222223
2 0.8359375 0.3680555555555557 0.81328125 0.3680555555555557 0.81328125 0.4194444444444446 0.8359375 0.4194444444444446
2 0.72734375 0.4500000000000002 0.70234375 0.4500000000000002 0.70234375 0.5125000000000002 0.72734375 0.5125000000000002
2 0.4515625 0.6583333333333334 0.41015625 0.6583333333333334 0.41015625 0.775 0.4515625 0.775
2 0.59453125 0.5680555555555558 0.55703125 0.5680555555555558 0.55703125 0.6694444444444446 0.59453125 0.6694444444444446
2 0.796875 0.4333333333333335 0.771875 0.4333333333333335 0.771875 0.501388888888889 0.796875 0.501388888888889
2 0.83359375 0.4305555555555557 0.80859375 0.4305555555555557 0.80859375 0.4972222222222224 0.83359375 0.4972222222222224
2 0.46953125 0.5958333333333334 0.43203125 0.5958333333333334 0.43203125 0.688888888888889 0.46953125 0.688888888888889
2 0.7671875 0.46111111111111125 0.74140625 0.46111111111111125 0.74140625 0.5319444444444446 0.7671875 0.5319444444444446
2 0.67421875 0.602777777777778 0.63828125 0.602777777777778 0.63828125 0.7055555555555557 0.67421875 0.7055555555555557
1 0.44765625 0.5347222222222223 0.353125 0.5347222222222222 0.353125 0.6472222222222223 0.44765625 0.6472222222222224
1 0.91328125 0.526388888888889 0.78046875 0.526388888888889 0.78046875 0.6527777777777779 0.91328125 0.6527777777777779
1 0.69609375 0.40416666666666684 0.6515625 0.40416666666666684 0.6515625 0.47500000000000014 0.69609375 0.47500000000000014
1 0.5625 0.3861111111111113 0.5171875 0.3861111111111113 0.5171875 0.45277777777777795 0.5625 0.45277777777777795
1 0.72421875 0.34027777777777796 0.68671875 0.34027777777777796 0.68671875 0.39722222222222237 0.72421875 0.39722222222222237
1 0.6609375 0.37638888888888905 0.61796875 0.37638888888888905 0.61796875 0.4319444444444446 0.6609375 0.4319444444444446
2 0.8078125 0.3097222222222224 0.7953125 0.3097222222222224 0.7953125 0.35138888888888903 0.8078125 0.35138888888888903
2 0.82109375 0.31388888888888905 0.80859375 0.31388888888888905 0.80859375 0.35555555555555574 0.82109375 0.35555555555555574
2 0.8359375 0.3055555555555557 0.8234375 0.3055555555555557 0.8234375 0.3472222222222224 0.8359375 0.3472222222222224