2 0.715625 0.31250000000000017 0.6859375 0.31250000000000017 0.6859375 0.40416666666666684 0.715625 0.40416666666666684
2 0.64375 0.2819444444444446 0.62109375 0.2819444444444446 0.62109375 0.3527777777777779 0.64375 0.3527777777777779
1 0.39375 0.2597222222222223 0.3125 0.2597222222222223 0.3125 0.4055555555555556 0.39375 0.4055555555555557
2 0.43828125 0.2944444444444445 0.4125 0.2944444444444445 0.4125 0.3861111111111113 0.43828125 0.3861111111111113
2 0.30546875 0.42777777777777776 0.2625 0.42777777777777776 0.2625 0.5361111111111111 0.30546875 0.5361111111111111
2 0.15937500000000004 0.6 0.10234375000000004 0.6 0.10234375000000004 0.7986111111111112 0.15937500000000004 0.7986111111111112
2 0.31796875 0.26527777777777783 0.29609375 0.26527777777777783 0.29609375 0.33194444444444454 0.31796875 0.33194444444444454
2 0.334375 0.21666666666666676 0.31875 0.21666666666666676 0.31875 0.26250000000000007 0.334375 0.26250000000000007
2 0.38046875 0.21250000000000008 0.3625 0.21250000000000008 0.3625 0.26527777777777783 0.38046875 0.26527777777777783
2 0.4375 0.21666666666666676 0.4171875 0.21666666666666676 0.4171875 0.27916666666666673 0.4375 0.27916666666666673
2 0.41171875 0.20833333333333343 0.39453125 0.20833333333333343 0.39453125 0.26527777777777783 0.41171875 0.26527777777777783
8 0.5734375 0.16111111111111123 0.515625 0.16111111111111123 0.515625 0.2861111111111112 0.5734375 0.28611111111111126
2 0.3640625 0.20000000000000007 0.34296875 0.20000000000000007 0.34296875 0.25694444444444453 0.3640625 0.25694444444444453