2 0.13515625 0.2388888888888889 0.1171875 0.2388888888888889 0.1171875 0.29583333333333334 0.13515625 0.29583333333333334
2 0.1703125 0.2375 0.15703125 0.2375 0.15703125 0.29444444444444445 0.1703125 0.29444444444444445
2 0.35390625 0.20555555555555563 0.3328125 0.20555555555555563 0.3328125 0.25000000000000006 0.35390625 0.25000000000000006
2 0.45625 0.20000000000000007 0.43515625 0.20000000000000007 0.43515625 0.24305555555555564 0.45625 0.24305555555555564
2 0.41015625 0.20416666666666675 0.38671875 0.20416666666666675 0.38671875 0.24444444444444452 0.41015625 0.24444444444444452
2 0.82578125 0.4291666666666668 0.80078125 0.4291666666666668 0.80078125 0.5305555555555557 0.82578125 0.5305555555555557
8 0.2265625 0.2055555555555556 0.17890625 0.20555555555555555 0.17890625000000002 0.3319444444444445 0.2265625 0.33194444444444454
8 0.62109375 0.20277777777777795 0.5671875 0.20277777777777795 0.5671875 0.2694444444444446 0.62109375 0.2694444444444446
1 0.38203125 0.26805555555555566 0.33515625 0.26805555555555566 0.33515625 0.3611111111111112 0.38203125 0.36111111111111127
1 0.58828125 0.4444444444444446 0.5109375 0.4444444444444446 0.5109375 0.5569444444444446 0.58828125 0.5569444444444446
1 0.71953125 0.45972222222222237 0.6265625 0.45972222222222237 0.6265625 0.6111111111111113 0.71953125 0.6111111111111113
1 1 0.8611111111111114 0.796875 0.8611111111111114 0.796875 1.0000000000000002 1 1.0000000000000002
1 0.6328125 0.32777777777777795 0.578125 0.32777777777777795 0.578125 0.41666666666666685 0.6328125 0.41666666666666685
1 0.5546875 0.2916666666666668 0.5140625 0.29166666666666674 0.5140625 0.3666666666666668 0.5546875 0.3666666666666668
1 0.61015625 0.2819444444444446 0.57421875 0.2819444444444446 0.57421875 0.33611111111111125 0.61015625 0.33611111111111125
1 0.6984375 0.22222222222222238 0.6359375 0.22222222222222238 0.6359375 0.27222222222222237 0.6984375 0.27222222222222237
1 0.57421875 0.238888888888889 0.53828125 0.23888888888888896 0.53828125 0.29444444444444456 0.57421875 0.2944444444444446
14 0.66953125 0.563888888888889 0.52578125 0.563888888888889 0.52578125 0.8472222222222222 0.66953125 0.8472222222222222