1 0.703125 0.6375000000000002 0.546875 0.6375000000000002 0.546875 0.9277777777777778 0.703125 0.9277777777777778
1 0.63671875 0.4305555555555557 0.53359375 0.4305555555555557 0.53359375 0.5944444444444446 0.63671875 0.5944444444444446
1 0.80390625 0.40000000000000013 0.64453125 0.40000000000000013 0.64453125 0.5791666666666668 0.80390625 0.5791666666666668
8 0.60546875 0.28750000000000014 0.5453125 0.28750000000000014 0.5453125 0.4208333333333335 0.60546875 0.4208333333333335
1 0.7046875 0.31250000000000017 0.62578125 0.31250000000000017 0.62578125 0.4097222222222224 0.7046875 0.4097222222222224
1 0.45703125 0.3236111111111112 0.3828125 0.3236111111111112 0.3828125 0.4902777777777779 0.45703125 0.4902777777777779
2 0.19140625000000006 0.42777777777777776 0.15859375000000003 0.42777777777777776 0.15859375000000003 0.5361111111111111 0.19140625000000006 0.5361111111111111
2 0.12109375000000004 0.3763888888888889 0.05078125000000002 0.3763888888888889 0.05078125000000002 0.4361111111111111 0.12109375000000004 0.4361111111111111
2 0.24453125 0.25972222222222224 0.17578125 0.25972222222222224 0.17578125000000003 0.32500000000000007 0.24453125 0.32500000000000007
2 0.64765625 0.2166666666666668 0.60859375 0.2166666666666668 0.60859375 0.3097222222222224 0.64765625 0.3097222222222224
2 0.66484375 0.23888888888888904 0.6453125 0.23888888888888904 0.6453125 0.3083333333333335 0.66484375 0.3083333333333335
2 0.69296875 0.26527777777777795 0.67265625 0.26527777777777795 0.67265625 0.3319444444444446 0.69296875 0.3319444444444446
2 0.76328125 0.3069444444444446 0.72578125 0.3069444444444446 0.72578125 0.39027777777777795 0.76328125 0.39027777777777795
2 0.2796875 0.4263888888888889 0.253125 0.4263888888888889 0.253125 0.5305555555555556 0.2796875 0.5305555555555556