2 0.815625 0.4347222222222224 0.78828125 0.4347222222222224 0.78828125 0.5430555555555557 0.815625 0.5430555555555557
2 0.69921875 0.3319444444444446 0.68046875 0.3319444444444446 0.68046875 0.4208333333333335 0.69921875 0.4208333333333335
2 0.61171875 0.1958333333333335 0.6 0.1958333333333335 0.6 0.2541666666666668 0.61171875 0.2541666666666668
2 0.6515625 0.2611111111111113 0.634375 0.2611111111111113 0.634375 0.33472222222222237 0.6515625 0.33472222222222237
2 0.08515625000000006 0.7402777777777778 0.000781250000000051 0.7402777777777778 0.0007812500000000586 0.9625 0.08515625000000007 0.9625
2 0.65546875 0.3333333333333335 0.63671875 0.3333333333333335 0.63671875 0.4208333333333335 0.65546875 0.4208333333333335
8 0.45 0.31666666666666676 0.33984375 0.31666666666666676 0.33984375 0.588888888888889 0.45 0.588888888888889
8 0.5515625 0.18055555555555566 0.50234375 0.18055555555555564 0.50234375 0.3000000000000001 0.5515625 0.30000000000000016
14 0.4578125 0.1125000000000001 0.42734375 0.11250000000000007 0.42734375 0.1750000000000001 0.4578125 0.17500000000000013
8 0.55 0.14583333333333345 0.5046875 0.14583333333333345 0.5046875 0.25416666666666676 0.55 0.2541666666666668
2 0.95625 0.3416666666666669 0.915625 0.3416666666666669 0.915625 0.41388888888888903 0.95625 0.41388888888888903