2 0.56953125 0.6291666666666669 0.50390625 0.6291666666666669 0.50390625 0.7791666666666667 0.56953125 0.7791666666666667
2 0.8375 0.6388888888888891 0.79375 0.6388888888888891 0.79375 0.8097222222222226 0.8375 0.8097222222222226
2 0.7296875 0.5236111111111112 0.696875 0.5236111111111112 0.696875 0.6750000000000002 0.7296875 0.6750000000000002
2 0.3734375 0.2472222222222223 0.353125 0.2472222222222223 0.353125 0.3236111111111112 0.3734375 0.3236111111111112
2 0.8765625 0.45138888888888906 0.81484375 0.45138888888888906 0.81484375 0.563888888888889 0.8765625 0.563888888888889
2 0.53828125 0.7722222222222223 0.4796875 0.7722222222222223 0.4796875 0.9555555555555556 0.53828125 0.9555555555555556
2 0.57578125 0.2861111111111112 0.53984375 0.2861111111111112 0.53984375 0.3680555555555557 0.57578125 0.3680555555555557
2 0.60390625 0.2694444444444446 0.5859375 0.2694444444444446 0.5859375 0.35000000000000014 0.60390625 0.35000000000000014
2 0.49453125 0.6305555555555558 0.4484375 0.6305555555555558 0.4484375 0.7930555555555555 0.49453125 0.7930555555555555
2 0.32890625 0.3680555555555556 0.3046875 0.3680555555555556 0.3046875 0.475 0.32890625 0.475
2 0.61953125 0.22500000000000014 0.60078125 0.22500000000000014 0.60078125 0.2902777777777779 0.61953125 0.2902777777777779
2 0.67421875 0.8541666666666666 0.61640625 0.8541666666666666 0.61640625 1 0.67421875 1
2 0.5140625 0.26805555555555566 0.48984375 0.26805555555555566 0.48984375 0.3486111111111112 0.5140625 0.3486111111111112
2 0.34453125 0.3097222222222223 0.3234375 0.3097222222222223 0.3234375 0.4027777777777778 0.34453125 0.4027777777777778
2 0.30859375 0.2805555555555556 0.284375 0.2805555555555556 0.284375 0.3763888888888889 0.30859375 0.3763888888888889
2 0.03984375000000006 0.8347222222222223 5.750099424121557e-17 0.8347222222222223 6.252395962834339e-17 0.9805555555555555 0.03984375000000007 0.9805555555555555
2 0.39453125 0.18750000000000008 0.37578125 0.18750000000000008 0.37578125 0.2472222222222223 0.39453125 0.2472222222222223
2 0.55859375 0.17361111111111122 0.54453125 0.17361111111111122 0.54453125 0.2319444444444446 0.55859375 0.2319444444444446
1 0.5796875 0.5291666666666668 0.46796875 0.5291666666666668 0.46796875 0.6819444444444446 0.5796875 0.6819444444444446
1 0.43046875 0.3944444444444446 0.36953125 0.3944444444444446 0.36953125 0.5361111111111113 0.43046875 0.5361111111111113
1 0.4015625 0.8694444444444445 0.2695312500000001 0.8694444444444445 0.2695312500000001 1 0.4015625 1
1 0.43828125 0.14583333333333343 0.41484375 0.14583333333333343 0.41484375 0.1972222222222223 0.43828125 0.1972222222222223
8 0.44453125 0.23888888888888896 0.3875 0.23888888888888896 0.3875 0.3958333333333335 0.44453125 0.3958333333333335
2 0.4796875 0.5472222222222224 0.453125 0.5472222222222224 0.453125 0.6638888888888891 0.4796875 0.6638888888888891