2 0.2890625 0.3097222222222223 0.26328125 0.3097222222222223 0.26328125 0.4 0.2890625 0.4
2 0.22109375 0.4847222222222222 0.19453125000000004 0.4847222222222222 0.19453125000000004 0.6152777777777778 0.22109375 0.6152777777777778
2 0.86640625 0.6319444444444446 0.8296875 0.6319444444444446 0.8296875 0.8013888888888892 0.86640625 0.8013888888888892
2 0.19375000000000003 0.6222222222222222 0.15078125000000003 0.6222222222222222 0.15078125000000003 0.8041666666666667 0.19375000000000003 0.8041666666666667
2 0.63203125 0.32083333333333347 0.6109375 0.32083333333333347 0.6109375 0.4194444444444446 0.63203125 0.4194444444444446
2 0.2515625 0.375 0.2234375 0.375 0.2234375 0.46805555555555556 0.2515625 0.46805555555555556
2 0.678125 0.2611111111111113 0.65703125 0.2611111111111113 0.65703125 0.34027777777777796 0.678125 0.34027777777777796
2 0.19531250000000006 0.4375 0.16796875000000006 0.4375 0.16796875000000006 0.5541666666666667 0.19531250000000006 0.5541666666666667
2 0.68125 0.41388888888888903 0.63515625 0.41388888888888903 0.63515625 0.5111111111111113 0.68125 0.5111111111111113
2 0.628125 0.26527777777777795 0.60703125 0.26527777777777795 0.60703125 0.3319444444444446 0.628125 0.3319444444444446
2 0.26953125 0.4666666666666667 0.23828125 0.4666666666666667 0.23828125 0.6027777777777777 0.26953125 0.6027777777777777
2 0.30234375 0.4152777777777778 0.2765625 0.4152777777777778 0.2765625 0.5152777777777777 0.30234375 0.5152777777777777
2 0.26484375 0.4083333333333333 0.2421875 0.4083333333333333 0.2421875 0.5152777777777777 0.26484375 0.5152777777777777
2 0.33984375 0.2819444444444445 0.3203125 0.2819444444444445 0.3203125 0.36666666666666664 0.33984375 0.36666666666666664
2 0.57265625 0.176388888888889 0.559375 0.176388888888889 0.559375 0.2333333333333335 0.57265625 0.2333333333333335
2 0.31875 0.28333333333333344 0.296875 0.28333333333333344 0.296875 0.3625 0.31875 0.3625
1 0.35000000000000003 0.48194444444444445 0.2671875 0.48194444444444445 0.2671875 0.6736111111111112 0.3500000000000001 0.6736111111111112
1 0.740625 0.47500000000000014 0.65703125 0.47500000000000014 0.65703125 0.6222222222222223 0.740625 0.6222222222222223
1 0.3921875 0.3444444444444445 0.33828125 0.3444444444444445 0.33828125 0.4458333333333334 0.3921875 0.44583333333333347
1 0.475 0.6013888888888891 0.3765625 0.6013888888888891 0.3765625 0.8583333333333333 0.475 0.8583333333333333
1 0.578125 0.3819444444444446 0.51953125 0.3819444444444446 0.51953125 0.5111111111111113 0.578125 0.5111111111111113
1 0.39765625 0.2597222222222223 0.35625 0.2597222222222223 0.35625 0.35277777777777786 0.39765625 0.35277777777777786
1 0.42734375 0.21944444444444453 0.39375 0.21944444444444453 0.39375 0.29027777777777786 0.42734375 0.29027777777777786
1 0.46953125 0.16805555555555565 0.44296875 0.16805555555555562 0.44296875 0.23333333333333342 0.46953125 0.23333333333333342
1 0.47578125 0.351388888888889 0.421875 0.351388888888889 0.421875 0.5180555555555557 0.47578125 0.5180555555555557
8 0.48046875 0.25416666666666676 0.42734375 0.25416666666666676 0.42734375 0.3944444444444446 0.48046875 0.3944444444444446
8 0.478125 0.3375000000000001 0.4203125 0.3375000000000001 0.4203125 0.5125000000000002 0.478125 0.5125000000000002