2 0.83828125 0.36111111111111127 0.825 0.36111111111111127 0.825 0.40416666666666684 0.83828125 0.40416666666666684
2 0.82421875 0.3819444444444446 0.809375 0.3819444444444446 0.809375 0.4291666666666668 0.82421875 0.4291666666666668
2 0.75390625 0.3305555555555557 0.740625 0.3305555555555557 0.740625 0.3708333333333335 0.75390625 0.3708333333333335
2 0.76640625 0.3694444444444446 0.753125 0.3694444444444446 0.753125 0.41250000000000014 0.76640625 0.41250000000000014
2 0.77890625 0.3958333333333335 0.76328125 0.3958333333333335 0.76328125 0.4486111111111113 0.77890625 0.4486111111111113
2 0.6078125 0.4819444444444446 0.58203125 0.4819444444444446 0.58203125 0.5527777777777779 0.6078125 0.5527777777777779
2 0.5015625 0.5444444444444446 0.46875 0.5444444444444446 0.46875 0.6347222222222224 0.5015625 0.6347222222222224
2 0.82265625 0.5722222222222224 0.790625 0.5722222222222224 0.790625 0.6680555555555557 0.82265625 0.6680555555555557
2 0.7171875 0.39861111111111125 0.69921875 0.39861111111111125 0.69921875 0.45277777777777795 0.7171875 0.45277777777777795
2 0.44765625 0.5972222222222224 0.4015625 0.5972222222222224 0.4015625 0.7125 0.44765625 0.7125
2 0.6625 0.6333333333333335 0.62578125 0.6333333333333335 0.62578125 0.7347222222222223 0.6625 0.7347222222222223
2 0.86796875 0.37638888888888905 0.85234375 0.37638888888888905 0.85234375 0.4291666666666668 0.86796875 0.4291666666666668
2 0.66796875 0.4500000000000002 0.6484375 0.4500000000000002 0.6484375 0.5041666666666669 0.66796875 0.5041666666666669
2 0.39140625000000007 0.6069444444444445 0.34765625 0.6069444444444444 0.34765625000000006 0.7166666666666667 0.39140625000000007 0.7166666666666667
2 0.8078125 0.34861111111111126 0.79609375 0.34861111111111126 0.79609375 0.39027777777777795 0.8078125 0.39027777777777795
2 0.64609375 0.4416666666666668 0.62578125 0.4416666666666668 0.62578125 0.5097222222222224 0.64609375 0.5097222222222224
2 0.55703125 0.7277777777777777 0.51015625 0.7277777777777777 0.51015625 0.8430555555555556 0.55703125 0.8430555555555556
2 0.74375 0.5958333333333334 0.7109375 0.5958333333333334 0.7109375 0.7000000000000002 0.74375 0.7000000000000002
2 0.73359375 0.5569444444444446 0.709375 0.5569444444444446 0.709375 0.6208333333333335 0.73359375 0.6208333333333335
2 0.540625 0.5986111111111113 0.50859375 0.5986111111111113 0.50859375 0.6875000000000001 0.540625 0.6875000000000001
2 0.5625 0.6555555555555557 0.525 0.6555555555555557 0.525 0.7472222222222222 0.5625 0.7472222222222222
2 0.66640625 0.563888888888889 0.63828125 0.563888888888889 0.63828125 0.6347222222222224 0.66640625 0.6347222222222224
1 0.17734375000000005 0.7125 0.01953125000000005 0.7125 0.019531250000000056 0.8583333333333333 0.17734375000000005 0.8583333333333333
1 0.70390625 0.4986111111111113 0.62890625 0.4986111111111113 0.62890625 0.5944444444444446 0.70390625 0.5944444444444446
1 0.60703125 0.4013888888888891 0.5578125 0.4013888888888891 0.5578125 0.4680555555555557 0.60703125 0.4680555555555557
1 0.484375 0.47361111111111126 0.41640625 0.47361111111111126 0.41640625 0.5569444444444446 0.484375 0.5569444444444446
1 0.66796875 0.32083333333333347 0.6453125 0.32083333333333347 0.6453125 0.36111111111111127 0.66796875 0.36111111111111127
1 0.63203125 0.31527777777777793 0.60625 0.31527777777777793 0.60625 0.35555555555555574 0.63203125 0.35555555555555574