2 0.86484375 0.6597222222222224 0.815625 0.6597222222222224 0.815625 0.841666666666667 0.86484375 0.841666666666667
2 0.6125 0.19722222222222238 0.60078125 0.19722222222222238 0.60078125 0.24861111111111128 0.6125 0.24861111111111128
2 0.36875 0.26527777777777783 0.35078125 0.26527777777777783 0.35078125 0.3333333333333334 0.36875 0.3333333333333334
2 0.4625 0.12361111111111121 0.45078125 0.12361111111111119 0.45078125 0.16666666666666677 0.4625 0.1666666666666668
2 0.05937500000000003 0.4041666666666667 0.027343750000000035 0.4041666666666667 0.027343750000000035 0.5166666666666667 0.059375000000000046 0.5166666666666667
1 0.6703125 0.4194444444444446 0.59765625 0.4194444444444446 0.59765625 0.5527777777777779 0.6703125 0.5527777777777779
1 0.43984375 0.1833333333333334 0.41015625 0.1833333333333334 0.41015625 0.2472222222222223 0.43984375 0.2472222222222223
8 0.57890625 0.24305555555555566 0.52421875 0.24305555555555564 0.52421875 0.37638888888888905 0.57890625 0.37638888888888905
8 0.54140625 0.1666666666666668 0.503125 0.1666666666666668 0.503125 0.2347222222222223 0.54140625 0.2347222222222223
14 0.23515625 0.33472222222222225 0.10625000000000004 0.3347222222222222 0.10625000000000004 0.5597222222222222 0.23515625 0.5597222222222222
2 0.6859375 0.27777777777777796 0.6703125 0.27777777777777796 0.6703125 0.3305555555555557 0.6859375 0.3305555555555557