2 0.74296875 0.35416666666666685 0.70859375 0.35416666666666685 0.70859375 0.48055555555555574 0.74296875 0.48055555555555574
2 0.803125 0.39722222222222237 0.78125 0.39722222222222237 0.78125 0.5138888888888891 0.803125 0.5138888888888891
1 0.4375 0.4861111111111112 0.296875 0.4861111111111111 0.29687500000000006 0.8083333333333333 0.4375 0.8083333333333333
2 0.25078125 0.4222222222222222 0.2078125 0.4222222222222222 0.2078125 0.5722222222222222 0.25078125 0.5722222222222222
2 0.34921875 0.37777777777777777 0.309375 0.37777777777777777 0.309375 0.5111111111111111 0.34921875 0.5111111111111111
2 0.33046875 0.3069444444444445 0.29765625 0.3069444444444445 0.29765625 0.39861111111111114 0.33046875 0.39861111111111114
2 0.10703125000000005 0.3625 0.051562500000000025 0.3625 0.051562500000000025 0.4388888888888889 0.10703125000000005 0.4388888888888889
2 0.23671875 0.2583333333333334 0.18515625 0.2583333333333334 0.18515625000000002 0.32500000000000007 0.23671875 0.32500000000000007
2 0.28125 0.3000000000000001 0.24453125 0.3000000000000001 0.24453125 0.3888888888888889 0.28125 0.3888888888888889
8 0.465625 0.13055555555555565 0.4 0.13055555555555565 0.4 0.32638888888888895 0.465625 0.32638888888888895
2 0.35625 0.20277777777777786 0.33828125 0.20277777777777786 0.33828125 0.26805555555555566 0.35625 0.26805555555555566
2 0.38125 0.19861111111111118 0.3609375 0.19861111111111118 0.3609375 0.2611111111111112 0.38125 0.2611111111111112
2 0.52890625 0.19166666666666674 0.51171875 0.19166666666666674 0.51171875 0.2472222222222223 0.52890625 0.2472222222222223