1 0.50078125 0.2708333333333334 0.45546875 0.2708333333333334 0.45546875 0.36388888888888904 0.50078125 0.36388888888888904
2 0.50078125 0.6388888888888891 0.4640625 0.6388888888888891 0.4640625 0.7930555555555555 0.50078125 0.7930555555555555
2 0.44921875 0.4430555555555557 0.4234375 0.4430555555555557 0.4234375 0.5472222222222224 0.44921875 0.5472222222222224
2 0.4578125 0.5375000000000002 0.428125 0.5375000000000002 0.428125 0.6680555555555557 0.4578125 0.6680555555555557
2 0.49375 0.4055555555555557 0.4734375 0.4055555555555557 0.4734375 0.4958333333333335 0.49375 0.4958333333333335
2 0.51796875 0.45277777777777795 0.49453125 0.45277777777777795 0.49453125 0.565277777777778 0.51796875 0.565277777777778
2 0.53828125 0.3805555555555557 0.51796875 0.3805555555555557 0.51796875 0.46527777777777796 0.53828125 0.46527777777777796
2 0.5109375 0.3430555555555556 0.4921875 0.3430555555555556 0.4921875 0.4194444444444446 0.5109375 0.4194444444444446
2 0.51953125 0.2861111111111112 0.5046875 0.2861111111111112 0.5046875 0.3486111111111112 0.51953125 0.3486111111111112
2 0.54453125 0.2791666666666668 0.52421875 0.27916666666666673 0.52421875 0.3694444444444446 0.54453125 0.3694444444444446
2 0.515625 0.22361111111111118 0.50234375 0.22361111111111118 0.50234375 0.2736111111111112 0.515625 0.2736111111111112
2 0.54140625 0.22916666666666674 0.5265625 0.22916666666666674 0.5265625 0.2736111111111112 0.54140625 0.2736111111111112