1 0.9859375 0.816666666666667 0.7734375 0.816666666666667 0.7734375 1.0000000000000002 0.9859375 1.0000000000000002
1 0.7234375 0.45972222222222237 0.62578125 0.45972222222222237 0.62578125 0.6125000000000002 0.7234375 0.6125000000000002
1 0.60703125 0.4569444444444446 0.5203125 0.4569444444444446 0.5203125 0.6250000000000001 0.60703125 0.6250000000000001
1 0.5625 0.3597222222222224 0.50703125 0.3597222222222224 0.50703125 0.4486111111111113 0.5625 0.4486111111111113
1 0.62421875 0.3041666666666668 0.57421875 0.3041666666666668 0.57421875 0.3875000000000002 0.62421875 0.3875000000000002
1 0.559375 0.2847222222222223 0.51015625 0.2847222222222223 0.51015625 0.3694444444444446 0.559375 0.3694444444444446
1 0.62265625 0.2625000000000002 0.5765625 0.2625000000000002 0.5765625 0.3180555555555557 0.62265625 0.3180555555555557
1 0.6625 0.25000000000000017 0.625 0.25000000000000017 0.625 0.30000000000000016 0.6625 0.30000000000000016
1 0.69453125 0.2347222222222224 0.65390625 0.2347222222222224 0.65390625 0.2847222222222224 0.69453125 0.2847222222222224
1 0.72890625 0.21805555555555572 0.690625 0.21805555555555572 0.690625 0.2680555555555557 0.72890625 0.2680555555555557
1 0.45546875 0.20000000000000007 0.384375 0.20000000000000007 0.384375 0.2472222222222223 0.45546875 0.2472222222222223
1 0.32421875 0.17916666666666675 0.2625 0.17916666666666675 0.2625 0.23194444444444454 0.32421875 0.23194444444444454
14 0.11484375 0.18888888888888888 0.07812500000000003 0.18888888888888888 0.07812500000000003 0.2638888888888889 0.11484375 0.2638888888888889
14 0.5859375 0.176388888888889 0.50546875 0.176388888888889 0.50546875 0.2986111111111112 0.5859375 0.29861111111111127