2 0.3867187500000001 0.875 0.3203125000000001 0.875 0.3203125000000001 0.9944444444444445 0.3867187500000001 0.9944444444444445
2 0.7953125 0.4333333333333335 0.771875 0.4333333333333335 0.771875 0.4958333333333335 0.7953125 0.4958333333333335
2 0.69609375 0.5680555555555558 0.6671875 0.5680555555555558 0.6671875 0.6625000000000002 0.69609375 0.6625000000000002
2 0.82578125 0.3944444444444446 0.80625 0.3944444444444446 0.80625 0.4486111111111113 0.82578125 0.4486111111111113
2 0.10781250000000006 0.8569444444444444 0.025000000000000057 0.8569444444444444 0.02500000000000006 0.9875 0.10781250000000009 0.9875
2 0.7203125 0.5069444444444446 0.69296875 0.5069444444444446 0.69296875 0.5875000000000001 0.7203125 0.5875000000000001
2 0.6296875 0.6583333333333334 0.59296875 0.6583333333333334 0.59296875 0.775 0.6296875 0.775
2 0.58828125 0.5208333333333335 0.56015625 0.5208333333333335 0.56015625 0.5986111111111113 0.58828125 0.5986111111111113
2 0.6984375 0.3319444444444446 0.68203125 0.3319444444444446 0.68203125 0.3722222222222224 0.6984375 0.3722222222222224
2 0.8734375 0.39027777777777795 0.8515625 0.39027777777777795 0.8515625 0.4486111111111113 0.8734375 0.4486111111111113
2 0.70625 0.39166666666666683 0.6859375 0.39166666666666683 0.6859375 0.4444444444444446 0.70625 0.4444444444444446
2 0.6625 0.5180555555555557 0.63515625 0.5180555555555557 0.63515625 0.6000000000000002 0.6625 0.6000000000000002
2 0.665625 0.6194444444444446 0.63515625 0.6194444444444446 0.63515625 0.7194444444444444 0.665625 0.7194444444444444
2 0.71796875 0.4277777777777779 0.6953125 0.4277777777777779 0.6953125 0.4916666666666668 0.71796875 0.4916666666666668
2 0.78359375 0.6791666666666668 0.74140625 0.6791666666666668 0.74140625 0.7972222222222225 0.78359375 0.7972222222222225
2 0.2289062500000001 0.8986111111111111 0.17109375000000004 0.8986111111111111 0.17109375000000007 1 0.2289062500000001 1
2 0.84765625 0.4333333333333335 0.825 0.4333333333333335 0.825 0.4930555555555557 0.84765625 0.4930555555555557
2 0.78203125 0.5972222222222224 0.7515625 0.5972222222222224 0.7515625 0.6847222222222223 0.78203125 0.6847222222222223
2 0.63359375 0.41111111111111126 0.6109375 0.41111111111111126 0.6109375 0.4694444444444446 0.63359375 0.4694444444444446
2 0.815625 0.5208333333333335 0.784375 0.5208333333333335 0.784375 0.6041666666666669 0.815625 0.6041666666666669
2 0.74375 0.45416666666666683 0.71953125 0.45416666666666683 0.71953125 0.5222222222222224 0.74375 0.5222222222222224
2 0.79140625 0.3944444444444446 0.775 0.3944444444444446 0.775 0.4416666666666668 0.79140625 0.4416666666666668
2 0.771875 0.39722222222222237 0.753125 0.39722222222222237 0.753125 0.45277777777777795 0.771875 0.45277777777777795
2 0.78203125 0.3444444444444446 0.76796875 0.3444444444444446 0.76796875 0.3861111111111113 0.78203125 0.3861111111111113
2 0.8203125 0.48888888888888904 0.79375 0.48888888888888904 0.79375 0.5527777777777779 0.8203125 0.5527777777777779
2 0.8609375 0.3430555555555557 0.84609375 0.3430555555555557 0.84609375 0.38472222222222235 0.8609375 0.38472222222222235
1 0.646875 0.35555555555555574 0.61015625 0.35555555555555574 0.61015625 0.4069444444444446 0.646875 0.4069444444444446
1 0.4890625 0.5041666666666669 0.4125 0.5041666666666669 0.4125 0.5958333333333334 0.4890625 0.5958333333333334
1 0.7421875 0.3319444444444446 0.7140625 0.3319444444444446 0.7140625 0.37638888888888905 0.7421875 0.37638888888888905
1 0.63203125 0.32083333333333347 0.6046875 0.32083333333333347 0.6046875 0.3597222222222224 0.63203125 0.3597222222222224
1 0.59140625 0.3680555555555557 0.5421875 0.3680555555555557 0.5421875 0.42361111111111127 0.59140625 0.42361111111111127
1 0.6796875 0.3166666666666668 0.64921875 0.3166666666666668 0.64921875 0.3666666666666668 0.6796875 0.3666666666666668
14 0.56796875 0.38333333333333347 0.496875 0.38333333333333347 0.496875 0.4819444444444446 0.56796875 0.4819444444444446
14 0.30234375 0.5138888888888888 0.07968750000000005 0.5138888888888888 0.07968750000000005 0.7458333333333333 0.3023437500000001 0.7458333333333333