2 0.13671875000000006 0.35694444444444445 0.11250000000000004 0.35694444444444445 0.11250000000000004 0.4652777777777778 0.13671875000000006 0.4652777777777778
2 0.7640625 0.3652777777777779 0.7421875 0.3652777777777779 0.7421875 0.45416666666666683 0.7640625 0.45416666666666683
2 0.728125 0.31527777777777793 0.70546875 0.31527777777777793 0.70546875 0.39027777777777795 0.728125 0.39027777777777795
14 0.409375 0.16111111111111118 0.29921875 0.16111111111111118 0.29921875 0.251388888888889 0.409375 0.251388888888889
14 0.5984375 0.28055555555555567 0.48671875 0.2805555555555556 0.48671875 0.5444444444444446 0.5984375 0.5444444444444446
14 0.8609375 0.4972222222222224 0.665625 0.4972222222222224 0.665625 0.8375000000000001 0.8609375 0.8375000000000004
14 0.66484375 0.32222222222222235 0.596875 0.32222222222222235 0.596875 0.45972222222222237 0.66484375 0.45972222222222237
1 0.6234375 0.28750000000000014 0.58203125 0.28750000000000014 0.58203125 0.3430555555555557 0.6234375 0.3430555555555557
1 0.56484375 0.23333333333333345 0.51953125 0.23333333333333342 0.51953125 0.28194444444444455 0.56484375 0.2819444444444446
1 0.6546875 0.2458333333333335 0.60625 0.2458333333333335 0.60625 0.2944444444444446 0.6546875 0.2944444444444446
1 0.71953125 0.22500000000000014 0.6796875 0.22500000000000014 0.6796875 0.27361111111111125 0.71953125 0.27361111111111125
1 0.6546875 0.21111111111111128 0.61171875 0.21111111111111128 0.61171875 0.24861111111111128 0.6546875 0.24861111111111128