8 0.6359375 0.22361111111111126 0.5953125 0.22361111111111126 0.5953125 0.3069444444444446 0.6359375 0.3069444444444446
1 0.54765625 0.32083333333333347 0.50625 0.3208333333333334 0.50625 0.39166666666666683 0.54765625 0.39166666666666683
1 0.65234375 0.5916666666666668 0.5171875 0.5916666666666668 0.5171875 0.8555555555555555 0.65234375 0.8555555555555555
1 0.71015625 0.9416666666666667 0.55234375 0.9416666666666667 0.55234375 1 0.71015625 1
1 0.59140625 0.2458333333333335 0.5546875 0.2458333333333335 0.5546875 0.2902777777777779 0.59140625 0.2902777777777779
1 0.7234375 0.2208333333333335 0.6859375 0.2208333333333335 0.6859375 0.26666666666666683 0.7234375 0.26666666666666683
1 0.53515625 0.20833333333333343 0.4734375 0.20833333333333343 0.4734375 0.25694444444444453 0.53515625 0.25694444444444453
2 0.7546875 0.3652777777777779 0.7328125 0.3652777777777779 0.7328125 0.42361111111111127 0.7546875 0.42361111111111127
2 0.69453125 0.30138888888888904 0.67890625 0.30138888888888904 0.67890625 0.3569444444444446 0.69453125 0.3569444444444446
2 0.19453125000000004 0.33472222222222225 0.16562500000000005 0.3347222222222222 0.16562500000000005 0.42777777777777776 0.19453125000000004 0.42777777777777776
14 0.815625 0.46111111111111125 0.65546875 0.46111111111111125 0.65546875 0.7583333333333335 0.815625 0.7583333333333336