2 0.403125 0.8138888888888889 0.3500000000000001 0.8138888888888889 0.3500000000000001 0.9763888888888889 0.403125 0.9763888888888889
2 0.771875 0.6708333333333335 0.73359375 0.6708333333333335 0.73359375 0.7833333333333337 0.771875 0.7833333333333337
2 0.53359375 0.6638888888888891 0.48984375 0.6638888888888891 0.48984375 0.7930555555555555 0.53359375 0.7930555555555555
2 0.8640625 0.35555555555555574 0.84765625 0.35555555555555574 0.84765625 0.4055555555555557 0.8640625 0.4055555555555557
2 0.81640625 0.3694444444444446 0.79765625 0.3694444444444446 0.79765625 0.4222222222222224 0.81640625 0.4222222222222224
2 0.4125 0.6194444444444446 0.3625 0.6194444444444445 0.36250000000000004 0.7444444444444445 0.4125 0.7444444444444445
2 0.3570312500000001 0.7319444444444444 0.30937500000000007 0.7319444444444444 0.30937500000000007 0.8819444444444444 0.3570312500000001 0.8819444444444444
2 0.7890625 0.4722222222222224 0.7640625 0.4722222222222224 0.7640625 0.5388888888888891 0.7890625 0.5388888888888891
2 0.77109375 0.4319444444444446 0.74921875 0.4319444444444446 0.74921875 0.4902777777777779 0.77109375 0.4902777777777779
2 0.65390625 0.4583333333333335 0.63046875 0.4583333333333335 0.63046875 0.5208333333333335 0.65390625 0.5208333333333335
2 0.76171875 0.38333333333333347 0.7421875 0.38333333333333347 0.7421875 0.4361111111111113 0.76171875 0.4361111111111113
2 0.7078125 0.6722222222222224 0.67109375 0.6722222222222224 0.67109375 0.7819444444444444 0.7078125 0.7819444444444444
2 0.64453125 0.5208333333333335 0.61328125 0.5208333333333335 0.61328125 0.6013888888888891 0.64453125 0.6013888888888891
2 0.67734375 0.4222222222222224 0.65390625 0.4222222222222224 0.65390625 0.4819444444444446 0.67734375 0.4819444444444446
2 0.8171875 0.4583333333333335 0.79375 0.4583333333333335 0.79375 0.5250000000000001 0.8171875 0.5250000000000001
2 0.73984375 0.5875000000000001 0.70625 0.5875000000000001 0.70625 0.6750000000000002 0.73984375 0.6750000000000002
2 0.71484375 0.4430555555555557 0.6921875 0.4430555555555557 0.6921875 0.5111111111111113 0.71484375 0.5111111111111113
2 0.86640625 0.4916666666666668 0.83984375 0.4916666666666668 0.83984375 0.5694444444444446 0.86640625 0.5694444444444446
2 0.77265625 0.5347222222222224 0.7453125 0.5347222222222224 0.7453125 0.613888888888889 0.77265625 0.613888888888889
2 0.5734375 0.4986111111111113 0.54296875 0.4986111111111113 0.54296875 0.5750000000000002 0.5734375 0.5750000000000002
2 0.8421875 0.5208333333333335 0.81484375 0.5208333333333335 0.81484375 0.6013888888888891 0.8421875 0.6013888888888891
2 0.77734375 0.3666666666666668 0.76015625 0.3666666666666668 0.76015625 0.4152777777777779 0.77734375 0.4152777777777779
2 0.56953125 0.5694444444444446 0.534375 0.5694444444444446 0.534375 0.6666666666666669 0.56953125 0.6666666666666669
2 0.8421875 0.3708333333333335 0.82421875 0.3708333333333335 0.82421875 0.42500000000000016 0.8421875 0.42500000000000016
2 0.74140625 0.47500000000000014 0.71875 0.47500000000000014 0.71875 0.5375000000000002 0.74140625 0.5375000000000002
2 0.72578125 0.3708333333333335 0.70546875 0.3708333333333335 0.70546875 0.4277777777777779 0.72578125 0.4277777777777779
2 0.75 0.5125000000000002 0.73515625 0.5125000000000002 0.73515625 0.5750000000000002 0.75 0.5750000000000002
2 0.73046875 0.4277777777777779 0.71875 0.4277777777777779 0.71875 0.47916666666666685 0.73046875 0.47916666666666685
2 0.746875 0.34166666666666684 0.72890625 0.34166666666666684 0.72890625 0.38888888888888906 0.746875 0.38888888888888906
2 0.83125 0.3458333333333335 0.81640625 0.3458333333333335 0.81640625 0.3875000000000002 0.83125 0.3875000000000002
2 0.74765625 0.45138888888888906 0.728125 0.45138888888888906 0.728125 0.5055555555555558 0.74765625 0.5055555555555558
1 0.64375 0.30138888888888904 0.61328125 0.30138888888888904 0.61328125 0.3472222222222224 0.64375 0.3472222222222224