2 0.9390625 0.6875000000000001 0.88359375 0.6875000000000001 0.88359375 0.8777777777777781 0.9390625 0.8777777777777781
2 0.6484375 0.2569444444444446 0.6328125 0.2569444444444446 0.6328125 0.32916666666666683 0.6484375 0.32916666666666683
2 0.596875 0.19861111111111127 0.584375 0.19861111111111127 0.584375 0.2555555555555557 0.596875 0.2555555555555557
2 0.32734375 0.2875000000000001 0.309375 0.2875000000000001 0.309375 0.3611111111111111 0.32734375 0.3611111111111111
2 0.83671875 0.6638888888888891 0.7890625 0.6638888888888891 0.7890625 0.8263888888888892 0.83671875 0.8263888888888892
2 0.35 0.2972222222222223 0.32890625 0.2972222222222223 0.32890625 0.38333333333333336 0.35 0.38333333333333336
2 0.06250000000000003 0.4222222222222222 0.026562500000000034 0.4222222222222222 0.026562500000000034 0.5194444444444445 0.06250000000000004 0.5194444444444445
8 0.6109375 0.32083333333333347 0.534375 0.3208333333333334 0.534375 0.4958333333333335 0.6109375 0.4958333333333335
8 0.53984375 0.14166666666666677 0.5078125 0.14166666666666677 0.5078125 0.21805555555555564 0.53984375 0.21805555555555564
8 0.4578125 0.21250000000000008 0.41171875 0.21250000000000008 0.41171875 0.32638888888888895 0.4578125 0.32638888888888895
8 0.77734375 0.6486111111111112 0.61484375 0.6486111111111112 0.61484375 1.0000000000000002 0.77734375 1.0000000000000002
8 0.475 0.10833333333333343 0.4328125 0.1083333333333334 0.4328125 0.1625000000000001 0.475 0.16250000000000012
14 0.2359375 0.34722222222222227 0.10312500000000005 0.3472222222222222 0.10312500000000005 0.5569444444444445 0.2359375 0.5569444444444445