2 0.68125 0.29166666666666685 0.6671875 0.29166666666666685 0.6671875 0.3444444444444446 0.68125 0.3444444444444446
2 0.4296875 0.16111111111111118 0.41875 0.16111111111111118 0.41875 0.2097222222222223 0.4296875 0.2097222222222223
2 0.052343750000000036 0.42777777777777776 0.028125000000000032 0.42777777777777776 0.028125000000000032 0.5222222222222223 0.05234375000000004 0.5222222222222223
2 0.40625 0.17916666666666675 0.39609375 0.17916666666666675 0.39609375 0.2222222222222223 0.40625 0.2222222222222223
2 0.36953125 0.23333333333333342 0.35703125 0.23333333333333342 0.35703125 0.2861111111111112 0.36953125 0.2861111111111112
1 0.3843750000000001 0.7375 0.2117187500000001 0.7375 0.2117187500000001 1 0.3843750000000001 1
1 0.4203125 0.2347222222222223 0.37734375 0.2347222222222223 0.37734375 0.31111111111111117 0.4203125 0.31111111111111117
8 0.63359375 0.20833333333333345 0.5078125 0.20833333333333343 0.5078125 0.5055555555555558 0.63359375 0.5055555555555558
8 0.54296875 0.13055555555555567 0.50859375 0.13055555555555567 0.50859375 0.21388888888888896 0.54296875 0.21388888888888896
14 0.471875 0.11388888888888898 0.44296875 0.11388888888888897 0.44296875 0.17638888888888898 0.471875 0.176388888888889
8 0.64609375 0.15833333333333346 0.57421875 0.15833333333333346 0.57421875 0.3083333333333335 0.64609375 0.3083333333333335
2 0.68671875 0.2819444444444446 0.678125 0.2819444444444446 0.678125 0.32222222222222235 0.68671875 0.32222222222222235
2 0.390625 0.1847222222222223 0.38125 0.1847222222222223 0.38125 0.2222222222222223 0.390625 0.2222222222222223