2 0.2640625 0.36944444444444446 0.23828125 0.36944444444444446 0.23828125 0.475 0.2640625 0.475
2 0.3015625 0.3069444444444445 0.27890625 0.3069444444444445 0.27890625 0.3958333333333333 0.3015625 0.3958333333333333
2 0.6421875 0.2569444444444446 0.62578125 0.2569444444444446 0.62578125 0.3333333333333335 0.6421875 0.3333333333333335
2 0.14921875000000004 0.7291666666666666 0.09609375000000005 0.7291666666666666 0.09609375000000006 0.9430555555555555 0.14921875000000004 0.9430555555555555
2 0.6828125 0.28611111111111126 0.66640625 0.28611111111111126 0.66640625 0.3527777777777779 0.6828125 0.3527777777777779
2 0.052343750000000036 0.42777777777777776 0.029687500000000033 0.42777777777777776 0.029687500000000033 0.5208333333333334 0.05234375000000004 0.5208333333333334
2 0.41484375 0.16388888888888897 0.403125 0.16388888888888897 0.403125 0.2097222222222223 0.41484375 0.2097222222222223
2 0.39375 0.18888888888888897 0.37734375 0.18888888888888897 0.37734375 0.23750000000000007 0.39375 0.23750000000000007
14 0.42578125 0.25000000000000006 0.32265625 0.25000000000000006 0.32265625 0.5152777777777778 0.42578125 0.515277777777778
8 0.471875 0.21805555555555564 0.42578125 0.21805555555555564 0.42578125 0.31805555555555565 0.471875 0.31805555555555565
8 0.56875 0.1527777777777779 0.50703125 0.1527777777777779 0.50703125 0.3041666666666668 0.56875 0.3041666666666668
1 0.478125 0.16666666666666677 0.45078125 0.16666666666666674 0.45078125 0.21388888888888896 0.478125 0.21388888888888896
1 0.43359375 0.21527777777777785 0.40546875 0.21527777777777785 0.40546875 0.25694444444444453 0.43359375 0.25694444444444453
2 0.33515625 0.26388888888888895 0.3171875 0.26388888888888895 0.3171875 0.32777777777777783 0.33515625 0.32777777777777783