2 0.80234375 0.38888888888888906 0.74453125 0.38888888888888906 0.74453125 0.515277777777778 0.80234375 0.515277777777778
1 0.615625 0.21250000000000016 0.55390625 0.21250000000000016 0.55390625 0.3041666666666668 0.615625 0.3041666666666668
2 0.671875 0.1958333333333335 0.64296875 0.1958333333333335 0.64296875 0.2680555555555557 0.671875 0.2680555555555557
2 0.33671875 0.3888888888888889 0.3 0.3888888888888889 0.3 0.49583333333333335 0.33671875 0.49583333333333335
2 0.26796875 0.4027777777777778 0.2328125 0.4027777777777778 0.2328125 0.49583333333333335 0.26796875 0.49583333333333335
2 0.33906250000000004 0.5833333333333334 0.28203125 0.5833333333333334 0.28203125000000007 0.7458333333333333 0.3390625000000001 0.7458333333333333
2 0.24218750000000008 0.6555555555555556 0.17968750000000006 0.6555555555555556 0.17968750000000006 0.8236111111111111 0.24218750000000008 0.8236111111111111
2 0.12968750000000004 0.6611111111111111 0.07343750000000004 0.6611111111111111 0.07343750000000004 0.7833333333333333 0.12968750000000004 0.7833333333333333
2 0.19218750000000004 0.5 0.15390625000000005 0.5 0.15390625000000005 0.6208333333333333 0.19218750000000004 0.6208333333333333
2 0.10781250000000005 0.3638888888888889 0.04843750000000002 0.3638888888888889 0.04843750000000003 0.4388888888888889 0.10781250000000005 0.4388888888888889
2 0.290625 0.3097222222222223 0.26328125 0.3097222222222223 0.26328125 0.3902777777777778 0.290625 0.3902777777777778
2 0.31953125 0.29166666666666674 0.29140625 0.29166666666666674 0.29140625 0.3958333333333333 0.31953125 0.3958333333333333
8 0.49921875 0.12916666666666676 0.39453125 0.12916666666666674 0.39453125 0.3819444444444446 0.49921875 0.3819444444444446
2 0.64453125 0.17083333333333348 0.63125 0.17083333333333345 0.63125 0.22777777777777794 0.64453125 0.22777777777777794
2 0.62890625 0.16250000000000012 0.61171875 0.16250000000000012 0.61171875 0.22361111111111126 0.62890625 0.22361111111111126
2 0.19531250000000006 0.4027777777777778 0.16250000000000003 0.4027777777777778 0.16250000000000003 0.5041666666666667 0.19531250000000006 0.5041666666666667
2 0.39375 0.21805555555555564 0.36875 0.21805555555555564 0.36875 0.29027777777777786 0.39375 0.29027777777777786
2 0.353125 0.20000000000000007 0.3390625 0.20000000000000007 0.3390625 0.2458333333333334 0.353125 0.2458333333333334
2 0.05703125000000005 0.5847222222222223 0.0007812500000000403 0.5847222222222223 0.000781250000000047 0.7805555555555556 0.05703125000000005 0.7805555555555556